10002
9631
8193
9153
9871
9666
11670
9731
12277
10646
10554
9497
10043
10726
9184
10027
8859
9424
9960
10581
10445
8193
9360
8382
11422
11119
8193
9458
10471
10215
10084
11430
8600
8193
9721
11703
10988
10043
9846
8926
12277
10069
10123
11453
11264
12130
10863
12277
12264
8814
8734
11053
11089
10301
10209
10200
8835
10047
11819
10518
9611
8510
12222
10470
12277
10088
9202
9746
10510
8193
10071
12277
11466
9909
9130
10806
10443
10587
9604
9075
9347
9989
10182
8907
10921
10331
8249
8348
12231
9367
12124
10439
10944
10080
9133
8914
10235
8716
10493
10888
9760
8193
10851
10291
9637
9900
11118
9265
8510
10240
11831
12277
9078
10992
8193
9244
9411
9428
8405
11620
9610
9181
10944
10399
9263
10617
10465
12277
11067
11353
12164
11249
11790
11299
12054
10958
11836
9221
8503
9321
10378
10641
11275
10484
10662
9758
10135
9584
8773
10143
11308
9526
9104
12277
10896
9212
9366
11874
8482
8193
10482
11293
10889
9578
12277
12277
10717
9045
11619
9305
11137
10698
9632
12277
9512
9590
8193
11934
12277
10445
12277
10886
11372
9848
8193
9801
10801
11372
8790
10564
8334
9024
11081
10792
10019
11238
10289
11405
10194
10075
8206
10627
9977
11006
12257
8993
11039
10330
9735
10800
11195
11851
10026
9315
10554
11442
11536
11131
9457
11693
8538
11361
9898
9826
10960
8965
9723
8193
11642
12247
9616
10925
9868
8814
9862
9305
8523
11146
10468
9223
10497
10228
10257
9446
10243
10357
10582
8972
10820
11141
9263
10180
12277
11351
9348
11299
9428
9554
12122
9650
9036
11281
11206
8193
8724
10671
10678
9931
11603
9203
10712
11200
9980
8336
12277
11505
9652
10205
8193
8193
12277
12277
11341
8212
11371
8193
11337
10492
10805
8218
8266
12277
11697
9736
9888
10364
9174
11200
10516
9069
8771
12241
9391
10182
12277
10817
12277
9678
9319
8193
11309
9487
9791
11536
11493
9346
12264
11366
8963
9090
10858
11622
12277
8337
11059
9155
9492
9747
12277
10938
11664
10449
9474
8849
8896
10902
10737
9783
9125
9990
12277
10636
10648
11597
12277
11485
9486
9727
10545
10480
8870
10137
11177
10133
10371
11830
10400
12277
9186
10387
10158
12277
10130
11032
9174
10312
9846
10500
10500
12277
12257
11457
8645
9259
8948
10651
10601
10037
9414
9973
10961
9079
8442
9486
11507
11211
9555
9592
10947
10900
11197
9779
9866
9455
8193
11236
11468
10500
12277
11745
11307
10628
8193
10934
10119
10366
10117
10385
10162
10162
8193
10690
12277
10362
10457
9012
10973
8193
11793
11174
9871
9218
10312
9088
11113
9190
9540
9860
11481
10044
10356
9700
11002
10442
8492
8643
8193
10735
9245
9091
8729
8298
11226
9653
8193
8529
8391
9127
10472
9637
9519
8640
11084
9909
10810
9053
11544
9137
9146
12095
10317
8193
11075
12277
9979
9374
9797
9003
8921
8193
10924
9829
8910
11546
9765
10162
10756
11009
11295
10853
10732
12277
9371
8794
9737
9358
10988
10099
12136
8901
10286
10059
10166
9274
12277
10422
9851
11816
8203
10664
8828
10180
8193
10570
9743
9083
9430
9504
10004
8193
9553
9008
9706
11555
11556
9206
10282
8193
12277
8193
10224
10180
9438
8193
10580
9221
8193
10398
11358
8935
11347
12277
9101
9682
10520
10912
9847
11878
10569
9144
9988
9603
10762
10287
10387
8683
11679
8918
11226
8193
9393
10334
10031
12277
10061
10618
9902
10636
9960
10116
8354
12251
9565
10632
11109
11462
10171
9153
9299
9831
10427
8546
10171
12129
11740
10477
11650
10752
11306
10320
11827
8485
8943
9753
10575
10930
9651
9258
10814
8781
9950
9396
10429
8193
10663
11797
10122
9342
11852
10487
12277
11247
12277
10759
8495
11283
10895
8943
9386
10009
9391
10088
9977
11038
10467
8659
12277
10529
12277
8618
10526
10814
8670
10939
10344
9212
11181
11433
10328
9458
10044
11234
8878
12277
9756
8193
10544
9658
12127
10387
9494
10198
10125
10499
11655
9043
8750
11601
12187
9866
8807
8789
12277
8851
11154
10275
8319
10074
12277
12277
10997
11181
9350
9712
12277
11585
9681
8987
9387
11533
10399
10134
10495
11686
10080
11246
11299
9075
11406
11216
9544
12277
10478
9569
8645
8193
9842
9178
9473
10144
9527
9748
10450
9833
9302
10495
11389
11269
8272
9290
11783
9693
9463
10552
11807
8193
8792
10925
11901
10481
10144
10193
9142
9529
10827
9868
8868
12277
11309
9297
12277
8984
12277
9870
12277
11158
11598
12277
9254
9065
9722
9802
10672
8193
10792
9508
11725
12277
9568
12277
12022
9039
9737
9495
9817
12277
8833
9450
11286
12277
8297
9641
10273
11016
10206
9726
9417
9678
12277
9309
10568
10365
8193
8227
9336
10435
9063
8193
12277
11259
8193
11224
11217
12277
12277
10109
10761
10841
9508
10010
10599
8660
10469
8226
8859
12153
9377
9953
10805
11100
10207
10141
8756
9523
9733
10700
10813
8336
10832
9620
12277
9097
10914
11012
8540
10571
10576
12277
8450
8698
12277
12145
10836
9422
9130
11772
8193
9349
11207
9340
11065
9204
9310
8193
10789
9582
11363
9461
10641
10542
10527
11143
9243
12277
9538
10174
11689
11174
11037
11088
10655
9446
8444
9799
11208
9601
10576
11021
11072
10864
8623
11991
11398
10292
10310
9087
11232
12277
9609
10513
9924
11167
9819
11549
10070
11323
8742
9154
9900
9856
10729
9492
9046
12115
10241
12007
9802
9218
9514
10795
8967
12277
10916
10076
9580
11476
11405
8424
9401
11606
10746
8193
11249
8429
10808
8902
9914
11356
9278
10480
8538
9624
11546
8193
9054
10819
12277
8439
11698
10357
11783
12277
8193
11120
12277
10473
9719
8479
9704
8376
12277
9750
9936
9885
10475
9796
9890
9187
8193
10342
9580
9752
9530
10322
11107
9442
10791
10318
10649
8282
8979
11017
10707
9278
12277
9889
9356
9079
8620
10637
11634
10404
10913
8193
11325
11634
9879
11854
10974
9757
8537
8193
9856
8779
10721
11900
10491
9436
9342
10834
8316
8611
9964
11432
10842
10881
9086
10260
10058
12277
10408
11504
9244
9085
10256
12277
8659
11276
11076
10528
8193
8280
9933
11194
8580
10485
8787
10707
11192
8580
12277
11629
10974
11398
11623
9037
10536
11412
9595
8331
9198
11207
12277
10086
11322
10831
9227
9803
8193
10078
11372
11559
10273
12152
12240
8402
10089
9402
10894
12277
10242
9599
10081
9456
11495
11684
9199
9561
12277
11398
11529
10631
9301
8193
9621
8269
11057
10266
8952
12126
11440
11204
10861
11431
10033
10556
10866
9915
11273
8287
8193
10299
10465
10556
10770
10531
11239
9820
8501
12277
12009
9304
10035
8449
10279
9517
11902
9308
10588
9458
9873
10596
9200
12018
10518
11200
9297
10662
8545
9521
9038
11744
8193
10752
9591
8282
9607
9113
9321
9794
9893
11286
9344
10621
8436
10579
10656
9310
11329
9251
11019
10801
12277
10558
10750
9264
9082
8761
9772
8513
10762
9234
9587
9511
12091
10528
10997
10943
11743
10804
10706
10328
10967
9243
12153
9241
8862
10786
11145
10460
10232
8746
10500
8193
12277
8385
9732
9049
10417
9046
12277
9170
11009
10342
9139
10527
10643
10562
11439
11629
8263
9142
12277
11214
9825
11539
12101
10728
8193
10903
9474
11749
10658
9338
8894
10218
8590
11793
8373
11150
12185
10833
10918
10945
9565
10809
10191
10878
9502
10602
11084
12277
9991
9213
8193
11758
9447
10741
8665
9899
11099
10576
10451
10740
10701
10297
8227
9557
10626
9632
10086
11268
10196
8714
9383
10267
12277
11953
12059
9863
12277
11715
12277
12038
8226
9857
10093
10552
10541
8193
9284
8193
11202
10320
11791
10655
10702
8464
9970
10655
9861
8193
10753
11964
9981
11262
8999
10114
9995
9022
9694
12034
10139
10193
9321
9033
11071
9697
8605
11400
10650
9029
8559
11502
9379
12277
10618
10918
10881
8683
10074
9934
9235
10284
9129
12191
9810
10226
10873
10076
11396
11030
11993
10862
8193
9934
12277
10584
11718
8491
10278
12277
10012
12170
10273
9840
9673
9941
9781
8193
10594
9514
8957
12277
12277
10714
9356
12014
10376
8817
9767
9628
9537
9398
12277
9624
9801
11424
9448
9013
9766
10220
12277
12277
12237
10401
9504
9608
10893
10058
10382
11514
9621
11480
8193
10942
8286
10108
9801
11025
8312
8915
9496
9284
10737
12277
9901
9397
10255
9049
10586
10569
12232
12277
11490
8193
11257
11965
10085
9861
8193
9231
8229
9987
10592
9571
9856
8386
11132
10305
10404
10654
9825
11471
8198
11335
10131
8856
12277
10445
9042
10382
11123
10094
12277
11091
11138
12035
10096
10634
10660
10096
10013
10692
9263
11621
10994
12035
8193
8193
9512
12277
10045
8515
10957
9850
11370
10819
10331
9349
8526
10563
8918
9366
10237
9958
9603
10506
10781
9195
10969
10978
12277
12277
10840
9308
10395
8339
9734
8511
9574
10864
10251
10378
8193
10369
9409
8208
9864
11853
8193
9037
10934
12277
8655
8193
12277
10145
8193
10323
11850
11819
9457
10222
10400
9875
8821
9020
11357
12277
12271
8193
10787
12277
8580
9397
10604
10109
9067
10072
12135
12062
8638
9655
11023
10621
12033
9933
10427
11520
10206
10884
9825
9898
11363
10404
10357
8193
11747
10753
9514
9457
10071
11589
8899
9147
10616
10783
11278
12277
11699
9968
9340
11817
10006
11764
8193
9049
11494
9669
8193
8193
8193
10412
10828
10219
12277
8639
10817
10683
8193
11000
9676
10593
9944
11157
9775
8193
10037
10594
9669
12277
10852
9393
10734
10579
10285
12007
10310
10639
10651
10216
11059
10614
9295
8193
8503
10041
10837
9597
8898
9699
9723
9067
10130
9609
10079
9998
11603
10077
10275
9666
9720
12222
9518
9924
10504
11097
10318
9028
9645
10055
11028
8193
10179
11117
10237
8985
9674
11280
9262
11494
10972
9332
11893
8529
9856
12169
10231
11275
12181
9599
10643
9051
9783
10839
8193
8193
12277
9821
9723
8193
11390
8777
9500
9002
9539
8621
8767
10432
11161
8644
11348
11177
10484
10372
12152
10860
10721
9264
11752
10382
11932
10551
12118
8234
10583
12209
10878
9464
10571
10660
11426
9886
11183
10098
10383
8193
8964
9843
11794
10527
9150
9584
10129
8315
10460
9447
12033
10506
11803
10778
11213
9263
11269
8744
8193
9814
10672
10548
9518
11159
10468
11246
8541
11103
11500
10538
8716
8193
10938
12127
9382
9925
8507
8193
12277
8689
10561
10808
10855
8726
8193
9678
10095
9963
12277
11220
12277
11308
8972
8193
10515
8541
11197
10422
12277
9596
10574
11513
11133
11115
9980
11702
8700
11895
10955
10619
11617
10123
11834
9864
10327
9672
10054
12164
9684
10289
8620
9167
10021
9259
9424
11645
10555
10857
9241
11508
12277
10236
12277
8193
10430
9926
11957
11215
9811
11174
10645
9602
10551
11270
9263
10975
8763
10594
11398
9221
10682
8931
9712
11830
10713
9689
10824
9778
10106
9559
8510
9578
11285
8506
9367
10376
8516
8964
10926
9872
9696
9156
12277
9553
10409
8193
11093
10716
11105
11457
11215
9775
11413
10922
9555
8193
10011
10358
11782
10568
10511
10953
10414
8302
9342
10386
10479
10159
9865
8193
9508
8193
9989
12262
11651
12266
10169
8193
10088
8195
12277
11251
10360
11493
8724
11876
10216
8193
8490
12277
8623
10558
8992
8193
11512
8946
11604
11652
8377
9959
9607
8377
10792
10651
11667
10092
12277
9402
8193
9906
9800
12277
9852
8701
10453
9614
10775
12277
10415
9547
10073
11555
10370
9838
8193
11071
9754
10239
8193
10209
9630
9695
10592
12058
11320
11343
9622
9448
12277
9453
11641
10189
10840
9701
8193
9998
12277
10072
12277
9725
9422
11887
9525
10185
9549
11738
10172
8204
9444
11630
10499
9588
11488
10895
8193
9291
9722
9770
10869
10572
10966
10913
11247
10817
10419
9144
10382
9996
11237
8193
11528
10578
12277
10179
11152
11416
12277
8193
9303
9049
11113
8836
12277
10174
12277
9512
10161
8984
9791
11875
10081
10886
9450
10033
10150
9474
9201
9220
8801
11978
9056
8825
10895
9947
11640
10064
12277
9999
9170
8863
9947
9531
10263
11251
9898
9594
9965
11757
8193
11262
9826
12277
10172
11103
10474
10737
9939
10476
10786
9401
9689
10128
10717
12277
10936
12217
10814
10200
10950
11951
9849
9686
9368
11074
11101
10852
11220
12201
10321
10635
9204
11231
9808
8237
9921
8193
8193
8783
11137
8375
10609
9695
9621
10443
11798
9942
12047
11967
9543
10905
10528
10826
9614
8816
11790
11544
12177
11693
9389
10202
10116
8193
10959
9979
10150
9548
9052
9835
9465
8392
12277
8991
12186
11260
10947
8433
10570
8638
11588
12277
8660
8244
9075
12277
11384
8193
11409
9184
9593
10815
11390
8540
10132
10050
10193
11043
9270
10903
11224
10471
9394
10270
11265
11623
8193
12014
10778
12136
9990
8793
8340
8193
10561
10131
9473
10021
9674
8193
11077
11602
10310
8605
11485
9404
9823
9413
11256
10069
9248
8317
10350
10618
9728
9726
10150
11309
9566
12277
8711
8423
12277
9441
9552
11745
11622
9814
10690
9166
11360
10242
11873
10443
11395
10859
8193
8193
9423
10556
12123
11093
10101
9290
9645
8193
8429
10876
11408
10678
11356
8193
8560
9884
11411
10496
9287
11536
9115
10650
9527
9980
8534
10242
10296
8193
10774
9873
10933
9449
9444
8193
11207
9855
9520
8782
10703
10808
10166
11938
11453
9756
12134
8193
10176
10125
10699
12277
10901
9613
12277
10460
11047
9039
10323
9580
9896
9565
11421
10070
11028
9469
9613
8571
11171
10537
8666
10258
10271
8943
11895
12277
10490
10176
8663
11429
11235
11736
10674
10473
8811
9076
10285
10066
10363
11398
8750
11513
10817
9187
12277
11204
11077
11987
10787
8771
11151
9066
9636
9742
12059
10508
10724
10778
11441
8193
10750
12068
12277
12277
9706
10136
9940
9632
9212
9014
11319
9574
8900
10212
12277
10696
11668
9999
11767
8844
9724
9847
9594
9043
10235
12277
8894
9534
10347
11473
10768
9041
12031
9914
9008
11464
8193
11815
10858
10336
8955
10216
11339
8958
10019
10555
9244
11128
10433
8193
10694
12212
11064
8968
10108
9932
8193
10521
12092
9988
9354
8193
11434
10237
9690
8193
9552
9160
12277
9833
10689
11910
10173
9504
10385
10706
9969
9505
8193
11114
10613
10766
8193
9932
9975
10297
9123
9210
9938
9412
10632
11159
9283
8999
10035
8759
11642
10528
11244
9966
11370
10803
9044
9429
11062
9628
11916
9004
9666
9621
12277
12277
11708
9367
9034
10147
10231
8193
9077
8795
8482
8845
10724
9430
11125
10826
9441
9084
8514
11105
9754
9041
8193
8792
10267
12277
12277
9078
11768
11572
8208
9389
10328
10809
9011
10465
9575
8849
10834
11049
10610
8193
11833
10056
10085
11705
10587
12277
10322
12277
10436
8289
11001
8193
9551
10687
9686
11185
10985
9936
8769
10637
10829
12277
9367
10773
9259
11509
9509
10454
9925
10620
11357
8904
9893
8888
8193
9606
8744
8193
10559
9822
9261
9163
9357
9525
11737
10278
11518
11589
10029
9085
11614
12277
9704
10751
9767
11194
10645
10894
10402
10326
10490
8304
11726
8469
11026
8193
9863
9197
9627
9062
12208
11593
9846
9998
9363
9187
9277
9210
11101
11223
8193
11516
10336
8413
11436
9812
11495
12277
11149
9552
9511
10447
9952
9522
12277
10566
8649
11499
10151
8922
11047
12277
10494
10849
11560
9745
11152
9207
11596
11999
8826
10475
10876
8280
8616
9821
9892
11910
12277
10000
9960
8744
10184
11080
8938
9073
9455
10358
9965
8193
11601
10205
10091
11695
12093
12023
10152
9583
10056
9284
11362
11814
8781
10744
12277
11640
10158
9653
11708
8193
12277
9198
8201
9821
8193
9533
9673
10318
9213
10458
9139
10152
9301
10351
8193
11119
10452
9770
11957
11855
10859
8835
10764
8587
12277
10743
11022
9888
11876
10670
9808
8193
10592
9863
8193
10075
10291
9122
8193
10387
9899
11195
8193
9805
10130
12277
12050
10529
8983
11807
9803
10376
10601
11299
10314
10198
10463
10038
12236
10962
10237
9061
11616
10762
10328
9875
11858
10082
12277
9060
9236
12167
8193
11156
10449
11243
9242
9971
11303
10811
8745
10179
9442
11117
8193
10375
10449
10676
12156
8398
11066
11758
10290
9418
11777
11801
9703
10795
10432
9454
12277
10718
10539
10387
10327
9156
11215
9882
10632
10423
9272
10001
9239
11836
10361
9142
12093
10635
8977
11387
10443
8706
10707
11341
11247
10814
12164
9988
10506
10161
11732
9629
9527
9684
8791
9960
9687
10654
10983
8193
12277
9586
11442
9559
11094
10757
8193
11331
9456
11571
9688
10921
8872
9735
10361
9532
8196
12277
8495
9926
9378
9814
8985
10254
10318
10008
10354
8361
11478
9627
10249
9859
8284
12277
12277
10664
11511
11502
10367
10543
8337
11435
11376
11004
10466
8387
11016
9480
8193
10901
9770
11538
10599
9719
10191
8808
10893
11456
11212
9441
10799
9227
8693
11021
11199
11531
9802
9636
9023
8193
9327
9668
10868
8193
9963
11981
12277
9471
11658
10799
12044
8347
12067
11120
9815
10132
11151
10226
11250
8689
10055
9928
9333
11411
9738
8747
11871
9597
9711
10196
8441
10639
9464
8455
9743
8193
10372
9619
9314
9128
12277
10028
10714
11499
10940
9976
12277
8376
9132
8742
9896
10471
11885
8817
11271
8713
9714
8193
10012
11049
12277
12277
10808
8978
11064
9965
12277
10611
10139
9196
11095
8614
9542
8845
10844
10323
10443
11045
8542
10322
10186
10491
11491
10162
9789
11086
11482
9400
10180
10350
8974
9229
8484
9017
10688
8948
11358
9394
12277
8630
9784
10642
12068
8193
11161
10134
12040
9426
8488
10875
9711
8625
10109
11330
9694
11661
9256
9926
11513
12277
11907
10261
11360
11349
10447
8193
10837
10560
8708
10216
11072
9433
10075
10544
9984
10417
8354
10208
8631
9473
9675
11416
9909
8193
10129
10384
10443
11648
11231
9970
8717
12277
8193
9134
9606
11945
10877
12277
10782
10797
12277
11830
8193
11007
10074
10240
9727
8245
8887
8560
8590
9032
10332
8616
11904
9527
12277
8575
10804
8193
10518
8474
10900
11268
9155
9676
10587
10116
10203
11710
10708
11314
10729
10194
11783
10007
12277
10025
10734
9213
9818
11334
9803
12277
9345
8193
9719
10809
8193
11473
9500
12028
9836
11677
8635
9763
9831
10558
11104
12117
10166
10487
9639
11091
11447
10771
11003
11639
9332
12277
8193
9991
9993
9538
8915
9453
11855
9253
10973
9557
9913
9304
11792
9511
9952
11483
9365
9946
9885
10682
9265
8193
12041
10092
9081
9677
9533
10595
8193
12277
9664
10648
9605
10996
10485
11255
9573
11362
11450
8436
8193
10984
8764
11070
12277
8869
9780
12277
8193
10190
11389
8934
11732
12197
12244
8193
11394
12277
11090
12250
9281
10890
11926
9157
11284
10454
9897
10814
11356
8991
11388
9906
10094
11712
11558
9087
10705
11172
10398
12277
8193
9173
11723
10802
9466
10863
10401
10139
9123
10036
9876
12072
8382
9966
10221
8924
10841
8721
8193
9895
10078
8350
11289
11004
9715
11534
12277
12190
9622
10095
10928
10782
10817
10218
10264
11611
8193
11889
9869
8193
8840
11100
9528
12277
10879
10080
11201
12277
10132
8967
9256
11162
11472
8193
8958
11310
8193
10055
9595
10344
8201
8193
9293
8217
11746
10610
9663
9294
11085
10737
11069
10787
12277
9169
8935
9081
8676
10634
9552
9718
8682
10011
12277
11542
12277
9169
8764
10022
9478
12277
11191
9167
8691
10784
11661
9219
11802
10274
12277
10763
9825
10228
9310
9606
11177
11386
8742
11783
9282
10582
12277
11222
10691
9613
8193
8390
9234
9305
9787
10162
11608
10804
8649
9892
8857
10493
12261
10744
8861
10277
11217
10977
10309
9953
11322
11618
10887
8193
10062
10334
11831
9766
10004
10270
8650
9772
12078
10074
8854
11248
9758
9703
11274
9028
9584
8993
9211
10060
10145
8754
8193
9753
9703
9139
12090
8193
12116
8934
8193
9428
9055
10931
12277
12277
11328
11302
11311
10136
10879
10018
10435
9915
9669
11494
9711
11401
10586
11669
12277
10349
9167
9478
10082
9975
11153
10071
11322
10237
12277
8707
11917
12277
8542
9587
8879
9234
9579
9108
10005
10117
12277
10393
8193
11591
9455
9993
8884
9701
11447
10315
9700
8504
11588
9926
9097
11894
8649
8193
8193
12057
10436
8396
10669
8614
12277
9196
9689
10136
10645
10511
9584
11229
10866
11767
11867
11802
11011
9307
10844
12277
10765
10956
11283
11268
10573
11457
8810
9948
8606
11616
8556
10510
8894
10329
9881
9743
9823
11785
10461
11188
9369
8708
9584
11100
8193
12053
9524
10940
9761
9058
10197
9823
10542
12277
8193
10536
10520
9901
10190
9591
10060
8355
10758
8964
8222
8651
11649
8193
10422
9791
11676
8193
10623
11777
9094
11414
12277
8997
11395
10318
10225
10361
11292
11117
10109
12021
10043
11937
11857
8193
9698
9441
10794
8193
8895
10151
8343
11771
10307
8793
9798
9089
11475
11411
10980
10088
10825
10210
12236
10656
12277
11121
10959
8777
10457
8818
8360
10047
9174
9749
10050
11744
12277
8478
11452
10982
10293
10611
8628
10488
9722
10474
10278
12277
10418
11677
12277
9922
10038
9874
10249
10966
10535
9051
10115
10722
9586
9120
11015
11629
10356
10725
8193
8193
9525
12277
8998
8639
12277
8193
11303
11798
8905
8721
8998
8193
9513
11195
9129
9577
8859
9876
9731
8193
9617
8193
10711
9957
10123
9801
11238
10000
8193
8654
11521
10646
9485
11592
8193
10350
10833
11055
9463
10209
12277
12277
10828
11678
9997
12277
9996
10493
9226
8193
9904
10557
8582
11179
8925
12209
8198
8912
11836
10181
11962
11632
12277
8193
10445
10892
11162
12277
5207
5908
1863
13495
2248
2797
13915
1014
3943
4065
10058
7016
401
9539
9870
6697
10983
6850
10682
864
13315
8646
7469
11855
8802
10706
11268
756
7258
13575
11218
12468
925
14148
46
8651
7108
5277
11739
1124
13477
13078
7774
12186
8086
6807
5923
3626
486
1051
255
3980
8078
10371
10331
14116
5365
13381
7996
14318
7473
11864
1264
9938
295
4263
8606
10685
2533
10526
3216
4473
7145
10868
3552
11143
3141
4328
5462
2991
5641
3562
7171
4377
11636
616
12447
9416
9574
8577
8754
12369
11631
13269
10730
3472
2698
1728
8413
310
12999
12987
11670
8884
7555
12048
7922
9921
13216
3334
13034
12448
4739
1461
12082
363
6627
8744
12238
2470
6567
10965
13858
5197
8917
1997
1678
9899
12861
2810
7722
13637
7057
11402
950
3642
2375
7713
2908
9536
13156
4886
13860
1812
241
13581
4893
11397
10610
1887
4850
224
3214
6246
8798
8752
9872
4375
431
5526
13981
11069
5618
10799
11235
8571
619
9170
2738
9339
12088
1141
7758
9192
3374
12408
91
8198
5375
12341
6574
9612
11140
7954
1103
630
4477
2234
2966
5030
6732
5347
1445
13636
5328
5715
12607
9027
10562
4666
6658
4989
13601
7667
10146
12871
11957
3359
1697
4050
4548
7690
7516
4140
9286
11045
2250
9697
10038
3031
14288
5390
676
11522
6500
10487
9755
7240
1396
11915
3331
2444
13239
4718
8078
8554
3109
12397
2259
4580
972
6308
8862
2913
2210
13832
5430
7827
10937
3049
4874
13950
2799
136
7802
7209
11961
12534
8935
6613
3894
3241
2485
6616
12460
2316
9937
4944
12343
6284
1154
11734
2000
13861
10555
4342
13008
8659
6679
11156
7462
7105
216
3697
1622
1647
8946
5479
5040
3022
13662
11260
3825
9187
5417
8814
3922
4690
1834
8165
13416
13054
6024
7822
5177
8125
9931
11350
13002
2441
4397
7074
2005
10123
6270
6377
7680
14167
11473
2767
4677
11604
2866
6755
4853
9123
11477
5649
4462
1297
0
5266
13965
1497
13062
2763
3445
3641
11997
2401
6042
9927
1269
687
6713
13129
10868
1085
14051
9016
12670
4914
2696
1173
5604
7786
8352
131
10845
1640
11823
8405
1607
7447
2520
170
12287
2558
7488
10205
1296
7253
6677
4311
1405
14070
6281
8452
3436
13232
11899
12570
8821
4706
124
1657
5155
1734
13348
13770
14765
12907
16373
12874
14395
14571
13937
12674
13687
14325
14292
13075
12479
12472
12289
16373
14782
12289
14473
15953
15381
15936
15128
13353
13936
13475
13390
15227
15380
13641
14371
13530
15362
12825
15276
13984
16373
15270
16373
14090
15238
13159
13796
12587
13798
15371
13684
13944
15463
13082
15224
15252
12496
14601
13313
16373
14977
14778
15675
16051
14281
14411
12655
14438
14205
13116
15654
14288
15171
14334
12388
13275
16373
15126
14350
12966
13187
14334
13505
13157
15918
12701
16373
14154
16139
13692
12289
12289
13607
14946
13360
14896
13660
12289
14065
13915
12289
12922
15030
13867
14774
14476
13086
13299
13675
13082
13778
15695
12289
15539
13114
12691
15963
15598
14728
14296
13602
14557
15289
15238
15235
14519
14401
14934
13083
14629
16373
15855
14760
14417
15352
16217
13607
12289
15863
16373
13430
15673
14552
13764
13514
12289
12933
14394
15398
15715
13451
15161
16373
14139
15316
14987
16373
13817
13645
14096
16373
15827
12289
12770
13717
12695
16285
14547
13458
15392
13959
15668
12451
13837
15345
12959
14438
12921
14639
13652
13949
14867
12289
14932
15968
13457
13455
15082
12289
15043
14433
12289
14135
14768
15585
14509
16186
13855
15757
16373
15368
14161
14708
14759
15275
13685
14337
14510
16373
16373
12289
13928
15797
14894
13342
13294
14039
14819
13979
16373
14518
16373
13222
16103
15148
15138
14111
13936
14365
13851
14796
14486
16110
15227
12289
16238
15596
15211
14602
13547
15251
14018
14060
13591
14919
14246
13014
15774
13298
14183
14032
14325
15110
14901
13626
13477
15493
14080
14230
13813
16373
13783
13426
14371
14206
16059
12955
13285
15456
13394
14137
15391
12289
15994
15718
13820
15178
14703
16096
13833
14134
16247
16373
12289
14297
14230
13713
13710
13989
14054
14245
15283
13225
14630
15521
13777
14603
16373
14564
14232
14655
15015
15161
14003
15293
16373
12289
14988
15951
12852
14114
13256
15669
13136
16373
14524
16085
15554
14838
15129
12289
15083
15279
13157
15492
14442
14564
14401
16373
13355
14416
14481
14043
13872
13520
14717
15202
16136
14956
15054
14400
14970
13325
15099
13645
15502
15530
12318
15120
12289
16373
15185
13367
13105
16373
13941
15509
13443
13486
16373
12664
12736
14291
14133
13136
12289
13166
14244
15729
14024
14927
12289
14673
12418
14326
14155
14986
13907
12953
15962
14912
14153
15833
15895
14353
15651
14199
13038
13236
13401
15622
14817
16373
14927
12847
12289
16373
12289
15134
14522
13253
16373
13419
13290
15828
14389
14889
14562
14328
14647
12770
15228
15255
12289
12466
13379
14346
13095
14423
16335
15646
12289
15463
15070
14733
15583
14154
14848
14105
13950
14602
14444
12976
13019
13736
15148
13679
15085
15714
14263
14084
12289
14468
15272
12347
13238
15744
14778
16373
14475
12289
13130
14635
16123
14761
14347
15409
16373
15029
15349
14974
16373
13433
14835
14689
12972
16373
15789
12289
15004
14822
14155
14910
14232
12940
15469
12683
15881
13387
16373
14084
13170
14752
15634
15370
14072
14418
14418
16373
14044
15468
14451
15750
13055
15208
16373
16373
15125
13922
16287
15718
12289
12289
15746
14581
14384
13958
15175
16088
13872
14860
14997
13166
13490
15589
16001
16373
14375
15509
15316
15636
12289
13172
15122
14736
12920
16373
13927
16373
13787
13290
13936
13554
14459
14496
16179
15017
16373
14404
13371
14676
15702
15119
12567
15534
16230
15725
15684
13099
13011
14416
13137
14665
15385
14865
13365
12695
14366
15183
16373
13848
12289
14125
13664
14143
14230
16373
14511
13789
14847
14214
13703
12289
12289
13780
13382
13022
13141
12611
14945
13872
14928
14864
14075
13989
13676
13015
15424
14919
13442
13312
14132
14498
13332
14108
14750
14507
16373
15406
12493
16373
14085
13348
14237
14552
12741
12473
14952
13568
12289
13262
12753
14580
14237
13525
12699
12618
12948
16187
14141
15307
13688
14365
15836
15751
15494
15570
14293
14839
12310
13348
15210
12289
13633
12583
13414
16373
14510
14658
16005
16373
13725
15049
15716
12957
15088
13532
12289
13535
14571
15710
13365
14686
13509
13480
15330
13489
15549
16373
13915
15551
14008
14730
16373
15493
12289
14278
14908
13252
13634
14903
14290
14081
14338
13907
13319
13329
15108
12289
16004
16373
15595
15202
13208
12289
15251
14694
14916
16057
14293
12289
13613
16168
12289
14999
14354
14586
13359
12853
14465
16373
13280
16133
14053
14396
13115
16373
13363
13903
16373
14091
14415
16373
14986
15400
15396
14330
14786
13820
14346
12289
12773
16327
13475
13212
15191
12610
15290
13663
12289
13516
12289
12812
12779
12289
13856
13712
13798
13373
14304
15965
14065
13916
13902
12623
15158
13522
12370
14889
13819
15700
15593
12289
12289
14496
15344
12738
13113
16373
12881
15173
16131
15441
13602
15541
16323
16373
15774
14904
14162
14983
16373
14470
16373
12556
16239
12289
14772
13925
14163
13924
16373
15759
15284
15123
13679
13365
12876
12289
14378
16160
13900
15610
15307
14081
14279
12774
13892
15109
15135
15476
14004
14752
13393
12345
15046
12289
13170
12289
14513
15045
14564
12879
14309
13588
16373
15007
12515
15349
14069
13317
15685
16373
14730
12881
13480
15519
14560
12952
15913
16059
12577
15669
13073
12543
12289
15968
12675
12893
16373
14320
13949
15059
15222
13789
14492
12289
15088
12520
12289
15582
14575
12874
14902
12289
14295
14090
14529
14014
13739
15103
15274
15084
16373
15211
14329
13451
13244
14320
16373
14657
14940
12874
13903
12693
14433
13235
12890
13579
13885
15615
15199
12933
16008
14171
13587
14618
16373
14780
15782
12289
14334
12690
12511
14355
12587
14457
14092
16041
13954
14448
13811
13043
14263
12289
13893
14651
16307
16373
12701
15944
13866
13768
14200
15679
16373
14601
14837
16373
14031
12389
13792
14308
12494
12428
14272
14979
14577
16373
13332
16373
14120
16090
14300
13225
14477
14188
13884
13420
12289
16373
15543
15563
13779
16373
15201
15006
13742
13875
12999
14480
14015
15643
13920
13660
12289
13359
14607
14260
15317
12376
13098
15040
15957
15247
16070
16027
14072
15525
14678
13453
14286
15105
12787
15019
16373
13777
14939
14981
14236
15639
13220
15188
13441
12289
13051
13253
14513
15162
15040
14794
12457
13272
15354
16373
14150
15979
13607
15009
12289
13641
13264
15589
16373
13606
15008
13796
16319
14444
15643
14197
15639
13226
14934
13692
15725
14973
14310
13731
12289
15594
16141
12289
15937
15432
15859
12980
14604
13458
13694
13552
13429
12819
14017
14696
13942
14636
13919
13400
14009
16373
15280
14025
12289
15302
15819
15338
15753
15551
14577
14592
12795
15049
12855
14477
16011
15407
14682
15625
13294
13534
14959
14422
14924
14225
13209
13109
13565
13545
14856
14056
14948
14182
14620
12685
12289
14199
15178
13407
15746
14079
15788
14609
15753
13159
12289
13251
15174
14466
13605
13592
14235
14696
14920
13648
13776
16373
16050
14329
14668
12289
14449
14652
12643
14463
16373
16373
13373
14724
14949
14253
13496
12484
14375
13406
13133
14876
14382
14217
12380
15537
15149
15582
14016
14772
15568
15251
14030
16373
14256
12289
15690
16197
13163
14613
12289
15183
14496
14278
16018
16373
14540
14931
15115
14072
16373
16203
14249
16073
15293
15314
14845
13789
14074
12804
12689
14978
12336
12289
12289
16373
13810
13419
15914
12868
12831
15304
12289
13944
12289
14160
13552
14878
14740
13647
14507
14597
14760
14700
13114
15642
14002
13767
14148
16163
13889
14169
12289
13627
14552
13473
13697
13736
14805
14421
13589
12547
15952
13133
13202
13012
13648
14339
14331
13037
15127
12289
13171
15710
14107
14203
13400
15098
16373
14158
15530
14773
12884
13675
14188
15439
14238
13328
15278
13037
15530
14193
13068
15095
13157
14348
12289
16373
13283
13816
12917
14631
15014
13579
14161
14849
14784
13440
15161
14712
12845
13221
13674
13839
14177
13875
14910
16190
14054
14628
12289
16373
13842
14489
14890
15980
13808
14201
15856
12661
16373
14683
12289
14523
14700
14855
15128
14262
14941
15767
13654
15804
15112
12644
14889
14202
16373
14723
14642
14650
12484
12534
14257
15719
14379
15464
13926
12289
13046
7842
11861
11704
13843
13979
2861
2440
7190
12733
7386
3968
4570
9241
5251
4824
6875
13697
2378
3266
5347
6675
9338
4418
3172
5613
10596
3694
6591
4819
3881
11869
12536
6911
11357
12671
438
6567
5944
13418
3397
9883
10143
7001
4052
1485
9254
6179
12013
120
6749
10488
10776
4973
653
13426
8770
637
6948
14274
8824
4314
588
12607
10607
11957
2497
9996
14040
10117
2637
1997
3554
10763
12046
1677
1772
4974
2975
7670
8106
11045
567
3057
9406
8150
5262
12486
5661
7887
3232
9053
4316
357
5686
6259
1813
1899
12356
9814
9007
4120
3916
11573
12498
10697
5595
11952
7899
11010
9914
1523
10606
5010
9778
57
12068
6398
8966
4088
11253
10059
2184
8351
12237
8521
10505
4375
10704
3606
5364
3404
3950
7207
9113
2051
2029
27
4666
3304
2442
6907
12452
11728
13510
12510
12420
12374
14943
15651
15388
14693
15718
16373
13237
14861
15512
14773
15882
13833
13916
12755
14593
14676
13280
14110
13306
13353
14652
12289
13019
14323
14475
12855
13889
15871
14894
14565
12888
15355
13266
12600
16168
12845
16373
13793
14474
14134
15471
14608
15769
16373
13860
14601
14603
12794
14397
13125
15761
15701
15257
14568
15013
14606
14848
12980
12538
13642
16373
13898
14490
13590
13791
15077
13355
14435
15736
15064
14120
14430
14591
12289
14284
15849
12811
15149
14258
12599
13265
14752
15270
15613
15201
14212
13570
16373
12792
16373
12755
12683
16034
13537
16373
12934
13671
13393
14380
12318
14662
16097
15406
14757
14682
14533
13341
12664
16373
12851
13726
15997
14128
13792
13085
12924
13859
13756
12289
14258
14835
13176
14754
14303
12289
13643
14670
14080
14036
12289
15905
13472
13850
14475
14230
14735
15888
15603
15571
14366
15768
15524
12455
16373
15598
14387
14688
12977
16019
13598
14014
16373
14510
15727
16373
13950
16321
14098
14518
13588
16373
13588
13384
14138
14339
14837
15123
16373
16291
15223
13026
14471
14439
15864
13912
15400
14164
14975
15824
13984
14361
15064
15004
13027
14946
16373
13081
14233
13327
14542
12289
14433
13538
14558
13245
13706
14847
13909
15274
14927
14858
15511
14303
14727
12289
14867
14865
13651
14967
15168
14862
13987
13209
15786
12817
13919
13176
14490
15577
12289
15432
14415
13706
14587
15802
12289
15526
13071
15331
15286
14054
13300
14835
14564
12737
12562
14068
15744
16206
13116
15107
13963
15473
14048
14050
13607
15270
15107
13975
13512
16057
12950
14851
14983
12834
14613
13719
14314
14842
15864
13229
13700
14094
15487
15685
12988
12289
12291
14636
12876
15404
16012
13555
14397
15818
14794
15912
15141
14341
14847
13395
13450
13606
15469
14619
14781
13707
14916
13082
14836
15311
15655
13288
15988
12289
15113
13067
15876
16373
12289
12289
14433
14365
14640
13539
12849
12959
14504
15515
13165
13311
15364
12289
15034
14058
14775
12853
14950
12765
13737
15756
15421
13134
13568
16373
14545
14715
14997
12592
13214
13533
13885
16150
14958
15487
14150
16373
14522
15771
15378
16373
16048
14909
14211
13671
15001
14928
12289
12467
14928
13307
12357
13738
14421
13355
15229
15800
16154
12572
15930
12289
13430
13524
15019
12319
14403
14695
15796
13859
12451
13452
14154
14575
13147
13416
13866
14765
13517
13540
13707
12889
14635
15690
16317
13475
12836
15754
14315
14781
13683
15564
12289
13030
16373
16373
15568
15831
15133
12756
14966
12289
14201
14242
14236
13130
13937
15136
15948
16373
12411
13608
13062
14515
14534
14655
14613
14305
16004
13910
16373
12652
14499
16328
15408
16305
14768
13574
14722
14547
13858
13474
14675
12289
12289
12719
12858
14142
14579
16373
15767
15471
14885
13128
12595
13407
16373
15406
13696
15932
16235
15030
14839
13527
12289
13892
14805
15047
13647
14364
13475
13097
13980
12289
15765
15002
14212
12435
13058
14819
13425
14284
16075
12289
12658
14614
12581
14934
14502
15366
15650
13743
13787
14267
15339
14559
12878
15863
13001
13745
14104
14765
13622
15549
14202
15690
14728
15542
12289
13270
12364
15683
14005
15292
16023
14824
15223
13150
13902
14165
13984
13698
15402
13376
13594
13746
12328
16146
12289
14107
13611
12828
12994
14391
13895
12914
14541
16373
15912
13490
14875
13565
13175
13916
13469
14049
12940
14969
13779
14770
15869
12715
14143
12596
14679
15101
12289
12748
13610
12289
14409
14507
13504
12376
15460
13504
15014
13646
12289
15294
15327
13461
12868
14341
16003
15683
15041
14814
13830
16101
14555
14545
12289
14667
15563
12357
13241
16264
15544
14367
15080
15309
16373
14879
13138
15232
14044
12843
13232
13470
15196
13145
12882
13847
16373
13579
13858
12289
15015
14774
15539
13897
16214
15308
13383
14340
13861
14696
14160
13398
13509
13331
15552
14896
13935
15573
12863
14573
14063
15236
14120
14586
15971
13405
14956
14495
12289
16081
12470
15646
15768
13263
16116
14850
14911
14934
15087
15237
12504
13449
15748
12731
12518
15165
13333
13782
14071
15781
15690
15725
16373
15737
16373
13670
15283
15822
14976
13858
12899
14780
14406
15739
13497
13121
14410
12839
16373
12289
13908
16119
15864
15779
16373
13010
15336
16373
14740
12644
15230
13785
14374
14162
12666
14701
14520
15393
13946
13425
12662
13028
14744
14608
14443
16369
14640
12289
13836
14591
14569
13864
12722
13707
12738
15176
12289
12830
13786
13348
14834
12289
14940
15430
14199
15562
15922
13181
14208
12944
13231
15603
14062
12544
13597
13688
13164
13111
12289
14508
14477
14915
13627
14048
13953
15283
12739
14001
14284
15740
14128
12289
14148
14357
12852
14642
14393
16160
16066
15938
14343
14116
14953
13699
15621
13647
13484
14561
16373
14395
12537
12289
14157
16002
14859
13542
15922
13418
16064
15715
14027
12289
12452
14778
16373
12782
15028
13795
15030
13521
13799
14921
14738
16373
14921
13688
13738
12289
13834
15788
13226
14670
16373
15483
14142
14507
13472
15723
12289
15427
14036
13038
13158
15035
14063
14662
15358
13256
15392
15247
14191
15010
14797
16106
12289
16373
15443
13374
13746
14804
12289
14508
13489
12734
14133
14183
13942
14343
12363
13695
14408
12289
14784
15474
16368
14743
12289
13813
13687
12803
15922
13229
15177
15125
16373
16295
16373
16134
15523
13822
15404
14925
14451
13586
13362
13719
15147
16373
14945
12289
16216
12289
12837
13818
15100
12289
16367
15266
14738
14208
12811
15912
14599
13048
15616
14088
14072
13827
15400
16373
13600
13977
13881
12854
16373
14143
14321
16310
13871
15401
14356
16373
14916
13025
14946
16373
13414
12932
14108
12289
13561
15140
13484
15734
13841
15899
14797
12658
15617
14983
14680
13249
15552
15102
13631
16373
14188
13730
15024
13380
15480
13917
16153
12289
14912
15364
15642
13690
12289
14557
14577
14819
16373
12992
13878
13814
14802
16160
14875
14508
16373
14990
13508
13793
14947
15238
16373
16373
14616
16373
15031
14784
15152
14933
13079
16035
16024
15235
13952
14331
16262
15507
15464
15019
14835
14499
13250
13540
14180
12289
15505
16358
15387
15068
12289
12289
15072
14772
14158
12475
15392
15200
15743
14860
15402
13961
13745
16373
12289
13990
15938
13152
14179
14499
14438
15615
14374
14411
14007
14387
13881
12878
14868
15248
15829
15523
13637
15436
16373
16373
12289
14362
15175
14523
13848
13121
16229
15149
14230
14459
13763
13473
12289
14243
14076
13932
14042
14043
14861
13766
15259
15075
16373
14275
15575
12361
16373
15667
16075
13206
15928
13502
15257
13475
16373
15458
16373
16373
12898
14279
13867
14275
13869
14953
16249
12289
15668
14673
13588
16373
13959
13033
15199
14441
12894
13029
16186
14550
14170
15748
14697
15586
13466
15974
15145
15407
14225
14865
16317
16373
16030
14633
13166
13974
13328
16373
14924
13233
14678
15403
16127
14220
14442
14762
14371
15894
14279
12865
16373
13744
14117
15370
14866
16264
12690
14770
12436
15449
15139
16373
15819
12491
14115
12289
13591
15171
12289
13330
12544
13434
15206
14538
13772
13853
14948
14491
13099
13880
15701
14301
15132
13123
14250
13527
13761
14206
13040
13397
15851
13575
12880
15254
15930
13509
14259
14988
14783
14824
14031
15338
13914
16274
16290
13789
14156
13281
13083
16212
13969
13731
14558
15308
13290
15858
16038
14610
13239
15510
14159
15514
16189
14321
12647
14292
14518
12798
15430
15354
15240
13148
16178
14317
14055
14790
12505
16373
15786
13936
14021
13768
14685
15362
12656
13998
12901
13446
15990
14501
12363
15512
12896
14934
12289
15459
15399
13634
13819
13863
12289
13096
15660
13365
13744
16373
14834
12289
14300
16373
14231
14880
15541
13874
12735
12385
13233
14156
15379
14818
14735
14278
13418
13998
13700
14792
13031
14280
13885
15996
14973
15796
14388
14605
13374
14231
16373
13672
14475
15676
13684
14357
12580
14927
15428
13120
13232
16365
15335
13789
15879
13416
15186
14150
13696
15030
13953
14566
14288
14915
13897
13409
13399
13390
12289
14782
15336
14377
16105
16373
12875
13041
13298
13359
16329
12715
14402
16082
14876
16259
14779
14080
14108
14756
14677
14496
15972
15462
14435
14690
13245
14249
16373
15757
13856
16373
14712
13809
14074
16110
14038
13296
14749
12289
13994
12892
12757
13795
16373
14680
16373
15685
14154
14849
15285
12560
13121
13971
14005
13682
14450
14364
15270
15395
13993
13888
13575
13182
12753
13867
16058
15774
13115
14269
12985
12463
14746
15770
16034
15377
15331
13788
13408
13306
15476
14103
14108
13052
13439
13988
15116
12766
14504
12674
14605
12896
15130
15230
14375
12289
15606
15060
15676
14931
14629
14900
15486
16125
12704
16146
15155
13848
13318
14734
14240
14182
13559
15250
14386
15226
13865
12318
16373
14283
15885
12289
16373
13864
12289
15143
16373
12289
14905
14560
12931
14673
15117
15067
15022
16335
12511
12987
16373
15953
14391
16313
12390
12750
13626
16373
13758
14789
15159
14015
13600
12312
16373
15493
12723
14452
14128
15048
15255
13492
12825
14864
14667
12720
14374
15186
16373
16373
15255
12719
14283
14693
14113
13135
13135
13964
13515
15837
14177
14320
15264
15750
12994
13227
16237
15202
16373
14286
15441
13379
14659
15032
14175
15018
12583
13891
15272
15812
15903
14266
14364
13024
13738
15286
14202
13516
12674
13432
13110
12289
13946
15404
13982
14783
15548
12289
15761
13965
13765
12289
13393
15895
12702
14338
15227
12660
12289
12849
16373
14309
12912
12289
16373
12289
16373
14506
15519
13702
14384
12654
15694
15705
14382
16373
13755
16373
12289
13846
14594
12289
13748
15107
12476
14311
13561
13106
14869
13778
15568
13782
14207
13409
13280
14921
14304
13694
14277
15094
12289
15001
14768
14097
12289
15165
15820
13399
14890
14473
13497
15534
15515
15236
12470
15399
14420
15165
14417
14724
13630
12454
14532
13616
13860
13800
14128
14056
15373
15661
12289
12289
13442
13634
13934
14169
15025
14188
12289
13736
16373
14433
16322
14475
15597
13237
13373
12916
13528
14587
13630
12289
16337
15627
12496
15392
13947
12289
12918
13380
12540
14209
15416
15081
16138
13140
15021
12289
12289
14744
14663
12289
13355
12972
14085
13311
13151
12289
13077
13556
12598
13722
16373
12289
16032
15318
12641
14564
14633
16373
12803
13202
12875
14421
12861
14504
13862
14368
12289
12989
13948
14137
12907
15834
14437
16129
15992
14385
14249
14796
13622
13512
14437
15521
13177
14113
12289
14808
13518
15935
15921
13870
13894
16373
13988
13993
13607
16373
13315
12639
13406
15569
14486
15107
16288
16373
16373
14810
14609
13714
15170
14840
14954
14873
12504
12289
14225
14910
14304
13960
13609
13634
16373
12289
15118
12289
13816
14228
14083
14945
16016
12289
15131
14858
14367
12822
14422
14191
15470
15400
13685
12766
14456
15906
13595
14320
12768
13482
15521
12621
14308
14685
14539
15581
15014
15780
14936
12442
14944
15967
12764
13554
14133
13103
12289
13591
15886
12350
13151
12289
15988
12942
15206
16373
12289
13020
15198
14019
13932
13440
12289
12289
14090
14707
15146
14457
12724
15057
13404
15310
12289
13534
14477
14698
13815
14213
13604
13254
12791
13608
14551
14051
14382
13565
15072
14574
9763
642
12097
3833
11698
5907
4304
9520
5202
7378
9393
12329
130
9404
711
6955
4384
11045
5616
6026
4565
12124
802
8336
4865
4327
2235
9342
14176
517
13446
9801
355
6671
5038
13512
2613
12141
6701
7531
799
4720
6038
5084
11387
1028
8405
7499
10956
3658
4059
6846
7173
3425
13618
4939
11902
475
12140
9941
12129
2203
4191
548
4322
12269
11887
4308
14122
3035
5089
13703
7320
10928
3269
10542
1519
10449
11660
13410
9900
14258
13620
13942
2634
2802
2300
2899
9560
2364
5473
5793
13261
9467
12780
5188
1236
11715
12733
7791
5832
14245
13416
7184
1015
11925
5545
1929
10123
7204
910
859
7981
4444
3963
10002
3291
8982
12126
3068
10230
14176
6046
4359
6119
8493
7654
1265
273
806
4910
10482
8237
6451
14146
4916
2793
6133
8346
12333
2305
6081
4886
10347
4355
4857
7776
7904
9956
9633
5710
8662
13154
1678
5542
7390
3171
10756
1953
2666
10656
11923
3576
11830
12891
680
10645
11305
13416
8742
13220
12309
13859
11223
6992
11259
4302
1718
3731
2254
12282
12929
5778
1300
2122
4597
10722
9039
14094
3256
2878
1809
13441
12556
5740
13096
2958
12289
12931
14662
13572
14727
15283
16373
16340
15561
12653
14947
13505
13271
13991
16373
13140
16373
15793
13531
13385
14381
13375
16373
14259
13210
12428
14276
14455
12908
14491
16180
14763
15478
12813
15280
14919
14267
14124
14218
13956
12384
13284
15773
14978
15103
16109
13086
14322
15123
16201
14092
14861
13626
14799
14019
13988
14079
13517
14752
16258
13813
15830
12289
12289
13758
14553
15589
14776
15409
12289
14396
12952
14225
14513
15287
15312
16371
14205
16019
14399
13350
14487
12835
14463
14320
15679
15168
13706
12558
14293
15678
12289
16029
13455
13189
16373
14453
13672
12289
14638
14240
12289
16311
15008
14422
16274
16373
13106
16373
12302
12544
12890
12675
14924
15417
14815
14790
12289
14505
15082
12676
15997
13040
13000
15085
14011
15681
16262
15213
16373
16032
14787
14275
14883
16373
12289
14944
14627
15796
14195
12812
13272
13523
14195
13788
14605
12797
13563
14168
16125
12289
12289
14608
15020
15905
14324
13763
15012
15629
13527
14189
13530
14887
15438
14209
14815
14597
15129
15069
15540
14411
14025
13245
15124
14183
16014
15611
12977
14078
13294
13152
14142
14501
14245
13840
14548
16149
14028
12997
13615
14564
12871
12569
14809
15217
14759
15603
13507
14177
14626
13436
14159
15050
13402
14382
14334
15864
14451
14608
13829
12785
15800
15532
14879
12289
15924
15724
12289
14080
14759
15714
16177
15467
14224
14442
15704
14668
15438
13746
14873
14324
12289
14454
13040
13511
14657
12422
14400
13101
15083
15186
14853
14714
15555
16373
14015
14125
16373
13864
13174
15787
16287
15206
14093
13871
14216
15079
14736
14156
13901
13923
14503
13897
14075
16373
14857
12289
13100
14979
12315
14324
13270
12289
14158
14697
16373
15582
14877
13578
14012
13974
13582
13652
15579
14075
12562
15544
14600
13210
14952
15674
13883
14516
14266
13644
12289
15456
14644
14000
13148
14568
12722
13663
15069
13152
12586
14722
13527
13643
12289
13164
13585
12289
14948
14302
14045
14292
16146
15215
16373
14028
13394
15746
14955
12476
14240
13997
15780
13382
15726
13824
12660
14490
13426
13097
13767
13995
14027
15970
12719
13175
13203
12289
14682
13763
15208
16373
12419
15300
14159
12289
14964
14544
14684
16373
14364
15433
13889
16373
14078
14893
13942
14471
14146
13738
12289
16373
14083
12764
16021
15385
13292
16327
15081
14033
14508
12289
14074
13460
14462
16373
14360
13492
15808
14206
14452
14468
14005
12604
14032
14852
14336
13684
14281
14963
13464
16206
13776
12629
13985
16373
15068
12289
16373
12289
16373
14483
12289
14886
12289
14887
13883
15283
13711
16117
15608
15212
13646
13939
15387
13682
12289
15725
13714
13509
15900
16373
16373
13418
15071
12913
16373
14040
15999
15964
15222
13080
14754
16292
14391
14236
15136
12600
14543
16298
16373
14108
16284
15687
16373
16070
16016
14095
16373
13987
13928
15359
12467
15276
14953
15103
14817
14325
14199
13896
15484
13526
15370
13344
14540
15625
12289
14512
13435
15675
13809
15647
14262
15274
13659
16373
13791
16112
16069
16373
14105
14872
15071
15644
12289
16336
13782
16373
14868
12289
14912
16373
14692
13719
12289
14577
15605
14711
14008
14981
12289
13233
12790
12892
15514
12981
16251
13667
14629
14437
13524
13107
13896
14435
13457
13264
14642
12375
13406
14877
13785
15534
15554
14128
14610
14895
12289
16373
12726
12370
12425
14056
13206
12724
13714
14029
14845
14989
14322
13715
13967
13404
15684
13903
14026
14552
14723
13475
13535
15471
14027
15263
12289
15770
14618
14935
15935
12993
12939
12966
14684
12707
16288
12289
12394
14622
12563
13983
12289
13113
13602
13287
12289
12460
14469
13266
14542
14524
14861
14731
13777
12971
15170
13461
16009
15193
13079
13192
14715
12395
14062
13493
13170
14410
16373
15254
16373
14341
12639
14535
12624
12289
13260
12289
14440
13601
13024
14147
13954
16373
13336
13323
12863
13740
12289
14952
12289
14566
14494
14265
14271
12806
15474
16373
16373
13317
13902
14259
15144
13364
15495
13377
15510
13109
15244
15602
14420
16373
12289
15557
16323
15671
13757
13612
15041
13516
15683
13466
14326
13260
14356
12657
13131
15919
13548
15878
14451
16350
12289
13897
12564
12850
13518
12530
15928
13088
13201
14930
16373
14473
15664
16268
13359
16202
14101
12985
14455
14181
14350
15471
15400
13174
14620
13411
15143
15152
16373
12289
15899
13388
14760
16373
14765
13567
13112
15467
12688
15303
14951
14612
16358
13349
13527
14671
13829
13633
13926
15470
14781
14537
12864
14174
14065
13325
16373
14681
14635
14301
15268
13667
12973
16373
12289
14200
15958
15108
12289
14722
12784
15637
13413
12975
12289
13374
12463
13622
13765
14097
14835
14024
14192
16050
14774
14894
14674
16311
13639
15572
15182
15419
15410
12650
14673
14436
16373
15237
15995
14398
16373
15743
15264
16339
14456
14724
14835
12289
14022
15530
14744
12289
14294
14464
14711
12551
12540
14636
15063
14969
13584
12826
15811
15968
15520
15173
14869
14451
16373
15415
15897
16373
14272
12289
14557
15058
13713
15126
15701
13059
15179
15300
14273
14598
15290
12289
14613
13968
13254
15160
13478
12378
12368
16362
14760
13106
16021
14269
13577
13615
15351
16373
14481
14149
12551
15141
13365
12413
14483
16365
15650
15713
15183
13551
16373
12499
16028
12289
14308
14380
14586
14310
13926
14671
14164
14316
15283
14147
13757
14493
15267
16189
13252
13481
15501
14467
14328
13915
16373
15832
14324
16373
15093
13902
13701
14582
12460
14516
15807
13603
13997
13749
14983
14722
15859
14691
15084
15033
14527
15539
14309
15168
14563
14474
12289
15791
12289
14729
14980
12584
12335
16190
16373
14449
14066
13333
14001
15159
13192
12289
14379
15742
14407
14599
14222
13871
13363
16031
15551
15721
12820
13390
12289
14334
12864
16373
14412
15058
14779
15149
12599
14024
14138
15882
15652
13691
13566
15093
14174
15332
15397
14302
12589
15226
13473
14181
13484
15727
14497
15261
16242
13344
13166
16183
12289
13548
14313
12621
14735
14624
15035
14285
14789
14636
13935
15411
14871
15348
14819
12824
14561
12793
14588
13714
14064
15371
14958
13625
15904
13555
13370
13269
14305
16080
13639
15652
13423
16373
12289
14452
15061
16207
12289
12933
14860
13944
15912
16295
12671
14601
15703
14935
13820
15945
15138
15102
13023
13658
15503
16257
14072
14666
13649
12289
15454
13537
13611
15555
15616
15223
12750
12950
13086
14453
12289
15135
14456
14831
13132
13869
13766
16033
13812
14593
13719
14679
13279
14220
15837
14107
13604
16003
15322
16373
13580
13095
15764
14428
12927
14599
13418
14453
14698
15871
12731
14810
15263
14970
15863
16076
14333
14123
14582
13387
16268
13801
15043
15092
12431
16373
13377
14214
15086
14537
15595
14539
13584
14476
16373
13371
13353
13755
13871
12289
12479
12289
13002
14367
16221
14216
14971
13012
14344
16132
12897
12929
12462
16305
14340
16373
15200
13604
16044
15352
15103
13774
14103
13707
16373
12407
14410
13290
14599
14526
13095
14386
15294
14150
12289
13459
13792
12377
14611
12418
15275
14923
14056
14173
13925
14085
15661
13438
13826
12334
15539
14370
12289
16373
15870
15844
16373
15119
13386
12982
13926
15658
14253
12949
15238
15306
14325
15337
14974
13043
13978
12289
13514
15544
14344
13810
15934
12295
15238
14422
15976
16059
15080
14596
12341
15648
12424
13801
14657
15498
15285
14527
14946
14817
14943
12366
12394
14171
15435
15838
14365
14764
14189
15633
14430
14042
14122
14550
14257
16366
16373
15874
16131
13966
13494
13591
14905
14736
15402
12954
14517
14292
15146
13276
15451
14080
13079
15266
16052
15607
15153
14987
12289
12289
13833
14268
13819
15091
15145
14790
14196
15614
13014
12289
16373
12289
15212
15366
14551
15545
13180
14453
13809
14885
12289
15398
16373
13114
13554
15088
14885
13220
15161
12592
14399
14836
14571
15820
14470
13131
14772
15844
13398
13567
14416
12289
14933
13409
15824
14759
14781
13953
15735
13501
16373
13558
13628
13896
14521
14145
12730
15539
13257
15388
15491
14088
13711
14061
14477
14742
14641
15133
13503
12677
13610
15669
14115
16340
13480
13898
12336
12851
16327
13776
14736
13932
14045
15191
13715
14334
13181
14452
13860
12987
13265
12289
16373
14967
15202
15453
13643
14225
13513
13487
13470
14478
13781
16373
14338
13315
15593
12289
15210
14876
13529
14218
14724
14116
12848
14161
15575
16010
14197
14555
14020
15639
14358
13458
13802
12631
12289
13509
13765
14864
15048
15173
14826
15654
15206
12796
15329
13678
15345
15490
13142
15461
14336
12289
14387
14820
14672
14077
12289
13181
14525
12289
14451
15746
14607
14274
15293
14911
14963
14975
15504
14151
16373
14133
13714
13924
12289
14782
15675
13482
15282
15379
13381
15050
12289
16373
13059
15746
16080
14105
15112
14384
13140
14592
12726
15412
13101
13263
12289
12289
16373
16334
16373
13187
15212
14333
13803
15877
13881
12702
14047
14059
13636
13818
13817
13169
12419
14479
13596
15368
12289
12593
15740
13334
15966
14382
16373
14481
14521
15253
13569
14540
15940
12289
12828
13816
14347
13222
15688
16373
14322
14510
15434
16373
12873
15760
13739
16373
15430
16008
13657
14270
15514
13613
15493
15489
15087
15573
13112
13748
15067
14314
15539
12542
14747
15209
14949
13845
16351
14973
14119
13752
12606
15827
12289
16230
14215
15075
15946
13417
16301
12289
14567
12481
14590
12732
14435
15257
13196
12393
13675
14412
13498
14207
14227
14662
16373
14133
12522
12753
15472
16169
15601
13147
13026
14695
15072
12732
14231
14786
14158
12289
12325
15004
14410
14344
14586
15574
13496
15770
15502
13734
16373
15848
12490
15546
15296
12444
14781
13450
12289
16373
13971
14090
12289
15057
12289
13234
13024
14939
14389
15346
16373
14542
15526
15079
13182
14147
12558
15746
12289
15972
13822
14519
14396
14428
14539
13258
15240
15609
16346
15428
15252
13644
12813
12289
15441
15144
14349
14265
16373
14338
14980
14000
13387
13437
16373
15866
12598
12429
15135
15895
12589
14430
13563
14737
12441
13617
14447
13465
16059
15915
13779
15435
13525
14963
15080
13922
14834
13412
12644
16327
13656
15666
15667
13076
13319
15079
14040
14225
12763
14227
12289
14083
12697
12289
14252
12289
14939
14503
14935
13967
15509
15098
14647
13452
13066
15640
13814
16373
12977
13189
14856
16234
12289
14093
16373
15286
16373
14925
12771
13959
13715
13929
12289
13817
13838
14019
15644
15804
14235
14320
15195
13677
13394
15607
13970
15292
14407
13938
16373
14527
13122
15284
15423
12730
14372
12297
13926
15296
14737
14009
13370
14572
14842
14250
14370
16373
15798
13624
12453
13728
16013
16098
14373
13630
13556
15412
15154
14257
16373
14260
14828
15755
15255
13842
14908
12711
14329
12289
14815
15655
16126
15076
13375
16188
13282
13963
13589
14468
14114
14934
15395
16373
14425
13817
15500
15509
15938
12974
15082
16373
12289
12289
13367
14335
15105
12797
13418
14847
14062
14048
12899
13534
15486
13211
15343
12959
14948
12442
15140
15320
14071
14948
12289
14234
15159
13596
14866
16351
13474
16373
16373
12508
14121
12956
14703
15015
13581
12351
14507
15295
12497
14858
13036
14159
14571
14275
13326
15620
12486
14928
14821
14794
14710
12966
16162
14177
15148
16373
15236
15120
15008
13649
16373
14128
14461
13441
12289
14124
15665
13295
13120
14501
15650
16373
15444
14305
12338
15479
14244
12808
15330
12947
15835
14159
13466
14986
14685
14355
15959
15595
14205
16096
12289
14459
12841
15926
13652
15563
14700
12289
13922
13578
16373
15267
12592
15580
12646
14281
14402
14379
13362
13897
16039
15231
12413
13380
15477
13231
15807
16335
16373
14636
12985
14925
12857
14538
12754
14031
16373
15775
15108
12847
13749
15570
12840
12932
14445
14564
15857
14983
13650
14714
15017
13305
14001
15618
13195
13896
13411
16172
12289
15650
14219
14059
15785
15398
12289
16373
15143
12422
14740
13893
16253
14295
13083
12856
15463
16373
13711
13521
14390
13098
14796
16373
16356
13765
14413
15909
13996
16228
14962
14291
14479
13741
12420
15951
14943
14000
16373
14751
13330
14089
16170
14188
16373
13405
16057
12903
13889
16209
12905
15614
13195
12784
15181
15789
15452
14268
16373
14089
15232
12872
12289
15428
16120
14315
14600
15518
13460
13954
14640
14658
12746
14970
13640
12302
12289
13722
14266
13049
14809
14322
14134
15493
14749
16345
13918
15276
16373
12565
14069
14587
14180
15005
14310
14866
14682
14632
16373
12289
15559
13187
14804
14414
14881
13673
12803
14212
13060
15768
15794
13265
13139
14305
16373
12819
14399
13968
12721
14724
13086
13937
16373
14849
13397
13590
14681
14192
13915
12342
14380
16010
15020
13219
14390
12933
13383
14337
14692
14456
13910
15362
14757
14655
14228
14409
14466
14527
15398
12728
14859
14338
14958
14596
15019
13521
16373
15132
14707
15001
15763
15434
14568
13467
14154
13771
14619
14705
15670
14212
15435
14685
14561
13062
13807
13763
13821
12289
15811
13598
15379
13994
13553
12882
13078
14775
15145
15543
15230
14508
12358
14025
12569
15848
14650
13918
15411
13854
16038
16373
13239
14343
12289
13310
13497
12289
14909
14997
12430
12289
14398
13510
12289
12502
14924
14413
14508
13698
15015
13033
13795
13968
14879
13231
14140
14063
15566
14315
12289
13459
14133
13247
13874
13872
15314
13083
12749
12946
15673
12685
16242
15268
13678
12289
14526
14246
12289
13391
14441
14947
15525
16178
15136
14053
15290
15876
16373
15001
13284
15020
13801
14565
12289
13394
16231
13641
14678
14062
13279
13660
15477
12664
13082
16373
16011
13947
13635
13502
15615
12300
14984
15614
14843
14179
12661
13338
14863
14936
14673
13022
15306
15989
15262
14722
15974
14642
13405
12289
12289
15400
15802
13143
12537
14006
14636
12289
15372
15939
13728
13554
14475
16373
14399
15730
13201
15999
15816
15085
14107
15271
16224
13444
14174
14074
14282
12391
13825
13650
16331
13082
15471
16185
12665
15179
15211
16373
13931
13369
15909
14491
13682
12289
15019
14855
14267
14663
16105
13351
16373
14165
13782
14757
14460
15110
13291
12289
14648
14794
14784
15096
14256
12768
13428
14127
15332
16373
13588
12850
14516
15991
15541
14859
14023
13809
13410
13948
14252
13393
14246
14969
15247
12289
15393
14001
13434
14014
12289
14465
14576
14228
14909
14989
14088
15066
14489
15655
15270
16373
14646
15934
15723
12321
16373
12855
14881
13180
13007
13925
15707
14216
16373
15774
15019
16373
12916
13690
14144
12289
14532
14525
16373
12289
13285
14632
16369
12289
12289
15222
13508
12997
13430
12923
13776
12736
13396
14250
12289
15590
12619
13711
12289
15333
15328
14117
14634
15155
14035
12953
14378
14356
12779
14316
15758
15089
15806
16263
12594
14691
12962
12511
12868
15105
12312
13328
15052
15076
13305
16091
14608
15064
14909
15099
13686
15288
14377
16029
16014
13633
14995
15463
12909
12412
14806
15025
13491
12387
14370
13592
15190
14078
12612
15621
12289
14392
13414
16233
13280
15185
14722
14294
12289
14647
14274
13651
13084
13342
14216
13732
15870
15734
13723
15406
14382
12289
13792
15655
15759
15639
12289
14428
15768
13229
13051
14495
16373
14601
16231
14023
14156
12976
15570
14602
15024
15553
12526
13262
12734
14890
13790
14210
12763
14968
14673
14018
14960
16373
12289
14360
14891
13970
13679
16373
13126
16136
15199
14164
14123
12792
15130
15756
12325
13912
12847
13386
13435
13266
15096
13569
15714
14007
15352
15356
14805
15425
13897
15884
14808
14646
12969
14052
12289
14706
13562
15057
14251
12289
14861
12289
16373
13089
13540
15398
12381
13919
13497
15209
13835
16373
14488
14222
12991
13537
14159
14798
13692
13200
13748
13645
14155
14567
12845
13751
12672
14318
13254
13332
14592
16373
14371
15162
14248
14738
12910
13912
14916
15023
16373
12289
14025
14218
13700
14483
14134
15515
16373
16373
13234
15021
14451
15136
16373
12469
14214
14719
16373
13397
14338
16131
15068
12346
12289
12910
12289
13890
13909
14185
16373
16373
15098
12289
13759
14615
15349
12966
16373
13655
14866
15939
15215
13204
14057
13655
16373
14572
12289
14649
13607
16373
14277
14402
15980
14451
15551
14011
15445
14822
13159
15636
16178
12995
13858
14194
16373
13715
14462
15199
15125
13540
14479
14309
13276
14479
13735
15533
13547
15158
14614
12289
15544
12774
16373
14280
14430
13128
13040
14552
14082
13794
12289
12328
13970
15095
16368
13060
16348
14008
14149
13548
14499
12289
12847
16011
12971
14917
12911
13781
13794
16373
13386
16373
13289
13102
14403
12940
14810
14615
14088
15541
14548
14287
12880
14470
16211
16373
15805
13697
14896
13828
12289
15416
15263
13878
13388
15530
14853
14573
16373
15527
14190
13460
15247
13749
13700
14532
12289
12289
14586
14610
15614
13577
16152
16373
13581
15925
13999
16373
14093
15818
12346
13926
15759
12289
15156
16373
16160
12289
14409
15874
16346
15797
15183
14595
16373
16373
13645
14008
15281
13509
14452
14608
14440
14724
16006
14067
13294
12445
13725
14397
15842
14631
13744
14737
13574
13280
14906
13222
12765
13254
14705
16122
16373
14926
16373
15791
12289
16132
15020
14852
14455
14289
13039
13271
15946
13865
12986
14660
15302
12534
15241
14970
15047
16198
13786
14679
13534
15571
12289
14766
14381
14328
14197
15227
14659
15789
13179
14717
14912
13558
14173
14796
13714
13180
12289
14058
12623
12911
13684
15429
16254
13952
15502
14943
13746
13011
13840
15839
14534
16373
14067
12659
14498
12289
16100
12289
15207
15127
15655
16131
15092
15200
12762
13486
15342
15057
14539
13751
15916
13607
13877
12795
14795
13214
15084
14557
14082
13639
16131
13918
15344
13804
15325
14719
13434
14245
13464
15163
12289
12289
14197
15989
14926
14660
15818
15847
13160
14212
12872
15704
13694
15855
14279
13501
12363
12892
13959
12652
15403
12289
15443
14416
13658
14138
16296
14922
12289
13601
14708
12289
16373
13318
13408
16143
14635
14124
15776
15536
14131
14895
12289
13792
13881
16373
15826
13198
14033
15157
14740
16373
14901
14272
15688
14412
15561
14848
12863
12839
12511
15659
12610
15216
15408
13112
13978
13978
16019
16373
14976
13571
15968
15975
15203
14222
14308
14098
13266
13616
14574
16373
16373
12289
13955
14847
12857
13781
12613
13523
13718
14984
12289
15978
14856
14430
12972
15676
14983
14570
15798
16118
15446
14036
15304
13549
15496
12324
15701
12563
14130
14244
16373
14722
12289
12289
15649
12514
13437
12466
15908
15351
14075
13605
12289
13860
15791
14796
14309
16373
13608
13312
15287
12588
13898
16010
15073
12289
12826
14862
14914
13989
15746
14389
12732
15561
14463
14295
13688
15104
14716
15111
16373
15905
15831
14542
13748
15500
15498
16229
14451
15751
14961
13610
16056
13841
14441
14227
13626
13991
15387
14706
13224
12289
14276
13804
13791
13497
12778
16373
15241
16011
15299
13829
14611
16164
13687
15362
14379
13443
14213
16373
16373
15544
12725
13579
15831
16355
15134
14561
16373
12289
12289
12491
13898
12643
15146
13865
13032
12289
14098
14835
15126
14630
14045
14702
13854
13545
14959
13930
14350
15658
16200
16213
16357
14118
14712
14112
15141
15091
16186
15209
15482
13627
14050
12293
14242
13224
15167
14739
14133
13322
15331
15364
15573
12888
14908
14268
12303
15379
14165
14841
14718
16373
13665
14902
13363
13432
13901
13324
15917
13156
12299
14078
13629
14428
13752
13513
12289
12350
14417
12289
14421
12289
15438
16373
15241
13937
14485
15412
16313
16373
15375
14751
14653
14433
14851
15301
14315
15045
15247
13324
14153
15546
13361
15314
14912
13556
16070
14172
12289
15248
15563
14833
15588
15854
13718
15059
12289
15069
12289
15773
15029
14422
13346
14633
12741
14487
14777
13609
12289
16248
16358
15015
14201
16253
14981
13183
12289
14400
12791
12717
13956
12289
14233
12900
14432
13344
15323
15182
16373
14694
15681
15123
12289
15482
13478
12454
14667
16069
14633
14736
14924
14795
15824
13971
12289
16373
15202
14707
13632
15034
12322
14530
16373
14237
13888
13240
14170
14324
12386
14001
12289
14098
15988
14775
16150
14454
14024
14284
12289
16167
14755
13385
13918
12464
15390
13527
13766
13557
13721
14514
13416
13552
15320
14767
14460
15283
15848
15883
13782
14679
14579
16373
14229
13372
14899
12289
14408
15457
13112
13412
15864
14450
13809
13787
12821
15012
16373
14865
15977
14700
15378
12987
13973
14554
16373
15461
12916
14021
12289
15145
14334
16373
14609
13270
15566
13788
12289
14204
12289
13251
13425
16101
13443
16373
14091
14307
12289
14853
13721
15060
15661
14367
12289
12740
14029
14436
14584
15750
16373
12289
14300
15311
14106
16373
14836
14662
15155
14295
13409
13309
14834
14263
14816
14482
13684
14452
14222
12289
12446
13236
12289
16016
12790
15242
12289
15501
15131
14399
13775
13693
15898
14871
15517
15507
14908
13781
14399
16373
14762
14563
16373
14317
13519
12289
15358
13417
14682
14893
13176
13667
12289
15158
14564
12602
14179
15310
14331
12289
12289
12520
14580
14916
16373
13346
13933
15172
14481
13306
14762
14604
13676
14346
15015
13105
16373
14770
14386
15289
14424
14751
12744
14203
14515
13401
16373
12653
15618
13525
13923
13199
14293
14213
13882
14673
15984
12628
12695
13227
16373
13444
14654
13960
16222
14644
15228
14619
14422
14255
15955
13753
12289
15541
12289
14601
15137
15616
14602
15355
15506
14061
12521
15272
12816
14667
14407
13550
12975
13648
15088
14433
14061
14801
12709
14280
16373
12439
12569
14814
14560
13258
14953
13451
15428
16100
15182
14056
12990
12341
13120
15660
16373
13560
12879
14226
13567
14090
15280
12451
13764
15877
14676
14477
13673
13890
14871
14060
13919
14556
12289
14927
16036
12289
12289
14273
12835
13969
13557
14650
16347
14001
14236
14701
12732
12289
14084
15405
16373
14443
15332
15010
14363
15243
13254
12289
15464
12496
15765
14875
15557
16373
13914
15258
14117
14505
15115
15149
14572
14009
15825
15326
16373
16373
12443
14722
14070
13512
14097
16373
13600
14108
15486
16125
13974
14263
15472
14077
16237
16115
15622
15559
14688
14207
12991
12716
16359
13815
14408
15053
13856
13477
15092
13697
12289
13755
15959
15299
14410
16044
13380
15067
14054
13621
13263
13979
14158
13881
13977
14743
15616
14452
15265
14699
12378
15279
12940
14484
14037
15130
14483
12289
15277
13535
15483
12900
15212
12463
13699
15087
14687
13498
15125
15434
15155
14912
13412
12864
12289
12974
13512
13911
14201
12559
14889
14963
16149
13873
13610
14745
15044
15696
12289
15381
14655
14480
13503
14781
15036
13499
12298
16373
15691
14299
14227
14216
15009
14216
14264
14174
14258
15543
14887
15453
13244
12857
16373
13498
14309
13102
14442
12806
16279
16218
14067
14181
15081
16285
14597
14267
14084
15482
15146
14343
12479
13709
15631
14821
13440
13024
16373
15348
14266
12493
14604
14994
15665
13541
15793
13174
13386
13451
15929
15777
16081
15319
14352
12289
14113
14857
16373
14211
13636
14753
14588
15911
12289
12289
13000
15006
13599
12289
13613
12940
13610
12821
12623
14692
15366
13827
12289
14077
15965
14696
14015
15750
12289
13078
14024
14371
14804
14627
14096
13330
14590
13557
14232
15031
15455
13984
12289
16372
14752
15511
13666
13958
16373
14373
14872
15138
15195
13204
14530
14747
14451
12986
638
1768
1252
1159
746
1128
386
208
1357
1424
878
1731
1713
658
1177
232
1836
1557
1210
284
56
895
661
510
799
1582
1378
1861
1153
991
1870
165
1332
1924
1366
1033
1453
2036
898
1360
1395
736
662
543
1231
590
251
1098
2010
409
255
162
111
1067
721
100
696
1595
809
1241
11
404
1337
995
1535
1610
1479
1115
719
377
1743
1739
724
1075
228
1597
1822
1382
571
1002
484
835
619
1869
1533
2012
709
1338
1728
421
1551
817
398
1122
1300
113
1483
1880
1498
528
1014
241
847
1822
521
679
545
1413
677
1506
1961
1814
269
135
789
1031
1151
1158
209
1090
659
1109
236
1207
1539
277
1400
1560
1845
801
988
122
1390
1230
221
549
852
1373
882
1023
1405
1863
1819
1887
1737
1983
242
1548
1753
1450
773
229
1993
701
1690
1669
1546
1821
781
1912
503
307
1659
564
1517
881
879
92
870
71
959
412
1626
72
532
1314
1251
122
1354
638
556
432
1444
516
1205
801
1706
169
170
446
1172
488
1331
127
1277
1315
1073
469
646
418
1373
760
359
736
814
678
1383
512
392
882
103
1471
143
1438
786
1847
1032
1972
973
420
1731
298
39
321
2008
10
921
101
857
699
612
1229
1143
1867
1534
1136
1973
1339
1857
730
1527
1192
1801
928
430
418
945
975
1351
1822
1884
1502
267
595
1554
54
1238
824
1334
1337
1594
326
321
55
1834
1105
327
1654
618
1097
675
180
42
1452
1526
221
1087
1330
1973
1954
478
1047
1095
602
1558
819
216
2002
698
737
483
1423
1082
1513
1824
1675
0
1425
293
1569
2047
905
63
924
513
1310
364
178
1442
1196
604
1196
1824
1092
857
672
865
405
827
1514
917
1265
665
1497
179
1373
1452
1709
1140
1221
405
1347
1959
425
1689
1166
559
1996
764
169
1305
393
151
1514
815
1248
1524
1560
536
1112
440
551
2017
666
586
1475
1722
1372
1151
1228
1212
1070
1085
1978
479
1376
386
653
781
645
795
1504
1596
1295
1895
1470
1926
1528
1921
361
1087
1270
1217
1098
641
76
1173
1466
946
841
2026
1159
529
1213
128
326
854
5
1241
822
114
352
1503
1663
740
762
1038
501
235

