10203
10358
10240
10128
9602
10321
9954
10868
10817
10216
10203
10193
10172
10404
10001
10833
10665
10053
10076
9971
10586
9917
10058
9778
10836
9985
9928
10169
9809
10146
10875
10347
10449
10348
10163
10249
10017
10281
10679
9262
10090
10173
9357
9809
10009
9734
9656
9966
11093
10514
10532
10456
10058
9933
10360
9954
10361
10123
10744
10674
10065
10478
10117
10153
10554
10582
10304
10607
10082
10302
10075
9622
9889
10490
9799
10325
10751
10683
9807
10342
10304
10169
10750
10909
10334
10309
10154
10469
10914
10453
9910
9924
9892
10636
10435
10076
10611
10414
9635
11056
10037
10139
9756
9659
9950
9619
10004
10489
9780
10836
10271
10661
10285
10258
9728
10670
10191
9869
9904
10025
9699
10173
10656
9454
10386
10531
9797
10450
10031
9855
9804
10660
9642
9758
9566
9799
10089
10333
10180
10908
10308
10029
10625
10489
10161
9979
10668
9827
9826
10631
10825
10162
10450
10308
10490
10324
10225
10280
10660
10487
9900
10084
9864
10314
10712
10329
11183
10349
10076
10046
9649
9365
10436
10670
10421
10296
9871
10821
10272
10042
10729
10477
10498
10176
10356
9909
9396
10914
10034
10149
9852
10354
10546
10153
10804
10409
10379
10872
10277
10256
10280
10825
9804
10750
10364
10156
10237
9952
9825
9372
10026
10519
10545
9294
10457
10118
10404
10260
9991
9997
10122
9242
10860
9858
10144
10589
10331
11329
10490
10141
10363
10101
10619
10109
10150
10228
10435
10965
10051
10635
10126
9544
10121
10115
10379
10609
9919
10758
10606
9717
9507
10047
9924
10577
10197
9969
10938
10130
9923
10364
10022
10383
10375
9683
10451
9897
10386
10203
10221
10198
10342
10399
10329
10203
9064
10406
10028
10584
9164
11061
10237
10888
9830
10671
10350
9399
10200
10287
10007
10081
9649
10427
9951
9966
9084
9715
10196
10515
10950
10438
10229
10744
9500
9871
10395
9968
10159
10579
10395
10270
10701
10079
9696
10535
10375
10678
10171
10350
10447
10519
9994
10280
9901
10072
10219
10838
9730
10310
9996
10073
9795
10124
10158
10178
9951
9873
10244
10734
10029
11053
10424
11273
9869
10173
9675
10396
10512
9849
10348
10174
10124
10496
10625
9913
9783
9955
10487
10470
9857
10915
10288
10102
10456
10945
10415
9940
10584
9952
10462
10252
10753
10130
10097
10626
10522
9418
9856
10253
10533
10452
10416
10761
9658
9386
11024
10597
11138
10166
11044
10426
10305
10710
10257
10762
10897
10257
9875
10602
10760
10240
9899
9883
10200
10110
10423
9606
10371
10957
10591
9712
10644
9427
10884
10106
9995
10789
10415
9808
9864
9929
10466
9917
10307
10017
10317
10385
10302
10456
9580
11574
9994
10415
10396
9929
10398
9819
10502
10586
10455
10305
10388
9947
10213
10194
10532
10029
10063
10101
9966
10320
10209
10286
10455
9996
11096
10263
9771
9784
10845
9828
10953
9651
9822
9593
10789
9860
10743
9530
9421
10514
10414
10357
10007
10657
10067
10312
10136
9689
9995
10012
10713
10918
10269
9846
10407
10434
10723
10365
9888
10135
9741
9891
10416
11066
9710
10339
10824
9972
10811
9784
9865
10420
9787
9792
9812
10165
10287
10165
10553
10173
9354
10349
10073
10761
10612
10470
9946
10408
10732
10181
10927
10028
11119
10209
9311
10766
10095
9911
10775
10283
10317
10756
10649
9995
10059
10002
10180
10098
10297
10192
10593
10589
10235
10128
10024
10699
9879
9880
10539
10655
9825
10234
10340
10313
10232
9701
10645
9907
10017
10298
9757
9676
10498
10035
10758
10892
10376
9563
10503
10256
10270
9913
10695
10126
9980
9989
10808
10387
10500
10374
9838
10447
9912
9785
10093
10554
10282
10709
9994
9871
10201
10290
10226
10545
9951
10062
10488
10263
10972
10015
10499
10382
9918
10023
10640
10381
10404
10369
10237
10052
9950
10025
10273
9858
11044
10564
10425
9907
9835
10260
10243
9880
10608
10885
9631
9934
10058
9764
9920
9769
10548
9909
9991
9448
10482
10531
10768
10968
9959
10353
9626
10081
10530
10199
10373
10349
10080
10825
10994
10141
10240
10014
10165
9814
10844
10437
9914
10209
10195
10580
10188
10155
10566
10997
10386
10590
9610
10288
10216
10599
10298
10420
10688
9754
9948
10276
9824
10438
10381
9731
11117
9792
11083
9785
10646
10326
10571
9972
10261
10324
9919
10117
9746
10773
10157
10972
10037
9998
10626
10201
11008
10354
10101
10288
10412
10146
9795
10127
10461
10200
10590
10136
10035
9584
9952
10697
10719
9905
10475
10103
9950
10352
10390
10130
9874
10281
10019
9718
10352
10592
9780
9934
9708
9448
9670
9554
9684
9494
10112
9604
9649
10151
10295
10313
9974
10479
9925
10651
10584
10277
9992
10498
9752
9928
10312
9893
10912
10578
11179
10472
10252
10105
10836
9720
9280
9482
10420
10127
9433
10773
10368
9859
10391
10632
10253
10620
9739
10367
10733
10383
9801
10414
10825
9673
10211
10016
10260
10067
9862
10172
9814
10882
10322
10551
10213
10124
11176
10244
10204
9916
10403
10591
10020
10735
10083
10204
9288
10131
10182
9879
10635
9888
10621
10718
10386
10886
9825
10646
10199
9947
9788
10487
10492
10504
9468
9847
10028
9696
9527
10400
10179
11075
8715
9842
9928
9892
10218
10213
10456
10652
9858
10927
10527
10273
9827
10369
10309
10584
9957
10158
9886
10690
10583
9991
10530
10475
9838
10353
10739
10311
10570
10075
10467
10716
10802
10151
10272
10243
11255
10655
10754
9775
10503
10201
10664
9437
10673
9848
10223
9944
10454
10524
10325
10456
10173
10170
10233
10080
10012
10647
9915
10424
9966
9834
10295
10000
10094
9508
10213
9823
9613
10431
10168
9094
10245
10037
9949
10065
9851
10553
9759
10474
10465
9725
10286
10217
10572
10854
10145
9837
9949
10573
9777
10832
9973
9432
10657
9839
9663
10197
9882
10341
9823
9769
9687
10108
9602
9966
10769
10023
10017
10327
10392
9801
9615
10103
9798
10290
10265
10521
10265
10013
9769
10337
10550
10959
10187
10544
10108
10037
10195
10591
10736
10367
9617
9728
9886
10123
9895
9996
10535
10188
9900
10906
9674
10754
10215
10289
10783
9696
9582
10355
10476
9912
10856
10502
10111
10444
10453
9479
10354
10148
10410
10126
10479
10082
10068
10398
9995
10837
10012
9865
9884
9888
11022
10370
10359
9861
10319
10274
10042
10128
10205
10855
10562
11121
9753
9984
9846
10326
10684
9854
10959
10277
10537
9330
10405
10132
10137
10596
10510
10184
10406
10195
10341
10280
9840
10058
10303
9942
9425
10134
10640
10487
10476
10109
10208
10806
9778
9980
10463
10437
10235
10042
11072
9884
9854
9928
10442
10950
10183
9975
10507
10358
9600
9817
9900
10509
9983
10545
10017
10334
10651
9890
9951
10113
10984
9929
9708
10484
10533
10693
10086
10705
10220
9859
10454
9112
9629
10139
10301
9877
11029
10624
11285
10198
10856
9856
9849
10934
10173
10529
9991
10235
10418
9643
9838
10301
10610
10068
9950
10114
10208
10228
10319
10455
10558
10046
10149
9929
10710
9902
10084
10254
10567
9866
9768
9905
10101
10446
10216
9841
11190
10558
10900
9742
10142
10453
9672
9786
10517
10860
9928
10308
9965
10484
10257
10256
10102
10342
10703
10246
10406
9901
9782
9599
10477
9691
10273
10735
9981
9804
10124
10113
10412
11154
10386
10480
9972
11190
10841
10043
10089
9936
10333
10719
11071
10328
10410
9827
10433
10206
10525
10317
10309
10157
10734
9390
10500
10404
9810
10159
10398
10049
10275
9460
10015
9398
10351
9614
11267
10514
10101
10075
9972
10057
9576
10109
10003
10208
10171
10155
9391
10615
10349
10423
9909
9810
10426
10583
10701
10437
10265
10517
10296
10093
10171
10359
11097
9885
10089
9771
10565
10248
10106
10773
9969
10496
10244
10230
10939
10064
10335
9650
10478
9874
8890
9967
9538
9877
11027
9883
9893
10270
9728
9756
10429
9874
10533
10041
10706
10320
9959
9936
9777
10023
9862
10619
10384
9577
10184
9701
10484
10051
10024
9399
10296
9765
10069
10452
11198
10230
10246
9942
10364
10108
10480
10029
10127
9671
10731
10397
9804
11200
10626
10380
9819
9927
10874
10801
10090
10217
11014
10909
10241
10485
9361
10742
9847
10131
9646
10369
9830
10065
9765
9905
9771
10457
11007
10252
9620
10140
10470
9746
9884
10864
10240
10403
10791
9530
10149
10588
10412
9858
10829
10444
10476
10921
9816
10086
9732
9618
10459
10236
10308
10228
9529
10574
10202
9818
10291
9322
10476
10165
10557
10388
9737
9745
10140
9948
9544
10385
10524
9667
9889
10448
10667
10143
9813
10234
10448
10911
10256
10542
10739
10358
10016
10259
10186
10529
9933
10871
10396
9922
9991
10381
10652
10033
9868
10595
10127
10427
10958
10381
10742
9936
10437
10321
10244
9547
9889
9769
10074
10010
10355
10169
11428
10351
10337
9345
9912
10379
10343
10143
10238
9705
9927
10053
10033
10090
9832
10780
9791
10119
10511
9637
10335
10177
10468
10168
9986
10140
10018
10516
10196
9832
10115
10018
10435
10220
10631
10133
9987
10016
10665
10735
9923
10603
9817
10002
10599
10797
10685
9581
10746
10174
9593
10529
10109
10809
10234
10396
10453
10673
10013
9820
9450
10383
10733
10354
10095
10559
10906
10156
10129
10157
10302
11571
9901
10381
10287
10083
9781
11025
10332
10544
9628
10882
10072
10848
9295
10588
10880
10334
10347
10484
9900
10333
9991
10827
10188
11457
10026
9374
10260
10550
10622
9692
10168
10847
10234
10252
9673
10595
10677
10130
9731
10154
9937
10194
10170
10201
10584
10390
9617
10369
10125
9716
10584
10555
10514
10019
10420
10616
10380
10922
10545
10029
10830
10192
9957
10367
10583
10575
9687
9841
10236
9753
10118
11161
10294
10478
10325
9970
10307
10663
10119
9888
10585
10384
10062
9152
10109
9895
10601
10372
10018
10280
10985
10036
9813
10132
10487
10380
9914
10350
10129
10391
10921
10714
9840
10182
9621
10237
9958
9713
10315
10305
9689
10884
10703
11042
9614
10790
10097
10523
10055
10365
10245
9712
10776
10215
10314
10104
9860
10409
9711
10415
10666
10242
11107
10030
10300
10320
10180
10153
10116
9901
10009
10224
10222
10599
10951
10181
10405
10241
10695
10364
10955
10142
10243
9449
10134
10451
9132
9874
10626
9879
10835
10445
10280
9927
10170
9577
9863
9792
10707
10536
10278
10355
9667
9554
10260
9912
10025
10379
10468
10056
10328
9731
10209
10326
9880
11018
10681
10354
10438
10337
10381
10431
10508
10278
9806
10073
10532
10477
10134
9733
10241
9863
10056
9551
9948
10534
10082
10237
10646
10394
11033
10252
10197
10543
9671
10841
9870
10099
10320
10091
10398
9686
10166
9605
10904
10403
11173
9858
10325
10232
10928
10513
10339
10382
9597
9398
10104
9767
9970
10096
10741
10286
10129
10868
9815
10110
10161
9597
9949
10387
10431
10049
10042
10526
11279
10013
9956
10053
10317
10348
10851
10347
10521
9738
10464
10236
10184
10803
10575
10008
10234
10997
10330
9640
10318
10117
9662
10215
10278
10629
9330
10519
10619
9773
9927
10382
10555
9892
9379
10250
10382
10869
10820
10189
10355
9412
10627
11346
10169
9799
10012
10617
10469
9977
9886
10677
9862
10212
10082
10126
10359
9781
10207
10144
10445
10249
9932
10511
10165
10259
9894
10419
10385
10169
10649
9863
10696
10774
9613
10021
9901
10649
10336
10028
10736
9988
9925
10115
9049
10129
10774
10593
10735
10565
10049
9960
11072
9964
10675
10413
10674
10486
10323
10166
10587
10281
9661
10223
9743
10195
10052
10060
9220
10086
9875
10081
10349
9115
10561
9827
10868
10185
10777
10328
10226
10250
10359
10293
10318
10886
10253
10383
9549
9566
10300
10113
10916
10272
9427
10429
10729
10048
10101
10054
10487
10201
10296
10470
10310
10019
9728
9860
10483
9689
9445
10598
10284
9364
9912
10417
10223
10034
10784
10647
11332
10639
10816
9817
10319
10577
10379
10079
10645
9462
10677
10018
10141
10352
10367
9384
9737
10751
10796
10201
11069
9405
10501
10400
10108
10317
10067
9629
9775
9650
10534
10670
10289
11093
9437
10526
10134
10422
10492
10375
9383
11006
10641
10397
11157
10425
10046
10668
9916
10178
9792
9689
9664
9609
10353
10086
10424
10446
3819
6657
8230
589
4338
3072
175
1543
223
9297
5243
4800
8120
8876
4380
1322
1434
9158
8020
8073
3076
9082
8288
1901
2537
2977
1383
8891
4904
8471
4606
6673
802
6070
9512
390
3062
6081
10126
194
2641
7964
3276
5583
880
1771
5166
370
5097
5445
9020
304
6292
10061
1152
6724
2945
4610
6953
1926
1698
3915
976
9437
1310
267
3420
1692
8932
5358
5033
3798
8414
1657
8275
460
8227
3552
9141
10072
8769
2456
2513
629
4683
3474
5372
8811
2031
3560
5846
4400
8266
7760
9520
9212
442
1321
6679
5284
1722
3712
4090
2884
8867
7989
9743
9946
9258
1652
7505
2688
8780
4626
1196
5980
4738
817
5494
4287
7183
7342
772
7185
1398
7240
6734
9323
51
3428
3806
3271
9780
6508
1274
6357
5628
6188
9019
2745
8838
2758
7635
1803
7751
2113
3095
6262
13
5799
1401
1048
6047
8595
7118
7729
6913
6136
5373
5402
3494
7969
4621
6059
9428
2659
6066
7700
7286
2091
1003
3207
9502
4569
9891
8717
847
3615
6702
6428
2216
654
7748
1200
5099
8408
596
1134
8787
1345
8665
6790
7147
7269
253
3028
1727
1026
4676
824
4891
7929
7038
6243
3303
6865
1588
872
4767
1577
6858
9411
5646
2186
1445
6750
4704
10522
9888
10463
10213
9668
9555
10040
10740
10547
9887
10197
9562
9928
10386
10251
9818
10263
10749
10212
10859
10151
10399
10136
10519
10952
10371
10451
10890
9955
10605
10933
10115
9949
9516
10760
10452
10457
10947
10527
10061
9981
10037
10310
10274
10451
9784
10403
9811
9483
10107
10307
10799
10788
10462
10890
9909
9750
10405
9801
10302
10126
10117
10208
9463
9801
9813
10919
10565
10060
9571
11039
10465
10137
10791
9249
10262
10532
10403
10239
10421
9971
10929
10107
11496
9942
10466
9892
9639
9683
10248
8797
10725
10317
9903
9928
10526
10139
10342
10411
10291
10591
10096
9642
10642
10385
10493
11026
10440
10106
9842
10149
10874
9640
9854
10334
10745
10567
10496
9862
9941
9612
9668
10204
10260
10678
10091
9833
10262
10508
10341
10569
10260
9777
10120
10118
10917
11097
10073
10439
9959
10883
10826
10364
9675
11050
10444
10889
10325
10668
10167
9329
9633
9979
10181
10501
9987
10456
9880
9983
10038
10875
10298
10031
10721
9964
10089
10716
9489
10527
10443
11428
10727
9905
10431
10502
10277
10352
10732
9393
10887
10530
10961
10940
10387
10394
10177
10638
10007
10420
10617
10330
10113
10037
10482
10756
10462
9530
10454
10122
9900
10553
9769
10465
10798
9406
9930
10652
9614
10542
10190
10907
10913
10388
9712
10297
10295
9644
10467
10655
9975
10352
10456
10286
10896
9923
9695
10583
10474
10562
10268
9907
9694
9751
9518
10681
9639
9796
11328
10080
10207
10681
10867
10629
10523
10716
10825
9952
10328
10034
10038
9968
10031
10140
10125
9836
10247
10028
10203
10755
10347
10651
10844
10365
9918
9289
9688
10037
10306
9675
10758
9924
10039
10706
10111
10409
9991
9359
9978
9891
10522
10724
10209
10085
10009
10370
10823
10241
10139
10421
10105
10238
10217
10152
10640
9469
10098
10044
9801
10495
10112
9698
10635
10493
9864
9726
9996
10041
10469
9520
9794
10499
9405
10735
10626
10118
10137
10648
9964
11283
10378
10341
10213
10857
10129
9920
9282
10019
10430
9780
10373
10536
10602
10682
9929
10168
9963
10929
10393
10756
10041
9646
10283
10324
10428
10204
9466
10694
10387
10013
10366
10562
9804
10607
10075
10728
10154
10554
9641
11043
11091
10507
10526
9988
10528
9885
10748
10136
10443
10485
9893
10619
10630
10001
10340
10896
10312
10076
9844
10015
10046
10809
11252
10699
10181
9992
10495
10037
10321
10224
10251
10607
10500
9472
10535
9936
10669
10560
10582
10750
9678
10648
9989
9890
9770
10526
10674
10572
10375
10365
10013
10000
9911
10732
10522
10268
9353
10226
10060
10274
10077
9813
10643
9922
9903
10584
10721
10231
10367
10342
10636
9865
9986
11157
10345
10105
10265
10851
10255
10169
9943
9779
10030
10246
10264
10202
10545
9918
10289
10171
9772
10498
10303
10545
10626
9523
9909
10265
10257
10000
10757
10185
9607
10059
10498
10427
10290
10306
10483
10118
10241
10180
9784
10406
9452
10137
10274
10429
10015
10706
11120
10174
9439
10444
11095
9997
10141
10049
10148
9776
9845
10402
10046
10739
10009
9770
10072
9828
9436
10153
10219
10486
10280
9710
10223
9723
10032
9981
10284
10114
9857
9653
9342
9881
10933
10439
10473
10379
10483
9757
10455
10145
10129
10200
10312
9682
9721
10862
10215
10166
9965
10040
9732
10658
10546
10273
9359
9752
10239
10305
10370
9943
10543
10062
10138
10882
10652
10068
10533
10008
10151
10597
10086
10196
10178
10272
10140
10742
10414
10129
10766
10470
9490
10198
10138
10352
9673
10750
10889
10239
10009
9837
10690
10677
10240
10303
10373
10713
10459
10631
10165
11017
10395
10974
10447
9638
10588
10128
10652
9534
10109
10242
10399
10361
10610
9758
10158
10363
10962
10376
10004
10510
10613
10157
9998
9822
9794
10041
10120
10334
10655
10033
10249
10006
10247
10451
10357
10018
10489
10139
9662
10047
10598
10356
10542
9846
10445
10220
10359
10414
10440
10220
10420
10975
11305
10746
10066
10827
9869
10703
10074
10357
10578
9978
10170
10995
10219
10716
9885
10408
9280
9939
10158
10501
10725
10472
10365
10791
10008
10499
10572
10108
10574
10102
9868
10348
10278
10392
9965
11390
9708
10662
10690
9986
9985
10165
10348
10441
10321
10427
10863
10292
10781
10108
9723
9909
10181
10646
9980
10309
10026
10057
10306
10736
10504
10925
10563
10259
10103
10038
10628
10447
10469
10185
10201
9908
9215
10747
9712
10213
9986
10112
9965
10415
10122
10853
9846
9771
9836
10395
10056
9894
10279
10293
10293
10214
9856
10412
10405
9587
10255
10253
9441
10887
10033
10165
10771
10038
10466
10328
10586
10646
9646
10990
10154
10276
10032
10223
9255
10120
10151
9962
10776
10614
10686
10669
10128
9834
9966
10792
9881
9775
9979
10256
10001
10145
9905
10238
9589
10305
9707
10227
10322
10307
10421
9948
10286
10577
10145
10220
10295
9812
10178
10560
9546
9907
10222
10516
10011
9929
10658
11397
10533
10053
10625
10327
10118
10255
9537
9877
10174
9763
10830
9906
9978
10143
10733
10286
10513
10213
10290
9959
9500
10535
10031
10530
10672
10439
9943
10498
9601
9909
10660
9882
10272
10451
10260
10280
10110
10996
10406
10285
10451
10092
10439
10079
9567
10561
10379
9950
10126
9454
9602
10030
10526
10722
9432
10528
10959
10699
10428
9954
9646
9677
10248
10214
10357
10163
10849
10351
10118
10616
10299
9708
9705
10471
10605
10361
10408
10929
11162
10201
10302
10521
10561
9886
9963
9534
10313
10719
10060
10233
10558
10080
9968
10033
9725
10243
10565
10311
10155
9397
10072
10051
10305
10558
10329
10594
10332
9856
10761
9873
10095
11026
9751
10301
10353
10338
10235
11074
9823
10196
9543
10313
10329
10971
10529
10155
9884
10470
10674
9966
10494
9990
10996
9842
9310
10039
10508
10142
11330
10252
10172
10295
10288
10310
10672
10336
9672
9601
10029
10010
10701
10184
9927
10621
9892
9689
9713
9927
10589
10371
9983
10616
9896
10617
10294
10162
9693
10492
10283
10692
10490
10456
10892
10175
10381
9864
10808
9748
9618
10147
10762
10116
10138
9980
10035
10307
9803
10386
10429
10407
10921
10253
10825
10991
10364
9845
9870
9815
10917
10366
10414
9955
10731
10445
10295
10146
9466
9225
10161
9945
10351
9917
10352
10437
10100
9736
9762
9969
10162
10591
10098
10544
10512
10203
10483
10028
10007
9772
10444
10590
10048
10587
10784
9796
10031
10499
10234
9819
9759
10269
10054
10866
10692
11169
10069
10103
10725
10268
10843
9746
10005
10548
9911
10449
10112
10425
10825
10343
10306
9876
10978
10707
10802
10306
10419
10104
10324
10038
9702
10269
10428
9968
9594
10330
10509
10323
10173
11314
9579
9715
10165
9889
9911
10239
10873
10663
9851
10035
10440
10374
10703
9605
10370
10656
10225
10844
10739
10117
9820
10357
9873
8852
10122
9922
10541
10281
11020
9600
10722
10062
10356
10092
10511
10505
10959
10861
9439
10345
10095
10648
10003
10025
10340
10646
11214
10575
9146
10954
10441
10123
10275
10706
9955
10239
10630
10461
10876
10251
10124
10964
10446
9982
10401
10067
9842
10740
9771
9716
10426
10188
9691
10624
10284
10038
10444
9930
9386
10169
9916
10138
9946
10158
10725
10663
9777
10039
10436
9783
10263
10578
10478
10128
10222
10434
9983
10322
10107
10658
9252
10109
10751
10724
11180
10517
10234
9936
10066
10145
10623
9872
10373
10650
10559
10270
10114
9790
10083
10804
10400
10354
10889
10566
9891
9631
10679
10243
10705
9711
10130
10469
10358
10291
10150
10583
10099
9576
10636
9757
10394
9847
9732
10205
10039
10672
10622
9984
10087
9482
10284
10705
11031
10154
10340
9423
9799
10603
10308
10725
9789
10083
10094
9842
10011
9748
9783
10713
9893
10177
9950
10384
10000
10255
10305
9013
9981
10155
9995
10024
10305
10494
9713
10328
9962
10697
10329
10521
9732
10358
11150
10081
10324
10364
9634
10160
10325
10479
10354
9693
10269
10668
10153
10217
9793
9702
10237
9888
10626
9955
9945
10378
9881
10199
11023
10166
10400
10301
10419
10353
9564
10438
10009
10075
9859
9756
10389
10083
9917
10791
10614
10062
9883
9923
9863
10058
10602
10683
10745
10264
10077
10133
10082
10483
9975
9645
10213
9640
9436
10954
10243
10020
10387
10202
10119
9762
10023
10031
10921
9976
10094
9566
9874
9727
9497
10155
10955
10082
10123
10113
10567
10830
10547
9657
9634
10468
9892
9606
9966
10080
9786
10480
9690
11183
10076
10520
10019
10248
10806
10371
9930
11143
10554
10538
10358
9921
10407
10664
10274
9558
10244
10296
10465
10571
9713
10810
9889
9840
10537
9770
10150
9759
9956
10479
10389
10016
10739
10845
10022
9958
10473
11297
10434
9945
10748
10864
10349
11097
10624
10069
10053
10384
10261
9664
10402
10130
10278
9880
9741
9933
9729
10785
10309
10359
9744
10458
10475
9898
10972
10377
10710
10142
9885
10610
10254
10836
10050
10320
10161
10877
9866
10984
10219
10007
9995
10242
10282
10544
10425
9650
10189
11292
10935
10028
10080
10998
9524
10463
10849
9779
10014
10952
10253
10449
9925
10142
10553
10164
9754
10107
10247
10698
10551
10889
9536
9454
10123
10505
9706
10041
10128
10244
10418
9656
10847
9743
10373
10181
10170
10537
10489
9582
9381
10422
10483
10187
10241
10442
9959
9880
9543
9833
10390
10053
9956
9681
10317
10156
9724
9954
9950
11014
10378
10544
10625
10541
10313
9891
9303
10634
10712
9890
9839
9347
10316
10632
9550
10053
9871
9931
10546
10622
10157
10455
10148
10324
9557
10383
10416
9845
10693
10853
10079
11167
9556
10351
10336
10504
10198
10131
10205
10683
10304
9800
10264
9612
10152
10093
9979
10476
9915
10502
10595
9962
10051
10780
9732
10148
9595
10527
9911
11856
5362
3639
13405
1398
7192
2658
6929
7914
12267
10678
7752
7810
7758
7244
12685
1395
11946
5245
7532
11850
13112
14235
5505
2346
10058
4817
6877
13970
552
6647
13595
10690
9744
12605
3497
866
6078
2605
12567
9197
6658
10163
10519
10930
10600
6430
12109
4624
2548
13749
2281
570
6569
5629
6008
7027
3398
393
14226
3096
7479
10921
10390
9131
6917
6005
4584
3634
4492
2760
8874
13962
4905
4334
760
11576
5188
1710
13824
2634
6947
12090
12299
2960
11935
1951
14064
5254
7757
4424
6206
9164
3660
9102
12488
8921
12102
217
13540
3167
1735
6866
1328
11
2315
11603
11151
3937
7562
3139
1917
12511
9975
7384
11052
13871
9639
13313
303
3834
6793
624
605
4407
10052
3018
11405
8774
8024
3950
7261
12724
7559
10213
12563
6042
13750
5290
12406
12004
7976
10838
3930
9142
5367
10336
4358
10606
6967
3900
9589
4632
1728
9669
790
12375
2322
1704
5262
3541
10322
10506
14012
1812
12510
4097
3005
14051
4934
5027
492
9540
14471
14733
14901
13570
15036
14601
13965
14224
14281
14850
14080
14554
13938
14765
14564
14821
14492
14632
13933
14591
14430
13349
14296
14522
14705
15003
14643
13958
14502
13867
14213
14331
14429
15198
15192
15133
13834
14481
14298
14227
14262
14916
14020
14334
13684
13990
14338
14232
13546
13614
14339
14801
13823
14690
13740
14101
14678
14484
14465
14771
14420
14517
13329
14411
14001
14408
14616
14116
14562
14911
14503
15199
14407
14400
14242
14383
13959
14650
14633
14131
13628
14517
13883
14503
13795
14590
14893
15239
14235
13829
14416
14717
14406
14550
14754
14187
14041
14177
13637
14350
14110
15294
14380
14142
14159
14518
14691
14318
14500
14102
14434
14301
14343
14147
13707
14004
14706
13669
14527
14321
13979
13902
15275
14429
14138
13450
14109
14167
13565
14380
14121
13828
14444
13983
15204
14871
14678
14347
13559
14147
13959
13524
13955
14245
13773
14432
14650
14805
14596
13747
14066
14538
14390
14703
14197
13858
14037
14805
14642
14284
14391
13666
14548
14212
14057
13366
14920
14573
14760
14938
14374
15323
14756
14208
14797
14112
14179
14269
13951
14223
13678
14755
14672
14565
14129
14851
13891
14931
14488
14153
14106
14282
14456
14859
14506
14303
14283
13859
14246
14756
13955
15241
14514
14106
13738
13854
14736
14087
14999
14456
13912
14018
14465
14566
14664
14456
14681
14087
14394
14673
14471
14354
14137
13407
13696
13525
14325
14626
14094
14759
14326
14525
14546
13538
13995
14382
14947
14426
14270
14202
14020
14068
13707
14923
13867
13983
14198
14686
14605
14120
14579
14187
14695
14133
14725
13934
14063
15144
14702
14035
14594
13824
14134
14333
14155
14512
14600
14482
14781
14228
14477
14348
13931
14427
14384
14564
14303
14386
14907
14434
14559
14246
14128
14076
14342
14138
14265
13813
13943
14163
14202
14285
14737
14337
14713
14008
14328
13758
14649
14152
14183
13847
14418
14174
14312
14612
14758
14137
14760
14469
14334
14636
14180
13853
14225
14061
14954
14202
14607
14453
14124
14276
13875
14118
13788
14922
14356
14377
14891
14272
14300
14025
14135
14500
15357
14192
14291
14070
14615
15028
14388
14973
14431
14520
14483
13997
14544
14126
14047
14274
13976
14457
14202
14115
14620
14772
13890
13888
14659
14185
14109
14114
14162
14807
14468
14438
14110
14341
14302
14272
14713
14780
13759
14266
14421
15421
14189
14572
14578
13734
14675
14659
13522
14127
14496
14398
14395
14677
14919
14132
13509
14683
14508
14071
13964
14542
14486
14279
14745
13246
14619
14091
14225
14547
13922
14728
14281
14547
14626
14052
15624
14321
14227
14303
13730
14207
13924
14382
14054
14773
14009
14135
13558
14224
14588
13951
14578
14391
14683
14461
14969
14399
14256
14695
14145
14706
14330
14158
14629
14650
13722
14160
14993
14512
14051
14011
14222
14185
15174
14653
14612
14130
14486
13683
14582
14912
14356
14267
14068
14198
14434
14378
14769
13791
14248
13778
14616
14142
14101
14623
13690
14173
14301
14809
13504
13962
14879
14429
13643
14185
14681
14689
14546
14424
14397
14326
13366
14646
14605
14252
14132
14304
15128
14535
14210
14732
14299
13764
14455
14679
14290
14913
14023
14501
14480
14265
14898
13648
13914
14244
14889
14001
14015
14588
14667
13973
13947
14328
14440
14172
14123
15236
14000
14741
14861
14360
14416
13731
13805
14411
14633
14195
14869
14672
14635
14846
14139
14518
13726
15016
13608
13675
14063
13740
14721
13666
14161
14072
14675
14568
14737
14218
13759
14049
14386
14253
15022
13971
13998
14157
13932
13826
14398
14351
14612
14390
13961
14345
14750
14187
14090
14078
14475
14785
13624
14348
14583
14317
13924
13903
14119
13376
14867
14973
14794
14161
14587
14088
14316
14316
14122
14236
14376
13856
15093
14196
13289
14020
14111
14316
14370
14496
14147
13756
14041
14715
14472
14420
14184
14056
15206
14854
14798
15047
14714
14256
13817
14522
14238
13602
14616
14644
14360
14334
15053
14480
13798
14595
14513
13914
13835
14228
13922
14377
15403
14725
14412
14390
14603
13810
14337
14592
13257
14898
14922
14038
14684
14961
14719
14502
14652
13879
13982
14357
13916
14588
14516
13544
14862
14223
14055
14761
13910
15084
14043
13792
14585
14746
14147
14347
13897
14327
14012
14512
14391
13757
14676
14132
14756
14769
13519
14321
14090
14491
13900
14194
14340
14670
14036
14408
14423
14408
14269
14850
14021
14289
14241
14480
14415
14482
13711
14375
14408
14848
14629
15375
14031
14524
14929
14444
14363
15400
14167
14272
13644
14431
14442
13973
14696
14502
13753
14138
13859
14426
14615
14736
14685
14408
14157
13974
14623
14074
13890
14068
14786
14684
14425
14430
13694
13751
15066
14703
14521
14638
14369
14820
14403
13940
14574
14490
14419
14118
14621
13518
13881
14149
14813
14852
14029
14149
14589
14231
14612
14268
13959
14250
13886
14624
13588
13911
14735
14420
14754
14489
15065
14503
14525
15174
14607
14105
14649
14040
15140
14961
14329
14105
14527
14528
13789
14411
14139
14877
15126
15051
14781
14861
13663
14515
14702
14412
13890
14573
14489
14612
14593
14570
13924
14208
14044
14058
14581
14442
13490
13986
13839
13510
14256
14706
14578
14640
14315
13933
14055
14138
14499
13772
14209
14132
14077
14671
15136
14571
13472
14634
13908
14354
13925
13907
13812
14101
13951
14080
13967
14322
14775
14097
13949
14688
13910
14481
14178
15016
14718
13737
14920
14655
14851
14006
14405
14556
13997
13563
14493
13525
14152
14612
14227
13992
14483
13870
14958
13818
14535
14174
14222
13771
13307
14737
14071
14268
14352
13782
14178
14360
13786
14092
14552
14593
13958
14060
14303
14551
14335
15560
14441
13752
14297
14607
14097
14275
14459
13835
14488
14101
13312
14873
14630
14581
14271
14339
14278
14449
15350
14198
14411
13752
14523
14896
13972
14583
14607
13530
14259
14269
14776
13860
14137
14890
13694
14560
14381
14542
14415
13815
14924
14239
13939
14395
14631
14530
13711
14551
14078
14801
14056
14382
15448
14380
14312
14070
14632
14245
14214
14534
14631
14237
14084
14546
14587
14282
13717
14473
15217
15066
14720
14613
14112
14407
13581
13692
14164
13682
14636
14176
14077
14486
14196
14879
14342
14879
13858
14207
13820
14355
13787
14972
13891
14064
14279
14143
15794
14310
13875
14024
13789
14264
14647
14958
14350
14641
14156
15300
14423
14217
13966
13983
13744
14032
14452
14368
14032
14783
14248
13978
14333
14306
13557
14539
14425
13623
14718
14029
13978
13848
14055
14360
14462
14532
14196
14405
14398
14131
13965
14201
13961
14362
15124
13974
13796
13733
14296
14959
14399
14229
14511
14093
13857
14853
14153
14707
14088
14024
14042
14889
14701
14559
13785
14377
15068
14653
14132
14699
14165
14461
14045
14263
14029
14465
14649
14548
14684
14613
14427
13989
14931
14199
13023
15036
14615
14345
14764
14426
14654
14721
14150
14342
14280
14159
13946
14946
14896
14544
14748
14335
15446
14704
14226
14411
14068
14363
14788
14385
14765
14928
15091
14743
14185
14147
14047
14758
13953
14993
14474
14327
14625
14162
14753
14437
14257
13529
14681
14398
13990
14689
14695
14197
14696
14034
14486
14514
14495
14865
14397
13956
14971
13375
14295
14302
14513
14633
14028
14845
13841
14565
13915
14140
14297
14641
14551
14176
14352
14944
14423
14752
14233
14307
14622
14612
14771
14334
14033
14168
14160
14584
14374
14224
14122
14554
15176
14623
14315
14209
14254
14431
14216
14432
14084
14477
14865
14377
14791
14299
13924
14328
14517
13854
14838
14473
14882
14731
13886
14813
13845
14031
14467
14649
13884
13822
14586
13755
14020
14086
14423
14335
14651
14409
14403
14578
14122
14965
13702
13478
14036
14636
14374
13748
15688
14394
14454
14263
14620
14689
14686
14384
14984
14029
14713
14623
14254
14688
14053
14256
14615
13724
14038
14375
14244
13754
14407
14843
14286
14191
14427
14300
14568
14581
14764
14734
13891
14653
14218
13743
14626
14207
14302
14838
14357
14156
14039
13694
14309
14389
14277
14476
14137
15124
13754
14992
14326
14361
14675
14385
14439
13908
13826
14417
14511
14124
14572
13864
14484
13841
14951
14292
15048
14221
13839
14221
14097
13789
14653
14015
14281
14561
14723
14634
13121
14567
14730
14264
14819
13931
15059
14794
14574
13750
13996
14705
13762
14391
14861
14007
14793
14154
14792
14801
14162
14447
14527
14665
14247
14977
14079
14165
14697
14423
14390
14351
14920
13629
14430
13804
14270
13993
15472
14537
14599
14622
14570
14622
13411
13913
14263
13950
13752
14018
14337
14206
14571
13953
14048
14379
14166
14272
14425
15022
14052
14277
14471
14582
14219
14977
14601
13916
14613
14800
14618
13750
14017
14280
14868
14623
13839
14254
13903
14388
14386
13663
13796
13925
14259
14562
13812
14419
14610
14407
14676
14481
14563
14495
14214
14170
14476
14607
13981
13878
14745
14178
14505
13494
14378
14554
14325
13904
14200
14337
14514
14349
14205
14519
14119
13863
14291
14204
14023
13788
14138
14227
14352
14542
14617
14368
14782
13804
14038
14859
14268
13904
14540
14201
14553
14520
14272
13669
14115
14366
13591
14864
15050
14096
15146
14896
14122
14441
14065
14980
14402
14649
14362
15081
14364
14861
13951
14662
13566
14064
14713
14447
14467
14186
13507
14324
14331
13660
14423
14765
14671
14616
14633
13829
14344
13950
13367
14678
13928
13883
14270
14127
14330
14005
14325
14278
14279
13822
14124
14560
13952
14092
14938
13964
13978
14520
14278
14763
14334
14708
14396
14726
14396
14836
14019
14648
14690
14103
14285
13953
13906
14577
14194
14416
13954
13859
13889
14308
14880
14555
14583
14217
13825
13479
14107
14250
15103
14354
15141
13850
14822
14053
14668
14244
13851
14333
15124
14474
13966
13897
14017
14289
14226
14308
14762
14541
14283
14696
14086
14420
14561
13544
14918
13945
14756
14752
14358
14517
14958
15661
14229
14268
14509
14186
14099
13368
14710
14305
13675
13991
14532
14639
14234
14081
14181
14291
14217
13526
14613
13959
14222
14450
14127
14752
14377
13978
13933
13656
13550
14621
14463
14655
14323
14559
14341
14202
13979
14566
14400
14125
14525
13872
14893
15108
14192
14796
14443
14137
13765
14548
14712
14299
14300
14341
14064
14577
14492
14121
15153
14388
14341
14205
14108
14377
14354
13934
13887
13881
14154
13705
14229
14809
14217
14312
14183
14822
14456
14846
13956
14608
14478
14855
14469
14477
14232
14169
15275
14417
14528
14015
14383
13990
14552
14558
13343
13981
14308
14101
14608
14162
14388
15101
14287
14700
14134
13746
14258
14255
13632
14316
13688
14221
14492
14551
14269
13892
15571
13740
13997
14005
14405
14304
14893
14377
14565
15061
14269
14055
14336
14411
14256
14216
14727
13509
14592
14239
14517
14782
14464
14917
14457
14190
13660
13777
14150
14373
13950
14303
13969
14332
14127
14870
15320
14785
13673
13964
14127
14298
14258
14659
13836
14760
14798
14298
14174
14398
13946
13869
14286
14775
14183
14132
14384
14336
14260
14365
14777
13978
14303
13872
14799
14132
13655
14018
14806
13753
13975
14281
14773
13773
13972
14873
15190
13614
14383
14586
14009
15169
14044
14630
14717
15100
14753
14046
14633
13866
14302
13865
14072
15215
14507
14769
13699
14328
14487
14149
13858
14180
14305
13986
13685
13835
13619
13645
14356
14392
14489
15398
14540
14254
14307
14003
14968
14321
14640
14264
14070
14326
14382
13953
13637
15314
14056
14549
13537
14812
14094
14321
14333
14264
14370
13698
13699
14054
14319
15249
14191
14240
13919
14618
14171
13942
14193
14079
14767
14638
14350
14296
14430
14785
13562
15393
14181
14099
13919
13907
14035
14425
14307
13866
14469
14033
15115
14090
13773
14513
13971
14244
14448
14368
13902
14007
13997
14561
13765
14131
14282
15059
14809
12930
14307
14438
14632
14326
14348
14688
14669
13943
14311
14765
14346
14362
13980
13896
13802
14873
14640
14567
14766
14466
14513
14631
14200
14377
13826
13766
14043
14166
13906
14632
14195
14500
15078
14753
14459
14995
14276
14353
14652
14243
14495
14927
14813
14806
14686
14160
14350
13945
14371
13868
14746
14197
13827
14894
14149
14748
14261
14271
14171
14450
14864
14794
14221
14121
14000
13942
13917
13894
14999
14598
14720
14465
15360
14636
13987
13808
14437
13830
14927
14757
14753
14404
14528
13895
14440
13803
14396
13650
14632
13421
14498
14560
14486
14469
14400
14163
14184
14893
14206
14568
14567
14448
13771
15088
14513
14370
14111
14629
13943
13831
14335
14604
14029
13541
14883
15066
14791
13842
14808
14651
14374
14917
14027
14546
14371
14449
14670
14574
14697
14155
14692
14134
13839
13953
14613
14494
14458
14077
14825
14595
14391
14534
14217
14143
14067
14310
14843
14061
14543
14901
13954
14085
14965
14392
14104
14075
14972
14351
14686
13674
13672
14833
14483
13498
14648
13938
13878
15117
14520
14652
14308
14168
13841
13862
14383
14873
14197
14438
14561
14690
14799
14581
14174
14973
14463
14613
14797
15225
13494
14572
13837
14411
15200
14151
14938
14711
14053
15067
14277
14554
14191
14435
14612
13848
14062
13618
14645
14360
13856
15010
13530
13748
14649
13939
14269
14240
14583
14846
13972
14234
13923
14749
14885
13683
14203
14310
15058
13918
14127
13687
14570
13933
14037
13577
14366
14617
14392
14795
14810
14173
14219
14173
13988
13905
14338
14337
13834
14520
13964
14204
14457
14524
14910
14413
14025
15171
14458
13618
13931
13656
14494
14049
14005
13542
15059
14498
14607
14650
13628
14642
13680
14333
14327
13733
14150
14537
14455
13903
14523
14680
14248
14271
14805
14286
14569
14436
13858
14707
13294
14500
15036
14291
14674
14199
14565
14300
14151
14670
14235
14497
15085
14479
14200
14497
15109
14811
14212
14507
13842
14688
14236
13759
14128
14007
15001
13960
14206
15146
13604
14503
15267
13985
14517
14681
14807
14554
13984
14675
14492
14567
14216
13884
15069
14920
14534
14787
13974
14448
14244
15251
14738
14494
14938
13262
14210
14847
14706
14771
14178
13995
14019
14332
14099
14612
14738
14287
15192
14315
14257
13919
14896
14839
14730
14305
14261
13761
14443
14810
14348
14161
14730
15051
14565
14489
14030
14635
14579
13670
13597
14321
14317
14198
14019
14026
14505
14382
14729
14382
14389
14198
14451
14099
14153
14618
14272
14460
14991
14493
14400
13977
13631
13976
14074
14439
14068
14443
13898
15482
14280
14048
14971
14391
14276
13967
13424
14252
14012
14970
14846
14194
13442
14920
14514
14650
13804
13299
13664
14246
14484
14204
14659
14929
14644
14766
14303
14228
14099
14283
13817
14107
14250
14426
14450
14005
14556
14346
13961
14879
14675
13936
14007
14231
14309
14699
14185
14881
14422
14287
13877
14392
14685
14571
14211
14511
14890
15028
14299
14298
15232
14155
14321
14527
14693
14533
14826
14633
14330
13939
14696
14823
15326
14451
14452
13777
14984
14143
14548
14412
15114
14766
14202
14398
14252
13581
14391
14851
14252
14140
14780
14327
13680
14570
14277
14273
13884
14326
14425
14625
14488
14453
13827
14306
14613
14157
13839
13625
14691
14135
14378
14354
14026
14505
13901
14500
14259
14680
14375
14131
14359
13754
14235
13939
14572
14431
14214
14526
14084
13947
15012
14829
14307
14882
13650
13673
14216
14762
14143
14278
14215
14620
14952
14177
13731
13521
14490
14464
14892
14749
14274
13413
14287
14149
14710
14519
14976
14409
14152
14790
14094
14165
14223
14349
13749
13636
14432
14328
13944
14647
14304
14476
14443
13570
14726
14929
14125
14309
14189
14690
13613
13021
14170
14275
14887
14176
14194
14176
14820
13724
14719
14198
14408
14796
13890
14410
14085
13900
14303
13937
14521
14201
14288
14194
14306
14136
14334
15182
13944
14745
14706
14389
14428
14748
14654
13965
14698
14457
14137
14465
14385
14187
13169
14749
15303
14657
14602
14133
14408
14497
14598
14324
14389
13812
14083
14240
14664
13823
14776
15085
13623
14399
14307
14546
14010
14165
14491
14036
14000
14534
14648
13806
14440
14190
14077
14125
14062
14329
14907
13930
14296
14122
13609
15106
14202
13917
14459
14482
14274
13592
14378
13639
13870
14703
14260
14987
14247
14507
14080
14595
14293
14647
14236
15074
13188
13918
14944
15026
15074
14364
14271
14165
14573
14395
14567
14482
14784
13932
14561
14256
14227
14705
14464
14527
13948
13830
14243
14446
14153
14902
14117
13811
14055
14182
14724
14416
14317
14101
14067
14697
14204
14867
14178
14316
14125
14107
14013
14544
14804
14513
13954
14324
14677
14669
13936
14658
14100
13870
14740
14729
14123
13829
14842
14365
15084
14842
14018
13352
14408
14377
14209
14562
13887
14301
14108
15144
15049
13856
13916
14156
14869
15638
14845
14198
15036
14170
13864
14753
13996
14418
14395
14392
14462
13919
13843
14304
14735
14565
14425
14023
13973
15191
14833
14495
14489
14406
14274
13080
14428
14782
14322
14183
14093
14573
14580
14368
14500
14164
13903
14062
14113
14603
14869
14126
14002
15055
14502
14040
14373
13593
14452
14424
14580
14717
14553
14153
14955
14715
14194
14863
14709
14334
13550
14482
14106
14358
13765
13894
14437
15362
13979
14467
14090
14328
14528
13965
15118
15095
13821
14641
14373
14674
14664
14414
14535
14777
14778
14118
14158
14322
14246
14468
14496
14347
14663
14473
14908
13829
14762
14452
14460
15072
14831
14074
14234
14919
13506
14144
14410
14087
14337
14930
14726
14281
13973
14002
14257
14111
14052
14588
14299
14274
14808
14649
14468
13976
14137
14579
14327
14624
14770
14190
14160
14326
14414
14173
14608
13983
14406
13926
14200
14106
14970
14443
14228
13902
13561
14565
14126
14316
14292
15266
14328
14404
15125
14398
14320
13797
14179
14693
14950
14532
14283
13890
13619
14477
13837
14806
14490
14666
14056
14426
13824
14024
14355
14914
14432
14422
14073
13926
14761
15285
13900
13936
13758
14722
14112
14326
14353
14158
14071
14362
14458
14258
14060
14025
14274
14108
14542
14310
15108
14005
14547
14648
14463
14537
14534
13889
14626
14215
14001
15231
14088
14071
14556
14364
14161
14634
15000
14008
14605
14680
14043
14361
14463
14520
14607
14288
14267
14477
14618
13555
13522
13240
14200
14527
14508
14476
14473
14219
13915
13896
14800
13958
14560
14578
14232
13090
14311
14099
15204
14412
13952
14884
14816
14971
14801
14769
13686
14923
13815
14921
14106
13750
15047
14081
14454
14591
14518
14187
14215
14476
14940
13943
14436
13951
13543
14838
13699
13835
14120
14496
14306
13992
13600
14200
14804
13969
14896
13877
14230
14915
14874
14455
13842
14733
14460
14921
14963
14324
14570
13719
14768
14838
14445
13891
15086
14472
14546
13832
14262
13900
14418
13833
14225
14674
14861
14422
14025
14269
14356
13821
14871
13951
14241
14585
13773
14149
13622
13870
14077
14712
6488
5839
9437
17238
2739
4506
717
5839
12778
10004
16240
4652
3988
1083
2223
6944
2732
9288
12851
16218
9873
15433
14173
5480
951
17176
7680
12698
6510
11736
12597
12849
15435
15807
666
7698
16181
8957
9627
5999
16472
11771
8695
8717
1370
15757
2963
8725
15517
9529
3284
692
11864
8101
15667
8501
2446
13976
12416
8447
16021
1686
6438
17073
18364
14509
3934
5389
3362
10506
9848
2680
4931
4815
5399
10435
2157
4402
9321
5040
14605
12570
3250
7487
5319
9348
3348
15801
12219
14385
6782
4214
5461
14565
5276
1721
3571
12876
11309
12700
12313
4577
8590
14874
6598
17610
15533
8372
15467
18353
12870
13339
115
6096
14514
8168
54
12848
8713
17997
10296
9075
8775
16595
18237
16679
5718
14829
10258
8186
12939
10344
5924
8695
4852
356
2799
2580
8510
6651
17343
7842
3558
15682
15293
1365
3025
9549
11769
4876
14164
8161
14528
9568
4662
2777
18416
17477
2093
10589
8765
17790
16715
11514
6253
15267
5167
4141
8858
2736
8017
11754
5025
1057
5764
9063
6320
4528
930
7283
17525
6217
9336
6798
7583
2842
5913
17032
3335
2187
5458
18294
6904
6361
1839
13514
2683
7891
18016
9118
11612
17321
5548
625
17717
17895
3145
2126
12429
10887
354
3093
2427
3934
3914
1452
15224
8478
7915
4852
1979
3429
13447
12625
8469
5116
3393
8384
17977
15583
13309
5006
18299
6086
14862
8540
4022
7785
10331
427
9022
16134
1885
5622
17033
13265
13416
18295
3019
6579
9139
4730
8750
16851
2883
8090
8212
1947
8415
761
8963
15766
8609
10204
15442
15724
10654
15372
17089
4963
15639
15582
5392
14679
17581
4041
17344
16407
7937
12384
10972
312
9215
5988
16309
9881
5973
5898
15134
3719
8514
14672
12690
2629
8976
13610
12712
14653
8943
11009
14206
13528
5225
2459
13225
3085
18364
16522
2482
109
8163
10794
17240
9592
13678
1633
8738
3753
14132
13050
10271
12609
8105
712
2831
18411
1521
5332
18656
18736
18393
18007
18765
18392
18219
18261
19088
18965
18278
18630
17465
18367
18507
18862
18516
18650
18249
18963
18446
18645
18292
17952
19183
18278
18749
18533
18572
18188
18478
19440
18631
18448
18765
18157
18435
18614
18281
18538
17918
18756
19135
18213
18068
18409
17734
18435
18362
18174
18490
19184
18272
18632
18518
19266
17879
17827
17946
18142
17946
18594
18612
18350
18696
18731
18212
18830
18549
18462
18830
19082
18116
17598
19348
18566
18704
18072
18927
17643
18255
17996
19227
18737
18793
18380
17800
19014
17851
18183
18516
18391
18686
18470
18689
18515
18172
18329
18957
18382
18291
18956
18735
18177
18817
18634
18063
18267
17813
18060
18877
18281
18077
18471
18448
18755
18232
18417
18293
18750
18373
18952
18590
18246
19148
18843
18536
18944
18802
19143
18458
18311
19054
18792
17627
19088
18054
18729
18807
18005
19014
18355
18310
18900
18973
18222
18187
18296
18750
18455
18431
18343
18681
18510
18345
18312
17965
17687
18811
18234
18826
17884
18517
18099
19084
18649
18288
18624
18273
18738
18810
18165
18490
18576
18544
18789
18058
19262
19173
18844
17582
17928
19060
18500
18840
17376
18421
18753
17932
18602
17916
19188
18582
18357
18076
18464
18368
18553
18405
18278
17629
17779
18257
18886
18227
18641
17729
18512
18259
18508
18165
18933
18862
18538
18183
17529
17495
18370
19099
18502
18288
18449
18552
17633
18381
18021
18265
18727
18916
18755
18766
18074
18561
18256
17976
17505
19227
17978
18672
18197
18157
18141
18288
18233
18856
18682
18604
18648
17987
17922
18525
18041
18107
18135
18497
19100
18244
18595
19026
18088
18405
18777
18168
18538
18920
18886
17600
18733
18549
18085
18600
19172
18529
18429
18230
18136
18100
18358
18692
18674
17979
18482
18416
18497
18415
18054
17959
18721
18447
18314
18543
18246
19386
18694
18158
17842
18388
18752
18412
19294
18708
18236
19039
19173
18288
19313
18890
18750
18031
18013
18873
19267
18178
18332
18899
18735
18746
18086
18402
18452
18551
18305
18727
18157
18871
18946
18968
18497
18510
18275
18271
18978
18335
18368
18681
18868
18309
17974
18589
18266
18523
18493
18458
18639
19123
18124
18501
18917
17898
19003
18299
18598
18875
18683
18840
18424
18575
18286
18354
18895
19069
18427
18779
18514
19002
19060
18947
18316
18599
18284
18234
18928
18737
18944
18122
18433
18299
18500
18145
19154
18800
18305
18553
19251
18479
18322
18371
18232
18475
18503
18186
17816
18387
18298
19191
19409
17929
18281
18372
18663
17723
17696
18258
18364
19016
18596
18567
17893
18825
18166
18784
18882
18861
18100
19006
18235
18948
17311
18307
18554
18370
19382
18399
18020
18757
18757
18416
18577
18928
17670
18789
17897
17688
18193
17957
18822
19198
18976
18730
19230
18946
18799
17774
19026
18503
18385
18596
18958
18264
18397
18631
19227
18007
17981
18757
17982
18654
17962
18434
18170
18788
18262
18896
18281
17652
18303
18610
17358
18868
18400
18195
18490
18344
18244
18787
18652
18729
19518
18759
18328
17582
18548
17892
17652
18322
18376
18814
17311
17825
18596
17949
17990
18389
18012
18031
17802
18423
18693
18501
18284
18516
18295
18453
19146
18142
18660
17955
18228
18699
18133
18606
19237
18436
18623
18756
18362
18301
18263
19701
18555
19169
18826
18331
18832
18332
17928
18346
18421
18063
18327
18249
18003
18532
18544
18008
18299
18439
18653
19219
18246
18649
18089
18468
17408
18712
18464
18362
18510
17887
18416
18449
18368
19093
18894
18652
18483
17743
18268
18376
18383
18198
17954
18591
18121
18435
18287
17766
19505
18878
18240
17627
18068
18631
19166
18157
18413
17833
18489
18578
18506
17909
19235
18069
18616
18192
18882
18562
18427
18717
18186
17947
18439
19045
17852
17870
18577
18601
18473
18332
18296
17912
18509
18544
18303
18817
18044
18476
17607
18166
18377
18784
18116
17614
18418
18310
17793
18258
18543
18351
18338
18636
18324
18105
18277
17644
18971
18340
18520
18499
19080
18793
17930
18593
18954
18718
19089
18939
18479
18400
18669
18818
18486
19251
18414
18047
18451
17142
17738
17424
18020
18313
19030
18764
18272
19446
18614
18995
18360
18146
18267
18518
18201
18341
18403
18302
18736
18079
19154
18242
18633
18095
17963
18420
18092
17912
19053
18328
18818
18272
18847
17763
18228
18372
18677
17993
18640
17394
17846
18518
17929
18161
18649
18418
18964
18850
18345
17762
18668
17607
17602
18343
18156
18059
18634
18006
18697
18055
17675
18528
18738
18716
18472
19116
18479
18731
18640
18526
17873
18291
18605
18828
19057
18830
18028
19179
18440
18538
18844
18375
17693
18261
18627
18406
18244
18442
18265
17994
18461
18081
18771
18409
19335
18612
18058
17857
18853
18920
18269
18545
18203
18237
19298
18402
18359
17935
18143
17631
18465
18297
18045
19166
18777
18806
18170
18576
18313
18050
18984
18373
18652
18946
18443
18327
18804
18750
17949
18935
19047
18859
18363
19070
18367
18844
18018
18319
18967
19333
18675
18670
18191
18909
18820
18308
18938
18295
18255
18757
17941
18377
18740
18705
18471
18482
18256
18507
17771
18427
18945
18379
19264
19053
18645
17930
18701
18629
18133
18952
18628
18448
18092
18406
18608
18421
18313
17977
18746
18813
18764
18928
18579
17903
18023
18464
18907
18172
18326
18342
18352
17272
18726
18801
18651
18079
18167
18505
18303
18136
18147
18971
18206
18663
19096
18267
18453
18740
18360
18733
18645
18345
18345
18345
18330
18487
18383
18626
18506
18464
17973
19018
19062
19209
19410
18526
18075
18535
18553
19352
17748
17603
18405
18672
18024
18869
18451
18612
18618
18236
18715
18643
18225
18660
18791
18596
18231
18708
18248
18110
18047
18294
18366
18134
19507
18847
18975
18624
18893
18882
18716
18664
18582
18373
18324
17592
18184
17990
18219
17886
18927
18457
17604
18294
18573
17975
18461
18477
18091
17843
18197
17826
18424
17290
18226
18610
18507
18738
18386
18893
18987
17991
17799
18476
17937
17841
18846
19199
18560
19043
18774
18871
18653
18456
18297
18473
17381
18081
19669
18440
18490
17856
17887
18490
18528
18535
18331
18347
18568
18152
18656
17957
18694
18113
18900
18274
17806
18434
18544
18411
18228
17734
18577
18435
18305
18078
19126
18574
17947
18081
17767
18652
18101
18136
18628
18516
18083
18514
18096
17685
18643
18331
18643
18458
18582
18589
18264
18276
18704
18820
18393
18663
18484
18680
18570
18574
18970
18935
18208
18815
18486
18779
18693
18488
18094
18232
18389
18564
18351
18854
18162
18527
18821
18930
18244
18304
18874
18502
18225
18256
18422
18008
18461
18803
18093
18348
17908
18597
17559
18194
17931
18300
19265
18989
17683
18422
18869
18770
18171
18108
18940
18199
18708
18102
18141
18038
17752
18064
17546
18065
18033
17996
17783
18410
18445
19107
18296
18198
18285
18507
19127
18518
18717
18757
17647
18933
18380
18645
18648
18866
18955
18868
18481
18865
18400
18081
17908
18665
18543
18320
18352
18000
19081
18985
18079
18072
18536
17357
18894
17903
18850
18981
18273
18968
18355
18441
17447
18235
18019
18194
18927
18751
18499
18555
18413
18392
18731
18226
18500
19219
18413
18384
18546
18032
17845
18593
18308
18199
18203
18554
18432
18526
19469
17702
18671
18652
18848
17972
17610
17997
18726
18598
18481
18078
18351
18394
19180
18496
18362
18667
18861
18209
17975
18565
18748
19222
18862
18845
18584
19083
18452
18628
17994
18336
17618
17995
17897
19035
18698
18187
18394
18394
18740
18787
18642
18675
18373
18968
17604
18458
18313
18060
18122
18447
19287
18420
18241
18435
17813
18953
18945
18388
19168
18221
17949
18416
18948
18039
18547
18182
18602
18291
18576
18408
18050
17946
18522
19262
18342
19316
18149
18841
18276
18913
18251
18206
18605
18572
17986
18847
18485
18149
18912
18257
18849
18420
18636
18622
18153
18008
18044
18115
18562
18884
18835
18658
18066
18398
18992
18399
18329
17746
18501
17848
18278
18879
17680
18276
18747
18203
18613
18681
18252
18317
18828
17639
17919
17952
18116
17929
18172
17813
18254
19035
18697
19219
18359
19042
18482
18913
18395
18044
18821
18921
18240
18519
18947
18436
18710
18599
18015
18236
18591
18171
18172
18899
18459
18411
18781
18859
18209
19234
18782
18917
18360
18401
18684
18667
18256
18088
18752
18531
18847
17903
18491
18814
18244
18818
18259
17824
18710
18501
18017
18831
17825
18622
18681
17799
18527
18090
18551
17859
18209
19364
18084
18158
18688
18819
18472
18101
17960
18182
18177
18149
18189
17566
18318
18770
18077
18961
18586
18514
19008
18463
18401
18739
18416
19258
17803
17504
18273
18291
18564
18508
19158
17923
17944
18831
18231
18908
18354
18462
18047
18631
18561
18995
17975
18503
18054
18423
18572
18481
17986
18712
18316
18128
18718
17958
18905
18207
18209
18532
17267
17886
18261
18048
17768
19073
18629
18355
19169
18541
18821
19528
18072
18502
18041
18535
18960
18282
18333
18871
18912
18321
17931
18830
18806
18010
18932
18771
18621
18801
18549
17755
18224
18109
18609
18225
18902
18505
18172
18026
18629
18515
18908
17518
17849
18246
18379
18175
18456
17431
18686
18073
18819
18902
18638
18213
18273
18698
18475
19111
18071
18385
18483
18610
18758
18738
18250
17955
17869
18500
19173
18708
18406
18227
18071
17788
18044
18429
17686
18294
18763
18322
18624
18486
18240
18090
18943
17799
18528
18784
17612
19043
19084
18018
18710
18050
18552
18569
19019
17884
18514
18068
18336
18153
18081
18573
18304
18237
17727
19209
17910
17895
17939
18355
18096
18622
18091
18857
17392
19234
18358
18515
18274
18373
18059
18344
18295
18471
18449
18401
18927
18408
19161
18307
18652
18142
18746
18986
18822
18682
18756
18414
17973
18822
18630
18525
18342
18607
18178
19055
18781
18552
18337
19201
18391
19081
19017
18956
18311
18594
18309
18747
19042
17954
18549
18115
18443
18832
18172
18076
18711
18026
18317
18813
18004
18582
18597
18604
18283
18387
18337
18384
18115
18255
18857
18337
18328
18394
18477
17785
17812
18403
18411
18734
18784
18331
18107
18543
18849
17672
19160
18066
18766
19013
18248
18837
18237
19208
18449
17911
18259
19123
18679
18250
19134
18490
18360
18585
18520
18317
17856
17868
18794
17994
18645
18166
18972
18676
18482
19207
18158
18597
18278
18038
19630
18213
18539
19266
17863
18296
18695
18370
18440
17913
18506
18138
18759
18897
17616
18742
18349
18377
18875
17982
18861
18393
17967
18552
17992
18187
19027
18158
18974
19067
18343
18265
18112
18535
18284
18359
18707
18827
17742
19012
18165
18392
18228
18129
18988
18127
18276
18147
18775
18713
18041
18818
18465
17809
18355
18451
17905
17869
19288
18739
18838
18621
17820
18697
18816
18522
18374
18476
19285
18471
17679
18611
18402
18408
18784
18708
18337
19211
18365
18556
18521
17952
18076
18890
18039
18778
18025
18084
17229
18147
18398
19297
18837
19194
18499
18448
18751
18240
18181
18147
18855
18694
18632
18146
18714
18736
18522
18336
17786
19127
18878
18341
18882
18247
17957
18778
18485
18318
17771
18052
18715
18360
18589
18421
18161
18394
18573
18316
17916
17802
18337
18560
18381
17912
18229
17481
19000
19330
18506
17878
18377
18204
19127
18559
18404
18929
18578
17395
18535
19023
18220
18470
18753
19095
17980
18659
18346
18378
18349
18662
17918
18641
18559
18064
18491
18495
17975
18905
18328
18015
18544
18472
18761
19068
18482
19329
18611
18206
18350
18433
18316
18662
18431
17965
18955
18165
19097
18172
18890
18059
19165
18329
18646
17383
17903
18426
18666
18911
17828
18997
19245
18746
18417
18714
18264
17999
19082
17913
17810
18221
17814
18325
18133
18767
18615
18629
18898
18326
19134
19026
18774
18530
18648
18658
17559
18085
18343
18142
18765
18122
18380
18360
18121
18017
17592
18494
18193
18106
18218
18095
18485
18452
19163
18698
18906
18518
18831
18155
18391
19214
18819
19063
17848
18565
18501
19042
19156
18718
18402
18721
18426
18363
18628
18374
18402
18579
17425
18302
19278
18182
18645
18906
17664
17931
18135
17733
18823
18338
18114
17812
18435
18268
18258
18324
19203
18973
18224
18221
18362
18548
18100
18245
18179
17913
18216
18258
18137
18041
18595
17785
18217
18881
19155
18924
18616
18386
17731
18215
19756
18218
17847
18448
18639
18210
18927
18118
18335
17924
18362
18328
18294
18268
18412
18291
18402
18368
18543
18005
18366
18605
18178
18273
19449
17682
18656
18087
18534
17988
18270
18530
18169
18016
18785
18354
19083
18609
18416
18651
18608
17995
17836
19451
17973
18776
18186
18063
18394
18990
18838
18245
19011
18326
18853
18415
18689
17889
18634
19012
18375
18140
19076
18318
19056
18455
18616
18353
18198
18268
18700
18295
18185
18616
18215
18389
18588
18342
18138
18552
19174
18298
18104
18253
18245
18901
18390
18322
19072
18645
18709
18137
18785
18369
17746
17767
17622
18783
18582
17740
17954
18586
19184
18745
18445
18542
18908
18484
17959
18300
18771
17820
18298
18969
18720
18602
18052
18717
18788
18602
18352
17665
18527
17930
18820
18879
18515
19040
18414
18592
19059
18453
18019
18123
17821
19170
18267
17910
17932
18745
17950
18747
18523
18503
18683
18271
18907
19220
18531
18002
18671
17896
18312
17934
18367
18174
18429
19034
18205
18321
18912
18354
18375
18805
18591
18066
17723
18447
18328
18532
18909
18157
19529
17952
18339
18648
18737
18608
18279
18441
18203
18250
18333
17810
18364
18764
18013
18080
18800
17940
18376
17877
18488
18762
18483
18290
18948
18870
18407
18510
17651
18411
18379
18317
18921
18749
18649
18824
18506
18635
17735
18484
18399
18993
18339
17894
18249
18323
18423
18674
18360
18329
18254
18459
18866
18398
18242
17940
18712
17904
18703
17941
18710
18977
19015
19034
19102
18761
18827
18422
18536
18435
18434
18474
18115
18625
19557
18946
18006
18418
17952
18444
17810
18671
17788
18355
18523
18383
18259
18113
18777
18244
18170
18070
18144
18346
18955
18583
19037
18382
18574
19273
18855
18660
19209
18311
17820
18553
18807
18259
17757
18485
18569
18659
17954
18642
17874
17458
18453
17896
18756
18527
18729
18842
18087
18672
18412
18512
18868
17950
18637
18357
18476
18239
18778
18536
17860
18298
18984
18745
18580
18239
19036
19191
18596
18459
18382
18370
18626
18492
18707
18725
19189
19001
18054
18047
18874
18259
18501
17232
18394
18447
18656
18998
18373
17929
18205
18546
18078
18360
18990
18649
18573
18660
19369
17453
19026
18022
18279
18328
19147
18912
19015
18034
18508
18413
18577
18548
18760
19097
18229
17978
18447
18292
19024
18157
18091
18661
19003
19011
18439
18229
18766
18564
18292
18747
18277
18441
19290
18570
18278
18020
18379
18861
18852
18345
18461
18744
18487
18643
18776
17816
17742
17928
17922
18453
17783
19147
17810
18682
18826
18452
18047
18367
18810
18671
18190
17598
18550
18357
18670
18895
18795
19063
18214
18575
18493
18581
17841
18814
18480
18384
18462
17944
18231
18872
18689
18371
18311
17400
18569
18602
18986
18836
17748
18445
18165
18313
18288
18939
19127
18001
18386
18676
18710
18157
18839
18588
18251
18156
18505
18809
18303
19002
18020
17782
18180
18874
18743
18569
17860
18360
18150
18360
18608
18800
18247
18151
18828
17778
18752
18325
18478
18469
18066
18697
18608
19644
18638
18984
18187
18466
18255
18329
18178
18785
18557
18685
18553
18378
18098
18696
18360
18926
17961
17606
18507
18084
18196
18139
18773
18257
18240
18792
18545
18758
18425
18008
18338
18016
19070
18059
18276
18537
18277
18586
18311
18175
18390
17851
18195
18163
18196
17802
19079
17742
18412
17882
18893
18249
17886
18419
18282
18184
18451
18525
17959
18022
18472
18671
18680
18075
18604
18545
18271
18674
19234
17976
18645
18379
18228
18157
17655
18883
18188
18682
18764
18405
18264
18142
18324
18555
18185
18594
18111
18398
18426
18017
19028
18221
18395
17882
18349
18840
18663
18801
18476
17875
19666
18377
18394
18029
18061
17658
18334
19254
18729
18266
18255
18480
18782
18222
18819
18012
18421
18271
17955
18159
18662
18250
18389
18693
19223
18575
19111
18166
18380
18242
18636
18220
18729
18123
19067
18070
18436
18076
18568
19083
18422
18268
18342
18102
18390
18115
18269
18420
18796
18336
18616
18153
18926
18445
18958
18458
18023
19003
17728
18014
18305
18726
18717
19025
17941
18544
18862
18486
19313
18351
18051
17957
18653
19127
18418
18783
18785
18325
18279
18758
18541
18842
18480
18554
18600
18904
18332
18132
18446
19101
17986
18492
18054
18564
18288
18262
18114
18084
18463
18339
18772
18134
18074
18871
18306
18055
18021
18859
18680
18534
18520
18529
18742
18151
17853
19247
18857
13567
13088
5271
13090
12070
10505
2789
17951
320
7706
8592
18106
13967
15399
7437
4580
20348
17406
7872
13216
3031
20664
3454
4242
5924
2724
1843
9204
3924
13125
11878
2637
1888
17135
19113
10245
15721
9751
4883
8302
6753
17413
4457
12437
11078
13133
3340
8812
9340
12496
10299
15474
11353
18010
5611
413
21010
17659
3576
15120
13072
4981
5743
4107
16583
13181
20106
9466
3971
18078
17954
13245
17024
6179
8904
19685
9921
3979
12988
4148
17756
6499
18629
11744
4854
7419
21034
9463
19107
22327
21930
14686
14496
17097
18118
4986
60
2369
7485
19750
645
17461
14176
13292
22066
4702
5322
1179
16359
10448
4133
1101
568
11352
7314
16245
14727
8843
2033
16973
1608
14015
20515
10353
17703
2317
19255
17298
2389
17883
12957
17922
13596
8711
9247
14131
10735
11575
11131
11173
18367
9218
10428
6576
4299
21582
650
2182
16731
17741
20803
5325
10089
2057
11627
22420
12684
11754
11468
7258
11057
22243
17344
21073
11853
5402
16710
2442
3722
8253
770
20033
4655
21424
8612
16335
13356
11618
5798
1937
13379
18960
7310
18638
2538
3918
1142
8695
9492
9263
2899
9354
10558
8049
11813
13590
19715
5142
13037
4950
12529
8110
4571
19428
13311
106
14319
10778
15100
5099
3768
10887
18123
4599
18843
19304
16915
4796
6320
13743
10368
1241
15277
6699
13088
18433
15292
9640
6065
1898
11710
2733
16301
4960
7698
552
21667
1853
9124
10651
13222
11956
2780
3568
10494
20215
8665
16858
12441
8869
14819
5599
3984
3630
14833
10712
17848
11215
9396
9077
14489
17147
11859
14156
20158
3601
19651
14725
17601
10989
17114
5651
1897
315
15934
5482
16644
17472
8183
9108
4667
16672
11727
4742
7793
10081
1516
9477
22392
10570
5524
13588
23014
22215
23387
22797
22242
23121
22907
22125
22570
22869
21966
22451
22003
22966
22914
22581
22342
22213
22635
23445
22326
21966
21923
22938
22553
21912
22303
22702
22185
22642
22330
22460
22494
22660
22919
22701
22434
22481
22765
22145
22804
22219
23013
21571
22561
22705
21599
23143
23599
23017
22802
23746
22098
22943
22863
22529
22395
22687
21820
22632
23151
22753
22997
22514
22050
22699
22591
22662
23018
22306
22283
22696
22538
22591
22031
22533
22882
23691
22549
22570
22693
23128
23015
22913
22348
22296
22194
22114
22550
22866
22543
22603
23053
22227
22050
22465
22368
23166
22833
22967
22616
22688
22856
22327
23043
22775
22603
22040
22395
22399
22434
22615
22151
23181
22543
22728
22175
23128
22396
22759
22550
22151
22455
22189
22859
23000
23042
22031
22043
22654
22765
22904
22375
22670
22751
22910
22628
22660
22205
21865
22546
22606
22058
22241
22384
22032
23363
22325
22525
22441
22625
22401
22421
22878
22749
22431
22386
23051
21795
22355
22599
22853
22706
22420
22606
22336
22207
22181
22261
22920
22542
22648
22278
22728
23147
22163
22772
23128
22738
22809
22259
22283
22920
21933
22441
22221
21946
21570
22168
21910
22404
22476
22545
22107
22409
22579
22781
22892
22315
21612
22656
22394
21426
22604
22588
22920
22770
22441
22370
22623
22233
23055
22391
22612
22825
22998
22964
22182
23460
22331
22747
22586
23214
23255
22718
22228
22808
22886
23173
22856
21318
23049
23273
22014
22263
22788
22683
22301
23446
22608
22114
22228
22656
23110
22708
22289
22060
22391
22107
22856
22755
22784
22072
22429
23106
22376
22097
22419
22069
21712
22322
22304
21774
22599
23137
23196
22037
22758
21691
22232
22112
22564
23084
22917
22709
22331
22230
22449
22001
22528
22538
22262
22985
22321
22927
22853
23735
22400
21774
22577
22310
22528
22037
22296
22971
22031
21857
22769
22475
22273
22562
22758
22383
22842
22594
22110
22662
22529
22973
23257
23036
22048
22349
22667
22142
22834
22446
23061
22354
22859
23093
22471
23081
23248
22610
22133
22929
21989
22609
22207
22697
22578
22343
22531
22302
22160
22561
22630
22380
23216
22622
22964
22730
23302
22866
21875
22213
22713
22514
22978
23237
22710
22062
22545
22531
22184
22989
23365
22855
22763
22537
22388
22422
22350
22201
22841
22410
22241
22162
22368
22242
22361
22519
22342
22427
21421
22654
21244
22339
22351
22969
21878
22648
22337
22615
22493
22566
21734
22440
22779
22088
22833
22416
22994
22411
22035
22036
22963
22636
22692
21966
22263
22567
22666
22635
22440
22301
22533
22952
23030
22501
23010
22287
22688
23068
22273
22091
22335
22175
22250
22356
22897
22102
22529
22446
22762
22495
22341
22891
21819
23104
22032
22800
22365
23022
21756
23128
22349
22222
22599
22368
22854
23763
23160
22502
22644
22818
23124
22602
22560
22496
22903
22489
21985
22697
22197
22518
22609
22796
22299
22567
21810
22987
23245
23429
22295
22410
21901
22553
22903
22155
22912
22854
22640
23011
22299
23237
22222
22097
22080
23347
22599
22532
22489
22765
23069
23059
21499
22097
22185
22244
22416
22301
22549
23092
22481
22285
23067
22230
22025
22385
22405
22141
22599
23405
22860
22426
22553
22592
22770
22682
22548
22127
22494
22418
22156
22631
22678
22337
22628
21978
22724
22226
22599
22746
22523
22981
22897
22551
22428
23010
22320
22196
22526
22736
22414
22804
22705
22333
22554
22555
22655
21928
22824
22261
23257
22263
22661
21845
22691
22403
22591
22137
22851
22641
21780
23252
22342
23400
22945
21927
22179
22559
22297
22435
22266
21809
22726
22269
22665
22401
22961
22752
22566
22654
22706
22763
22509
22532
22819
22639
22566
22190
22068
22513
22316
22327
21793
21979
22529
22618
22798
22532
22582
22085
23061
22539
22563
22266
22587
23002
22161
22308
22399
22568
22920
22816
22850
22611
22525
21931
22535
22752
22872
21593
22310
22018
22488
22450
22095
22744
22267
22325
22427
22650
22968
23150
22904
22286
23070
22923
22360
22154
22123
22057
21670
22438
23073
22782
22850
22378
22910
23101
22395
23220
22714
22509
21662
22163
22906
22426
22505
21823
22396
22483
22391
22442
22830
22326
22043
22359
22718
22701
23038
22938
22661
22632
22936
21805
22071
22670
22623
21679
23319
22096
22109
22219
22535
22902
23220
22839
22576
22919
22582
22600
22603
22193
22349
22559
22285
22337
22508
22136
22121
22623
22521
22102
22832
22110
22646
22745
22917
23095
22934
22384
22526
22995
23188
22239
22538
22920
22616
22563
21654
22475
22231
22647
22396
21934
22877
21601
22478
22699
22317
22510
22067
23147
22785
21828
22829
22474
22713
22330
21999
22312
22405
22574
22014
22742
23201
23109
22166
22753
22504
23409
22764
22486
23208
22643
22938
22635
23129
22822
22917
22702
23492
22076
22609
22276
22045
23136
22289
22417
22135
23168
22033
22929
22398
22337
22514
22537
22247
22427
23731
22358
22699
22010
22099
22590
22217
22127
23169
22127
22748
22302
22131
22602
22010
22676
22489
22734
22520
23541
22821
22076
22399
23127
22836
22565
22040
22463
22403
21956
22239
21826
22472
23042
22619
22868
23277
22942
22585
22176
23138
22723
22536
22766
22330
22517
22508
22489
22185
22904
23149
22729
22666
22535
21787
23213
22466
22561
22271
22779
21928
22905
23013
22700
23011
22083
22591
22331
22216
22709
22080
22471
22846
22179
21948
22424
22282
22685
23130
22562
23062
22222
23197
22839
22552
22665
22209
22397
22772
22561
22441
22483
22679
23026
22288
22524
23031
22444
22284
22269
22966
22232
22016
22906
22449
22472
22286
22438
22453
21849
22303
22857
22201
22211
22347
22163
22898
22894
22111
22418
23347
22502
23202
22768
22169
22285
22322
21928
22089
23444
22421
22955
22150
23861
21841
22088
23338
22339
23116
23093
21832
23060
22079
22060
22533
22145
22533
22865
22529
22417
22001
22438
21905
22375
21749
22429
22668
22234
23103
22470
22882
22363
22709
22079
22169
23314
22319
22134
22725
22093
22108
21850
22187
22547
23104
21837
22458
22751
22237
22131
22245
22410
22805
22771
22085
22899
23246
22441
22441
23515
21910
22030
22762
21412
22599
22967
22522
22060
22596
22404
22165
22464
21915
22268
22604
23338
22204
22752
22311
21874
22510
21605
22962
22524
23157
22635
22218
22589
22104
21810
22719
22476
22464
22890
22527
22426
22292
22374
21904
21958
22428
22362
22150
22784
22081
21918
21929
22137
22480
21752
22322
21744
22720
22714
22265
22189
22201
23038
22462
22003
23433
22545
22478
22318
22501
22554
22469
22036
23154
22341
22835
22611
23054
22436
22428
22345
22360
22903
22967
23535
23295
22609
23067
22250
22362
22125
22557
22328
22732
21899
22609
22677
22571
22603
22557
22359
22889
22815
23337
21921
22787
22598
22159
21715
23022
22557
22084
22522
22948
22134
22216
22507
22386
22320
22839
22644
22559
22493
22223
22498
23203
22445
22549
23320
22350
23194
22967
22045
23125
22130
23155
22309
22999
22450
22167
22763
22840
23082
22852
22984
22656
23056
22670
22311
21839
22527
21894
22257
22830
23468
22877
22647
22931
22661
22873
23244
22660
22840
22470
22726
22957
22861
22722
23009
22955
22791
22785
21947
22471
21765
22230
23154
21883
21896
22699
23702
21700
22049
22602
22312
22714
22355
22386
23025
22913
22704
22407
22527
22796
22570
22294
22652
22452
22469
23007
22296
21966
22720
22524
23257
21524
22346
22425
22117
22345
22890
22687
22671
23055
22334
22703
22750
22525
21886
21828
22326
22316
23515
22036
22115
22424
22734
22539
22427
22364
22607
22282
22493
22342
22795
21982
22002
22966
22367
22759
23087
22745
22617
22922
21690
22121
23018
22769
22380
22174
22260
23459
22826
22647
23276
22510
22098
22420
22552
22219
21675
22801
22499
22527
22454
22695
22970
22975
23028
22247
23150
22378
22458
22813
22624
22712
22414
22102
22902
22399
22440
22868
22582
22611
23117
22773
22553
22856
22343
22681
22109
22066
22906
21877
22405
22155
21745
22177
22522
22412
22825
22240
22989
22980
22601
22358
22122
22655
22212
22511
22052
22760
22382
22129
22269
22670
22112
21594
22875
22802
22664
21734
22044
22775
22959
22921
22474
22804
22431
22769
22633
23225
21718
23466
22309
22481
23155
22636
22186
22562
22349
22285
22740
22829
22317
22709
22482
23280
22263
22771
22959
21930
22305
22599
22751
23454
22471
23178
22871
21967
22265
22084
21915
22906
21820
22985
22799
22492
23134
22184
22768
21968
22580
22611
22384
22978
22740
22722
22747
22648
22648
22276
22575
22592
22392
22547
22191
22082
22313
21751
22217
23299
22639
22729
22478
22368
22723
22535
22292
22573
21881
23117
22165
22191
22285
22327
22776
22590
22941
22544
22722
22320
21840
22577
22329
22592
22356
22142
23267
22511
23307
22124
22450
22481
22850
23375
22451
23049
22202
22135
22660
22519
22409
22731
22118
22376
22717
22593
22735
22412
22048
22297
22686
22555
21530
22046
22269
22451
22232
22070
22674
22203
22201
22249
22721
22974
22973
22784
21845
22648
22344
23336
22529
22712
22420
22591
22445
22284
22500
22276
23231
22165
22025
22807
22760
23151
22368
22430
22546
22260
22365
22808
22430
22723
22306
22039
22354
22453
21853
22012
22116
22588
22525
23421
22149
22898
22909
22332
22674
22680
22352
22399
23029
22391
22758
22144
21932
22114
22617
22806
22362
22050
23052
22374
22142
22332
22580
22659
22239
22809
22524
22313
22079
22018
23092
22181
22680
22650
22501
22228
22596
22804
22796
22545
22123
21850
23198
22791
22748
23348
22456
22849
22733
22169
22245
21949
23163
23072
22109
21645
22744
22514
22669
21551
21530
22726
22699
23269
23068
21486
22404
22434
22069
23026
21778
22753
22558
22882
21770
22566
22793
22239
21686
22476
22248
22943
22699
22358
22066
22488
22203
21899
21763
22474
21844
22649
22431
23394
23058
22775
22289
22620
22143
22391
21898
22343
22438
22543
22642
22546
22034
23123
22064
22754
22214
22761
22411
22765
22369
22460
22696
22444
22798
22646
21420
21776
21720
22196
22821
22409
22521
22016
22993
22640
22538
22581
22589
23413
22590
22948
22873
22962
22033
22266
22808
22229
22877
22428
22467
22531
21976
22801
22328
22300
21921
21575
21930
22573
22413
22879
23276
21970
22813
22819
22707
22907
22323
22933
23002
23270
22189
22358
23023
22707
22955
22678
22079
22383
22650
22682
22807
22266
22842
22813
23002
22960
22803
22236
22947
22966
23863
22085
22638
22452
22922
22289
22279
22734
22419
22826
22459
22882
22639
22655
22167
22533
22514
22894
21781
23131
22647
23521
22873
22703
23032
22547
22334
22855
22753
22538
21830
23460
22214
22897
22962
22180
22316
22077
22868
22188
22024
22764
22723
22771
22727
22133
21986
22661
22021
23228
21616
22326
22414
23299
22436
22093
22386
22372
21720
22542
22831
23218
22373
22684
22522
22238
21971
22153
22731
23078
22431
21698
22206
22706
22009
22170
22109
22832
22562
22575
22593
22601
22256
22025
21901
22678
22114
22227
22390
22085
22698
23009
22678
22567
22804
22604
22115
21868
22374
22820
22466
22276
22579
22565
22685
22559
22505
22213
22151
22912
22124
22484
23186
22278
22422
23097
22419
23192
23110
22703
22777
22064
22696
21924
22723
22374
22221
22420
22337
22805
22474
22105
22894
22012
22346
22185
22386
22810
23008
22720
22062
22261
22143
22561
23003
22496
22295
22263
22755
22780
22904
22177
22069
22136
22128
22672
22883
21645
21763
22423
22350
23020
22211
22970
22987
22481
22532
22913
22546
22200
22290
22233
23468
22812
23031
22026
23101
22321
22496
22204
22856
22627
22746
22201
22561
22606
22447
22439
22647
22256
22288
22266
21980
21991
22739
23035
22471
22576
22648
21892
22414
22914
22366
22842
22008
23036
22462
22265
22909
22357
22600
22767
22182
22567
22497
22780
22154
23049
22876
22313
22703
22378
22554
22088
22619
22447
22965
22326
22616
22166
23125
22084
22530
22566
21990
22485
23372
22167
21775
22599
22804
22251
22419
22799
22405
22502
22614
22399
22422
21954
22447
22880
22110
22513
22510
22186
22076
22329
22524
22119
22552
22306
22340
22896
22801
23167
22285
22831
22810
22613
23199
22690
22905
22106
22918
22648
23331
22202
22166
23100
22759
22419
22646
22716
22307
23393
22649
22476
23449
23102
22467
22340
22179
22868
22532
22929
22553
22262
22784
22765
23518
22271
22294
22947
22870
22482
22159
22844
22745
21892
22467
22754
23047
22888
21956
21972
22443
22869
22994
22601
23237
22890
22902
22497
22501
22573
22801
22543
22189
22529
22604
22048
22915
23170
22611
22172
22932
22838
21853
22045
22736
22072
23003
22315
22486
23149
22615
22745
22518
22064
22633
23459
22478
22630
22499
22186
22627
22930
22613
21905
22246
22630
22695
22843
22456
22468
22259
23131
22429
22131
22369
23120
22297
22497
22738
22256
22193
21886
22571
22352
22502
22910
22644
23024
21755
23031
23482
22662
22566
22569
22348
22690
22909
22121
22907
23072
22509
22356
22546
22575
22870
22297
22420
22556
22532
22855
23219
22661
22341
22981
22756
22112
22327
22552
22374
22616
22390
22784
22696
22169
22304
22100
22535
22355
22525
22547
22004
22125
22611
22997
22281
22526
22544
22008
22091
22322
22570
22603
22626
22338
22310
22178
22182
22263
22185
23210
22862
22852
22458
22569
22753
22618
22430
22518
22830
22052
22941
22652
22150
22793
22406
22922
22786
22464
22668
22740
22261
22944
22584
23017
22480
22840
23465
22870
22022
22616
23014
22578
22518
22775
22465
22758
23195
22541
21692
22150
21822
22428
22978
22581
23537
22740
22669
22280
22953
22732
22149
21783
22542
22007
22041
22698
22579
22019
22603
22471
22348
22206
22199
22396
22793
22322
22321
22811
22149
22084
23123
22136
22426
22575
22932
22394
22813
22472
22807
23057
22185
22805
22566
22740
22581
22608
22321
21766
22708
22618
22866
22093
22677
22583
22552
22951
23460
22888
22615
22039
22683
22232
22881
22555
22872
22921
22269
22648
21881
23184
22759
22823
22227
23060
22110
22566
22611
22642
22612
22745
22518
22901
22211
22566
22167
22245
22985
23053
22203
22178
22604
22096
22110
22409
22192
21715
21568
21701
22363
22583
22312
21835
22224
22191
22915
22536
23055
21789
22541
22221
23161
22251
22115
22277
22319
22807
22235
22481
23116
22555
23004
21980
22605
22570
22142
22905
22273
22050
22791
21857
22571
22975
22310
22652
21454
22750
22966
22178
22968
22660
22807
22637
22098
22113
22864
21892
21549
22726
22141
22712
22088
22305
22810
23242
22612
22893
21851
21898
22253
22053
21959
23034
22684
22505
23278
22223
22085
22834
22438
22728
23244
22153
22179
21946
22455
22337
22718
22448
21946
23034
22200
22678
22809
22209
22594
22433
22151
22325
22950
22439
22909
22233
22327
22714
22191
22939
22332
22325
22620
22633
22874
22210
21601
22660
22820
21966
21921
22173
21676
22298
22062
23259
22287
22262
22078
22145
22525
22687
22191
22670
22559
23665
22915
22280
22364
22597
22446
22429
23172
22630
22466
22903
22057
22347
22607
22554
22364
22149
22448
23011
22390
21617
22542
22807
22468
22781
21753
22592
22438
22246
22732
22663
22063
22072
23487
22803
22350
22916
22760
22076
22228
21622
22832
23315
22318
21986
21994
22290
22868
22889
22823
22834
22184
22207
22266
21897
22593
22595
22307
22397
22818
22781
22810
22254
22132
22936
21898
21817
22571
22703
23301
22699
21546
22540
22544
21873
22711
22110
23134
22824
22243
22714
23037
21924
22933
22457
22644
22336
22916
23602
22208
22287
22300
22356
22821
22620
21618
21835
22198
23306
22647
21835
22699
22789
22910
22886
22487
22108
22083
22368
23169
22312
22522
22548
22425
22475
22702
22786
22908
22824
22599
22510
22476
22707
22694
22749
22018
22389
22012
22511
22121
22974
22749
22076
22634
22312
22627
22007
22698
21955
21910
23083
22433
22337
22135
22085
22184
22684
22551
22042
21900
22209
22188
22596
22548
22651
21916
22647
22469
21527
22499
22933
22451
21726
22664
22178
22698
22907
23240
22917
22904
23189
22323
23380
22930
22345
22968
21625
23023
23015
22022
21839
22231
22215
22156
22522
22537
22568
23084
22601
22370
22216
22408
22621
22715
22436
22886
22656
22065
22181
22367
22407
22677
22502
22819
22772
22765
22893
23272
22290
22228
21971
23350
22904
22517
22357
21730
22796
22260
22257
22373
22652
22506
22491
23059
22182
22586
22805
23193
22353
22777
22919
22080
21997
22314
22225
22790
21818
21403
21635
22882
23008
23186
21994
22220
22545
22844
23018
22916
22001
21995
22720
22586
23058
23189
22203
22223
22052
22718
22500
21991
22000
21939
21840
22459
22301
22827
22530
22132
21873
22697
21794
22442
23000
22361
22393
22973
22739
22529
22811
22819
22403
22221
21730
22243
22256
23061
22899
22425
22457
22563
22249
22605
23116
22162
22234
23019
21897
22245
22604
22422
22923
22490
22588
23001
22779
23082
22566
22572
21671
22621
22354
22361
22454
22645
21951
21944
23024
22819
22250
22443
22599
22537
22334
23568
22579
22448
22661
22480
22776
22844
22780
22768
22625
22351
22271
22087
22225
22153
22436
22520
22678
22473
22923
23042
23032
22298
23042
22214
22562
22750
21865
22108
22133
22367
22830
22703
22857
22522
22450
23110
22617
22721
22788
22050
22620
22002
21983
22552
23067
22571
22798
22764
21939
22474
22350
22955
22193
22265
22044
22192
22406
22149
22456
22196
22693
22352
22251
21920
21720
23016
22693
22882
22045
21966
21914
22965
23435
21736
22878
22505
22152
23128
22576
22421
22468
22741
23075
22922
22301
22433
23062
22531
22624
22658
22082
23053
22648
22241
22676
22276
22093
22498
22355
22388
21933
22337
22491
22046
21993
22778
22853
23123
23332
22375
23033
22957
22409
21953
22580
22545
22260
22251
22021
22217
22955
22372
21892
22422
22262
22651
22906
22657
22999
22746
22789
22132
22724
22877
22410
22496
22560
22314
22793
22858
22619
22821
22442
22687
22917
23479
22959
22991
22121
22332
22525
23242
21490
22438
22153
22657
1670
1939
154
1198
182
917
858
1684
1450
528
1039
304
175
1775
1236
1191
826
1338
1385
55
1998
1487
1230
1040
1161
956
1709
272
426
60
1100
86
932
317
490
1380
1513
1493
2034
1868
1546
612
527
307
1929
1427
1798
1868
749
1448
243
1878
377
812
139
1687
1838
1774
803
1346
981
1970
386
1753
446
1013
982
453
1667
1380
1119
1838
1927
834
1351
1602
1550
1177
491
1583
715
200
1967
723
759
740
500
553
1765
819
732
1288
769
961
1887
950
435
1657
1334
1826
815
537
832
345
271
1926
1490
1821
1546
1239
1378
689
423
1291
705
254
122
1173
1904
981
1991
629
1239
250
1970
1866
333
1055
1233
1371
1608
210
469
1947
60
607
1845
1966
323
437
988
1733
273
1075
478
1650
1950
1775
297
436
634
619
795
1560
285
1526
1461
1808
593
611
549
1169
899
919
239
56
826
1945
550
591
1011
1849
1200
1939
1565
832
1423
674
1529
1752
659
213
2033
1849
387
794
822
1378
1940
1350
1095
1671
1182
1171
624
1998
1278
1258
1864
189
171
1883
455
1183
380
346
1775
929
1426
154
541
1923
119
1079
1086
43
649
1701
23
339
2
799
1172
87
2020
1863
1435
1916
221
382
1304
863
1753
490
290
1389
1534
1154
1888
567
1945
1789
1976
1621
1234
533
1545
497
918
858
560
724
1708
1800
122
72
1335
1995
852
1735
163
664
1845
1086
1671
1772
330
58
1657
1252
1505
1253
220
376
901
1460
1162
681
8
720
1558
2027
1182
1851
119
315
359
2007
1216
593
701
1321
1775
1226
1051
1589
1272
1732
444
1178
219
1401
1501
241
1240
1305
491
977
1378
1027
667
0
845
1753
2629
2997
1872
2570
2306
1975
1777
2329
2010
2119
1666
1484
1958
2577
2381
1587
2319
2873
2474
2393
1554
1914
2005
2975
2008
1760
1756
1902
1819
1806
855
2355
2363
2119
2362
2193
1551
1474
2393
1601
1952
1753
2157
2061
1539
1993
1332
2002
2232
2241
2068
1676
1470
1840
1742
2165
1564
2354
2578
1992
2418
2203
2185
2130
2435
2580
1960
2009
2293
1204
1801
2197
1791
2548
2261
2765
2377
2652
2383
2204
2653
1835
1751
1746
1873
2117
1615
2287
1805
2338
2357
1745
1755
2366
2006
2045
2044
1687
2191
2584
1712
1946
1670
2317
2710
1879
2411
1891
2217
1923
2410
1888
1580
2218
2222
1735
2213
2468
1788
1702
2102
1817
1990
2216
1740
2340
1625
1740
2799
2183
2295
1688
1637
2192
1756
2018
2137
1874
1433
2307
1973
1433
2401
1695
2529
2135
2330
1431
2106
1965
2788
1394
2454
2241
2659
2076
2024
2436
2562
2146
2965
2238
2192
2037
1356
1961
2144
1621
1182
1780
1516
2258
2280
1966
2681
1802
1555
2003
2691
2054
2190
1965
1896
2670
2447
2886
2094
2781
1988
1591
2678
1645
1847
2393
675
2217
1796
1785
1673
1926
2402
2383
1755
2534
804
1940
2032
1230
2094
2432
2295
2824
2368
2189
1732
2177
2622
1501
2177
1828
1884
2741
1665
1590
1760
2392
2238
2626
2038
1627
1628
2211
1704
2550
1615
2622
1877
2432
2635
2039
1996
1977
1270
1790
2206
1706
1979
2238
3137
2611
1633
2280
2390
1784
2244
1908
1902
1891
1726
2192
2310
2195
2299
1496
2364
2139
2328
2618
1559
1950
1840
1960
1736
1596
2040
1947
1051
2465
2532
1559
2000
1711
2612
1605
2324
2269
2060
1817
1862
1227
1376
1951
2678
2370
1586
1468
2053
2899
2310
1931
1990
1915
2001
2420
2648
2418
2079
1543
2483
2171
1814
3091
1916
1794
2120
2695
1789
1700
1461
1878
1673
2127
2360
1120
2481
1939
2116
1993
2074
1843
2429
1981
2201
1901
1855
1839
1299
1503
1846
2054
2025
2277
1567
2138
2464
1764
2313
1985
1869
1570
1858
2418
2615
1901
2448
1394
1484
2338
1548
2158
1683
2463
2559
2092
2192
1743
1523
1682
1628
2127
2121
2987
1822
2262
1725
2526
2102
1944
2415
2197
2139
1122
1564
2319
2353
2247
1632
2039
1940
1929
1912
1990
1878
2153
2994
2169
2216
2118
1694
1805
1843
1717
1891
2083
2181
1953
1936
1784
1430
2273
1964
2154
2069
2417
2727
1068
1807
2334
1665
2398
2234
1542
1747
2370
1393
2478
2553
1643
1871
2810
1966
1725
1983
2112
2781
1765
2671
2231
2356
2669
2848
2308
2095
2423
1506
2382
1707
1835
1936
1493
1879
1741
1213
2104
1605
1831
1825
1434
2146
2069
1873
1853
2327
1663
2373
2283
2096
2204
1706
2365
2302
3154
2210
2249
2584
1877
2263
2408
2811
1592
2124
1798
2586
3082
1973
2221
2496
1965
2286
1553
2295
1870
1934
1922
2669
2165
1897
1744
1691
2495
1868
2187
2107
2430
2034
1754
2041
2426
2376
2187
1956
1945
2099
1720
1995
1756
2350
2135
3131
1112
2501
2499
2254
2039
2259
1832
1790
3130
2051
2031
1628
2962
1801
2245
1767
2600
1419
1493
1963
2108
1439
2288
2018
1977
1684
2065
2278
1856
2413
1897
1562
2401
2061
2142
1762
2244
2734
1954
2305
2203
2386
2598
2183
2133
2529
2055
1405
1721
2229
1735
1476
2138
2214
1862
2218
2915
2097
1819
2260
2071
3063
2111
2093
1683
2775
1984
1676
1648
1839
2258
1996
2935
2193
2277
1777
1638
1638
2494
2217
2597
1967
1874
1112
1900
2031
2098
1945
2900
2157
2280
1888
1350
2231
1443
1826
2669
1763
1514
1967
2120
1782
1656
1627
2022
2030
1492
2248
1562
2366
1950
1870
2184
2369
1650
1907
1771
2745
1862
1740
1385
1859
2164
1620
2020
1734
2704
1793
2178
1621
1992
2694
2364
1288
1844
1454
2675
2085
2166
2515
1690
2095
1949
1883
2300
2329
2156
2615
1888
1825
2583
1915
2331
1503
1157
2245
613
1943
2089
2050
2053
2286
2221
2405
1775
2304
2168
1927
1745
3017
2520
1800
1969
1388
2470
2089
2225
2238
2494
2047
2377
2410
2190
2105
2068
1340
1918
1852
2632
2502
2533
2463
2043
1443
1708
1479
2148
1711
2189
1713
2265
1831
1674
2313
1535
1891
2463
1677
1891
2010
1796
2443
2406
1509
2028
1779
2609
1971
2931
1603
1879
2796
1362
2884
1765
2430
1707
1840
2274
1431
1847
1616
2178
2059
1390
1496
2801
1447
2183
1888
2970
2749
2302
2039
2589
2739
2014
1415
2024
2397
2444
1921
2571
1674
1944
2691
1605
1569
1828
1471
1592
2196
1257
1821
1797
2018
1592
1484
2516
2760
1394
2762
1443
2159
2211
1794
1711
2796
1710
2023
2008
2023
1752
1352
2358
1454
1842
1930
1037
2237
1865
1725
2160
1890
1732
2304
2783
2243
2735
2064
1721
2038
1844
2583
1661
1814
1599
1160
1975
2304
1424
1948
1415
1873
2405
1843
2346
1075
2309
2409
1479
2205
2295
2675
1331
2015
2059
1959
1587
1817
2566
1829
2229
2006
1848
1320
1449
2067
1577
2281
2021
2399
1989
2042
2484
1663
2674
1519
2496
2010
2151
1878
2233
2019
2136
1878
1937
2078
1820
1933
1810
2385
2424
1472
2394
1714
2223
2307
1955
2278
2181
3164
2604
1609
2346
1789
2015
1417
1602
2304
1815
2771
2464
1533
2221
1860
2214
2337
1348
2319
1571
1771
2081
1936
1151
2662
1928
1608
1755
1962
1786
2618
2393
1743
1809
2361
1840
1542
1221
1512
1948
1797
2230
1746
1742
2400
1990
1946
2705
1703
1861
2601
1689
2847
1946
2322
2162
2433
2327
2177
1576
2370
1908
1938
1371
2727
1852
2035
2198
1590
1558
1106
2242
1728
2099
1321
1979
1952
2137
1413
2248
2075
1959
2663
1771
2450
1587
2326
2131
2079
2192
2083
2436
1831
2457
1844
1637
1502
1559
2489
1636
2276
1515
1649
2101
1727
1343
2236
1429
2442
2016
1634
2304
1848
2470
1869
1220
2604
1681
1757
2293
2078
2409
1679
2649
2009
2526
2560
2837
1530
2372
2201
1416
2549
2454
1728
1992
2695
2180
2484
1280
1937
1973
2404
2383
2009
1399
1880
2330
1720
2018
1853
1510
2137
2341
2134
1390
1826
1896
2117
1531
2435
1970
1960
2321
1747
1687
1403
2404
1794
1776
1249
1620
2277
2672
1912
1890
958
2216
2004
2295
1907
1985
2161
1575
1665
2047
1923
1956
2571
2048
2296
1951
1956
1645
1943
2232
2586
2091
2044
1698
1784
2001
1600
2816
2124
2326
1738
1665
2270
1306
1599
2152
1811
1949
2363
2525
1761
1417
1976
1651
1504
1588
2317
2614
2335
2583
2020
1668
2156
1956
2761
2065
1945
2398
2561
1477
2325
2234
2290
1741
1992
2658
1930
2178
2114
1753
1227
1675
1962
2003
1825
2391
2114
2226
1637
1999
1838
1778
1729
2279
2229
2670
1147
1635
1982
2784
2221
1926
1933
1867
2002
1823
2548
2237
2474
2179
1958
2681
1643
2499
2260
3024
2195
2060
2103
2273
2382
1839
1918
2512
2547
1958
2394
2263
969
1892
2563
1920
2510
1785
2121
1143
2161
2274
2891
1961
1516
2142
2398
1856
2129
2074
1487
2439
1931
1318
2640
2114
2094
1283
2161
2231
1909
2384
2034
2725
2044
1581
2285
2590
2339
1501
2304
1464
1844
1294
1213
2001
2018
2223
2183
1927
1896
1684
1309
1870
1416
2842
1770
1701
2228
2041
2498
2190
2625
1575
1854
1825
1907
2514
1681
2717
2172
2508
1709
1930
1469
2763
2767
1825
2576
1919
1073
1957
1988
2439
2265
3045
1970
2135
1654
2038
1809
2016
1955
1691
2377
2271
1919
2473
1862
2079
2335
2213
2121
1428
1695
2285
1055
2447
1463
2399
2393
1961
2010
1825
2578
2830
1736
1704
2202
2243
1388
2651
1578
2407
1933
1700
2134
2323
2169
2003
1540
1603
1441
2004
1996
1955
2502
2938
2754
1882
2087
1829
1414
2329
1905
1668
2594
1971
1994
2045
1593
2661
2571
1817
1881
2010
1126
1482
2512
1914
1491
1991
2184
2443
1691
2012
1307
1697
2028
1958
1918
2383
2119
1522
2060
2512
1811
2113
1203
2120
2056
2556
2524
1760
1946
2356
1631
1934
1729
2565
1847
2372
1843
1091
2362
1186
2093
2272
2545
1357
1427
1770
2045
1580
1492
2005
2711
1928
2235
1634
1585
1588
1854
2034
2048
2085
2095
1388
1866
2045
2012
1735
2496
1540
1812
1145
2717
2215
1442
1901
1397
2377
1864
2023
1866
1567
2259
1854
2050
1846
2463
2472
2476
1710
2524
2291
1373
1996
1678
2038
1429
2255
2023
1893
1915
2425
1927
2143
2405
2085
1977
2263
2051
2444
1635
1359
1582
1889
2617
1860
2171
2210
1859
1175
1640
1964
2054
1642
2136
2147
2062
2460
2370
2759
1551
2329
1897
2135
2014
2178
2203
1475
2403
1733
1965
2046
1995
2160
1845
1452
1506
1912
1396
2342
1735
1747
2569
2537
1678
2079
1165
2495
2357
1402
2019
1614
2549
1880
2058
1815
2252
1760
2629
1693
1811
1967
2250
2262
1910
3029
2213
2357
2085
2262
2354
2453
2166
1985
2397
2414
2286
1464
2710
1154
1728
2351
2628
2712
1708
1855
2017
1692
2261
3210
1912
1840
2778
1968
1679
2574
2738
3059
2260
2344
1754
2419
1152
1969
1965
1767
1681
2327
2180
2101
2064
1693
1626
1827
2963
1644
2147
1898
1872
1613
2166
1783
2211
1038
1690
1679
1494
2169
1623
2016
2204
2245
1710
2157
2015
1998
1924
1258
1292
1984
2208
1764
1979
1714
2061
2626
2439
1602
2128
2179
2636
1971
2613
2208
2559
2278
1991
2128
2618
2565
2501
1677
1696
2210
2819
1644
2001
2314
2609
2356
2366
1429
2394
2555
2533
2355
1486
1979
1522
1931
1387
2091
2776
2187
2971
1796
1840
2300
1916
2079
1412
1573
2274
2668
1351
1152
1313
1828
1572
2102
2163
2324
2425
2080
2174
1842
1358
2074
1629
1467
1727
2707
2304
2360
2731
2382
2073
2574
2038
1776
2761
1684
1432
1514
1904
2814
2155
2080
1587
1039
2178
2004
1850
1712
1948
1880
2271
2289
1651
2768
2048
2251
1884
1787
1581
1913
2717
1587
1929
1047
2667
1537
2106
2005
1997
2214
2387
1241
1776
2404
1371
2481
2877
2189
2514
2336
1873
1343
2562
1886
1638
1727
2646
1964
1889
2221
2217
2309
2269
1893
2050
2256
1956
2013
2345
2252
1607
2414
1917
2986
2165
1128
2047
1554
1980
2224
1898
1171
2018
2392
2494
2452
2352
2429
2051
1532
2068
1735
1906
1441
2143
2478
2305
1683
2022
2154
1698
1482
1621
2510
2606
2646
1791
2117
2049
1627
2286
2435
2800
2440
1684
2104
2285
2381
2901
1738
1967
2565
1433
1970
1249
2439
2392
2328
2199
1881
2420
1916
1692
1890
2431
2399
2343
1577
1893
1733
1941
1773
2343
1808
2124
2805
1876
1902
1351
1979
1843
1612
2784
2736
999
2187
2749
2788
2064
1863
2639
1939
2849
1939
1711
2200
1525
1656
2658
1999
1824
1891
2716
1463
2028
1756
1723
1980
1602
1769
2272
2256
1897
1257
2656
1751
2744
2113
1760
2072
1787
2059
1825
1245
2301
2027
2365
1178
2538
2171
2523
2606
2068
1999
2736
1949
2247
2123
1865
2184
2561
2190
1852
1891
1858
1998
2123
2064
2140
1079
1784
2610
1757
1720
1502
1784
1992
2001
1866
1604
1866
2200
2536
2238
2176
2537
2286
2408
1598
2271
2027
2098
2200
1514
1861
2504
2351
1752
1953
2338
2415
1949
2263
1837
2221
1878
1767
2214
1721
2463
1922
2876
2214
1971
1732
1712
1902
2052
1468
1705
1849
2000
1657
2202
1651
2158
1645
2868
2109
2163
1842
1844
2065
1579
2343
2286
2055
1861
1473
1985
2138
2222
2002
2485
1597
1775
1216
1431
1407
1561
1313
1958
2230
1877
1502
2220
2825
2704
1745
2073
2424
2333
1814
2609
1510
1425
988
1859
2566
2692
1643
1733
1919
1766
2132
2074
2598
2266
1495
1411
2047
2368
2035
2487
2618
1630
2080
1711
2381
2099
1537
954
1688
1433
2694
2024
1925
1755
1635
2352
1671
2701
1780
2101
1060
1701
1549
1378
3136
1912
1784
1669
1835
1609
2103
1993
2135
2277
1813
2229
2240
2531
2827
1606
1627
1803
1415
1940
2639
2251
1639
1820
2268
2406
1633
1682
2347
2510
1950
1103
1967
1965
2381
2112
1887
1366
2602
2034
2636
2136
2040
2728
1772
2239
1774
2056
2475
1746
3098
2209
1935
2158
2391
2622
1683
1955
2414
2163
2243
2180
2539
2009
2329
1691
2237
2776
2741
2538
1803
2129
2184
1727
2398
2783
2037
1333
2003
1618
2093
2109
2295
1873
2513
1202
2232
2098
1666
2512
2414
2573
2150
1484
1831
2365
1356
1256
1837
2001
2679
2511
1801
2877
2105
2676
1499
1261
1665
2204
1572
2141
1887
2377
1439
2108
1973
2287
2541
2299
1503
2046
2271
1677
1732
2373
2381
1906
2477
1738
3153
1295
1620
2035
1746
3376
2009
2093
3257
2055
1457
1583
2091
2066
1815
1903
1743
1423
2247
1906
2487
2652
1512
2176
2220
1502
2048
1472
1092
1403
1669
1703
2571
2580
1426
2303
1409
1291
2474
2163
2556
2173
1523
1686
1961
2480
1849
2429
2081
2337
2530
1801
1755
2357
2034
2442
1406
1831
2562
2027
2491
1461
2123
1728
1952
2227
1293
1688
3045
2171
1886
2057
2477
1735
2899
2222
1740
1849
2144
2519
2228
1988
2087
2436
2044
1302
1873
1679
2205
2361
1281
2121
2567
2052
1845
1819
2825
2610
1671
2352
1301
1609
1658
1989
2409
2109
2273
2344
1477
2563
2324
2271
1684
2273
1960
1620
2077
1647
1330
1754
2472
2106
1972
1779
2818
1512
2215
3097
2406
1715
1815
1947
2211
2375
2675
2198
2306
2099
1933
2336
1577
1802
2015
1746
2557
2068
2184
2177
2635
1941
1801
2709
1488
2398
2698
2402
1880
1800
2122
2034
1627
1800
1946
2058
2888
2356
2078
2467
2170
1617
1974
1778
2039
1951
2178
1926
2436
2669
1911
1870
2265
2423
2239
1349
2568
2134
1178
2692
2054
2613
2018
1849
2414
2380
1505
1953
2161
2097
2262
1913
2268
2513
1964
2114
2449
2395
2545
1496
2293
1087
2266
1816
1777
1890
1921
2721
1637
2626
2067
1553
2415
2366
2096
1938
1693
3190
2309
2944
2369
1659
2104
1678
2167
2635
2579
1875
1580
2202
1983
1970
2376
2144
1433
2884
1909
1031
2696
1973
1694
1735
1532
2125
2576
2145
2507
2313
2290
1931
2575
2911
2173
1715
2173
1584
2052
2864
1899
1547
2231
2457
1911
2369
2091
2198
2509
1659
1559
1409
2275
1647
1535
1733
2145
2605
2052
2284
1762
1702
2362
1921
1938
2066
1515
1507
1712
1290
1707
1710
2102
1864
3037
2186
2859
2252
2750
1378
1850
1705
2133
2395
1934
1980
1841
1633
2526
2106
1972
2706
1265
2438
2293
1975
1944
1990
2273
2039
1792
2589
2327
2629
2715
966
1817
1898
2959
1890
2231
1973
1945
1800
2901
1474
1693
2786
1680
2390
1549
2020
1624
1874
1784
1944
1431
1654
1816
2754
2072
2828
1854
2800
2671
1779
2466
1667
2146
1686
1993
1673
2352
2766
1980
2243
1598
2323
2276
2427
2190
2325
1581
2032
2035
2417
2267
1692
2132
2616
2280
2694
2282
2431
2465
1999
1315
1992
1603
2116
2059
2584
1929
2233
1903
1982
2072
3290
2387
2763
2339
1718
1767
2108
1835
1980
1939
1363
2291
3318
1476
2390
2872
1474
2204
2166
2470
1328
2316
2395
1993
2008
2828
2502
1885
1590
2078
2464
1842
2401
1298
2483
2390
2534
1983
1953
1811
2154
2464
2622
1824
2646
2257
2138
1719
2423
2912
2205
1784
2040
2006
2296
1971
2160
2769
1428
1768
1250
2333
2538
1816
2145
1649
2337
2115
1941
1545
1711
1583
2409
2648
1714
1786
2688
1506
2424
2256
2571
2369
1976
1680
1588
1432
1386
3204
1828
2006
1970
1355
1121
1546
2117
2023
1612
1893
2608
2175
2236
2497
1541
2553
2205
1557
1071
1942
2969
1754
2482
2404
2064
2142
2089
2826
1997
2401
2223
2144
1693
2429
2413
2336
2201
2429
2132
2437
1681
1395
2114
2041
1890
1565
1516
1800
2304
2631
2201
2069
2721
1666
2215
2367
2282
1653
1637
3092
1881
2102
2128
2263
2579
1910
2347
2029
2058
2147
2515
1533
2220
2368
1674
2347
2336
2163
1205
1384
1702
2115
2128
2143
1994
2326
2330
2288
1466
1815
1922
1386
2065
2891
1677
1791
1049
671
2430
2212
1556
1503
2239
2583
2307
1684
1860
2800
1975
2354
1701
2771
2745
2194
2493
2143
1668
2326
1306
2158
1732
2448
2378
2434
1952
2210
2787
2985
2123
2613
2449
1883
1471
2352
1766
1727
1689
2275
1588
2255
1223
1729
1623
2548
2378
1725
1727
1475
1467
2685
2476
1940
1999
1891
1958
2671
2518
1853
2181
2361
2216
1728
1955
1613
2014
2378
2189
2316
2369
1778
2193
2435
1669
2040
1460
2204
2510
2434
1849
2411
1292
1887
2217
2116
1681
2166
2407
2499
1981
2383
1962
1920
1562
1839
1957
2529
1830
1791
1833
2521
1869
1499
2149
681
1918
1575
2319
1727
2113
2283
2751
1677
2162
2226
2200
2453
2276
2550
1774
2205
1761
2234
1532
2739
1806
2617
3280
2546
2456
2153
1809
2730
1910
1912
2098
2738
2180
1465
2112
2239
1142
2263
1538
2064
2316
1640
2114
2163
1866
1829
1526
2121
2514
2392
1447
1893
2509
1543
1957
2181
1914
1973
1787
2602
1781
1301
2234
2385
1682
2233
1835
2745
2841
2198
1531
1631
1274
1492
2554
1897
2255
1508
1737
1920
1997
2600
2191
1745
2051
1991
2231
2590
1643
1824
1452
2339
2042
2474
2412
2696
2667
1307
2459
1719
2177
2251
2504
1835
2119
2401
1959
2835
1962
2588
1104
1971
2518
1854
1628
2539
1885
1833
2673
2536
2255
2107
2219
1234
2201
2694
1931
2218
1735
1689
1832
1420
2401
2795
2096
2038
1787
2235
2121
2620
1802
2162
2356
2504
1611
1848
2083
3092
1834
1604
1914
2296
2841
1927
1743
1951
2450
2204
2729
1925
2939
1751
2028
1914
1891
1705
2340
1393
2681
2118
1817
2332
1903
2429
2189
1923
1501
1953
1773
2063
1962
2287
2800
2523
1144
1983
2737
2239
2026
2717
1916
2268
1703
2117
2364
1853
2245
1873
2700
1894
1486
2718
2715
2529
1881
2200
2171
2174
2411
2434
2635
2573
2401
2322
2244
2553
2005
1991
1966
2340
2241
1456
2685
2393
1857
1929
1485
1624
2262
1551
1592
2054
2377
2511
2029
1772
1938
2760
2381
2286
1476
1748
2206
2287
1574
1171
1567
1589
1812
2705
2662
2327
2316
2008
1880
2044
1674
2382
1865
2614
2822
1971
1689
2002
2933
1934
2307
2113
1589
2074
1882
1984
2330
1806
2410
2142
2338
1720
1486
2417
1600
2421
1993
1667
2493
2098
2083
1480
1976
2078
1597
2346
1873
1935
1915
1821
1925
1762
1458
1983
1784
2846
2055
1920
1956
2483
2692
2611
2080
1991
1930
1963
1300
1424
2449
2487
2399
1937
2008
2281
2550
2311
2619
2523
1723
1761
1600
2558
2461
1774
2655
1946
1454
2395
2404
2646
1819
2420
2072
2127
1649
2440
2096
1916
1914
1901
2206
2200
2410
1694
1359
2134
1756
1977
1671
2384
1988
2096
1771
2131
2360
2731
1888
1439
1969
2369
1527
2038
2509
2495
2528
1884
1175
2110
2550
1882
2615
2290
2233
1909
2179
2860
2007
2332
2072
1073
2489
2146
2214
1595
1799
1938
2938
2669
2883
2755
1565
1898
1880
2285
2717
1806
1641
2169
1808
1433
2102
1707
2251
3975
16205
9269
19451
293
8765
12458
16000
20260
2616
18304
3520
804
12597
3344
14424
2187
17469
16913
15357
11905
9742
6376
9070
13708
8415
9251
20556
8009
15776
4239
9489
19922
1146
14394
5394
4079
21263
14753
866
7023
8254
10487
7031
15512
22130
18708
10710
20139
4929
21044
9806
9306
12462
794
9084
990
10312
1009
14187
14119
3453
6158
20379
12540
1342
11696
14052
11257
7983
13689
11609
2710
6982
11204
22381
10109
5972
6520
17060
15630
8579
1835
20149
21629
797
9348
19644
11227
21664
8867
11713
17600
18174
16494
10535
275
10508
2025
11673
779
10677
6024
6467
22164
9730
21190
17998
7390
2672
6793
9497
4191
911
18190
2337
10081
12079
6902
3825
13913
5493
10295
8967
10237
12581
14875
5077
4541
1961
9407
17957
10804
4632
19467
20486
3821
12101
3817
10741
10402
11439
1246
13931
17688
619
9963
20398
21649
8574
18387
6530
19133
542
17159
9916
6257
3149
21156
8981
1079
1581
6396
21078
9882
993
10974
14368
2363
8423
5473
7812
7307
3698
12548
898
16469
3905
1348
1981
21730
14533
14738
7830
12723
16650
739
22365
14357
4352
3156
6172
21477
7514
9778
5058
2704
2492
9776
1548
16018
10701
805
15932
10072
5424
3562
17772
19616
16663
2404
4488
4454
15616
11118
10278
10580
16304
1625
5653
8504
4306
20377
14097
10286
16039
1200
3210
7407
16921
966
7626
17975
9746
12524
10059
11112
10862
10048
441
13965
5354
16108
18118
10492
8611
6822
2438
7542
8461
9188
14274
18744
8736
6537
21224
10534
11407
4541
8251
7498
18863
7548
9600
12398
13670
21275
16632
17764
8729
3718
350
1371
8590
7173
5517
11992
21455
20173
13448
3309
12098
18350
12336
22076
15924
4282
6587
10394
14901
18344
12834
6206
9869
12962
17547
11135
13826
22146
14177
20421
10252
20469
6297
6403
11114
1920
13483
18403
21734
22446
7147
606
19236
8585
22201
5876
17588
701
7752
18076
2060
12943
20505
16157
2070
14431
5207
8194
20607
11597
19576
6481
10973
17621
7716
804
9782
10746
13430
14799
19736
9979
9901
1077
13234
21633
11353
10328
10818
19615
3097
17590
16572
12778
21693
21052
13058
5016
7098
5356
12706

