16452
19612
16868
17159
17538
20478
18878
20068
18249
17427
20478
18972
17516
17250
19737
17188
20478
19078
17911
18562
20407
19659
18365
20276
18919
18807
19414
16385
18823
19042
19205
19502
18652
16385
20445
18556
19896
20317
17185
16622
18916
17285
17578
19201
17941
17546
20125
18606
19020
20455
18207
19872
18767
19798
18563
18006
18919
17495
17686
16385
17241
18271
18055
18159
18001
19371
19979
17015
16799
16385
20478
18612
20000
19092
18206
17448
16674
18581
19887
20478
20083
18367
20478
17687
20478
16385
19961
18726
18004
17648
17427
17172
16934
18133
18211
18936
20478
16593
20478
18946
17579
20060
20478
19152
17360
19867
17431
19906
19084
18066
18508
16881
18405
19045
18851
18557
17810
19316
16649
17971
20271
17437
17199
18458
18669
16981
20207
17934
19543
20313
19056
19105
18558
17903
18255
17824
18268
17978
17421
19196
20142
17856
17841
18613
18550
18063
18576
20478
16385
20400
18668
18158
18904
18739
16654
18803
18774
20311
19927
16385
19034
17004
19000
17693
20355
18246
19645
17263
20055
18451
18995
16385
20478
17529
18777
20478
16385
17145
18991
16925
16385
19222
20478
17336
17309
20478
18461
19751
16816
18346
17688
19492
19385
19399
19636
18458
20222
18666
18621
19914
16818
18779
19243
16539
17755
17619
17988
20478
19248
18893
18590
18774
17112
17709
18365
17701
17821
19030
18190
19531
19492
19424
18937
19856
18550
19153
17185
17734
18358
18125
17570
18500
16385
18308
17508
16888
18793
18321
16385
18274
16939
20335
16385
19900
18765
18396
18014
16750
17829
18839
18585
18069
17943
19029
18100
19317
18833
17856
17108
18778
18349
16644
17678
20471
16385
18805
18682
16999
16579
18594
17511
17304
17570
19469
17951
16912
18757
16385
19932
18663
17671
18574
16385
20033
17325
17227
20298
19036
20051
16385
20295
19236
18934
19531
18909
20478
17987
16677
18347
17104
18772
19825
17244
19990
19025
18965
18265
20478
18428
17659
19314
18658
18540
20046
18449
17533
16998
18583
17661
18271
19506
19102
19887
18990
19656
18713
17202
18126
17973
18628
19777
19164
16385
20381
18794
19856
18695
19509
18420
18971
18825
16636
17633
18686
18093
18009
17926
18465
18624
19350
18380
20214
16500
17214
20478
17757
19643
16385
20214
20478
16696
16385
19380
18267
18543
17812
19046
18505
20478
16694
19949
18101
18328
16385
18967
17282
20453
20408
18653
18209
17413
18395
16385
17039
18295
19374
18991
16451
20478
18724
18126
18005
18468
19452
17054
16385
18804
18678
17403
18434
17438
18966
18789
19272
18062
18379
17661
20478
18422
19005
16385
17926
20468
16535
17400
19044
17698
17055
20478
17942
18775
19101
18475
19521
18788
17126
18853
16459
19317
18306
19381
17624
19207
20478
20367
17849
20201
18579
17319
17131
16490
17606
19920
17969
19724
19470
16966
17180
18025
19067
18938
19504
17140
19366
18176
17362
19636
17673
17157
17105
18835
18295
17266
16951
20413
20125
18183
18818
18098
18179
17949
16602
18391
19347
18500
20478
19270
17778
19426
17294
19005
16477
17822
17769
19266
16485
17653
17662
19728
19602
18855
17441
18000
17068
20478
18873
20190
18819
18327
17802
16385
18374
18963
18057
19072
20268
16834
16857
19174
18620
20478
18311
18439
18005
16385
20478
17000
17735
17653
18761
19002
19119
19421
20266
16673
19079
16896
18491
18181
19266
20207
18186
19414
17812
20478
18748
17376
19591
16405
20478
16385
19171
18890
18286
17402
18069
19668
16472
17900
16385
16385
19200
16385
19301
20478
18077
17808
17541
18121
18168
18536
17951
19744
20176
19068
16926
18863
17168
17740
16994
18237
19190
17798
17920
18503
20478
17201
19496
17951
20302
18141
18170
16782
16656
19791
18593
19070
18895
17970
19776
17615
16385
18805
17137
18361
16699
16385
18030
20478
17790
19311
19346
16385
18106
18900
18892
18287
17761
17442
18774
16767
19248
19200
18790
17256
18832
17479
18605
18405
17902
17549
18556
19586
17617
17989
19846
18330
20331
18062
20223
17209
19706
18854
18181
16401
19351
19448
19680
20478
18829
17994
18123
19325
18828
19133
18015
17847
17355
18292
16882
18632
18464
19324
19023
20478
17389
19117
17364
16385
18323
18272
18638
18234
19789
16385
17705
17039
18918
19705
16385
18545
16385
20478
18961
17002
19036
20239
19778
18952
19167
18848
19113
16664
18462
20478
18451
20478
17548
18492
20124
18711
17425
16977
16890
18309
16385
18259
20478
19184
17345
17876
18841
17420
18445
18248
18347
16449
16385
17201
18892
18511
20478
18316
18931
18328
18845
20478
19082
17345
17955
20478
18987
20478
19486
18059
19047
20461
19706
17200
18700
18245
18349
18253
18166
16385
17491
17048
17407
19545
19705
19079
18993
18878
16470
20277
17520
17651
18029
19097
19943
16806
20478
17652
18025
19093
17906
18563
19129
17694
18669
19834
20478
19148
17866
18144
17206
17837
18529
17558
16385
18254
17096
18094
16744
19019
17239
18804
18113
16870
17300
18435
17979
18173
20478
19250
17106
18453
19018
17906
16760
20278
17509
17879
17189
16385
17768
20205
18291
18579
16912
17809
18569
17537
19081
16385
17807
18531
18015
18443
17837
17580
18560
18323
20122
17009
16856
19591
19622
17722
18133
17537
19137
18046
20478
19646
20316
16385
18120
16755
18825
18109
17415
19776
19887
18411
16426
19227
18750
18856
17495
18527
19555
17809
20478
18266
20194
17331
16862
16602
19517
17750
17944
20161
16632
17599
18906
19404
17501
19392
16888
17732
19454
16832
18115
18547
17305
17365
19858
20478
19504
17786
16898
19354
19051
19886
16479
20478
17952
18659
17150
20478
16698
20478
18126
18883
18146
19277
20478
18449
18585
17852
19365
17645
19387
19419
17851
18330
16676
18125
19635
18176
17992
18218
18494
18332
16512
19380
18410
18141
18460
19020
17899
17223
18462
16747
17131
19530
17910
20151
19418
19001
19450
19421
16973
18204
16437
18057
16385
18913
17789
18383
17477
18670
17669
20035
19051
18624
18853
16725
17574
16707
18997
16833
18198
20478
17249
18769
18507
19356
19522
20478
17590
19656
17991
18183
18061
19274
19180
19963
19349
17797
17422
20478
18376
17636
18332
16979
17325
20478
17311
18636
18357
17218
18359
16470
17588
18475
16450
18603
18994
17894
18504
16578
17617
18929
20178
20059
17460
17477
18421
19556
19858
18637
17940
17644
20478
18352
19531
19042
19808
16385
16385
17787
17777
19585
17539
17371
17531
19976
16385
18800
19605
17215
18619
16385
16385
18894
19082
18666
17806
18014
16529
18055
18308
18576
18633
16997
17058
18947
17179
17814
18670
17242
17589
16946
20478
17540
19540
18668
18120
17433
18228
19514
16620
18161
20288
19284
20291
18209
20063
16385
18810
16681
19516
16758
17137
20478
17834
20478
16506
18482
18960
18272
18016
18840
17281
18434
18810
19156
18096
16385
20166
18281
19219
19147
18870
19524
17984
18937
17670
18493
20478
18699
17791
18774
19723
19636
18431
17937
20478
16833
16385
17097
18266
16876
17740
18591
19839
19412
19421
16385
16717
19572
18384
17870
20425
19467
19594
18554
19723
16824
18775
19406
17620
19549
16385
20478
17847
16954
18596
20478
16633
17141
16385
18953
16855
16385
17476
17678
20478
20478
17410
17142
19042
20478
18687
20478
19456
20478
18450
19617
18121
19133
16385
20241
16385
18396
17295
18113
18465
17014
16385
18072
20474
18660
16385
19032
17782
17945
18299
18766
18165
19764
16630
20478
18463
18715
16385
17523
16385
18135
19288
18580
19325
18909
18196
18215
19195
17985
16765
16790
17793
19538
16421
18789
20366
20397
18230
18930
18663
19228
20478
18599
20055
18657
18483
20336
18170
20144
19415
20477
19796
20478
16635
16385
16878
18909
18084
17689
18329
17265
18008
18661
16385
17276
18618
18170
17806
19257
17243
19176
17380
19212
19360
20457
16385
17814
17908
18658
18230
17509
18653
17692
16853
18459
19477
19199
20478
17326
18463
20478
18475
19039
19101
19086
20354
17406
16385
17273
17227
16894
20478
20478
17076
18708
20478
20478
19594
18208
19018
18444
19671
19735
18137
18260
18989
17626
16385
16385
18979
18772
18315
18981
18717
18779
20478
18717
17401
19258
18503
19789
16852
16518
18378
17709
18933
20478
19289
16461
19628
17694
18279
18720
18498
19766
18157
18333
17052
17822
19917
18217
18690
18461
16385
18014
17791
18867
18431
17980
17360
16580
19586
20478
19854
18078
17999
19229
18496
18086
17500
18839
19654
17338
16697
17637
18095
19822
18177
18720
18200
19394
18839
18615
19554
16653
20478
19913
17580
16384
20208
18739
18130
18836
18573
19902
19475
20027
16385
17356
18923
18946
17649
17437
20083
18000
20445
18638
19266
18372
17673
18317
17484
17236
17753
19769
16385
16385
17437
19810
18018
16385
18700
17914
18705
16533
17794
20157
19198
17973
18006
16467
16385
19765
16655
20254
18933
16621
17371
18483
18670
20371
20478
16385
19175
19783
18796
17154
17726
18979
19462
20024
18423
19881
18613
18599
20297
18089
17706
16823
19331
20478
18536
19594
19380
18739
18779
19276
20478
16385
19543
19521
18276
16385
20312
18557
18959
17945
17940
18046
17101
19255
16385
18111
18602
20133
18675
17669
19252
19314
17375
19360
18375
16385
19487
19058
20478
17066
16385
19175
17423
17440
16385
17695
17568
19829
20222
18301
18981
16933
16385
16385
18178
18410
18427
19000
20312
16699
17860
17682
17956
16679
17424
17174
20181
17575
19595
16981
16832
18330
16385
19905
19656
19175
17701
18872
18647
19775
18068
18390
20157
20014
18569
17676
19297
18263
19387
17945
19103
20478
18640
20478
18551
19279
16666
18342
18442
18597
16691
20037
18129
19109
16869
16385
19184
18486
18225
17506
17592
20066
16920
16385
19948
19075
18194
17581
16712
16607
20478
19478
19694
16825
18352
20478
16385
17801
17375
17252
17845
17189
18477
18986
19143
18094
19090
18788
16841
19651
16385
18737
19358
19741
16440
17850
18925
19304
18644
17812
19877
16385
17446
18222
20478
16901
18558
18584
18056
17746
18125
16462
18509
19995
18607
19181
17890
17337
20478
19487
16385
16463
18676
18450
17819
18049
18916
19924
19255
17752
18089
19675
20338
19986
19093
17382
16385
18463
18486
19078
19009
18637
18786
20478
19511
16872
17420
17502
17451
18389
16414
20464
17724
18938
16385
17851
16385
20169
20403
19142
20298
18855
19485
17463
20478
16861
16947
17778
17847
16905
18274
17390
18226
20161
18461
17888
18143
17547
18738
18165
19802
20382
18698
18030
16385
17459
20115
19104
18743
18713
19137
16385
18778
20454
18969
19886
19305
18184
17170
18669
19799
17924
18682
19546
17486
20286
18002
18436
18735
18073
20478
16924
18712
19092
19689
16385
17300
17611
18755
19887
18458
18165
19298
17082
17030
18111
18133
19994
19327
18034
20478
17593
19145
17721
20339
18655
16385
17238
17831
17265
17961
20478
18132
16385
17345
17805
17574
17015
17148
18329
18081
18156
19907
19292
16603
16423
19892
19001
16985
18635
17606
19135
20304
20478
17533
17297
17058
18764
17358
20015
18220
18965
17611
18212
20478
19379
18550
19542
17660
16385
19655
20478
17595
20071
16801
17852
18319
19618
19421
18564
18025
18209
17786
18153
18602
20398
17667
19943
18221
18850
18341
20478
17409
19466
18100
19412
17179
16893
18369
20062
19780
17586
18854
17926
17845
20478
19409
16556
17640
19796
18687
19368
18311
16385
16385
19442
17139
17456
16385
16912
17295
19232
19314
17913
16762
17375
18606
18336
17592
17576
17135
19422
17315
19610
17868
17669
19541
19565
19536
20478
17308
20478
19056
16581
20122
18146
17719
17983
17883
18515
19701
19403
16465
18372
19130
18709
20478
19637
16385
18832
17819
19926
17986
16660
18323
19006
17671
19987
18649
18831
16428
18039
19225
19379
20478
18156
19740
19634
18641
17969
17875
18978
16385
18089
18207
20283
19375
20478
17932
18400
18051
17679
20241
17999
18049
19965
19691
17618
19677
20229
16955
17671
16385
18562
19702
18019
20139
18921
18920
18424
20320
20478
17965
19031
18657
16977
17754
19145
17645
19343
19164
19026
18688
18442
19181
18687
20315
17759
18540
18098
18621
19353
18216
20014
18284
18765
16385
16502
16385
19335
17345
18282
19588
16385
19935
18936
19455
19110
19871
17181
18437
17894
17732
18168
19402
18637
18141
18337
18820
17321
18020
19785
20478
20478
16385
18204
19497
16385
19825
17241
16886
16385
17225
18437
16932
17693
17863
20478
16385
18283
20405
18163
20158
18364
18330
18725
16768
19791
17859
18577
16871
19467
17148
20468
19909
20235
20478
18314
19835
20138
16597
17073
17762
17215
16888
19768
16385
18341
16877
17539
17898
17692
16385
19457
17053
20478
18936
17994
16385
17642
18343
18092
16757
18676
17884
16781
18768
17523
18053
18255
16385
20326
18710
18201
17434
18486
19700
20478
16385
19189
19936
16460
18507
19912
18665
18099
18910
17728
18447
20478
18882
19669
18200
20360
20078
18354
20478
20478
18065
17787
18076
19720
17504
16745
18925
16930
20340
17256
19196
19284
17381
18177
16762
16679
17446
19522
19611
18884
20235
18567
17782
16801
16385
20478
18942
18485
17446
19852
20478
18682
19325
16888
16515
19000
17326
18452
18129
17298
19033
18455
18269
16793
17888
17574
19703
18524
20185
18583
16660
17406
19006
18410
20212
20247
16878
17415
18605
17571
18867
18132
19255
19544
17954
17165
18903
19793
18924
17044
18791
18869
16971
16479
18344
18546
17854
18460
18208
17088
20478
19624
18876
19606
18230
17754
16939
18645
16385
20301
17651
17732
20478
17423
18005
18160
16719
17873
20122
20207
18374
18487
18563
19825
18725
20478
18391
17159
18435
20086
17216
17301
17808
17680
16385
19294
17862
18699
19499
17770
18291
18263
17931
17175
18762
16661
19313
20478
19223
17922
16385
17146
17094
16911
18371
17391
19164
20422
17264
18751
16724
18164
19343
19839
18832
18162
20070
17381
17263
16990
16385
16817
18059
20219
18125
19925
20478
18775
19657
20094
18830
18796
17002
17445
19575
19895
19257
20309
19113
19679
16800
17595
20397
18846
17760
16400
19151
16486
18245
17106
18084
19696
18351
19096
16385
19109
20253
19542
18206
20478
17974
17434
16385
16625
16578
19874
17979
18862
16385
17807
19525
18808
19052
19958
17416
17984
19430
18840
19098
17133
20478
20257
16670
19361
18568
19056
19608
17938
19614
16826
19614
20478
16453
18874
19020
18675
16670
16385
19947
17622
18266
19562
17786
19531
20088
20478
18429
20478
20065
18357
18113
17969
16952
19842
16958
20478
17794
16728
17030
19561
20478
19035
17319
20478
20478
17386
18188
18612
19509
19529
17047
16385
19457
17919
17937
17231
18475
18106
17534
19406
17768
16385
18919
18512
18714
17348
18387
19539
19943
18655
18423
18697
17166
17376
17464
17537
19739
18625
17235
17164
17658
17243
17640
18135
18367
16385
17466
18060
18894
16385
17772
18503
20478
17337
20478
19771
18034
18276
18214
16385
16385
20478
18576
17692
20414
18881
17920
18801
17164
20478
18279
16584
19656
18040
16796
16385
17363
18725
18043
18354
19149
19476
19978
19868
18391
18958
17710
19713
18056
16883
16607
16629
16832
16728
17609
17693
17612
17706
16702
17345
18020
18320
16733
16385
17884
18241
17073
19251
20478
18498
16385
20023
19284
18152
16864
18117
17496
17833
18595
18538
16511
18675
17950
17163
18871
17941
17951
18775
18946
17284
18631
18668
18616
20136
17527
18595
18243
20478
16385
16998
20478
20478
18635
19420
17586
18305
18062
19601
19334
16385
16962
19197
19001
19654
18092
19203
20478
19081
18747
17755
19395
16542
16429
19140
17424
17291
17475
18744
20381
19031
18622
17598
16891
18419
18670
16385
18217
20478
18962
19709
16385
18088
18422
17594
17241
17216
17164
16385
19435
17576
19169
19414
19999
19757
20478
19010
16961
19493
16385
18023
18761
17651
19972
19299
19739
16385
18412
19506
16385
16385
19372
17357
18392
19529
16385
19708
19215
18270
16899
18611
18871
16385
16555
19691
16792
18154
16385
20071
18519
18622
18012
17637
19100
18281
17922
19720
20132
20478
16385
19293
17675
16845
16520
17506
16385
16680
18997
19015
20323
16385
16385
18756
17913
17271
17195
18386
18466
19334
19546
16385
16588
16703
17182
17542
20171
18310
18586
18012
17515
19804
18505
17743
18159
19901
17949
19622
20478
18728
16385
17430
17586
16385
18475
20478
18541
20478
17155
17912
18907
19082
18872
19522
18702
17130
17926
19529
17877
20478
20478
16391
16385
16385
17063
18837
17705
17207
16763
19508
16535
17404
19799
17153
17752
18819
18508
19586
19205
18237
19372
19443
16385
17029
19027
19503
17304
19159
20478
17677
20478
17364
16557
17871
20112
18281
19624
17488
19675
17492
18937
20384
20478
18571
17582
19256
18775
20478
17068
18094
19512
17129
19446
20108
20444
18197
18344
18463
16385
18550
18164
18885
17728
18508
19108
20478
19228
20235
18316
18506
18096
19602
18791
18209
20045
20478
17595
19246
18602
20117
19822
17045
17624
18922
17308
17513
18100
19048
20478
19204
18160
19066
17803
19527
17985
19197
18199
18881
17559
18047
17400
19196
17847
17854
17203
19954
19227
19411
19633
20418
18466
16385
18161
19359
19546
17859
20427
16385
17682
18635
17823
18388
18969
17932
17893
19542
16735
19301
18863
18380
20171
17904
18946
19381
19526
19177
17671
18431
17527
16961
18315
17781
19121
17654
18486
18412
20478
16578
20478
20478
19782
19157
20127
18742
18747
16385
18213
19415
17966
16733
17257
19460
16385
19138
20478
20135
17140
16989
17293
17848
18496
20478
20478
17627
19796
16385
17949
20440
20119
19411
18259
17205
20478
18602
20478
19023
17372
19796
18011
17131
18794
20478
17675
19236
18612
17629
19960
19269
17253
18246
19974
19549
16862
17702
19376
20244
18908
19205
17629
18956
17754
20478
17218
19858
20478
20478
19761
17275
19185
16385
20478
18425
18457
20478
19835
18335
19756
16406
18454
19134
17822
18404
20478
18396
20316
20478
18989
17354
20478
20052
18379
18956
18167
20312
17823
18805
17847
20478
16385
17801
17517
18250
17326
20478
16788
18705
17173
16385
18005
17045
19803
17810
18973
19087
20478
18592
19151
16385
16565
18527
18208
19136
16385
18175
18496
20478
17861
19975
19212
17768
18753
16846
19934
18160
18127
19664
16820
19607
18976
18781
17640
17633
17160
18247
19235
20478
20051
20478
19259
19783
19331
18523
18369
20478
18149
17884
16554
20301
20095
16385
19491
19756
19621
17212
19337
17721
18058
19492
18049
17700
20143
19653
17143
17383
19378
19792
18606
20328
17993
20477
16496
16948
17825
16904
18601
17960
19525
16407
17600
17443
18936
17667
20478
18745
18597
18095
20402
16385
17813
16385
20478
19326
18588
16385
18582
16385
18045
17908
18831
18181
18809
18464
17213
17852
18852
18936
16423
18296
18879
20399
19221
19427
19991
17399
17280
19943
18654
16385
17340
19016
20004
17728
17207
18990
18320
19620
18753
18580
17113
19230
19921
19326
17769
17891
18273
17256
17294
17640
18590
18324
20478
17130
18114
19795
19213
18356
19584
17845
16385
16385
18350
18236
19452
19415
18023
17503
17650
18778
16842
17101
16466
19889
16492
18217
19466
17532
17164
17003
17230
18957
18354
19185
16385
18556
18708
18247
19816
20146
18798
17465
18265
16660
19670
19145
18639
19200
19523
20478
19108
16663
17337
20478
19896
18879
18928
16802
17696
19490
18138
19386
19592
18064
17110
17958
19749
18940
19793
18988
17881
17462
18662
17810
20432
17446
18556
17261
18808
17006
16830
18381
19181
17813
17106
19430
16587
18276
18645
17447
18169
18051
20478
17313
17111
18833
16722
20478
19991
19201
16730
18377
20410
19082
18088
16385
20462
19479
20478
18238
18384
18957
19885
18720
16478
17915
19037
19351
19790
18528
17292
16987
18397
19884
20478
17359
17452
19325
19159
16385
19927
18194
18494
17693
20289
17877
16593
19351
17811
17403
17371
16924
19349
17106
18172
17723
16471
16565
19033
20115
16526
19463
17920
18804
17230
16739
19163
18491
16385
19112
19927
18598
19384
19695
16619
19091
18069
20478
17705
19078
18159
19352
17388
17562
18408
17371
18707
17155
18599
19153
19115
18444
17782
18283
20478
18748
19117
17631
16935
19080
18545
19368
17257
19841
17375
17242
19898
16385
20066
18508
18449
18093
18999
17427
18891
17447
18677
16736
17964
19230
18492
19181
18609
17527
17233
19460
18123
18707
16954
18183
19152
18269
17358
18606
17335
20200
19228
18290
19753
19355
16604
18918
20055
17873
19131
18600
19218
18055
20275
16544
17277
18292
17674
17897
19715
18616
17066
19422
17760
17031
19235
19071
18753
18138
16385
16466
18683
19181
17851
20478
18547
18484
20478
18298
18652
18157
18400
17755
17988
19555
16876
17026
17987
19476
18363
19136
16724
18041
17862
17041
19943
18637
20176
18048
19826
20075
20478
19028
18437
17773
17196
18888
20254
16982
17755
18019
18805
16830
16970
20478
18358
17255
19489
17558
18651
20019
19380
17652
16384
20328
18333
20226
17162
18499
17400
19212
18128
18643
18785
18536
18033
17204
18024
16903
18907
18072
17884
20478
20083
19258
17603
16385
20231
17937
16909
17906
19535
16385
16385
17385
16971
19302
18476
16584
20475
16385
20478
18816
18364
18685
17045
17867
20119
18352
18485
19437
18906
18767
18134
18179
16645
18198
16458
17499
20454
17004
20478
18094
18158
19991
16594
16385
18293
19457
18334
17777
20143
18066
18725
20478
18579
16491
16971
18049
18812
20478
17866
18315
18832
18773
16385
19533
19254
17311
19075
20134
19969
18423
19466
19834
19052
18638
19511
20478
16385
17206
20478
18614
20478
20478
18426
16584
19725
17559
18455
18364
17611
18507
16741
20478
17930
17258
19898
16385
20218
19651
16786
16980
19177
18234
20085
19076
18446
17949
18079
17438
18162
17206
19080
19707
16779
20478
20079
17856
17091
18913
19221
20478
16385
17942
17383
18985
18038
19263
19408
17248
17928
17855
20270
16985
16385
19711
18044
19910
18114
18472
16476
18410
16385
17842
19363
18895
17630
18397
18424
19755
19401
17882
19641
20478
18206
18431
16385
17765
17146
18807
17070
20478
16777
17510
19605
20370
18888
18146
18818
16811
19381
17594
18095
18736
18258
18430
17939
19155
18279
19892
17854
20478
17344
17613
18350
19574
18419
16769
19700
18999
19236
20478
18429
18655
17308
18597
16385
16991
19373
17892
19607
19068
19532
17569
17332
16994
20455
18659
19095
19159
19060
17987
19252
18200
16385
16824
17741
17626
18580
18780
19817
19790
19229
19366
17937
18182
19944
20478
17988
18193
17139
20322
18866
18538
17923
19087
19619
19387
20478
18415
20121
18286
17862
18898
17985
17372
19141
17355
19275
19584
18139
18755
18664
18106
17926
19739
20016
18335
18312
19792
20478
18748
17542
19235
18525
16385
19457
16385
17349
16847
20478
19524
16541
19273
2935
4224
4468
4773
5816
6131
1035
5702
2139
5861
4617
5606
1153
2943
526
153
2878
402
4145
5312
3874
1873
2375
2782
4133
2461
5116
4114
4966
5109
1815
2269
5911
1048
5291
2127
5065
3662
5308
2619
3503
1851
3930
5975
3048
2241
3223
104
3940
4297
3069
1216
5482
1619
690
2749
2657
2926
3478
5842
5916
1784
5703
2601
1322
556
3172
3998
4600
5120
5145
2638
3662
799
5128
3054
3563
2401
1282
3432
4090
3889
5971
3708
5955
3164
1931
2395
3403
5347
5679
2265
2732
3698
1522
4928
1305
2609
5772
4046
1956
3695
4439
1039
3276
2380
59
5440
1897
2803
304
3313
4359
1124
3088
1544
1628
5646
1893
3325
3665
5381
5339
3824
5578
2849
5296
3773
3596
1043
4175
5155
3908
5708
3471
992
1408
655
3094
1859
1655
585
1773
4221
3133
6113
69
3389
4808
4458
3698
3321
5785
1005
4956
6071
2481
1379
5659
5808
3857
854
4657
2746
3979
5306
2171
1074
4892
4354
3519
92
5593
3205
4666
4473
861
4175
5042
1786
4680
3457
4859
1973
4307
159
3707
1621
4749
4686
2995
1395
42
2261
4318
4130
4635
506
246
1823
1278
2745
1812
5810
1260
116
5108
257
2615
2971
2777
1844
3846
5327
3753
6042
297
4409
3641
2833
1655
3695
871
3302
2862
2959
3365
3582
2264
719
2211
228
2332
2037
5130
3379
1804
4899
6027
4825
5307
4217
2957
3612
530
636
5934
4482
3558
3782
2787
4350
682
1546
3746
4177
2845
5509
5483
416
2845
1457
1685
3334
591
6036
1484
1794
1822
5406
2038
4571
5259
4208
2081
242
1862
1115
4705
5648
6073
3092
1989
601
954
138
4216
3210
1873
1525
1123
2207
1323
4244
356
1951
1407
1860
4252
2287
1569
3243
5611
3717
3707
779
3486
2604
2999
293
1874
6075
1693
795
3226
2019
3862
770
1700
4627
1964
5948
3403
4359
5865
6090
4168
1687
1178
1969
1174
5581
3301
1807
2946
336
4665
4947
285
1700
3802
1583
5277
4700
1109
2347
5276
4035
1896
5815
2756
574
2113
374
5320
2883
2489
4959
2030
5099
4525
4958
3778
4805
542
3069
478
2958
974
1061
3345
2606
4569
3150
1996
4285
3371
1610
2219
3428
6128
27
3323
4289
4236
5400
687
3313
2375
3273
2322
6071
1013
4835
1309
4229
5387
5905
8190
7758
8190
7723
5700
5368
5930
5397
4874
7717
6565
5279
4097
5965
7419
4704
5235
7119
5191
6047
6086
5635
7530
8190
5795
7740
5414
5766
4097
5759
4097
4478
6803
6570
6117
5860
5849
6737
4097
5482
4164
4097
4605
6656
4758
7183
8190
5413
5726
4647
6133
8190
5698
5562
7385
6133
5306
5021
5650
6926
7360
6601
4956
8190
5568
4789
6449
4651
7799
4097
6661
4097
8190
4846
5416
4856
4097
5417
7712
7546
4097
6819
6461
6288
6862
6209
8048
7786
4362
7682
7562
5737
6342
6111
5709
8190
5805
7157
7288
6050
5288
5531
6298
5868
5548
6300
6945
5456
5839
6046
6609
6087
6737
5151
6576
8190
7012
6767
6892
6172
6425
7357
8190
5699
4848
6511
7529
5287
7154
5118
6862
4097
6474
5939
4727
7129
5866
5710
6348
6890
7360
6001
5500
6552
4370
6858
4192
6561
6613
7786
7176
5465
5398
6381
4840
7200
4433
6679
6244
6866
5065
4097
4097
5177
8190
5634
5242
7380
6072
5659
6086
5527
7179
6911
4312
5638
5621
5986
5922
6052
6069
7059
7681
6726
8190
6306
6367
4097
4536
8153
5332
7040
8190
6496
4490
5304
7919
6393
7377
5035
7449
6786
5293
5827
4936
4097
4986
6644
6458
5413
7194
5638
6833
7104
5774
4531
7390
4335
5235
7207
5630
4100
5461
6701
7032
6812
4097
8190
4768
7176
8190
7815
6061
7898
8190
6059
6039
6282
6046
4995
5663
5665
8190
4097
5226
5021
6229
6024
5497
7894
5565
7186
7335
4097
6876
6626
7546
6151
5063
6221
5393
4097
7230
6641
6440
8190
6533
5992
4944
7978
4142
4907
6291
6694
4896
5086
4951
4923
5252
4992
4982
6116
7364
4097
5911
5434
6829
7245
6258
4999
5538
7930
6268
4803
6206
8190
4949
6265
5250
4462
4509
6303
6615
7274
7733
7524
5232
6882
5783
4747
8190
5448
5727
7383
7578
5588
4097
6267
5820
6124
7149
7021
5577
6230
8190
8190
5487
5425
7323
5201
8119
5181
6875
7541
5009
4743
5980
6892
6214
8029
5742
7404
6045
5535
5198
6970
5929
6843
6957
4097
6602
5657
4097
7336
4097
7279
7484
7111
7099
5370
8092
6507
5830
5208
6786
7289
7620
5090
5490
6758
8190
7440
4711
6561
4870
4300
6830
7145
6431
5568
4097
4097
5900
6225
6287
4501
4687
5199
6472
7074
7511
6176
6255
8190
7805
4097
5474
6068
7122
7567
4916
4853
6355
6469
6733
6898
6901
7106
5051
6270
7782
4097
6988
8190
6936
4161
4352
7925
4097
8083
7262
4495
4433
5328
7940
8190
4097
6885
4709
5844
6565
7478
5131
7109
6238
6362
4219
5400
5261
7099
5970
5199
5383
5026
5194
5640
4097
6470
6953
7203
6635
6581
6978
7046
4097
7998
8190
4097
5521
4975
6425
4513
6465
6969
6981
4893
7648
6518
6930
6224
5732
6346
6470
7275
6070
6912
4454
5597
5855
6387
5419
8190
6688
8190
5864
4785
4306
4936
6414
4960
6091
7702
8190
4468
4135
7487
7113
4097
4552
7663
5937
5515
6398
6563
8190
8190
6373
7402
7079
5686
7682
4624
7595
5899
6182
6612
7519
6226
4489
5805
6711
5252
6486
4401
6759
5090
5767
5040
4616
6451
5869
4844
5961
5979
4911
7959
5018
7330
5825
4703
5610
6638
7926
5784
6635
6055
5340
6325
7869
5680
5772
8190
7424
5025
7235
7090
7021
6037
4097
5587
6351
4097
7716
5166
4266
4097
6756
4326
7289
5064
7756
5333
5571
6530
8190
6754
5441
4708
5875
5829
5177
6919
5864
5984
6502
5506
7086
6565
6300
5163
5505
7488
8190
4896
5618
6334
5048
6806
5847
6123
7758
6519
6640
8190
5370
4542
6804
7967
4097
8190
6979
4440
6600
6664
7040
7651
5475
8190
5396
6370
6451
5452
8190
7583
6350
4172
7600
6627
6608
6038
6048
5506
6267
7470
6371
4945
6048
5043
4097
6819
7347
6966
8190
7039
8190
5510
6214
5660
6011
7560
5445
6073
8190
4513
5929
4097
7184
5140
6333
8190
5945
5274
7521
5103
5430
5833
4897
5150
5191
8048
5697
5596
4097
6640
4364
5233
6517
6022
6670
7148
6296
8190
8190
7263
4900
7009
6074
6536
4097
7779
7638
7552
5433
5527
4891
6844
8079
5911
5294
4791
8177
8066
6734
8190
5300
6748
5620
5944
6719
4652
6254
6650
5611
6514
5253
5313
5241
5600
5676
8190
5655
7907
7950
6450
6580
5238
5357
8190
5456
8190
5637
4536
7631
6900
5097
6663
6773
5616
7321
5716
8066
7677
6404
6160
5354
5359
7077
7334
6916
4097
7855
7404
4097
6060
7384
4404
6691
6263
8190
6759
5389
4097
4998
4097
7439
7051
8132
4097
5108
7132
5191
6248
6569
4097
6110
5997
4787
4097
6350
5496
5807
5148
5777
6404
4153
5824
7217
5732
6863
4693
5599
6253
5074
5776
6801
7420
7515
4523
5983
5971
7186
4409
5956
7546
7242
7803
6617
6057
8113
7304
6164
6957
4726
6206
4399
6075
7800
5775
6874
4305
4577
4510
5557
7728
8190
8189
4809
5831
5807
6599
5436
6425
6164
6987
4610
5363
4097
4097
5317
8190
4558
6213
6211
5478
4789
6839
4097
5773
7302
7417
5652
6962
5454
7081
7021
6065
6004
8190
6445
6838
4366
5770
4678
4910
5417
6081
6065
5387
5304
4097
4097
7485
6861
8087
7980
7377
5914
6773
4097
4097
7047
4844
6000
7305
4097
4097
6493
4246
6258
4269
6627
7251
5072
4097
7155
6059
7210
6681
7417
5380
6838
5193
4334
5896
6087
6281
6901
6051
7722
8190
8190
5811
4562
4097
7010
4434
4097
7178
4097
7870
8190
4600
7056
6719
5164
4097
6875
7157
5871
6158
6271
5775
5399
6565
4097
8110
7060
4915
5763
5371
7099
4223
4508
6847
6615
7517
4097
8190
8190
5308
7157
5816
6211
6188
7162
7325
5096
5330
4374
4717
6037
6038
8190
4097
7333
4814
4097
6951
6689
4942
6511
7255
6313
5974
4706
6949
5205
6902
7094
6061
7277
8190
7308
7889
8190
8080
5796
5391
5427
5271
4865
6115
6614
6109
4695
5484
4639
5293
8190
6331
6061
7380
5505
5180
5752
4842
4097
4685
4097
4097
5770
7497
4097
6184
5541
5471
7570
6762
4950
8190
7367
4468
4097
5121
7648
4753
6588
4097
7260
6856
4867
4097
6877
6795
5116
4097
5138
7120
6442
7696
6407
4097
4510
6145
7579
6381
4097
5200
5275
4622
5284
4097
4745
7118
8190
5848
4097
7791
6644
6463
4097
5847
4751
6694
7939
5302
5490
5713
7602
6667
6878
5672
5677
7764
4458
5609
7893
7034
6403
4553
6130
4496
5600
7784
5431
4097
5118
7483
5979
6168
4483
6798
6661
7624
5426
7712
4097
6431
5984
5523
8190
7212
5577
6056
7506
8190
8190
5976
7846
6706
5189
4566
6433
4097
6266
6050
5212
6104
4951
4097
4101
4319
7067
6979
5420
6783
5333
5841
4585
6509
8190
5828
5619
4097
4097
5638
6740
6925
6371
5353
6931
7594
6336
7122
7033
5645
7053
7637
5410
6300
6337
7721
4706
5628
5823
5525
7962
5287
4097
4466
5984
5831
7973
5739
5281
5933
4477
5318
4885
8190
7222
4519
6480
6785
5842
5339
5761
7335
6584
4758
4166
5372
4788
4097
8190
6077
6451
5406
7108
5640
6065
4097
5582
5634
6316
8190
7541
7121
6972
5275
8170
7163
5056
5964
5513
4097
8190
4587
4300
7066
6135
6469
8190
7356
6918
7975
7729
7649
6619
5040
7008
6833
5605
5263
4221
6978
5101
5366
6304
5204
6102
6324
5277
5090
6659
7727
7878
5167
4810
7804
7520
4488
7013
5078
7789
8190
5650
7160
7577
5637
4557
6019
7070
5861
5300
5887
7714
6851
6174
4903
4366
5856
7537
6151
6001
5576
6928
4622
7149
8190
7451
4895
6594
7417
7628
8190
6427
4747
5516
4720
6929
5554
4463
5697
4517
8190
4097
7535
5764
5891
6424
6927
8190
4351
6111
4097
5338
4622
8190
6369
5941
5000
5311
5304
5265
6864
8075
6339
6994
4679
7018
7317
4819
6948
6706
6096
5099
4097
5028
8190
6214
8190
6436
7341
7602
6709
5141
7067
6262
7121
5698
7753
5224
6194
4097
5675
5477
4097
5872
5664
7139
8057
7085
7658
5339
7829
8134
4097
7134
4216
4097
5462
6187
5216
6718
6509
5949
8190
4795
6010
6662
6505
7968
4097
5981
6940
7469
6513
4097
4662
6689
7952
8190
4529
4099
5631
7136
5650
7877
4097
6233
4646
5032
5137
5570
5814
6715
7419
5106
6769
8014
6193
5490
5134
4097
4097
6685
5185
4097
4396
8190
6344
5740
6707
5221
6578
7117
4748
5057
5608
5582
6012
5506
5624
6217
6687
6451
6874
7133
7593
6539
6691
4402
6538
8190
6039
4642
5831
7415
6102
8104
6074
5141
4821
6255
6519
6926
8190
5691
6244
7266
7245
5344
4097
6741
6333
7808
5124
6251
5737
6809
4424
4481
8014
7365
4192
8190
7652
7217
4097
4723
6629
5906
6022
8068
6710
7874
7373
5682
5493
6899
5294
7039
6100
6794
6338
6875
7749
6086
6672
5387
4674
7886
4539
5206
7598
6560
5871
8190
6210
4097
6728
6367
6956
6610
6862
6883
7319
7705
4327
6324
7543
5910
4097
6543
7576
4575
4660
5226
5698
4940
6455
6359
5618
6364
6604
6759
5846
8190
6433
6825
7268
6138
4097
5067
7259
7668
5091
7705
6972
7560
6619
7039
6313
7634
4989
4097
7505
7192
8190
4097
4097
6218
8190
4403
6418
4097
6255
6599
7388
8144
8190
8190
8190
6860
6746
5195
7050
4702
6203
4111
4097
7319
6378
6323
6704
4643
4233
6612
5867
6257
5778
7295
6058
4097
5521
4399
6369
7412
4930
7036
6484
5073
5141
6625
5976
6687
4097
4152
4362
7250
4438
5990
7281
7124
7620
4097
7148
4353
8190
7864
6826
5263
5427
6568
5486
5186
4153
6266
5708
4342
5088
6658
6894
6888
4895
6873
6307
6064
6089
4581
6474
6366
4097
4097
8149
6364
5420
5779
4866
4869
4765
5862
5712
5570
6323
7792
8190
5707
6434
7271
5997
4097
4413
7219
6553
5300
5662
7995
7448
6435
7091
6513
6255
5953
7560
6446
6267
5944
8190
4390
5957
5763
5426
4831
5964
4588
5715
6137
6879
5678
7403
5335
4641
6626
5236
5159
8021
6408
5721
6410
5710
6782
7387
6716
4783
5067
7907
5394
6646
4258
5654
6047
7265
7846
5128
6466
6255
4097
7636
5936
5365
6171
4834
4097
4337
4779
5999
7064
6447
5986
4707
4511
5791
7995
6193
7750
5118
7870
6208
7472
8190
5950
6924
7550
4097
5327
4097
5505
5325
6884
5788
4097
6191
4097
7341
6677
4821
6312
4277
6510
7795
4097
5869
6686
7061
6040
8190
5257
5017
6448
6872
5052
5868
4097
5369
5721
5488
8190
7009
6123
7479
5523
7071
5838
4097
6865
5832
6631
5026
5617
4817
6099
6250
7847
6167
7543
7495
4601
6239
6547
8190
6061
8190
8190
4970
7484
4328
7973
7377
6116
4970
5857
4854
4187
6218
7391
6500
7735
7128
8190
5749
6306
7068
4097
6223
6679
6178
6751
5618
6233
6258
5909
6758
5584
8190
4097
5662
6093
8107
5562
5269
4097
6574
8190
5806
5678
6909
7237
4649
6546
7932
6607
7501
6965
5626
6132
5178
7373
5917
6527
5921
4777
4578
6752
6837
4097
8190
8190
6285
7047
5775
6755
8190
6696
5000
8190
6227
8190
6467
5749
5871
6337
5064
5851
6345
8190
4097
5568
8190
5476
4389
6395
6181
4964
4097
6608
6497
5528
5818
8190
4912
5584
8190
7664
6689
6560
4546
7237
4919
5165
6476
6358
5634
5807
5595
6496
7620
6831
5488
6040
5573
4564
4989
4461
6709
4940
6622
5526
5491
6382
4301
4097
8190
7615
8190
6314
5028
7991
6648
7476
5523
6427
5062
6239
4534
8190
5871
6997
6933
7325
5753
5293
5975
7027
5802
4555
5118
6622
5348
8190
5759
5140
7185
6429
5613
7094
4097
4832
5860
4097
7262
4374
5185
6478
4390
6621
4097
7649
6210
4097
5646
5462
4097
7315
6575
7552
5219
5912
4454
6178
7867
4521
5638
5035
7847
8190
4097
6177
6923
6416
4097
5862
8190
6723
6083
4667
5797
6813
7478
6901
5100
6770
6753
7606
8005
4772
5542
5206
5153
4892
6415
4174
6117
6941
6737
6998
5598
7695
4097
6564
6469
6027
4784
8190
7344
4849
7185
6383
4593
5996
8190
5189
7809
4097
5433
7012
4097
6559
4132
6835
7349
6905
6361
6008
7396
4097
7274
5190
7152
6290
5204
5715
8190
5596
7187
5121
5843
8190
7643
6790
7629
5421
6954
6394
5623
6909
4097
6029
4097
4097
7879
6213
4731
5040
6681
5222
4709
6432
4990
6085
6746
8064
6794
6919
4097
6862
4620
5819
5163
5893
6084
4557
6651
5347
7008
6367
4894
6129
5839
4609
5557
7641
6786
8190
5770
5254
6433
7552
6139
4097
6739
6424
5451
6574
5740
4097
4930
4292
6591
7170
4589
7135
5092
5433
7304
6408
7774
5930
6509
5354
6677
7425
7484
5824
5615
5928
7305
6452
7220
5455
4142
6806
4643
5085
8190
5417
5351
6711
7594
7003
7166
6672
4762
4097
7581
6518
4341
4514
4140
6522
6923
8190
4978
7285
6242
4399
6530
8190
5817
5316
6398
5956
6536
5997
5525
6328
4899
6291
7309
5585
6733
5979
7568
4097
5117
6242
6628
4097
6124
5386
5828
6914
4314
6509
8190
4371
5082
7002
8190
5853
5125
4097
4895
4097
6991
5649
8190
6462
5985
5602
5675
6503
6865
5943
8190
6472
7392
5789
5953
4974
6456
4944
5448
4744
5136
7990
5344
5051
7976
5017
7217
4952
5739
4097
6079
4998
7482
6179
6882
6789
4335
7444
6928
5918
4408
4569
6759
7432
4889
5039
4264
6080
4753
5256
5225
4097
4624
5514
7298
5197
5408
6640
5384
6563
7252
7739
5658
6478
5674
5646
5574
4997
7781
4441
6333
4097
6156
6615
6405
6745
4097
6194
4097
6591
7954
5262
4097
7885
6547
6853
6845
6189
4257
5037
7210
5074
7713
6627
5372
7121
6651
6335
7064
6678
7143
7521
6147
7172
6142
5341
7059
5860
7532
8190
5967
4097
6688
6076
5866
8190
5592
6516
6821
5182
5400
5325
4141
4097
5685
8190
5568
5356
6831
6820
7748
8190
5741
6235
8190
5230
6071
5739
6393
4620
6861
4280
5825
6516
5098
5827
7086
6111
4097
8190
6600
5661
7001
6350
6870
4310
5028
8190
5552
6498
5729
6255
8109
4129
6237
4726
5437
5698
4899
7228
6006
6485
4851
5659
6596
4097
4826
6156
6811
7011
4638
5108
7335
5336
4928
7849
5821
8190
6640
5893
6270
7192
7999
8190
5743
5281
5548
5395
8047
7476
4829
5562
7008
5975
8190
6431
6232
4097
5887
5700
8190
6536
5693
8190
6260
4097
4991
8111
6163
6301
6783
6540
4965
6317
6095
4281
6444
5330
6714
4498
6120
5643
6672
5288
6890
4880
5213
6357
7683
8155
4338
6849
4097
5317
7217
5995
6226
6254
5816
6390
5194
6412
5851
5097
5543
6967
4097
7020
5824
7881
6209
7206
6829
5605
6718
7331
6395
7756
6505
6225
7018
8190
6507
4249
5876
6597
6076
6299
6733
4097
6927
6176
5828
5807
6130
6057
6405
7673
6442
6899
8165
6302
8109
6405
6419
7372
5530
6763
8190
8190
4529
8190
4097
6774
4852
6684
5360
7659
6515
5995
6419
6940
7205
7327
6879
4941
6371
7099
6973
6148
8190
4097
5306
5342
4786
4893
8190
4097
6166
5534
4097
6419
4439
6980
6532
5835
8010
6962
5504
6844
6790
4591
5086
5213
6058
4365
5827
7537
7451
6010
6566
7234
6330
4982
6017
5288
7243
7170
6648
5972
4804
6043
6415
6902
6125
6164
6720
4685
7423
4340
5412
8190
4243
7933
5717
4097
6709
5469
7352
5933
6089
5207
7153
5758
5233
7390
7673
6235
5059
8190
6544
5575
8190
6756
7047
5383
6136
7148
5981
8190
6677
5412
4097
5180
7554
6968
8190
7693
8190
6627
6478
7256
5499
7061
5612
7812
5549
6219
5090
6246
5256
5213
5542
6410
4644
7702
8190
7604
4933
5313
5761
6977
6467
7785
6625
7438
6224
5097
6575
8188
6256
5871
6221
8162
4097
7985
6282
6843
5709
7382
4176
4097
5399
8190
6537
6263
6384
6075
5757
8190
8061
4669
5803
7987
6148
6411
6553
4097
6902
5672
6308
7408
4902
7531
7522
6163
5771
6808
4812
6167
5530
6055
4892
7221
7108
4270
8190
5761
6372
7259
4097
6952
4097
8055
7226
4380
6171
4932
6691
8190
6462
5949
6109
6721
4876
6096
5544
5423
4097
5420
7592
5725
5720
5647
5485
6244
4732
6690
5277
8190
8189
7277
6125
5748
6916
5810
7926
6547
4833
6961
6516
4564
5793
4097
7878
7388
6792
5429
5049
7428
4097
6206
4453
4097
5653
8190
7638
8190
5237
7608
7721
6818
7126
6219
4633
5930
5117
5138
4698
5333
5477
6586
4429
5228
6850
8190
5693
6625
6195
6257
5709
6296
4097
7235
5894
5690
5541
4888
4409
5298
7383
6066
4097
6429
6674
5614
6870
5281
5832
7146
7403
6017
5985
7786
7043
6987
8190
6639
5987
5451
6727
6869
4936
6627
4859
6699
4902
236
3277
295
450
786
3170
2021
5724
2436
433
1375
3772
5689
4783
1123
3506
3102
4956
4971
3334
356
4046
3854
5155
825
3273
1190
339
5489
2714
3172
2103
1464
675
733
3870
726
5951
5472
4445
4170
2703
2993
2069
509
4893
1881
1826
1341
3763
2608
981
4310
3488
195
884
1058
5365
287
564
2674
199
5728
3302
3602
5737
222
5416
5611
3928
4933
239
3271
5368
4926
3394
1556
3082
1530
3540
1323
575
3025
2566
2500
175
2963
4295
3043
1233
4076
2180
3557
3493
3113
130
340
3268
638
159
506
2432
4035
2110
866
176
2583
1690
2849
2988
4646
1393
5975
3790
5230
1899
2620
1485
4226
5310
4708
2956
1234
587
4700
1547
1360
3232
1674
4839
2935
3820
4536
1269
1214
3638
449
3947
3789
1841
6026
5795
2921
715
4829
5092
5878
2712
5160
2674
2887
5537
1792
1168
1948
1796
705
3791
1088
2951
995
3240
4919
193
1519
4730
4765
1046
117
1776
4367
2640
3949
2174
5774
4513
1328
804
3150
928
3716
1714
4839
3748
66
700
5194
484
2094
2418
1516
1183
105
169
1450
2554
3161
482
4452
2461
3739
4271
5063
3993
2604
5757
4266
4864
4799
5098
3967
3939
3643
2922
6044
1841
6050
347
3113
4045
142
1517
5486
4050
5302
4002
2933
5089
3563
4060
5518
2397
835
1847
2404
4392
6137
1795
778
3113
2546
4292
5389
1338
3282
4690
167
900
5343
1879
3600
2709
479
1044
921
1607
2797
4993
2776
5110
435
3461
279
773
4846
2381
5022
3076
2014
1695
4578
429
6057
383
2773
567
5553
5355
5482
1969
460
4864
2133
3444
5787
4947
3022
6029
5283
2561
3412
490
5956
3796
5202
2618
3944
119
4313
1645
4245
1937
5006
1233
2370
2593
530
1252
403
2305
8190
4293
6277
5561
5819
4237
7820
8018
4097
6381
4097
5539
5921
6374
8190
6044
4852
6264
6025
7787
7541
6014
7160
7008
4097
7107
4270
7503
4450
4787
7118
6470
5868
6868
6580
5539
4097
5346
7091
7520
5025
4797
8190
5166
5188
6612
5399
5801
6845
4097
7072
7452
6571
6521
7155
5964
5820
4663
4624
5780
6766
6654
4097
5188
6121
5610
4806
4097
6182
6736
8190
6982
6709
7273
7509
4241
6212
5221
6297
5861
6675
5389
7012
5858
5279
4690
8070
5402
4150
8190
4291
6805
6553
5409
4214
6164
4602
5139
5858
8190
5854
4097
6063
6503
7624
4659
4171
4743
7458
7387
4539
6480
6214
5039
4097
6779
6193
4890
6642
5024
6432
4572
8190
6291
6423
7337
7549
6286
6954
7542
8190
7644
4882
5194
4991
6864
7099
5141
7533
7090
8154
4680
7752
4839
7214
4097
5839
8190
6321
4097
6465
6014
6373
4097
6380
6880
7759
6624
4097
4097
8190
5046
5751
6490
5342
6405
5911
4509
6172
4137
7959
4184
6559
7028
4413
5835
5871
6488
7022
5336
7999
4097
4955
7300
4821
4869
8190
5890
7250
5944
4097
6914
4351
6393
5976
6675
6827
5647
7922
7360
4097
4450
4097
4725
7066
7330
7184
6269
6702
7856
8190
6754
6826
6748
7758
5045
4097
5868
5751
5394
5421
5856
6828
5992
6110
4128
6540
7128
5757
6103
5278
5022
6321
4603
7536
5381
5214
6220
5969
5926
6117
7090
6603
7533
7225
4097
7218
5210
6579
7342
5617
7651
7349
7564
6095
5478
5655
4135
5550
7325
4206
8190
5258
4889
7278
6248
5476
4097
4097
5151
5223
5242
6429
7987
4925
5862
8190
4941
8190
6135
6594
6898
5409
7334
6016
5565
4114
4097
8190
6901
6062
5905
7000
5634
5630
8190
6831
6829
6237
6095
7018
6656
5398
4746
7103
7323
4097
5925
4544
6588
6115
4453
5388
6272
6432
8108
5733
4959
5562
6340
5184
5089
7902
6639
6339
5916
6177
6882
6925
6294
7838
5003
6336
5306
7331
6984
6166
8190
5220
5865
5948
4097
4414
4695
6053
6452
6662
5237
5601
6571
8134
4944
5224
8047
7656
4891
6147
7935
8190
4635
5760
4237
7015
7812
6620
4275
5466
5974
5699
6862
7637
6900
4108
5885
5230
7073
5671
7436
6102
5983
5056
4097
6390
7723
6420
8190
8190
4472
7346
5459
4097
6175
5383
6179
4193
6757
4097
5960
8190
7572
5390
6041
6299
7223
5260
5993
6692
8190
7184
6876
6455
8190
6223
6339
4307
4097
7655
7569
5880
6573
5508
6279
7866
6550
6070
6923
6887
7054
7490
5909
5762
6474
4097
5480
7336
6199
5006
7092
4097
5794
6530
8190
6770
5179
5500
5166
4643
5398
5063
4776
6694
7425
5446
5947
5941
4758
6761
6757
4103
5683
5771
5511
5371
7124
6244
4864
7409
7699
5901
5206
6523
4699
5468
4097
5909
6597
6773
4097
8025
5506
5148
6789
7023
5395
6065
7557
4879
6265
5561
5666
4250
8190
5749
6136
6193
7711
8190
5915
5881
6256
6139
4834
6179
5099
5987
6670
6057
4097
6038
4097
7569
4620
5610
7275
5011
5842
7600
6254
7233
4097
6311
7664
5756
5011
8190
5753
7501
4212
4753
8024
6958
6088
4602
5171
4378
5909
8190
6471
6546
5795
7386
6115
6543
4097
5304
6912
5627
7037
5221
5889
6425
4097
4673
5932
7045
4945
6388
4472
6853
4856
5892
6764
6007
7511
7278
5629
6679
8190
7838
6054
6961
7954
7998
5155
6051
7466
4097
4665
6766
6940
7131
5687
5382
6875
4379
6476
6395
4744
5846
4991
6599
8190
5613
4097
6523
7335
7462
6200
6924
5483
6604
6997
6617
7713
7076
6776
5721
7407
4249
8190
4097
8037
7349
6243
6898
4891
8048
6202
5767
7715
6138
6122
5472
5976
4924
6543
6518
6696
5271
6077
7526
5902
7458
4097
4519
6729
5868
5064
5325
5558
5560
6575
6131
5114
7522
5753
5665
7124
6268
5276
4344
5230
5269
6960
5394
6212
6267
7438
4733
7031
6633
7490
6401
7204
6063
5387
7911
6731
7366
4752
4319
4491
4296
6313
6468
5206
6349
7989
5785
6026
6426
6224
5256
7452
7646
6013
7393
8190
6811
7625
6741
5195
4536
4929
8190
6027
6599
6135
6690
7775
5424
4097
8190
7177
5275
4734
8005
5478
7276
6262
5491
6433
4805
4433
6093
7276
4097
5930
8004
8144
6569
8039
4316
6319
8190
5111
5381
6280
6107
6346
6406
5771
4097
5969
4891
4778
7462
4972
6091
5829
6074
7439
5809
4551
5420
6896
8190
6348
5200
6866
6308
8046
4097
5343
4905
5056
8190
8190
7561
8190
8190
6574
4750
6397
4097
7567
5277
5178
5706
5544
4866
7376
7355
5570
6220
4663
6473
5472
5626
5146
8190
7178
7146
5911
5065
7837
7659
4097
5313
5141
6805
6882
5918
4104
5930
4538
8190
6022
6830
5292
7747
6257
6827
5970
7810
4330
5003
6870
5462
7312
4611
5532
8190
6775
6542
5725
4220
6880
7728
5434
5369
7227
7011
8116
7199
8151
5908
6354
4097
6233
7333
6850
6440
7408
5557
6832
6069
5933
5788
8018
4097
5921
5492
5024
6121
7166
6771
6955
6364
4607
8190
5473
5239
8190
8190
5214
5799
6704
6308
5759
5151
5650
8166
4850
7180
7870
5172
5065
6362
8190
5494
6779
4097
6457
8182
5184
5113
4876
5468
6753
8142
4980
6109
6038
8190
6266
6610
4297
6744
7327
5525
5754
8075
6844
4953
5510
4505
6565
4097
4715
5229
8190
7596
7061
6881
6596
5728
4097
5010
5271
6501
6824
7282
7796
4097
5784
5861
4681
6770
7201
4782
8190
6069
6680
5890
4097
5518
5334
6532
6636
5925
6149
6949
4729
7657
6466
8151
7223
7581
4266
7898
5500
6064
5945
6449
7604
5369
4848
6557
4097
4097
6900
4097
6561
6134
5899
6227
6298
4396
7573
6619
5669
6106
6161
5813
5145
7405
6571
5483
7211
6564
4227
7138
7098
4753
7224
4097
7656
5077
7346
7050
5768
5684
5269
6125
7883
8092
6578
6540
5915
6125
4941
6776
4629
6422
6244
7160
5215
4097
7332
4097
6686
6762
5767
6921
5795
4641
6604
8190
4527
5881
4097
5046
7976
5595
6015
4097
5165
5426
6659
5633
5169
5116
5121
5371
5657
4754
7640
4097
6076
5959
8190
7107
6462
8190
6333
4178
4223
6337
7766
8190
5834
6181
4264
7135
5718
4336
7025
5009
5384
4477
5402
4681
4097
4097
5838
4097
5051
4097
5145
5081
4097
6129
6364
6863
5295
5502
7639
4527
5783
7346
7033
6421
6636
8190
4853
6764
4857
5285
8190
7319
4097
5070
6688
5322
7224
6010
8190
5510
4506
7085
6220
4097
4639
5793
5779
8190
6272
4757
7056
8190
6136
6445
8116
5900
6176
7031
4568
5374
8190
6072
6328
5046
7213
6454
5900
7877
7432
6392
6975
6920
6315
7324
7449
6419
6667
6500
7036
5651
5651
6615
6575
6458
6567
5555
6216
5085
7521
6260
8190
5656
7446
5456
4536
7297
7505
5976
7825
5189
3541
1114
1689
5930
1680
2495
3428
5829
2382
1410
3402
2048
2823
5837
4522
1205
5924
497
2931
3688
4031
4818
2243
1632
440
4423
3611
4732
3439
2983
280
5079
5240
3534
3600
5047
2141
2430
5994
2728
5354
1567
2496
5865
2359
5581
5787
3155
19
3988
2678
2486
300
5626
5200
1042
4796
2112
713
2663
4448
836
575
2144
3716
4481
5684
1868
5107
2510
427
5298
1380
2344
5246
2143
3439
1612
2931
3837
3678
4434
1926
1332
170
2641
1632
2446
3199
5205
51
5529
4134
5222
1259
580
2388
3356
320
1345
5584
4141
1834
2310
5887
2250
4484
599
1722
5735
5644
2258
2996
2473
1960
3945
5920
1842
2478
1513
4143
2928
878
1813
1808
92
3287
152
5780
7070
6204
5003
4262
7969
8190
6877
8190
6887
8190
7624
5216
6683
4910
4471
4180
7019
6153
7007
4835
6763
5635
5511
4097
5734
5294
8190
5657
4097
5161
5006
5886
6399
6655
5398
6966
7240
4968
5765
8190
4097
7919
7078
5397
6629
7723
4694
4097
5825
7014
7042
6769
4896
6578
5970
8190
4118
7630
6188
6780
7380
5325
8099
6270
5961
6717
5143
5763
6571
8190
5275
4454
5246
8190
5846
5409
8190
4097
5011
6611
7887
5873
5838
5518
8190
6860
5622
5116
5410
4933
8190
6867
5718
6388
6042
8190
5506
6342
6173
6953
6305
7787
6617
5796
6820
5560
4097
4097
6375
6277
4097
4981
5197
7019
6750
4927
7770
7409
6911
5053
5896
6880
4680
5840
5488
6900
4541
5791
8135
6044
6254
4097
6534
6963
6593
4610
7596
7379
4723
6899
6894
8190
7273
7523
5086
5780
8190
6707
6447
5581
6063
5482
6090
5007
6032
6885
6296
5767
6663
8040
7361
5837
6226
6090
8190
6065
5571
7263
5586
5819
5346
6352
5997
7009
6781
4365
7853
5188
6774
6481
8163
4773
8190
4783
5089
5791
7652
6576
5821
8148
6225
7018
8190
8190
5836
5106
5920
6438
5309
4227
4592
5410
5102
4872
7015
5387
5379
4744
5352
7434
4324
6515
5701
5315
7285
5964
7288
4713
6700
6380
4967
8190
5796
6584
4097
8190
5607
7450
4097
5587
6165
4097
6138
4164
4097
5646
4949
5560
6984
4934
7659
5672
6547
6628
6977
7604
6579
6336
7396
4456
6438
7258
5753
5575
4097
5821
7425
7282
8190
4319
6286
4097
6915
6161
6911
5255
7401
5378
4883
4619
8190
4517
6527
4956
7724
5333
4097
6739
6910
6839
4915
4097
8190
7433
4097
7529
4801
8017
7065
6187
7410
8190
5304
7918
5771
4802
6420
7682
6192
5040
5940
7423
6804
4097
7512
6892
6319
5842
4214
6994
6308
6297
7205
6521
5430
4701
6290
5253
6397
4395
5321
5915
8190
6972
6423
5734
6240
4595
5837
5963
8174
8190
8098
5548
7339
4097
5977
5688
4097
5529
4226
6683
4097
4207
5991
7953
6378
6761
6855
4097
5662
4644
4820
8190
4542
6141
5550
7867
8190
6424
6446
4937
5592
6690
4982
8190
7296
6732
7730
7046
6329
5427
6613
4097
7277
6073
6545
7925
5757
5004
6828
6126
7000
6480
6605
6746
5160
5285
5740
5673
8190
4151
4222
5614
6861
4372
5952
6424
4819
7303
4710
6890
5763
5110
5630
4956
5136
7242
4964
4097
8132
5235
6713
6458
6647
8040
6090
7228
6890
5497
6838
6572
5648
4605
4483
4814
5427
8080
6860
6447
7737
6597
5436
7412
5819
5830
5188
6526
5698
7343
8190
5866
4097
4832
6484
4500
4779
7292
5771
5591
7681
5478
5907
8190
5093
4097
6349
5950
5658
7781
6637
7814
4097
4842
5903
6479
7244
7791
6183
5839
6228
7414
5638
4632
5522
6171
4097
8014
6657
5857
7569
6280
6062
6607
6139
4986
5677
4996
7888
4523
7355
7185
4647
6395
5343
7351
5155
5792
4661
4097
6184
4915
4451
7306
6842
4610
5464
5178
4097
5423
7523
7808
7912
6715
4648
6079
6565
6299
5445
4765
7491
6377
4869
8035
5278
5087
7448
5402
5419
5094
6057
6506
4097
7859
7120
4905
6224
5817
4440
4840
5004
6469
7564
4776
7005
6115
7179
4737
6277
6144
5498
5347
6798
8057
5689
6778
6807
5835
5400
5706
6720
7537
6343
4907
5039
5031
5601
7726
7314
6686
4097
6552
4097
4097
6957
7479
5985
6183
5769
5887
5920
7296
5610
6531
7218
8161
5967
6607
4841
6252
4978
6193
8190
8190
7541
4181
8031
6542
6375
6852
7908
6993
7413
5059
5850
7081
6817
6487
4864
8190
5680
6837
7201
6368
4097
6493
5395
4097
5717
5507
5482
5331
5257
5963
5623
4925
6713
7234
4097
6800
6480
7250
7309
6067
6737
6968
4097
6929
5565
6923
6334
6325
6166
6944
5324
4097
5298
5301
4097
6854
5458
8190
6759
5536
7330
6837
8190
5494
5813
5055
5882
5168
4335
6373
7559
6381
6108
4097
6707
5043
7873
6906
6850
5214
8067
5912
7198
8190
6777
7027
6302
5729
6019
4097
6079
8190
7843
5066
5927
5636
6955
4097
7414
4097
7677
4263
7013
6011
4097
4677
5906
5315
4128
5001
5910
4589
6274
6214
6028
7543
8190
5429
4723
7915
4947
7047
7257
4327
4097
4747
8190
4097
6865
5056
7648
7329
5470
6967
4185
7642
4563
8190
5722
5077
7267
7662
5251
4988
7861
5969
5879
5894
8053
8187
5078
5561
5616
5270
6697
6148
5665
6540
6344
6592
4097
6342
7107
4566
6392
6433
7340
6462
5886
5212
7634
6565
5428
6838
8190
7175
4097
8190
4116
4097
7811
6103
5855
6052
5710
6549
5133
6096
7000
4097
5618
5182
8190
5971
5219
4249
7939
6453
7073
5838
6506
4527
6057
7980
6861
5299
7621
5566
6817
6985
5760
7309
4528
4996
5014
6380
6571
6203
5999
5740
6859
4097
6352
4789
4097
5596
6605
7562
5379
5385
7328
5871
5718
5692
7407
6857
4757
6863
7447
6726
6214
4314
5280
7062
5423
7742
7166
5786
6251
5831
8190
6343
6797
4933
4806
6657
5629
6366
6036
5130
5164
6265
6030
7159
5235
4097
6144
4097
6546
6293
5411
5609
7211
6944
8190
5206
5753
5902
7225
8190
6418
4668
7072
4097
4097
4912
5050
8018
5657
4630
7257
4974
7615
6119
7077
5756
4097
7006
6210
5817
4653
6812
7654
6111
4097
8190
4097
7029
4097
4184
7395
6803
6964
4253
4097
7294
5186
4752
4097
8190
8190
6865
4097
7528
5739
8101
6316
6985
6472
4701
6583
6210
4097
6778
4925
8145
8190
5577
4313
6398
5760
4242
7238
4205
4097
5880
4234
6948
5953
5354
5054
6570
6100
7237
5027
7874
7239
6249
5779
4097
5486
4494
8099
6387
4502
5101
5812
6774
4349
7323
6489
8190
6083
4454
6616
5106
8190
6590
4920
7353
4383
6987
4097
7549
4750
4097
4696
6971
5736
6413
8190
8169
6128
4755
6599
8036
7105
4132
8190
4625
6572
5655
7011
8114
7512
5242
7633
4235
8003
7686
7236
6864
6074
5209
4097
6620
6788
6784
5815
4327
6355
6076
6264
6526
6584
4097
7879
5254
5231
5367
8190
5260
8190
4346
4097
7043
5392
6060
7227
5381
4206
4097
5844
4097
5546
4735
6879
7748
5567
5190
8190
4741
6735
7034
4357
6718
6329
7758
8190
7428
6100
6306
6147
6722
4339
7324
5551
4388
6475
6279
4097
4773
7550
8190
5112
8190
8190
5574
7338
8190
6008
5419
4329
5323
5103
6100
5926
5049
7754
7013
5583
4321
7443
4097
4469
6369
4913
4805
5572
6428
4097
4251
7763
6846
4452
7409
6271
7003
8137
8190
4644
6356
4598
4599
5673
5807
4097
7173
6036
6834
7067
6405
6305
5729
4721
7174
5809
7910
5946
4097
7129
5789
6427
7128
6664
4097
5895
5845
6066
4097
5563
8190
8190
7282
6206
7012
5867
4097
5941
6056
6627
7978
6547
5426
5971
6760
8044
5871
6739
5859
7155
6662
4859
6246
5965
4615
4097
6574
6083
6752
6844
6021
6769
6455
7063
6397
6081
7388
6549
4772
7498
6446
4097
6356
7274
4722
6705
4788
7679
4097
8139
7046
6060
8011
8190
4938
7315
7629
7530
4664
6751
4718
5992
7285
4975
5004
6186
8190
6431
4562
6638
7664
6427
6651
6060
6518
5276
4746
7985
4097
6554
6403
7055
5449
6852
4097
5608
5269
7947
7647
4097
7221
4097
6792
8190
6757
5850
4811
8190
5622
4097
5296
7526
5768
5482
7408
5338
6696
7718
4097
5616
4968
8190
5639
7168
6029
7167
8118
6177
5465
4765
6285
5391
4159
4436
5570
4378
4097
6937
7565
6045
5467
6559
6479
8003
4097
4919
5682
4495
5955
5642
7520
5276
5245
5014
4358
6029
5395
4775
5179
4097
6354
7079
5147
6282
5136
6818
7480
6829
5697
5278
5949
4939
7253
6838
4097
5034
6809
5713
5236
6288
5687
5509
4958
7145
7024
6188
6517
6008
5252
7416
7330
4955
6893
4097
7750
7836
5481
4109
8037
6130
6973
8190
5223
7652
5841
5846
5153
5445
7162
4311
7420
6909
5790
6961
6432
5240
6444
7311
6910
5530
6728
5917
8000
5704
5703
4757
6287
7242
6335
7928
8190
6456
6686
6380
6222
6941
6265
5918
5952
6287
4454
6180
5544
5175
7548
6219
7824
4868
4097
4097
7160
6373
7649
6352
6950
6778
6510
7111
7307
5970
6019
6873
7491
4097
8190
5835
7831
5973
5608
4464
5277
7455
7608
6291
5124
8104
6998
6023
6205
5624
5423
5763
6155
5211
5221
6788
5651
6058
8190
4097
5836
4455
6714
4097
4816
6442
5630
5205
7331
6194
5848
4612
4097
5210
5564
4097
6631
4258
8013
6816
8190
6341
5803
4369
7232
4097
5718
5408
5491
5928
5272
8190
6223
4097
4946
4953
6839
4097
7283
5611
6971
4856
6043
6482
6541
6508
6246
6303
7408
6499
7369
6913
4268
8190
7285
6337
4097
6864
5656
5443
7854
4743
4097
8190
5575
5925
4097
7820
7638
4097
6425
6504
4585
6014
7872
6755
4756
5766
6833
4955
6979
4097
4827
8018
7513
6266
5257
5447
5046
4097
7052
6259
7121
5307
6860
4709
4883
5535
6174
4399
7770
6918
5545
6721
7435
6463
6590
7593
6578
4416
5182
6609
7390
6816
7779
6200
7432
6038
6833
7539
5646
5691
6871
7860
6370
4997
6093
6968
4097
5743
6016
4097
6850
4097
7094
7773
6361
4137
5389
5396
7199
6528
5556
5816
5684
5599
6459
6100
6198
7505
5639
4097
4097
5766
5312
5692
5986
6588
6617
6668
7107
5760
4097
6042
8153
5597
6764
6272
4804
6550
4246
8025
6267
5313
6723
7448
6237
8020
6143
7710
7513
4865
6268
8190
7006
5561
4097
4097
6502
4495
4436
4097
6593
7383
6234
4097
5669
4851
4097
6176
6868
5713
7369
5181
7359
6531
6409
6165
6326
5749
8190
6492
5860
6598
6216
4842
6991
6413
6442
7858
7620
6577
7114
6537
8041
6965
7243
8190
8145
5827
6278
6200
5791
5974
6037
4097
5624
7837
7427
5973
4812
5824
5954
4656
5283
6942
4097
7833
7616
8095
6271
6781
4705
5827
5985
7036
8190
5403
5165
6454
6480
4319
4097
5486
4461
8190
6175
4980
5594
4574
4097
6682
7875
4839
6962
4097
5044
6672
6595
6654
6129
5747
4718
4097
4908
5157
5815
5010
5946
7188
4097
6296
5656
5815
7207
5139
7092
4433
6595
7184
4998
4646
6531
7102
5762
6111
8190
5671
7274
6448
4756
5111
5128
6955
5460
7433
4822
7894
4585
6779
4411
5681
7398
5427
6629
5640
6980
4097
5786
4851
5492
5261
7109
5433
5622
7979
8190
5541
6398
6191
5764
6727
5240
7834
5801
4706
6540
5014
6361
5934
4097
7032
7157
6485
4097
6813
5006
4463
4097
4820
8190
7355
6212
4097
8190
6410
6074
6169
6407
6538
6565
6357
5639
8190
7852
5760
4445
4473
7064
8190
8190
4531
7457
6879
4097
4097
8190
4097
5023
6601
5557
4679
7603
7647
6211
7260
7089
7013
6455
5471
7429
5528
4358
7334
8190
7896
5997
6900
6193
6435
5662
6553
8190
6022
4457
5357
6660
8082
5625
5320
6860
5144
4735
6656
6917
6838
7061
4156
4759
8190
6626
4097
5509
4356
8190
4097
7956
4665
7813
6209
6771
6777
6723
7323
5602
5774
5787
4783
7133
6383
6661
6164
5720
7155
8190
4097
4295
5532
5985
6547
6029
6008
5821
7746
6007
6143
5273
7714
5385
4097
6049
5446
5735
7698
5405
6125
4995
5870
4662
5490
6267
6385
7752
4097
5349
6726
6429
5351
4097
6200
6632
6245
5972
6193
6255
8190
5460
6784
7941
5706
5296
7931
7637
4097
811
1080
139
165
1701
1060
421
1455
829
1180
413
1392
275
415
1152
1664
1195
1394
1163
677
1597
1699
553
1865
616
1670
261
73
574
272
1338
1334
654
959
1639
1985
1813
616
1405
975
825
119
490
1270
1634
1901
326
1135
353
511
1549
337
675
1889
1380
798
1441
1903
1992
10
1760
114
78
30
723
236
1355
1491
788
1094
1066
458
413
956
118
1038
77
509
586
473
1826
1383
757
749
1230
1873
188
899
1948
617
758
321
509
1394
1488
232
8
997
2020
1319
475
656
956
264
333
129
679
397
1431
165
618
1031
1822
1596
1998
601
15
1192
113
1578
1294
1703
1061
1805
1824
608
1283
1548
1352
1765
1427
1728
1195
267
1540
77
1595
630
772
240
99
1808
1216
514
926
3
1349
621
1458
767
662
1441
694
1506
1140
1042
779
1032
159
1202
501
1205
1395
1998
1692
1206
397
606
350
1020
1193
1878
1551
459
1751
756
2042
643
1455
1295
1977
773
315
519
632
618
1563
1661
1545
1820
843
1220
1334
2034
1943
1058
1363
338
166
630
106
1123
158
1813
1947
424
996
112
1210
1338
280
482
1111
1870
1026
1919
2539
459
4094
2531
2028
3122
1981
2979
1701
1783
2377
1655
1247
1672
2415
1786
2688
1045
2179
868
2268
2817
1441
1432
1
2620
3687
643
3438
986
1111
1184
549
4069
2279
3659
1683
2414
2281
2199
1917
2637
3643
1962
1840
1762
2967
2553
4094
18
1144
514
1375
2673
2521
300
1086
1309
4041
1529
2371
2100
559
1672
779
1408
3212
1994
3132
1524
478
3146
1
4094
166
2837
2676
1716
3249
1
735
1457
2451
2682
3962
2677
2286
4094
1981
1318
3271
3437
1
115
2043
2510
2127
516
2328
884
1481
1796
3291
1
2242
2424
3025
1416
511
4065
1563
1045
1484
4094
4094
4094
2530
2893
2361
1742
1685
2249
1365
2035
3967
3156
1
1
1190
113
619
2459
2676
2789
1137
3223
1338
4094
3857
3816
618
1166
3536
161
3359
2508
4053
1
2974
1512
2117
121
4094
2016
2009
1699
4090
2816
1808
3414
2418
3416
388
3181
1917
2550
4094
2368
1673
1011
1
2698
3638
3093
1
2523
3550
4094
1
1101
37
1
4094
2804
1
3287
3743
1304
1419
3662
1017
1993
1743
1717
3108
1513
1948
1493
1632
1064
86
1190
3412
1
1
866
2427
1
3061
2192
2051
1979
2359
2438
331
1768
1
947
4094
1
4094
879
2881
1958
4094
3012
2710
2247
305
3514
1
1821
2372
1
43
2542
1998
1755
969
1586
2559
3011
878
1335
2180
1
1236
591
224
1399
2143
1049
1161
924
1506
4094
3225
2270
3201
1029
1
535
4094
1
663
1002
1929
1844
2538
1057
2648
2619
1129
3855
1528
1007
1293
1762
2357
554
3435
152
2867
2418
1946
1
2239
1595
2847
331
1892
1768
1259
2317
281
1452
2994
1104
1
56
1158
1707
2492
2958
3288
3775
1
2929
1033
2620
947
1102
1329
2064
3844
3083
3822
3261
2897
2060
2026
2357
1369
1897
1299
1696
2537
3844
1718
3040
352
1353
1
4094
284
1462
440
3482
957
2464
1
1190
1810
2988
2430
1750
1808
1532
4094
3280
2512
4094
1715
1829
4094
2239
3554
2281
2850
2536
4094
2120
1220
479
2038
3118
4071
1847
4094
1697
424
1450
2568
3283
2735
1874
2434
3551
1257
2082
1680
2241
1348
2458
2055
1691
974
2474
2369
2630
1385
3809
3639
1
3227
1136
2476
324
1689
295
4018
2601
2732
2603
1094
1
801
3652
2530
983
3114
1
1265
1435
2732
966
1041
500
1610
2302
1249
2225
1140
1784
1
1593
2807
2986
516
1494
3726
1738
3598
1427
3800
4094
1841
3305
2160
2513
2797
260
2077
1
1312
880
2669
2804
3210
1408
2766
2173
4094
3808
2599
1478
1869
1094
2322
2319
2537
1241
1125
901
2484
992
3424
2099
1
1600
2004
1139
2877
775
1558
1788
1255
4094
431
2628
617
2956
2661
3380
1
1378
1863
3722
2354
1477
1968
761
2354
4094
1622
2160
3275
3255
2741
4094
2988
1
2269
3629
2408
2144
1295
1852
2660
3470
1861
2034
4094
3750
2631
2918
1
2347
24
3532
4094
1
2709
2045
4094
4094
186
2446
2884
1
4094
2432
2039
657
969
2307
1858
1003
903
1598
4094
1861
521
1362
2465
2913
1
3360
3138
1
1781
2173
1
3261
1832
3627
2103
1045
2538
2736
52
4094
1
3958
1357
3434
783
2303
3593
3055
2065
1
412
1622
2011
1
179
2122
2596
1442
1137
1
124
2650
1893
2369
2570
3712
2832
4094
1915
1839
1893
959
2540
1
629
2640
3001
3746
2983
45
1287
1532
3659
1503
3574
2194
4094
2089
3883
1104
1983
3657
1783
2515
3724
2865
755
1605
2358
1846
3729
1
1661
2140
2467
1017
3542
3664
2526
4094
2311
595
3646
3891
1815
3034
1
1521
1
4094
2080
2673
1305
2393
2695
2735
3743
1
1207
42
2337
2181
1667
2984
2202
4094
2086
580
815
1900
2197
3491
792
374
1749
2710
2131
245
2394
2406
1593
3644
2724
3254
1562
2644
2242
1241
2011
1
2337
3684
2427
1624
1
4094
633
2361
1781
366
1566
1124
1878
1612
2689
3000
1410
1760
2299
777
61
4094
175
1
1417
3312
929
3209
2108
3070
3450
4094
2154
1310
1248
2566
4094
1881
1060
1772
401
1211
2150
409
4094
2409
3491
3915
1694
1
1496
1629
2169
1713
2599
1604
1298
2619
2963
1866
2914
2645
975
2056
1785
1209
2000
2409
2867
1952
3085
1078
2205
1323
2387
4094
2631
4094
1333
2773
2441
3939
4094
2917
562
690
2516
339
845
2415
544
1
260
2683
1
4094
974
1970
1055
4094
1720
3566
2901
1626
2826
884
301
2211
1540
830
1119
1990
1133
1
4094
2614
1336
3879
3703
265
3199
2659
2329
1554
2599
1985
748
2378
2018
2897
2376
1
429
1718
2176
958
3323
184
769
1922
500
34
3008
136
2178
768
1513
1273
2515
2945
2258
1667
3561
1
3878
1638
1
2763
2111
1576
2823
455
2741
331
1216
2659
1115
2055
3866
1484
1342
2674
1
3218
2563
1046
3226
3415
1
3110
3433
419
1774
4094
1366
2209
1798
2337
2458
2578
3688
884
3500
1629
3966
2067
2851
2101
2145
1948
676
1532
1141
3676
1735
1599
4094
1379
2141
2569
2954
977
1140
3177
2154
4094
2884
1930
1054
2592
882
3505
1655
1810
2806
2244
1630
1
694
2473
774
4094
2832
1
2084
1483
625
2786
3191
3545
4094
3485
1172
1462
17
182
4094
3298
1
1645
2222
1619
4094
2171
1
197
2492
2154
216
3264
1336
3627
1078
1692
1017
1379
3082
2428
3410
14203
7527
939
4741
9774
12417
1696
4964
7144
8803
1717
1688
5811
2450
11353
7044
8586
2835
1558
13915
4138
12141
3869
648
12031
9177
10059
11265
605
11864
14328
14023
434
13772
10435
5768
1810
5595
4949
3648
6587
3213
12803
1702
8201
11733
7698
12166
12808
1940
8385
8525
1154
5018
11976
13926
14092
4863
7792
12523
13602
1090
5708
7831
6108
1748
7945
9818
13649
9954
261
84
1440
13488
860
9608
2110
4433
10521
8684
5613
9526
9596
6804
6235
9059
427
1644
11273
3182
13135
711
1949
2272
9927
7982
2735
8970
12308
10460
8705
420
6930
13543
7410
14641
15053
14850
16212
12997
14582
14480
12795
16382
14568
14244
13680
12429
16206
14350
14782
13077
12536
13046
12289
13491
12379
12971
12350
14525
16004
15188
13774
14477
13765
13281
15882
14838
13808
12455
13555
15111
13158
14248
15381
14103
15144
12898
16002
12615
14544
12926
12758
13617
14825
13201
15097
13647
14110
15051
16382
13788
13012
15186
15518
14503
15874
15645
13557
12289
13928
12944
16382
15999
15217
14426
14737
12601
15276
14171
13363
14049
12402
15501
16382
15375
12289
14004
13691
16241
13138
13709
15165
14516
15710
13989
14093
12793
16382
16382
15832
15087
13149
14107
16271
14325
13515
13786
14184
15525
13880
12591
14654
14151
14595
12871
16382
12343
12911
15453
12355
12805
15558
16382
14747
16382
13503
14793
14537
14909
15228
15113
13150
16264
13658
13720
15855
12890
14493
14144
14526
14400
13461
13707
14178
14464
14421
12289
15261
14651
13364
12663
12289
13591
13734
14910
15123
14673
12289
12289
16201
13421
14679
13430
12289
12289
14039
12289
13652
14802
15589
15692
12334
14258
13335
13688
14650
13378
13851
15134
14304
13528
14202
16382
13362
14392
14370
15145
14536
14257
12714
15321
13857
13639
15940
16031
13559
13463
15486
14767
12753
14328
13884
13158
13565
14496
14295
14052
13843
13263
13774
16114
16014
16193
14042
16382
14699
16170
14257
13594
16339
14452
14316
13997
15455
16382
15870
13575
12289
14140
14090
12762
15346
15136
13354
12289
12903
14935
14028
15069
12289
12581
13429
13929
13829
14858
14054
15229
16382
15447
14224
16366
15613
15304
14715
12289
14014
14660
13023
14804
15716
12905
14804
14056
12682
14042
16382
14732
16207
13662
15503
13755
14528
16382
13944
14717
13773
15379
13932
14181
16382
14603
14036
15996
13403
14294
12711
14929
13855
13013
14150
13340
13759
15683
14586
14964
15996
12289
12749
12447
14361
12497
12289
15316
14255
16382
12289
15269
16195
15670
12289
14204
14670
14546
13814
13398
15155
13780
15430
13490
15647
16382
15462
15951
13676
15840
16329
14656
12588
16382
14354
14641
13455
13246
12289
13719
14414
13231
16294
13835
13495
13231
13927
15175
14551
16382
16382
15564
15280
12867
13468
14217
15165
14813
13737
13033
13132
13546
12864
13029
13965
15570
13019
16382
13026
13600
12605
15769
14932
14637
12289
14472
12505
14636
14200
12586
14356
12648
15918
12931
15417
13948
14384
13228
16382
13264
15253
15939
15834
15291
13881
14160
16382
13843
14692
12675
12893
14506
14067
16382
16382
15888
14035
13781
13256
16382
15893
12358
12289
13595
13861
16382
12380
14758
13972
14660
13786
12289
15885
14824
12686
13229
14331
13798
14757
15033
13547
14618
12892
15657
14986
14597
15083
14814
16029
14224
14397
15142
13509
15433
12486
15313
14993
14187
12633
13864
14511
12749
15593
15273
15264
14704
16034
12400
16382
14640
14560
15503
16382
13714
14116
16166
15692
13853
16382
13506
16382
15588
15692
13146
15662
15665
13388
12395
14274
15048
12927
12727
15190
15073
14863
12289
13228
13090
15027
12420
14256
14405
12289
14622
13795
12289
13636
14564
13204
13408
16187
13242
16201
15569
14351
15203
13779
12289
14082
13967
15010
15383
12640
14563
14270
15974
14218
16382
13090
13919
13943
15850
12289
14114
15048
15760
16382
16382
13789
12289
12750
12950
13603
14374
12674
15406
15174
15094
12289
14209
14935
13979
13264
12289
15991
13528
12682
13601
15777
13865
14696
15705
16382
13845
13973
13618
13138
14185
14120
13103
14644
13134
15069
15780
14308
14248
13359
14395
13195
15939
12289
14692
12982
16382
13845
16006
14623
13134
16323
14669
14549
12289
13793
16382
13185
14680
16382
13689
14146
15480
13858
14855
14691
13436
12289
12596
16159
12289
14601
12316
13871
12977
14310
12831
14139
15581
14770
14969
14814
16201
12345
16382
14176
12847
14287
14524
14449
14537
12289
14273
15084
12378
16085
12943
16382
13248
13660
12289
12945
13025
14077
13866
14199
14208
14591
14891
12650
15485
12289
13840
13288
16101
14584
15799
16212
15459
12289
13802
13636
14147
13699
16143
14792
14223
14135
15350
13421
12289
15998
14369
14517
13872
15190
16382
14105
13264
16308
12596
14231
14011
14964
16165
15525
15588
14372
12975
13724
16382
14779
15265
13771
13913
15805
14683
14025
12289
14008
15315
16382
13723
15690
13258
16059
14299
13192
14056
14644
15790
13344
14187
14243
14889
16382
13190
14871
13442
16347
12289
13166
14188
14367
14141
12857
15997
16002
12708
14833
13252
14145
14976
13068
12604
16382
13101
14654
14936
12289
13997
16382
14385
16382
13437
15369
13382
15672
16382
15087
12289
14794
13293
14636
12289
14527
13830
15450
15609
12857
15036
13974
15316
14104
16382
14355
15452
14692
13813
12985
14322
16382
13657
14661
13997
16148
16382
16382
15156
14994
12726
14858
12289
14595
15224
13936
15741
15281
13751
13657
14624
15672
12529
14054
16382
16382
13391
13866
12381
14657
14828
15713
12692
14008
16236
16382
12289
13088
13667
13149
12289
16105
16382
16382
14130
15546
13466
12289
12289
13355
13427
13838
15515
14974
14120
13418
13777
14153
16382
16382
13448
14827
12615
13156
14718
16329
14798
15649
12923
14095
16382
13627
14032
14297
15556
16216
14960
12580
16331
14447
12746
12934
13727
12289
13356
15809
14585
16382
16382
16350
15132
13093
13893
13678
15017
16382
14712
13832
15898
14909
14961
12289
13207
15535
14536
12289
12538
15082
16279
13035
13407
13042
16269
12289
13075
16139
15310
13642
15321
14589
15256
15867
14421
15467
12471
14880
13387
14507
752
1780
1551
711
1316
1460
442
939
755
572
1478
1907
529
1887
275
1632
1138
1678
1069
566
1558
1965
203
1140
919
393
1322
1057
854
100
1622
1789
1129
1966
2000
543
359
1568
123
1068
1234
954
1409
1144
546
1015
509
581
1927
1315
1281
1486
1710
564
1292
1013
1496
2005
20
716
349
2018
1782
1337
1733
1728
16
397
885
918
169
174
1209
763
1915
1029
1878
1676
1909
164
1753
979
1928
145
1371
284
31
1845
1709
80
742
807
382
1479
764
269
1947

