9994
10348
12179
11678
9193
10437
11181
10468
10596
10805
11779
11792
11324
8262
10789
8522
10013
11519
10296
10309
11280
10471
10024
12260
8789
8193
8510
11316
10108
10186
12254
10302
11104
10167
8193
10340
10375
8959
9453
11016
9972
9729
11591
9764
11672
9478
9907
9872
9593
9234
11290
10154
11837
9384
12286
9418
9715
9755
10204
9533
10454
10029
10206
9146
10053
10456
9098
9547
9768
11977
9910
9986
12286
10217
9510
10043
12016
8789
10101
11815
9299
10712
9348
9343
9259
9843
11394
8888
9384
11415
10235
10920
12286
9773
8642
10474
10239
12009
10134
9122
11444
8364
9317
12139
10329
8997
9497
9342
11404
9629
9759
8753
9471
10113
9308
10947
12286
10942
11359
11488
9434
9198
9985
11126
9851
10257
9579
9781
11074
8279
9466
11431
10319
10885
9734
10252
9518
11483
11282
10501
11128
9126
10078
10742
9956
10527
11476
9322
8618
12014
11589
11061
11458
8459
9702
10596
10615
11692
9648
9595
10287
8485
9780
10361
10829
9469
8457
10645
11881
10177
9730
8295
12135
11983
10370
11892
9428
10772
12286
8314
10830
10273
9986
10101
9045
9928
11573
10447
11374
8823
12180
10964
10005
10212
10949
9275
9869
9560
10373
10691
10253
10168
10360
11200
8821
9023
10209
10877
9824
10371
10327
8430
11090
10892
10753
10656
10158
10703
10530
11080
10512
11183
10588
9891
9627
10096
9534
12286
11166
12286
10362
10530
10704
9622
9612
10795
9481
10759
10522
10837
10336
10760
9502
10236
9736
10098
9677
9404
10967
10065
10909
11535
10795
10291
11716
8675
10408
9322
10840
8644
9935
10596
9491
11385
8973
10129
11241
10497
10804
8193
9438
8193
9884
11157
9759
12286
8921
11652
9516
9211
11071
11304
9342
8819
8751
8193
9763
9682
9884
11763
10950
8881
12078
10395
8691
9491
8193
9518
9357
10275
8540
12163
8834
11071
10142
9585
10773
10746
9544
10424
9044
8193
9381
9834
9817
9378
12016
10655
10376
11744
10368
10151
9268
11477
10812
8917
9310
8490
9391
10272
10307
9035
11068
8193
10058
10103
9870
11115
9996
10419
11050
9596
8193
11509
9922
8193
10566
10214
10368
8856
11747
11121
9041
12286
10652
10516
11050
11388
9365
10552
9792
9682
10335
10738
10482
10366
11334
11050
8735
9929
9326
8967
11222
9362
8898
9586
10213
9863
10899
11343
10475
11400
11767
9059
11840
11809
10342
9573
11359
11477
10082
8412
11581
10468
11327
11116
10620
8587
10467
9802
10437
11495
8925
10264
12139
9384
8465
10416
9595
9734
10083
10629
10438
11696
10902
11028
9752
10941
11262
8311
11768
11061
9912
10110
10283
10579
11532
9982
10234
11446
11152
11013
11382
9498
9646
9760
10731
9620
9963
9849
11836
8857
10391
9383
10024
9618
9883
10967
12249
10380
10872
8970
8495
10404
10281
11188
11562
10691
10103
10802
10091
10619
10386
9108
10172
9191
9319
8584
10735
10018
9725
9702
10342
9138
9453
9282
9976
11265
10498
9319
10601
11417
10085
8334
9299
11237
9744
9606
8971
10978
9281
9372
11160
11060
8380
11214
10511
9514
10901
9346
11412
8665
9570
9178
8888
9973
9261
10444
9951
10093
10241
11699
11448
10499
11030
11703
11743
11109
10729
9881
10806
10530
8193
12250
10303
9855
10539
10704
10346
11435
10391
11193
10847
10003
9760
8193
10284
8930
9293
12286
9316
9495
10052
9817
9267
10264
10161
10728
11122
10033
10693
9628
9532
9012
11172
9652
12239
9973
10832
10751
12286
9608
9430
9837
8193
9434
8584
11057
10250
10393
12286
8629
9092
12286
10871
10541
10089
10559
8947
10320
9926
8374
10630
10828
11422
10834
10283
10141
9683
10405
10070
11163
9655
10582
10109
10589
9770
10988
10418
9403
11409
10598
10283
10916
12286
8516
10769
12286
10148
9277
10886
10386
11191
10840
10021
12286
8193
8357
10861
11722
10038
10168
11015
11028
10440
9451
9558
9574
10830
10776
11842
12286
9595
8761
11121
8193
9998
9334
9047
10910
9890
10153
10502
10757
9984
9604
9822
10656
12286
11352
10193
9338
9131
10138
9603
12058
11274
8465
11612
11774
8272
9197
10047
9162
10609
11155
9478
10591
11887
10760
11176
9103
11201
8234
9755
10337
10032
8725
10016
11762
8556
8193
10175
10874
11351
10543
10712
10959
11102
10095
9877
11531
10656
11042
9768
9904
12144
10102
9605
9933
10238
10084
9548
10167
12286
9974
10453
10666
8943
9987
11222
9237
11389
11637
10515
10736
9748
9710
10007
11718
10562
8708
9816
10814
9264
9741
11558
9943
10294
10271
11358
10208
8239
10570
11168
11092
10440
9797
9751
8984
11106
10725
10609
11035
8883
8323
9865
9714
9546
11482
9552
9478
12254
11155
10636
11859
10467
10534
11465
8193
10355
11360
11760
10099
9791
10704
11168
11515
10259
8834
10883
11726
9356
10110
9208
10620
11274
11222
11483
11057
9471
11275
10078
9534
8987
10255
10238
9816
10453
10138
9975
10364
9645
8855
9865
8345
8466
9951
10349
10060
9473
10102
10118
9755
8580
10033
10179
11647
10768
12244
9089
8694
9031
10340
9329
9578
8193
11049
8339
9539
8994
10465
10743
10155
10429
11036
9919
8503
10916
9568
10110
10145
10599
12206
10672
10002
10080
11895
10603
10300
8684
9284
9485
11445
10649
10498
10447
10714
8687
9074
11605
9726
9714
10101
9699
10112
9913
10015
10964
10129
8808
10585
8193
10004
11871
10207
9948
9200
9747
9893
10449
11620
10041
10747
10464
10650
10273
8717
10914
9541
8942
10277
11620
10786
9511
10812
9894
9078
10391
9761
9917
10523
9674
10431
9831
10696
10795
8726
10556
10469
9926
9572
11311
10001
10561
12286
10453
10973
10796
10528
8944
10479
10182
10146
11657
10435
9642
11203
11467
12286
11429
9761
9888
9296
9935
10000
10443
10081
8787
9276
12165
10940
10010
11028
10690
10131
10673
10933
10008
12286
10281
9279
9519
11534
9335
8928
12286
11113
11926
11946
9212
11560
9652
10240
9687
10874
11919
10626
10654
9980
9702
10852
10614
11054
10193
9757
10745
9752
11107
9761
10674
8387
10311
10449
9545
10168
11580
8638
9387
10226
9823
9113
8805
9146
12286
9249
8193
9487
10105
9423
10017
10397
9781
11545
10800
10335
9461
11445
9540
9555
9245
9623
11464
10955
9270
9816
9513
9723
10617
10716
10257
10964
8556
8193
9169
11452
10546
10583
10675
9733
10310
10144
9408
9152
12286
9489
10713
10644
10981
10300
9871
10947
8193
9613
11331
10470
11431
10795
10575
10288
8374
9852
9238
11322
11144
8193
9378
11356
9948
8207
9713
9229
9012
10637
12286
10567
9699
11478
9998
8647
9969
10234
10106
9984
9766
10138
10942
10977
9348
10991
8781
10726
9907
10093
10542
9607
9365
9094
11876
9109
10168
9853
10735
11064
8193
8193
12248
11261
11215
9218
10224
8193
9921
10746
10501
10829
10547
9817
9486
10265
10676
11309
10614
10772
11338
10004
9484
9943
8713
8193
9710
9637
9638
10881
10255
10917
8213
8335
8768
9837
11063
10754
10630
10959
9874
11225
8419
9517
9536
10319
9426
9742
10738
11182
9470
8912
11718
10121
9368
10930
11546
10720
10775
11083
10184
10296
8594
9891
9939
10806
9898
10644
10200
11739
9064
12171
10483
10671
10260
9113
10207
8965
10505
11368
10770
8897
9646
11070
9456
9998
10577
11602
10380
11558
9411
8689
9421
11143
10456
9311
9621
11039
11497
9702
11504
11113
8859
10847
10842
10658
11182
11272
9575
10246
10986
10461
9449
9769
10984
10539
9039
9672
9204
9819
9033
11767
9123
8789
8546
10555
9638
9647
8666
10644
9817
9216
11924
9974
12125
12286
10808
9049
10170
10094
11357
10893
10659
11097
9170
10512
11044
10778
9529
10786
9034
10017
9778
10540
9032
8511
8527
9713
11146
11317
9637
10134
11588
9549
10682
10581
10398
9872
8822
10178
11607
10673
10641
9885
10896
9144
9920
10089
10142
9454
10069
9958
9917
8940
8797
11060
9990
11203
9522
10685
11191
10161
10951
11098
9616
10999
11292
11493
10417
11502
9661
10188
10411
11084
11878
9243
10854
10538
10478
10405
11427
10510
10712
10198
10023
8193
10804
9609
11093
10110
8193
9396
9844
11629
10804
9939
9550
8193
11056
11612
11216
10762
10938
9624
9839
10735
9815
9406
9124
10423
10237
12286
9944
9327
10710
10996
8193
9993
10044
11241
9942
10429
11456
10873
10711
9360
10416
9691
9773
8664
9108
11910
11501
854
2310
5260
3159
1621
2298
1691
5790
1123
2672
474
1956
1570
4817
5106
631
3630
2433
3300
3064
4311
2138
4234
5877
741
588
2703
517
14
25
3773
896
2516
4254
1904
1038
1316
468
5338
5510
5110
1827
6018
3246
5710
4584
1611
5424
3717
5593
3208
5866
4349
2389
144
5601
2335
5621
1759
5877
2477
4233
6121
2794
2072
5952
3547
927
3375
1116
4565
5963
5085
4261
120
4671
217
332
4132
4634
5480
2370
4648
3048
5499
4307
382
4423
1829
4007
1943
1401
5382
1391
5346
3681
3363
5881
3447
5592
2374
2473
1757
6134
990
2797
5772
1552
5812
646
4592
231
883
4015
870
1953
2052
246
1863
2032
3122
5129
413
4649
6087
6005
3889
4491
3566
5630
1157
984
5341
2119
1674
1218
3634
3827
898
3834
5876
3517
72
4527
3253
5801
1680
531
5828
971
6945
7426
5862
5754
5589
6718
6082
4543
8190
6085
4802
4957
6766
5788
5877
7431
5780
7328
5506
7096
4810
5949
5942
7617
6686
4637
4804
4761
6132
6568
5597
5687
7728
7581
6782
7518
8045
7339
6500
6630
6801
5914
4575
5390
4364
5362
5454
7571
7337
5197
6557
6760
4097
5961
4097
5621
6827
4484
5035
4602
4097
5404
6279
5538
4097
6495
6165
5566
6559
6630
6281
5812
5623
6851
6641
6855
7525
5986
5809
6406
7114
5841
6376
6566
6557
6363
5354
6975
6237
6553
7235
7135
5922
7859
5532
6290
4450
6470
6347
6305
7699
6656
6156
5985
4352
6462
5288
7055
4482
4206
6924
7447
7440
6081
4561
5982
5076
5277
6009
4965
6292
6153
5858
7197
5048
5583
7733
5339
4450
8190
5121
6521
5762
4829
6096
5606
8190
5062
6002
6692
5900
8075
6056
5483
6494
7481
7427
6593
7466
6005
5693
6059
6381
5695
6169
6841
5514
7044
6478
4859
6945
5633
4097
6412
4678
6093
5222
4097
5930
6775
7184
6058
6042
5233
5386
5790
8190
5515
6494
4203
6248
4317
4485
4996
4696
6863
5715
7343
6265
6124
4977
6987
6710
5444
6436
6870
5339
4097
5668
4543
6224
5702
5141
6689
7913
5836
7072
6680
7125
5592
6107
8003
6274
6192
7078
5665
7144
7343
6246
4447
4586
4413
6185
8190
6039
4097
6048
6586
6910
6586
6565
5962
5519
5800
6565
7443
7076
6396
7153
6836
6007
6886
7055
5426
6180
5448
8071
6096
5506
4527
6424
6421
5600
6737
6776
5448
5017
7113
4976
4465
7171
5296
5268
6560
5036
5366
5895
7223
8190
5511
5562
7390
5265
4873
6473
6380
7072
7463
6281
5128
5930
6139
4097
6944
7182
8017
6266
5193
5512
6907
7618
7859
5828
4710
5325
4886
6446
4520
6925
5653
5888
6140
7650
7081
6908
6188
5876
5119
6237
6747
6363
6482
4241
5772
6014
5167
4259
5855
4616
5644
6973
7571
5768
4935
5630
5210
6776
5177
7849
5259
5996
6592
4097
4559
5920
8078
7147
6579
5416
6510
5951
6524
5742
6381
4354
6577
7838
4701
5367
7064
6258
5280
5596
6300
5312
6559
6422
6843
6235
5371
7220
5940
5948
5988
8190
5350
5993
4828
7291
5450
6727
7232
5331
4097
7621
7362
6266
6314
5337
6692
6289
6392
4151
4097
6355
6767
4097
6850
4670
4616
5492
5900
5450
6255
7309
4933
5606
6134
6151
5451
6450
4975
5724
6130
5797
5590
5285
5580
6098
6714
4808
6585
5959
7414
7120
8035
6884
6973
5627
6884
5123
6386
7723
4378
6728
5643
5624
4270
5242
7428
6298
5152
5888
6847
6335
4760
6721
7890
6641
6166
6554
5825
7431
7523
5896
5060
7136
6829
7608
6838
6367
5620
6660
5980
6959
5568
8190
6462
5441
5057
6457
6762
7986
6436
8135
6325
7000
6785
5548
7241
7287
5639
5748
6607
6612
7764
8160
6768
5438
6829
6140
6604
4794
6895
8190
6794
6728
4877
5906
5268
6311
7423
6202
5996
6487
5785
6140
5686
6453
5402
6138
5179
7168
6627
6518
5457
7664
6279
7930
6648
5917
5427
7438
7227
4700
5861
5839
4394
7216
6241
8190
7032
5165
6223
6486
5972
6094
6529
5479
6273
5173
6319
8146
5035
6253
6883
4097
7056
4743
5473
4487
6125
6328
6610
4962
6486
6934
6242
6476
6992
6284
5686
7054
7889
7092
6010
6223
6751
6792
7394
7368
5041
7216
6227
5459
7150
5882
7020
6740
5099
6763
5259
6280
5749
6815
4097
6979
7330
6448
5710
5873
7559
6911
6866
6925
6256
4097
6763
5768
6737
4097
6425
6516
4596
6610
5216
5728
6877
7426
5030
5140
4962
6925
5684
6919
6168
5841
4476
4337
6584
7356
6193
6419
4992
6375
5629
7353
6269
6905
4160
4936
7658
6736
6530
7487
6054
7782
5239
6326
7272
6297
6713
7008
7346
6053
5610
5510
7561
6659
7159
5467
6647
6285
7162
5848
6003
7045
8190
5413
4205
7453
5859
6010
6510
6204
6143
6676
6535
6578
5972
5659
6908
7192
6260
5691
5457
6208
6543
5332
5770
5823
5135
7192
5662
4097
4574
6544
7419
4097
6140
5992
5729
5071
5080
6508
5946
4097
6906
7051
5259
6267
4512
6333
4583
5030
5860
7808
7115
5031
7867
6677
5875
5528
6685
6620
5842
6439
6034
5555
5015
5118
5533
5602
7098
6611
7034
6402
4556
4923
7357
5370
8190
6723
5390
5216
4710
6071
6550
6841
7776
7524
4631
6658
7830
5025
6019
5085
6447
6963
6034
5928
5425
7426
6306
7087
5780
6800
6769
6225
4770
6332
6153
6222
6468
7011
6167
6807
5944
6161
4943
6056
5318
6173
5829
5763
5220
6205
5657
5665
5101
4097
8184
4097
6343
6161
7644
5161
5213
6226
5966
4569
4777
6631
5786
4975
5703
5369
6990
4997
6357
6848
6127
6479
6908
6579
5849
5489
5635
4807
6642
6548
6676
6346
6437
4097
6628
6145
6469
6370
7167
5830
6501
4328
7595
5681
7175
6497
4411
6958
4097
8190
5143
5940
7618
5988
6178
6527
5922
8190
6201
6595
6887
4962
6716
5816
5388
6623
6752
6881
5244
7501
7237
8190
6472
5481
4183
6608
6024
5956
5349
6946
7211
5399
4654
5795
4664
7361
4363
7409
6800
7166
5255
8150
7168
6718
4494
5909
7844
7146
6236
5529
5935
7674
5363
7083
6297
5621
6219
5149
7697
6954
6213
4903
5742
4677
7122
5537
6578
6299
7779
7910
4798
5568
6286
6161
4858
6225
6617
6473
5941
5709
5629
6081
4097
5512
4610
5851
6847
5608
6824
4949
8032
5601
7388
5049
4954
4361
5862
5937
6146
4097
7660
6573
6696
7874
5800
4746
5294
5569
6908
5868
6127
5050
6486
6295
6641
6611
6385
6513
5429
5218
5405
4530
5846
5767
5771
4227
6920
7238
5472
6818
5482
5009
8190
6072
4097
6658
5166
5789
6827
5620
5788
6010
5209
5891
5303
5280
6604
8190
7587
6035
5221
6986
6010
6260
5953
7699
6917
5872
5496
5906
5657
6072
6572
7915
6210
6322
5140
7251
6341
6255
4575
5416
6163
5466
6425
6298
7725
7381
6616
6312
7060
5108
5131
8190
7360
6373
7129
6462
5115
6491
4097
5508
6880
8190
6729
6343
7832
6716
6671
5832
6735
5807
5997
5923
4722
5811
8190
7249
7616
6526
6431
7004
6588
6258
7170
7001
5196
6706
5395
7867
5043
6755
5450
7395
6788
4376
5750
8190
6193
5829
5589
5680
7554
5717
5798
5967
5650
6493
6133
4097
5381
5393
6418
7130
5938
6587
5831
7649
6578
5078
7440
5167
6954
6951
4614
6509
6956
6275
7307
6422
5303
6359
6591
5886
5313
4222
4396
8190
5345
6855
5887
5829
6292
6867
7972
7783
5639
4097
6305
4543
5546
8190
4839
6351
5247
6427
7328
5160
6707
5443
5397
5815
5894
6826
4178
4769
5343
4727
7237
6667
6063
6008
5354
5657
6657
6352
5606
7379
5527
4827
4133
6585
5871
6227
4236
5574
6222
6484
5564
6960
5708
4875
5924
6106
6119
6866
5517
5292
6023
4132
5142
8077
4212
5881
7295
5944
5829
4312
6377
6547
7083
4477
5149
5201
6252
5672
8190
4476
6558
5209
6480
6866
5225
8190
6665
5209
4899
6659
5395
6924
6049
6650
6439
6805
5836
5459
6132
8187
8047
5381
5822
5955
6417
5537
5730
6564
4097
5709
5723
6233
6567
5047
6755
6420
5526
4929
6461
6373
5656
5708
5851
7555
4869
6549
7245
4097
5956
4762
6588
7493
6698
6127
4883
7265
6377
6028
4097
6181
6695
4473
6885
5298
5057
6615
6589
5747
6226
6617
5425
5855
4811
7314
5088
4887
5684
7081
5241
6950
6088
6749
8076
4523
6848
5619
7628
5773
6720
6254
5125
5483
5985
7260
4097
6657
7331
4204
4980
5053
6195
4970
6812
5418
6794
6658
7731
7045
8190
7581
6710
6397
6920
5821
5352
4120
6094
5644
4967
5486
6642
4948
5330
4097
7464
6327
7183
7430
5694
6933
5002
6703
6551
4608
6511
6289
7483
6247
7113
5404
6193
7801
7831
5511
6139
5956
4148
5305
6373
6730
6355
5453
5077
7180
6620
6129
7661
6673
5771
5910
5427
5782
6825
4327
5456
4814
7050
6120
5528
6415
5498
4951
6821
6583
5611
6422
5329
6033
4097
6547
5073
5704
5220
6982
7420
6248
6423
5780
4778
6848
7391
8094
6263
5590
6730
4806
5750
5745
6446
6665
5790
5237
6695
6143
6161
6796
4429
6244
6441
6357
5113
4364
5719
7309
4557
4943
4097
6664
6107
6285
5285
7481
6970
6546
4755
5863
8187
5575
5706
6854
6816
5451
5726
6243
5193
5782
6360
6126
7235
7555
6023
7564
6681
5967
6647
7727
5159
6587
5619
5665
6098
6167
6807
5340
5038
5999
5657
6721
4544
6371
8190
6044
4862
5864
6456
6997
5151
7931
7756
7076
6861
6138
8190
5871
4324
6332
6492
6123
6504
6471
6667
7266
4834
5358
4685
6022
6118
5048
6583
6531
6928
4543
5270
5890
6664
4498
5571
7008
6588
6191
7342
5756
5660
4463
6011
4708
6886
6187
7738
6881
7994
5605
7044
7169
6024
6589
4097
6699
5966
8055
5248
4283
6873
4453
4097
5522
7278
5627
6926
5797
5154
4097
5748
4779
5162
5886
6678
5552
7532
5480
5807
4704
5306
6359
5183
6260
6537
5503
6886
7974
6334
5669
5209
6929
6296
5425
7746
4804
5734
4193
7059
7064
7946
5936
5436
5823
7763
6089
7336
5231
7213
6858
5652
6346
7193
7983
6724
4309
5856
6254
4716
7154
7220
5267
5695
7143
6234
5423
6476
6467
6619
5788
6893
5400
6064
5892
6357
5244
5782
6035
5167
6626
6619
4097
4097
4426
6593
6477
5333
5681
5933
5915
6791
5954
5837
5601
5686
5682
5829
6189
5472
6939
6571
6342
5938
5478
5628
5774
6609
7135
5315
6379
4256
5147
5572
5371
5694
4097
6840
4478
5759
5077
4654
6070
6307
4249
4500
6702
6133
5391
4097
4165
5972
4852
6985
4150
6310
6454
6271
6873
7600
4525
6702
5360
5850
6582
6525
5022
5936
6532
6858
6466
5669
6446
8190
6339
7308
5495
5509
5443
5332
6320
6670
6226
7385
5630
6263
6624
6625
6433
4434
6820
4746
5463
5595
5251
6425
4750
7029
7090
6246
4211
5486
5183
7974
6690
4797
7461
5212
5457
4803
5349
5539
5905
5511
5811
5009
5817
6397
6728
6346
5518
5346
4824
5180
6380
6483
5650
5361
7313
5298
6617
5292
4520
7014
6950
6292
5836
7509
5660
6743
5717
5743
5169
6302
5976
7628
5594
7393
6369
7753
6650
5790
7377
5242
7540
5179
5596
4983
6547
7866
6539
5679
6332
4463
5255
7348
5623
7089
7250
5051
6165
6920
6301
4782
7421
5215
6093
7454
4097
8190
6466
6854
6205
5528
6150
5224
8190
5041
6468
5849
5203
6071
4724
6681
6965
6827
4862
6462
6297
7136
5461
4364
5737
5926
7711
7393
5533
5117
5762
5419
5950
5747
7871
7569
6123
8083
5997
6899
6831
6928
7062
6664
6442
8190
8044
6022
6919
6921
5318
6056
7066
6316
5174
6444
6270
7983
6980
5700
4097
5218
8190
4512
6038
6324
7568
5669
5800
5533
4549
7098
7340
5505
7116
7145
6559
7122
6455
6998
4785
5611
5805
8084
6325
5968
6727
6173
5567
6153
5761
7763
8190
5609
7079
5240
6549
7263
7103
5501
6601
8053
5658
6543
7289
6716
5049
7259
7620
6792
5315
4559
6511
5707
5445
6237
4924
6513
5801
4535
5782
5428
5681
7201
6936
6640
7388
6334
5600
6116
6767
8011
7144
5738
4522
5995
4830
6672
7199
6549
5526
5935
6532
5644
6909
6018
5363
7581
7924
5098
6495
6960
4355
5223
5074
5486
6629
6616
5058
6932
5629
5283
5021
5240
6244
5491
7205
7640
5963
5397
4646
6066
6206
5258
4552
6198
5481
7601
6027
5970
7358
5878
7257
7022
7864
4778
6929
7891
8125
6341
5046
5565
4516
7093
6608
4410
7251
6912
4993
6945
4097
5301
5554
6435
6028
6917
7869
5990
6332
7115
5284
6225
5826
6020
7005
5005
5612
6063
8190
6149
6011
6743
7239
4097
6514
6531
8014
5015
5501
6109
5256
5735
4677
7917
4728
6966
7879
5411
6999
6334
6771
6489
5090
4208
5899
7186
7254
4735
6288
6378
5659
5632
4097
5474
4693
5328
6704
6847
6010
5512
6161
6683
6233
4816
7824
6167
6487
7546
6458
6799
6508
6225
6416
6596
5822
7337
5626
6619
5929
5653
5133
8190
4771
8190
5350
5141
7196
5895
5807
6608
4651
4097
6853
6515
8190
5822
6244
5721
6066
6660
5178
6317
5541
4097
6802
5365
5078
5128
5540
6161
6969
4467
6765
4097
6990
5259
6205
6149
7985
4552
5750
6440
6106
6183
5308
5580
6100
7253
7475
5978
5335
6272
4720
5520
4097
5724
5437
7138
5468
6496
5209
6800
6447
7004
6023
6921
5971
7549
4952
5620
5864
5388
4407
6634
6149
5940
4480
5282
6133
4421
5717
6279
4966
6308
5882
5602
4863
6805
5432
4698
8173
7535
7206
7076
5083
7532
5743
5824
7144
5699
5337
6432
8033
5300
7277
5752
6115
7261
5908
7297
8190
7383
5785
4926
6508
5541
5726
6916
7764
5638
5723
6682
7287
5363
7217
6331
5864
7269
4980
5211
5546
6459
5488
6426
6701
5500
5085
6760
7449
5616
7282
5352
5080
6634
8190
7464
6495
1569
1147
1703
1680
1151
1011
1118
418
312
1876
140
831
701
1641
1967
1462
1008
1900
2012
1679
283
746
1203
2018
1503
1033
784
1081
2021
501
1052
1703
629
872
268
1582
1594
714
181
879
693
692
102
1087
1183
770
449
1915
80
1909
1887
864
1137
2041
900
829
1528
183
305
1408
1568
474
256
1920
1584
508
1632
207
4
1616
229
1408
258
1718
42
1768
29
1830
1742
1821
1661
549
564
1136
1167
953
945
404
1749
1420
746
1078
1244
198
191
1289
316
769
30
1562
712
1189
629
508
1996
1922
413
1235
1757
322
869
682
1244
838
1116
1889
1865
1685
1810
1917
1857
1552
1837
637
617
1083
1651
371
828
585
1763
1585
987
1423
518
132
1463
1488
315
1275
1911
1304
282
484
731
2001
807
833
685
1862
1573
863
381
1041
746
779
152
708
2045
1566
1278
964
653
74
757
481
1045
1924
115
1633
1351
1412
197
1245
1216
528
1268
848
540
1243
5
1846
28
337
1836
1968
1116
1088
1739
209
638
1442
1826
4
203
164
29
825
158
1884
558
412
65
643
1321
985
1858
1821
1217
519
576
1428
1802
581
1853
13
1139
541
575
906
729
25
1954
1117
1033
2025
1902
49
2047
833
1128
63
420
608
77
357
25
1917
153
1738
1942
969
172
3184
3879
3570
1838
2386
1777
2685
1086
510
1704
1933
2074
1049
1425
2860
1726
2742
1
1
80
2237
1943
2414
2215
2190
1035
2643
1
2777
3614
2683
2610
2000
2484
3833
1199
2527
1768
2878
2183
2029
1629
2806
2949
1187
354
4094
1683
1708
2832
3947
3044
2603
966
435
1503
1607
881
2134
2741
4094
2902
775
4094
2291
2515
1679
2348
1386
1706
1660
2110
3709
1901
791
393
2241
1466
1054
900
1114
2929
1856
1114
4094
989
2401
2288
2138
2197
2834
2273
2678
2782
2439
1552
2175
641
3704
2228
1872
4002
2063
1253
952
1204
3059
3144
1724
3023
1671
2661
1045
1036
2423
1852
1513
1363
2108
739
1676
1656
1549
2370
1500
1246
3574
1508
2295
2880
2399
2205
1091
2659
2776
1293
1999
1423
2899
1957
1640
3778
4094
1747
1896
2610
1603
568
999
644
2682
1889
2347
664
3602
2894
2731
1861
1222
750
2757
1198
1883
3780
3888
3560
2537
3097
3765
2036
1363
3038
1635
3108
3215
2286
3488
2142
1743
2623
3174
1966
697
1284
1352
2271
2019
2392
2282
2524
1917
1983
1793
1276
1560
3432
2469
826
2849
1007
2329
2461
3497
2433
4094
3192
3030
1376
3834
2468
1688
1532
2777
2058
2075
1352
897
2587
1970
3075
3069
2695
1767
4094
2643
286
1888
644
1346
110
2893
215
1416
1891
1215
2883
1437
1406
3286
3237
1
1627
2978
1830
4094
3101
2101
1943
3432
3624
3681
1465
2753
1908
1313
1571
1849
658
1310
1230
3324
2937
696
2482
803
3092
3393
792
2702
2838
1590
2191
2347
1841
1963
393
2863
3176
1632
533
1745
1512
2064
1108
2867
763
1947
2574
1114
2189
1765
2900
2855
1288
2440
492
2261
700
3121
3812
3303
1193
900
1608
2093
2143
1706
3218
2336
3165
3857
1695
605
2157
2394
4094
2900
1051
2308
2177
1839
568
2371
1375
2643
1403
1200
4094
1721
2062
1421
468
2567
2544
1263
4094
2516
1338
3276
2671
2292
2643
3704
3449
2023
3343
2045
2232
2021
3094
2549
3976
2787
2580
1255
630
795
1639
1939
4094
456
1046
3477
1652
638
3032
2040
3245
3161
847
2465
2070
1314
622
2812
715
2858
2847
3004
730
3566
2071
2395
3403
761
1153
1356
1843
1365
1927
2866
3471
2920
1543
1963
1428
1249
1584
2287
1307
2991
3606
3869
2659
1284
1375
1881
1231
1077
3772
2767
35
3302
1923
2570
3064
722
412
2698
4092
1643
2196
2229
757
2898
2142
3887
3299
1948
1847
479
3556
2655
1265
3402
2529
297
2668
1055
2642
1967
1961
2024
1589
3115
1816
2762
1651
3260
1278
2379
3591
1016
2443
2583
2697
1514
340
2502
3191
1344
3602
1810
1472
2494
1141
1614
1452
546
3116
1290
1194
2146
3238
2656
2833
2077
1124
2041
2269
1506
2499
1
1
1064
2397
1166
2708
1988
2384
3671
2427
2300
1153
1141
2811
1495
2197
3005
1066
1942
1270
941
2056
1145
1160
2402
3048
2903
2559
1472
560
2899
2359
1900
1098
3450
1592
681
1362
1823
3191
3023
1210
550
1477
2193
2801
2655
1163
1775
3488
2031
1938
766
2311
1314
1091
1
2679
2684
2619
824
1503
1248
2298
3560
984
1569
1652
4094
1574
367
1599
3591
744
1438
1707
3790
1316
1421
2720
1
1599
2321
1473
298
2907
1321
1816
2826
1181
2432
1924
357
1703
2565
1457
1406
1902
840
1573
2542
2453
1902
1967
1991
73
1984
771
2518
2772
3832
1679
2253
1813
3284
2758
2345
3791
2088
1799
2240
1971
3123
4094
1541
3189
1222
231
2155
330
2350
1017
1695
1922
2201
789
2963
1674
2408
1337
3131
3016
41
1374
1630
886
1647
2234
2642
2730
4094
1871
2481
3156
1591
1403
1654
4094
3088
2141
1641
1797
2795
2203
2091
1899
2426
1130
1
3389
1644
1458
2010
2880
2607
2337
2244
1510
3112
1804
1760
1607
2080
2655
2132
2622
3074
1547
2533
3119
2617
1997
3491
1060
1898
1278
2607
2585
2499
3153
2311
2168
2864
2847
1459
1611
3503
2846
2580
1440
2552
2827
1
2427
1942
2202
1612
771
2475
2557
3192
1893
4094
2847
2541
969
3650
2325
1305
2130
2327
3430
2264
252
1366
2838
2184
2295
3661
812
3177
974
575
3162
1789
2406
1304
2158
2304
1946
2611
1348
690
2271
1
1782
3289
4094
2710
2181
2384
1326
1283
2626
1810
1713
1145
1622
1
1857
2406
227
2032
1991
3141
3090
1363
1460
1404
306
830
1168
3395
1663
1627
1869
1237
4094
1895
2026
3091
1
2483
4066
4094
1875
2457
406
2370
3198
2189
775
1197
2090
1758
1892
4094
1698
1
3952
2569
2860
1067
1907
1246
866
1709
2640
1857
1481
2586
2961
3160
3831
925
1394
3985
1129
1449
1972
1008
3681
855
1365
2235
609
954
1614
2413
437
3470
1423
2253
2955
4094
2163
2276
3123
1659
1152
292
2059
3085
1401
3024
1854
3771
95
913
568
1746
4094
2660
3368
1199
2180
1913
4094
2475
1672
1711
3015
2700
2447
671
3343
1409
4094
513
2617
2981
1
2988
1039
2901
518
3609
1030
2682
1305
2055
2026
1914
2532
236
3848
244
2830
2296
1264
1354
829
796
2586
2221
2832
57
1787
1141
1097
3481
2529
188
882
2469
2077
3323
3030
1654
2237
1362
2490
1192
2267
1411
2724
2836
1
1081
2352
1850
518
2096
2729
2760
872
3094
3258
1981
3611
2975
3218
1514
2858
209
3035
3048
2069
3410
1997
1188
1832
3193
1739
2042
1202
2229
2444
2940
1886
1087
1541
2804
2180
910
2363
1659
3841
1953
836
3933
3295
4094
1619
2612
1979
749
2329
3160
2347
3039
473
1951
1616
1441
674
694
3095
1994
1660
558
2349
1277
2700
1362
2111
3311
2360
4094
3330
3766
2432
2600
2393
2110
3493
1325
2089
1502
639
3966
84
2749
3002
1771
607
2829
2870
3642
2873
2578
3353
2694
2638
1656
2923
1245
1014
2865
2131
1791
513
162
2186
3110
2464
1577
3619
1389
3687
1968
2874
1652
2289
542
799
2533
3024
1575
2002
872
1576
3058
894
791
3244
46
2272
2078
2460
1921
950
1860
3421
2428
2122
2234
994
906
1525
2112
2574
2302
2292
1879
4058
997
1924
2299
1927
3841
2744
955
2180
2537
2059
827
2467
563
2143
4094
344
1830
3296
3025
710
1809
2751
1
1595
3745
1887
1962
1933
2098
1451
1048
2130
2391
2223
1030
2282
3260
647
1764
2449
2271
1182
1437
3705
1244
1876
1521
1724
2776
3723
1943
929
426
1086
2860
2261
1738
898
2191
2205
997
2641
862
3242
1721
1679
1436
647
2473
228
1202
433
1585
1464
4041
2241
1948
1937
508
2087
2104
897
2217
2578
2776
1748
1686
2899
3904
1275
2824
1584
760
50
2634
3442
1519
2355
1652
2591
2576
2963
1151
1432
1408
271
1088
3077
832
2562
2366
1371
1763
1368
2148
481
2203
3384
341
3247
3775
1734
1998
840
2226
818
3192
1011
2068
775
3416
2168
2814
743
3281
1490
165
1368
3318
3553
2138
1329
1249
1496
2043
3479
3144
204
1145
226
1876
1898
2237
1657
1430
2573
2133
3526
514
1876
2765
2300
2589
2824
1939
2887
1851
2265
2807
1459
1508
2237
1960
850
2865
1311
1792
133
3293
2549
3155
3863
1127
2110
1
1514
2452
2114
1791
2736
2701
3503
3434
2369
1135
2027
2125
1229
2674
88
557
2640
1390
3346
1847
2613
1709
1743
4094
2429
2490
2583
1707
2287
2062
2838
1945
861
4094
2713
1554
1760
265
1305
987
2945
1941
2216
2405
1
2861
2477
1799
1677
1720
2387
1470
2205
1798
2542
2452
2220
2149
2638
1550
629
1316
1001
622
3027
1877
2325
2824
2671
2308
3144
3732
2407
2443
2566
1247
1794
112
2723
3155
3528
2323
1406
2051
460
2568
2056
2064
625
1841
347
3713
2082
883
2107
2006
1509
1170
386
614
3028
2132
1174
2089
3131
1652
2131
2432
729
2254
1644
1940
474
2253
1699
1966
2759
1316
686
882
2429
1137
1691
1926
718
2430
895
1560
2035
539
1498
2082
323
956
1199
1579
3273
2761
2794
4094
2478
639
2108
2541
1672
3697
2383
3263
1367
3032
2231
2571
4094
1719
1947
1
1661
471
1596
2681
2133
369
795
3832
1917
2067
1610
3006
1302
4094
1452
2317
2576
1439
1649
1979
980
1123
1895
2207
1604
2142
2298
1075
708
911
2853
4094
2765
2976
3799
104
3293
268
657
2349
1726
2615
2798
999
2514
3182
727
1251
1487
4094
855
3668
2813
2433
1759
1920
1951
1981
2235
4094
2600
1514
1391
2097
1211
2198
1240
1247
1635
2198
2803
570
121
1872
3479
1149
1482
2016
1645
3322
252
1605
1181
2621
1
1221
3883
2538
3853
4085
414
1862
1923
2412
1277
1456
1679
3247
2360
2624
1627
2700
517
1645
3200
2035
1605
742
1673
3961
1823
2470
2797
3210
497
3124
2497
2306
1225
1485
2131
3199
1186
3824
1407
1957
1933
2105
2760
2834
2942
3156
4001
2377
1487
2358
2312
1231
1682
2325
1905
606
2718
3545
1042
1455
17
2512
2778
1294
1531
3491
2370
2037
1649
2976
4087
3921
3236
2113
2151
2336
1897
3098
1552
2788
1483
955
1005
1
1564
2564
2792
254
2448
1329
808
2373
572
650
1301
1226
2554
3071
337
3939
435
1012
1500
2791
2595
2434
2055
2758
2319
3781
1610
4094
3104
718
1177
1169
3340
3094
2731
1
1
2035
2872
3015
2690
2066
2253
1128
2405
1392
1486
3839
1996
1446
1613
2149
1145
3342
800
1135
1778
3317
2241
2468
2430
1656
2265
1420
2224
3606
3265
1768
3425
1587
717
2102
1340
2976
2446
2741
190
2324
2734
1513
3324
1149
513
2729
2372
2282
1312
1629
919
2332
1193
617
3437
3285
2247
2066
4073
3935
2417
2072
2722
2152
574
2763
1591
1082
2677
3081
1128
1583
2289
4094
1
1605
950
2570
1928
3499
3332
2816
1770
2146
2419
381
2245
1745
2222
2513
1695
3307
3771
2527
2605
1934
2780
2201
2322
590
1695
745
3048
2001
2765
1479
2996
1215
2206
1961
3167
1314
3598
1483
2342
1106
1295
3011
74
1651
2361
675
653
1870
2895
1481
200
1859
3075
1337
3815
2584
2474
1829
3388
2745
2155
1934
2874
3001
1535
1417
3523
2500
1677
1023
2200
1839
3339
1195
657
2072
960
3339
1
3049
2094
3434
357
761
2255
1358
3206
3956
2014
3220
2523
3416
1157
1952
3404
2432
2925
2752
2890
2500
3576
2795
2547
1867
2021
2643
3717
1942
2409
3509
1219
998
1629
1506
1004
2230
1355
3392
2392
2900
461
2246
2692
2377
337
1606
1888
3549
2026
645
2398
3509
2559
2911
2182
2026
826
1
2439
2807
2454
1670
2665
3085
914
1961
1509
3701
1591
1309
965
2745
2705
2277
1598
1590
2474
3133
3021
1796
2379
2379
2583
3267
2214
2617
2028
556
3000
1683
2559
1086
3022
1772
2136
1842
3192
2971
2325
2395
2171
2338
1928
1543
2960
1
1465
478
3183
3495
2951
2943
3103
3315
3167
1257
2369
1306
2270
3035
1191
1767
1590
4094
2264
2017
2114
1895
2334
2004
460
1899
1956
1775
2175
1994
40
978
1764
2214
2637
1627
2301
792
1228
2684
3135
1473
1476
1199
2479
3072
2087
3826
1395
3541
2736
1628
1345
2925
2235
2851
1461
2535
2965
3122
2375
930
2592
2649
2221
1143
1
3191
2306
1119
3736
793
2729
4094
947
2372
1080
3622
1449
2302
1918
1879
2417
841
2914
3714
1277
1455
1269
2180
2366
311
2854
2822
2542
895
1717
2524
3704
2459
3147
1924
1893
1
2519
3424
3514
3019
935
2329
1123
1764
2426
2024
1553
477
1800
889
2503
1325
1571
1762
2447
2985
1467
2444
1894
2159
1454
4094
2396
4094
807
2265
2496
1125
1521
802
2120
1492
1966
2260
1416
1554
2889
51
2055
2555
1383
3062
965
903
4094
2689
1271
3211
2880
2083
2404
2478
1821
2733
2535
376
2969
1415
2666
898
4094
3087
1511
2575
2273
2909
1522
1397
3287
2676
1515
2406
1973
2119
948
2649
2980
1820
2634
2358
1334
1496
3027
435
1709
1962
2496
2277
2231
1
2159
1026
1189
1349
773
2194
965
246
1
2968
2277
1377
2931
1283
2197
1
3059
2595
1471
3757
1320
625
2651
3127
3416
2398
3064
537
1702
3230
446
2418
1548
3430
812
3113
2120
2951
1945
2584
2877
3770
3247
955
3179
1566
3170
3467
1793
576
1852
2205
2608
2824
2095
2673
221
532
4008
1680
1696
993
2549
2767
1
1932
2787
1
1222
3537
493
1672
3778
2829
402
1
1326
1879
1166
1
1577
2197
1096
1113
1815
1226
618
733
1060
1025
1013
410
3726
1220
515
1983
1
2301
1170
1993
2161
1430
2975
3876
2252
1691
2241
2922
1976
1645
2893
915
1832
1027
4094
3965
3126
1535
2439
2095
2859
1637
4094
1687
2996
2965
3102
2220
1279
1574
1510
2241
1997
3773
1624
699
698
4094
3193
2731
1762
3030
2806
1305
2808
1388
3021
1138
2487
900
2936
1218
2720
2703
3617
2557
185
474
1347
958
3746
1491
776
1458
2320
930
1189
1
3209
2243
2484
2404
4094
3776
3649
2315
1577
364
2690
2299
2733
2112
3412
2112
2314
3650
1307
3429
1475
1422
713
219
1644
2141
3340
2825
2968
3305
2407
558
3964
3180
445
1478
3124
1
2512
1119
663
2829
1
2773
58
2356
1491
2160
2293
3240
2273
1914
2211
4094
1756
2930
1155
394
2141
1557
2749
2092
2788
2238
3262
2782
1822
2074
2469
2141
3313
2483
2775
3234
1273
1524
2167
2108
3376
3107
2803
2707
20
4094
2329
915
2704
2272
3970
3071
2029
532
2297
1419
2440
3857
329
2679
487
3332
1758
1993
2057
2346
1478
1864
1076
744
2588
2824
1069
2628
1325
1180
4094
1582
1480
3106
2983
192
2327
1641
2174
2761
3298
1967
1870
1999
916
1387
511
3001
1570
3097
1340
2210
1515
3052
2909
2964
2332
3043
2561
1597
1902
488
2601
2811
1119
1201
2554
1349
3049
2462
2387
2003
1439
2133
1423
2734
1093
2506
4094
2754
1619
1198
1942
1173
1760
1744
1352
527
2926
937
337
2219
1798
1062
2453
1219
862
1
1213
2479
2914
1160
1964
4094
2426
3249
3039
3918
1614
853
991
1195
519
2195
2120
1478
2659
2216
3234
238
1245
2348
4094
3444
881
1906
3056
1496
3134
1917
3504
1784
3195
1688
1904
3721
1361
2846
2397
3694
2962
2448
2535
2280
1991
319
3152
2539
2243
1554
2253
1972
3014
2318
1849
2698
2002
2580
2462
2274
3982
852
1561
3353
3451
4049
1291
1690
299
2436
1060
732
1222
1810
1625
1293
2186
99
1061
469
1795
2501
2812
396
1390
2501
1870
1259
2480
2097
1
1585
4085
1718
2096
2436
3953
2415
1262
1556
2451
2638
1052
1489
3246
2593
2735
3078
1771
3467
3038
2874
2045
2213
1772
3242
2137
3951
1664
1127
2165
2048
518
2715
3276
1930
2054
3832
8911
1750
11500
13191
3154
9931
14002
5606
10106
4345
10365
8317
1404
11059
13230
13901
5422
14291
7199
1080
301
340
8954
78
6688
11240
6190
12821
4359
137
1742
8362
4022
8655
5417
4899
296
2367
8397
4175
3409
8383
4155
5933
12506
4159
6523
5336
5012
7997
8047
8454
4292
864
11880
6850
2538
10536
1652
9595
3163
4119
5710
7191
4952
12730
392
2929
12155
8261
11972
3785
11936
112
3479
13104
11611
10023
3538
8581
3061
4416
3165
8978
3744
10927
10026
5924
7455
12371
13941
758
6858
11576
5374
10949
7632
14157
5633
11702
4611
4134
13
1554
2791
6340
12289
13458
4442
7212
7765
2274
3054
11721
12666
3649
13168
9416
10676
4469
601
9796
4859
6769
12409
6248
8230
87
4361
10285
10586
2932
4988
3422
3563
517
5302
12029
13926
11880
12026
2917
8459
14027
7956
6308
9018
5118
9301
3253
8290
453
8575
13446
8128
5488
4508
11764
11795
12551
14146
716
10572
12009
5672
2598
255
2957
6948
10575
622
6868
14273
1497
1583
1021
2187
11799
717
9612
1806
2949
1623
4643
9822
3036
4667
11638
6466
8204
10687
667
7005
4593
9846
2595
7430
9818
5644
9404
14058
5755
8067
9162
9438
12107
13934
10693
1247
13701
1486
7207
7893
4868
6547
10590
3527
10937
11118
11253
5601
8856
6532
8358
1625
6466
6729
14080
9159
13580
7269
3194
14008
13709
2448
9454
13802
9255
10546
13364
2393
8354
9205
9892
13863
8976
8683
5169
7605
6214
12772
2616
6442
8869
13275
4521
2750
5272
1088
6427
10674
3265
10739
8277
1841
4928
12415
4356
682
4670
12305
2527
13706
2225
13848
7855
2539
7370
15678
13884
14178
12787
14084
14803
12289
15803
15205
14918
13363
14600
14566
14219
16382
12895
14094
14519
16382
15141
14707
14354
13297
13189
14689
13306
14708
15498
13964
13525
13722
14958
13354
13225
12843
14321
15836
14664
14825
14890
13979
14976
15760
12289
13442
14255
14797
15434
13429
13556
14076
14500
13229
14429
15499
15500
13561
14577
15053
14549
16382
14038
15257
13691
13541
13522
16382
13243
13298
14125
14124
12896
13327
13256
13351
12373
14030
13825
15636
15888
14432
13566
12802
13178
15929
13350
13825
14779
15547
14221
16134
13882
14486
16019
13734
15039
15149
14468
13528
14102
14683
14321
15402
14559
14249
12828
13797
13903
16023
13872
15227
13237
13769
13748
15283
12437
15326
15255
14583
12482
12943
13973
14142
12289
13779
13336
14868
13818
13291
14801
13888
14645
13791
14103
13783
12796
13152
13907
15459
15420
15163
13422
15165
14057
13630
12856
13400
13285
14655
13098
12646
14505
13505
14879
15006
14813
12289
13961
14895
15364
14381
13146
14062
14622
14220
12847
13555
16009
13885
13231
15502
15607
13878
12289
14403
12547
14556
13694
14522
15421
12868
14185
15674
14238
14551
13290
15143
14839
14223
13927
14586
12289
15177
15797
13348
13949
15482
13596
14297
13109
15176
15205
13459
14890
14694
13800
15608
14994
15419
14746
13849
13732
13851
15343
14519
13398
15160
13783
15813
14518
14775
15218
14894
15050
16129
13623
13454
15773
15048
14196
13745
15426
15038
13923
14970
14003
13393
13190
12948
14032
15328
14802
12289
16202
13709
15543
14698
12930
13907
13928
13068
13827
14327
15082
14236
14634
14289
14414
12305
14478
14060
14227
13553
14794
12950
13588
13035
14331
14655
15451
15931
15014
15093
15339
13468
14106
13671
14408
14072
14265
14078
15813
13651
15224
14072
14525
14319
14766
14318
15716
13720
15512
13755
14592
14640
15944
14072
14821
14104
14957
13868
13959
13750
16382
15498
14231
13708
14250
13396
12908
14499
15687
14091
14004
14730
13444
12304
15796
14087
13842
13895
15434
14156
13815
13983
14351
12901
14808
14994
15604
12975
13951
13429
13864
13245
14387
13914
15121
13515
15431
14051
15950
15690
15854
13409
15234
14408
14859
14169
14278
12705
14568
14573
15248
15227
14397
15231
13529
13680
15872
14780
14627
15226
13214
14993
14340
14699
14196
13056
13185
13531
13803
13553
14556
14561
14590
12909
12658
13772
14620
15148
13030
12683
13920
14570
16051
13746
14694
13959
15634
14071
13210
12834
13561
15357
13784
15050
14878
15015
13747
14216
16382
12859
14062
14923
13949
14314
14126
12289
13305
15524
15268
15523
13766
13685
15227
14691
14714
13946
14782
14927
15590
15017
14168
14056
13930
15056
14727
13398
13455
15344
14154
14240
14394
12944
14094
16382
14833
13953
13126
14592
14150
14653
13438
12289
14109
15219
14690
14541
12870
15800
16382
14827
13285
15545
14849
14768
13248
14292
15741
14382
15072
14842
13146
15880
14996
15801
15087
14260
12289
13790
14097
13772
16382
14272
13039
15769
14293
14286
14000
14580
15260
14777
13048
15172
12819
15143
13201
16319
16044
14179
15011
14207
14280
16040
14580
14044
15534
15442
14433
14191
13335
13024
13763
12312
14705
14959
13223
16005
15431
15722
16362
15062
13845
14180
13973
13317
15131
16292
14496
13048
12805
13650
15191
14162
13789
15327
15188
15948
13669
14343
15334
15903
14228
13040
12993
14417
13514
14408
13279
13207
13652
15666
15335
14528
12455
13467
14517
15217
14659
12289
15613
12755
15850
13442
15683
14894
16081
15743
13656
16123
15546
14329
14921
15461
16267
14529
13598
12878
14071
15237
14553
14355
15171
13038
14091
15790
13131
13775
14789
14615
15103
14423
14931
13779
15292
15808
14852
13817
14162
13529
13462
13357
13605
14599
14163
14413
13219
14279
14525
15112
13489
14625
14563
13985
14840
13522
15092
12768
16180
15939
15408
14890
13857
15529
14948
14228
13913
14393
13703
12572
14601
14192
14449
14970
14373
15187
15100
13019
13213
16382
12289
15550
15389
12289
15286
12826
12289
12971
15764
15689
16382
12403
13512
13745
15211
14886
13743
14658
13907
13662
13865
12749
13312
13219
12289
15406
13878
13489
14577
13259
15239
13159
14256
15148
14514
14922
15122
12289
14721
13432
16382
14943
14571
14205
14242
15557
15730
14718
15108
12289
14658
16382
14930
14063
16112
14871
15529
16382
14461
15868
14154
14467
14542
15918
15002
13423
14685
14829
14729
14252
14549
14657
16382
14154
14317
14035
13539
15169
13062
14057
14495
16379
16045
13224
14721
13270
13586
14433
14239
14566
15255
15717
15356
14305
14036
15630
14689
14231
15022
13613
14138
14583
14268
13723
14090
14133
13082
13407
15313
14440
14957
12289
13819
13803
15702
14462
14521
14618
13203
12893
15536
14698
15861
14304
14578
13626
13344
13572
13881
15964
15021
14203
15012
16258
13944
14230
14036
15098
15398
14716
15625
14754
15276
14446
14588
15393
12951
13677
14858
14545
14295
15146
14355
14231
14110
16043
13921
12394
15485
16161
15486
13891
13612
13381
14790
14886
14252
13371
14206
14334
15106
15288
14343
15200
13943
13408
12651
14285
15484
15349
14395
16330
15056
12327
14025
14554
14440
14316
13387
13479
15239
12663
14346
15001
15414
15327
14097
13730
15054
14215
14056
14643
14029
13885
12289
14611
14959
12289
15234
14456
13074
12788
13388
13679
14780
16382
14630
15356
13006
15069
14114
14632
13424
12687
13402
13222
13834
14600
12289
13970
14179
14219
14050
15865
13303
14519
14416
14661
14972
14188
14971
15457
14684
13745
15839
14664
14639
14505
15309
13095
13359
13105
13760
14951
14688
12289
12289
15729
13479
14994
14677
12289
13627
14597
14212
13579
14316
14451
15882
12289
14804
14021
14163
12572
12669
14350
16154
14885
12601
16333
14450
13807
13934
14085
13079
14366
15247
13263
15248
15047
13959
13625
14269
12963
14672
14936
14737
14078
14310
13806
15348
15040
13663
12289
15243
13220
13684
14092
12907
13542
13949
15390
14199
15859
13818
15219
14382
14320
16382
15245
14814
14517
14858
15758
14349
15678
14456
13230
12968
15306
12289
14868
14594
14694
13258
15155
15727
13841
14303
14309
15042
14172
14532
13527
14637
15307
13028
13240
14225
14596
13414
15161
13325
13967
13769
14684
14656
15834
14073
14351
13252
12568
13688
15842
16192
13951
13188
14348
15107
15024
14082
14638
14689
14478
15296
13627
14166
14398
15242
13415
13345
15083
13601
15420
13169
14554
16382
13640
15312
15196
12353
13300
12582
13631
15907
12913
14914
15109
13944
15170
13327
14146
14069
15109
15548
13997
15380
15349
14419
15732
14417
14959
13673
14601
14301
16382
15053
15900
15272
13154
14681
15733
13194
15405
13709
13435
14646
15021
12292
14700
14615
16032
14436
14260
13515
14079
13541
14920
14098
14208
13474
14945
16382
12839
13593
14001
15024
14622
13575
14993
13675
14321
12326
14493
12657
14196
12790
15581
13913
14930
14651
15024
13443
16382
14448
14995
13453
13282
15960
15689
15398
14100
12991
15012
14835
13457
15877
14650
14754
14923
15109
13820
14619
15221
14735
14666
13396
13243
12569
14485
14992
12811
13667
15360
14603
14926
13658
14818
13885
13571
12436
13354
13457
16003
13488
13530
12909
14047
13655
14283
13387
14334
13635
15763
14550
16382
14572
13994
13932
13990
15682
13912
15096
12329
12731
13910
13252
12859
15021
12289
15752
13803
13562
15493
13884
14165
15089
13239
13898
13559
13797
13770
13530
13260
12887
14479
13969
13755
14013
12735
13334
14555
15012
12289
14067
14637
12866
15911
16132
15955
16382
13693
14722
16288
14076
15086
15174
13963
15823
16252
15102
14896
15551
13500
12289
13810
14747
14137
15304
12995
15223
15508
12289
13679
15031
12547
14841
13710
14439
15620
14157
15324
12298
14569
14348
16382
15277
14390
13867
13742
14934
14648
12684
14717
15629
13693
15495
15607
13951
13786
14512
15472
14573
13907
14896
13184
16194
14315
14743
13581
13493
14182
14848
13875
13614
13335
14078
15571
13738
14162
13851
14570
14323
13243
15563
15734
13626
13063
15290
16089
13156
14784
15771
13197
14299
13496
15108
14574
15809
13264
13284
13057
13651
14080
14324
13048
14535
13437
13907
13153
13921
14600
14410
15118
13958
13862
15269
12837
13066
12552
15699
14577
14667
14248
13717
13029
16382
16292
13118
13299
16347
12289
15192
13621
14381
14880
13528
14527
15246
15002
12903
14277
12774
18085
7504
20468
11717
1182
15239
11408
8157
13410
6968
1820
5534
18247
15048
4504
17581
16600
10561
22159
3029
13887
358
10909
19563
18144
15078
8951
17811
9344
8298
14706
10547
11791
7132
14508
22516
9918
9476
1171
3206
2322
11397
9910
946
8397
20963
12776
20518
21334
14100
9654
17101
17270
6421
8465
9358
6481
19705
13105
20370
16578
14185
19440
17790
17454
16176
13100
21259
16604
22123
20311
62
10591
16248
6005
15176
9008
12592
21963
6712
9453
9745
12319
15266
8014
2766
15038
20715
12644
8004
19463
510
21111
2491
9652
8945
10054
393
1906
13702
16212
21763
181
13692
409
7528
15745
14806
15525
4885
13539
11549
21546
2260
21268
5885
5800
16556
6528
5101
14593
19734
9986
946
10875
7615
12734
15988
1587
18899
17457
13047
12517
15717
7807
9639
3753
2095
10093
223
12192
2782
13354
20493
14988
9908
21503
23498
20600
23371
23882
22424
21223
21908
22166
22807
20678
22389
22117
23498
23232
21163
22021
21140
20994
24574
22087
22687
22828
22836
21637
24002
21410
21498
23470
20481
22283
22701
23756
23127
23769
23392
22131
22984
22164
22178
22766
22621
22990
24235
22137
23020
21985
23382
23160
23548
21908
23535
22631
23099
24507
24096
24425
23402
21636
21236
22068
22965
23144
22536
22139
22003
22182
21057
20841
24565
23138
22511
22279
22602
21695
22730
23952
23297
21719
22004
21793
23762
22838
22042
22188
22524
22040
23656
22493
21821
22853
22890
21996
20481
22174
22488
22794
22533
22709
22711
21239
24198
20525
23010
20849
24284
23236
22094
20894
22335
23066
23851
22202
21609
22129
22431
20955
21681
23345
21493
21762
23367
21503
24574
22511
22538
24381
22173
23578
23304
21515
22568
21629
21913
22745
22464
21872
22613
22152
22246
23133
23178
22653
21752
22452
22878
23920
23113
21935
22200
23434
22604
24044
22788
22681
21492
21710
23909
22936
22028
22726
23111
22389
20481
21268
23627
21735
21385
24056
22481
22520
22328
22457
21465
22044
23578
23303
21802
22219
22952
20604
24574
22438
23876
23707
23886
23826
23563
23345
24016
21958
22891
23446
22108
23861
22067
22659
23921
22998
23143
22763
22142
21335
23390
22751
23312
22666
20975
21885
20481
21142
20591
21760
23014
20964
21954
24574
21126
21361
23508
22248
22034
22868
22236
23358
21148
21780
21495
22068
21746
23593
23195
23439
22227
21669
22373
22487
24360
22126
23624
23324
24574
22586
20481
21852
22674
22437
22632
23554
21591
21438
20765
21421
23201
23080
23097
22658
21365
23483
23022
23199
22964
21274
22689
21597
22122
24574
21578
23095
21833
22294
22911
20886
23590
22535
23122
22344
22753
23632
24139
23941
20801
23877
21995
21767
23024
21328
23084
23106
22830
21101
21870
23382
22969
21174
24229
23237
21844
22344
22537
22668
22074
22073
21891
20553
22381
22440
24082
23051
22502
24574
21346
22249
24440
21758
22094
23207
23384
22790
23701
23594
23350
22387
22366
21819
23240
22424
21844
23446
21559
21263
21209
21659
22917
23358
22680
22704
23305
21997
22013
23387
24574
23435
20704
22480
22438
23076
22117
22655
21621
22228
22392
23417
23555
23376
24216
23212
21920
21654
22760
22973
23510
21473
21470
23048
22232
24060
22813
23275
22971
24574
21180
21526
22079
21843
24321
22070
22447
23081
21833
23640
23098
24248
22235
23061
23159
21421
23215
21887
22246
22072
24521
23890
22153
23059
22426
21755
21245
21484
22507
21225
23064
22229
22891
23713
22008
23487
20978
22631
23264
22390
22625
22386
21452
23791
23593
20866
22802
22537
23036
22666
22408
22339
23260
24151
22007
23138
20481
22173
21226
20481
24528
22357
22331
22215
22322
20481
23339
22248
22287
23179
22618
21134
23489
22917
21650
20481
22910
20733
22907
21682
23710
23065
22158
21884
22311
23434
20914
22310
22415
22514
21843
21399
22275
21597
23704
22572
23105
21454
23645
21464
21000
21861
22275
23430
21169
21675
23028
23129
23477
21803
24205
21910
22031
24574
22659
23506
23411
21262
23013
20504
21783
23073
23809
22974
23310
21686
24568
22895
22981
21525
23752
22863
22235
23848
22245
22215
24441
21804
24392
22155
22729
21965
22742
21416
21752
23617
22462
22071
21500
21787
22787
23726
21489
22657
23080
23986
21274
21413
24195
22787
23785
21963
22322
23778
24001
22570
22182
23246
22799
24142
22815
22878
23148
22221
23178
23963
21859
22291
22996
21433
22768
23258
22879
22709
22721
22860
21824
23538
23776
20905
21526
23193
22678
22173
20481
21941
24574
23494
23279
22677
22307
23671
22904
21924
21118
21346
22781
23941
23130
23094
23270
23153
22939
23056
22994
21044
21144
23608
22858
21479
23373
23269
21275
22051
23905
22634
23719
22262
21086
21422
23045
23054
22975
20481
23423
21468
22298
24574
21535
21609
23286
24430
23081
23310
21434
23642
22460
22224
21416
22032
22692
22605
23086
21346
24195
23700
22025
21088
20677
22868
22115
23371
24186
23270
23550
20753
22327
23536
24194
22169
23485
22356
23846
22742
24190
20481
21950
21732
24374
22166
21485
21854
22656
24299
22773
22562
22564
22903
23069
22121
21539
21917
22606
21537
22345
22415
23017
20481
23417
22103
21848
22718
24355
22108
23817
22759
23933
23280
22188
22426
24574
22728
21505
23045
22156
22351
22785
23095
22578
23805
22571
24293
24212
23739
24574
24423
23385
20627
23027
22680
22571
22063
23090
22396
20481
22593
20481
22613
23102
23077
22146
23603
20954
21474
24192
23594
22068
21287
22943
22996
21797
21255
23928
23595
23655
24317
21503
22127
23303
24012
22619
21672
23661
24014
24417
23076
22932
22691
22075
22852
20722
21383
22653
23538
22820
23772
23560
22022
22723
21934
23169
23119
24110
20933
22275
21084
22209
22296
21309
23204
21439
21778
23431
22369
23367
23045
23049
22241
22762
22247
24054
23679
22426
22539
22028
22060
22224
21971
23660
22602
24460
21521
21489
23856
22270
22110
22704
23466
23405
22393
22917
22619
23571
22541
22815
22300
24151
22492
23032
21745
21757
21870
23188
22718
23385
20843
23281
23581
22348
22591
20890
21779
21571
21968
22647
21746
22578
21675
21460
20481
20664
23699
22519
22463
22693
22604
22184
24505
20481
23988
22874
22735
22331
22791
24068
23657
22786
21964
21433
23206
24204
23006
22027
23747
21394
23602
21745
23834
23609
21836
23929
24428
24062
22807
23029
23114
22424
22094
22036
21647
23211
21916
22660
21727
22796
22077
22778
23396
23217
21400
22699
21184
22472
21509
22848
20980
23335
22346
20824
22687
22850
23413
21960
22739
22561
20895
21341
23661
20537
22070
23787
21849
22975
21084
20601
20481
22514
22242
22243
23029
21202
22494
21240
21465
24462
20481
22618
22177
22367
24528
23774
21781
22348
21357
20489
23755
24223
23568
23968
23588
24574
22402
22685
23453
22813
23832
22156
23130
23203
24019
23607
23432
20481
21408
21593
22835
22630
22647
21987
20964
22743
21942
24488
20481
22534
23626
23343
22602
22579
20946
21055
24015
21283
22401
23107
23395
22434
23957
23198
21821
23269
24574
24181
21892
23919
21526
24049
20901
23072
24350
21737
22059
22777
23066
21649
21944
21515
21728
24022
23123
21625
21468
23792
22553
22748
22893
21964
22016
23418
21160
22750
22759
24266
23030
22319
22201
21184
23660
21564
22421
21881
22450
23546
22425
22308
22127
22672
23326
24574
22305
20798
22353
23454
21771
22611
21510
23809
24574
23267
23990
21756
23768
20518
22260
22457
23476
21550
22045
24399
22737
22813
22945
21377
23697
24574
22164
22843
22930
23451
22279
22980
22138
21052
23509
20785
23257
22190
21908
22386
21385
22292
22247
22732
22938
22749
20787
22473
21721
23504
22397
23564
22156
20481
22475
21279
21966
22096
20860
24170
21875
23884
22933
21968
20675
23004
22466
21324
24482
22135
21284
22494
22914
22186
22555
24069
24574
22792
22809
23387
22947
22995
20916
21528
22081
20898
22049
21431
22051
22603
23619
23528
23621
22387
20481
22354
23033
22184
23784
22232
22633
22689
22862
23356
21978
22698
21527
21228
23661
21183
23426
22069
22188
22982
21401
20728
21744
21287
22335
24138
21462
20828
21099
22417
22941
21997
24574
22610
21049
22705
23927
23764
22065
22541
22760
21161
23155
22973
21591
22943
21276
22272
23138
24381
23490
21929
23450
24574
23955
23152
23746
22808
21297
22900
22619
22633
22183
23539
24072
23240
22515
22605
23720
22503
21113
21539
21836
21239
22188
24574
22500
23540
22722
23340
22649
21374
23116
23153
22486
24521
20559
23006
20576
21350
22454
22199
23821
22074
23478
22844
21214
22973
23629
23915
22094
22211
21698
22590
23041
20933
23018
24574
22762
23467
23228
22701
22039
22289
21194
22109
24104
22224
22756
21182
22548
22126
22264
22413
23125
22829
23536
22808
22784
24415
22515
23474
22287
21703
23314
22452
23015
22989
23036
21304
20607
22449
21538
24016
20949
23099
22441
21826
21529
23915
23233
22536
22124
21785
23045
23131
23474
22377
24019
21541
23010
21980
22346
20481
21833
22762
22963
22504
23254
22112
20481
20652
24123
23769
23591
23714
22760
22554
20481
22140
21642
22130
23520
22360
22070
23385
23532
21809
23582
23584
22688
22933
22427
21586
21181
23135
23103
22357
22503
22038
22805
21778
22541
22541
22193
21680
22991
23243
22762
24437
22036
21716
22883
22035
22862
22158
22799
22551
21293
22405
22999
22789
21966
20952
22441
23297
22971
21725
21945
22876
23155
22516
23779
20874
23078
21443
23106
22355
22436
21974
22273
22551
22399
22373
21975
21301
23720
20481
22664
22723
23281
22659
23074
22947
22897
20981
22871
21994
22287
21260
21355
22317
23758
23016
24237
23069
22171
23563
23292
22306
21623
24415
22933
23155
23733
21772
22592
24138
22166
20481
21984
22963
23132
20531
22582
20733
21422
23400
22939
22382
22840
23435
23342
22619
21163
23646
22893
23960
22405
23521
22182
22199
23603
23679
23969
21427
21203
21433
23201
22161
22896
22167
23646
20481
23713
24574
21250
20616
22521
24416
22128
23123
20481
22355
22899
21252
23082
23460
22350
22305
22289
22958
22589
21836
21958
21962
21414
21903
22854
23573
22837
22596
21790
22489
23994
21930
23746
24172
23696
24512
20926
22715
23062
21678
24459
22167
22817
22320
23676
24065
20481
22463
24482
21981
23122
22594
22219
21865
21866
22727
22324
22842
23432
23506
21857
21557
22387
21419
22433
21523
23099
23056
21776
23870
22430
24012
24022
21937
22294
20928
21169
22550
21915
20481
23997
23325
22943
21839
24382
23180
21637
23486
21262
21540
22729
22294
21008
22345
23013
23647
21229
23628
21343
20938
22230
23824
20564
20782
22121
23976
21728
23852
20847
23108
21851
22233
23723
24574
23580
23438
21422
21664
22735
23999
22361
22262
21744
22040
23548
23371
20481
22304
22902
21571
21356
22936
20911
23449
24574
23387
23556
21900
20481
21479
22829
22349
23539
22488
21752
23396
22291
22954
22734
21031
22685
22393
23181
23063
21882
22706
22376
21868
23035
21952
22008
21733
22168
21842
20570
23908
22850
22275
21914
22193
23318
21769
22082
21571
22971
23333
20934
23021
23267
23323
21364
20481
21460
22819
21682
24574
21181
22953
24574
23441
23466
22844
24574
20534
22493
22459
20481
22166
22933
23077
22764
22971
22833
22333
21834
20481
24131
23783
22511
21118
23540
21650
22364
23294
23041
23016
22064
21758
24168
22691
22394
22080
22658
22016
20481
23575
22692
21339
20609
22254
23218
20933
23392
22063
22264
22279
22768
21134
20753
22734
23568
22148
22526
22603
21517
22075
21902
21716
21614
22379
22677
21994
24118
22267
21783
24111
22945
22388
22660
23049
23547
21615
22376
22972
21728
21103
22663
21550
21504
21803
24263
22503
22150
23836
23119
21978
22871
22882
23365
22001
22706
20646
24574
24574
23457
21892
22981
21987
22583
23900
22640
22040
23241
22819
23416
21029
21071
21488
22594
23059
20647
21641
23366
23025
23509
23659
22354
21603
24011
23759
23687
20481
23268
21827
23427
22706
23394
22049
21551
20481
23004
24233
21711
22362
22307
22908
22448
24574
22334
22394
22458
21971
21037
22519
22880
22226
22649
23258
22518
21174
23655
22789
20723
23521
24081
22104
24421
22883
20766
21545
23076
22979
23804
23387
22233
24562
24574
22211
21409
22835
23489
21659
20798
21347
22395
22218
24254
23587
21532
22362
23160
24092
23040
22991
22804
22757
21624
22541
22478
21809
21918
21133
22599
23286
23786
23299
23857
21774
22740
23565
22756
23326
21683
23073
21798
22113
23336
23823
24234
21146
22375
23451
21307
22719
22672
23000
22983
22731
24217
23630
22858
24063
23093
22529
22750
21717
21876
20481
24154
21439
20947
23469
21325
22315
22087
24321
21552
22451
24125
20911
22805
21899
23074
22110
22509
21232
23013
23631
20481
21987
23842
22392
22020
22183
23189
21869
23858
22709
23205
21038
21967
21612
22933
23446
20696
21911
23744
21953
23836
21511
23491
22788
24060
21851
22434
22050
24574
22194
21687
23271
22989
22920
23433
23247
21889
22767
22984
21735
23077
22760
23170
22343
23940
21138
24541
24069
21651
21851
21207
24174
23390
22422
22356
22389
22294
22388
23779
22653
21270
21926
20481
22169
20481
22378
23316
21909
22218
21915
23127
22962
21077
23188
23696
23225
21228
22583
23462
23492
22907
22295
21527
24574
21552
23368
23367
22845
21973
21356
22363
22191
20509
21577
21492
24574
21857
22824
21257
20481
21942
20481
22210
21574
22623
23119
24300
22948
21278
24574
22483
21585
24574
22008
21649
23196
23157
23310
22192
21428
22350
23797
23690
22611
23186
23556
22186
21153
22517
22926
20697
23011
21506
21985
22947
23959
22684
22055
22154
24355
21055
22582
21551
22810
21721
22256
23003
24574
23065
22537
21797
21621
23522
21812
21666
22670
22757
23990
23003
24051
22862
20875
23438
22531
22778
23861
22721
21303
22116
21323
23156
23581
22033
21445
22898
20685
22154
22740
23573
20645
21318
23431
22662
24250
23224
22067
22898
23521
22404
22589
20481
22027
20481
24161
21900
22275
22693
22693
23771
21024
22570
23170
20591
23663
22610
23153
22207
23776
21696
23595
23632
22402
22110
21322
23045
22379
23229
20481
22276
22003
23477
21770
24574
22223
21674
23651
24574
20481
22098
22553
22531
21981
21671
21496
22482
21737
21684
23682
23199
22980
22452
22135
21989
23058
22939
24076
22542
22385
22326
22190
22840
23043
22024
22593
23218
22507
22400
20481
23085
23539
20481
21870
23031
23889
21936
23541
21847
21621
22734
22431
24149
21994
22977
21000
23037
23229
23479
23461
24574
21097
21941
21949
20887
21373
22589
22955
21076
22110
22238
22878
23609
21728
22091
23546
21896
21475
23161
20481
21888
22118
24088
21888
22924
22060
23082
22980
22666
20991
23152
23057
21956
22011
22572
23679
22715
22807
23067
21565
23894
22124
21696
21623
22490
21868
22320
24574
22116
23281
24044
21387
20481
22035
23513
22990
21423
21693
23133
21279
22348
20874
22684
23602
22711
22348
22317
21939
23232
22274
24035
23371
22951
22976
23044
23203
22295
23608
22725
24574
22719
23348
22664
20481
23164
20811
22225
21932
22403
24176
22135
22841
21174
22303
22406
21633
23730
23236
24574
22096
20608
22772
22311
23040
22211
20961
22559
22518
22922
22206
22096
22632
22913
24020
22914
24147
23663
22008
21647
22186
22410
23802
23797
21704
23568
22260
23245
21720
23655
20871
23390
23376
22608
21823
21671
24092
23720
21358
22845
23050
22163
23308
23512
22790
22263
21877
20481
23252
22509
22145
21505
23003
24574
22976
22589
22825
22145
22490
23301
23871
22815
23186
21399
24106
21391
21482
23031
23466
21713
1824
5556
2364
3983
1919
5132
5993
516
5842
3720
2563
2620
3566
2962
3249
3181
4100
5092
1221
4067
3124
618
5225
1008
2068
3297
1513
6027
1532
2794
5578
5942
4920
4201
5836
2943
4127
3571
3138
1682
4380
5258
2878
752
4811
1247
4200
1794
265
5896
4429
6024
1516
5151
1225
1119
525
4181
1102
3951
2524
3807
3476
2491
3756
45
3597
1252
3660
5677
4326
3965
3269
853
3154
3048
5163
4348
4751
2673
1200
134
5864
2253
5980
1097
328
5648
5495
1557
2398
2175
802
4608
744
131
623
3406
5234
2935
112
3594
3914
644
4109
5405
1949
303
3203
4504
5032
3228
5064
3545
4249
5451
3642
144
3140
4189
2983
4716
2182
4075
4426
1064
4642
3548
1211
2126
331
6124
903
1306
2136
4557
5916
5178
86
6015
2999
4014
2192
272
3472
4682
613
5206
5899
3753
691
5831
575
2151
1220
3226
1186
518
2136
303
3568
77
3308
724
265
2773
5321
4618
4959
4068
3802
3565
4155
4092
4467
3441
246
2237
1842
2872
2065
2358
16
1588
1343
3592
480
1065
573
13
64
2910
3223
4528
2525
5172
5577
5533
2156
5472
331
4314
5685
4484
3872
4315
3901
1594
4751
4269
5472
2760
1819
1305
1622
2943
4032
1513
1518
3478
626
5611
3411
2441
1910
3208
5702
2482
4440
1001
2350
3326
389
2821
582
3453
5162
2560
4730
4672
2916
303
2671
3853
4839
3620
310
4870
2119
3258
292
2052
1695
3221
3086
1719
5667
6347
6399
5781
6083
5633
5669
5809
8190
5417
6589
8068
5769
5651
6251
6903
5234
6278
5562
4592
6219
5521
7259
5863
6481
4981
7913
4097
6704
7755
5320
6243
8190
7158
7195
5088
6599
5836
7547
4744
5837
7521
6171
5881
7158
6305
6232
6804
6314
5127
5583
5270
5178
5632
7214
5775
6742
6462
5525
7048
4263
6801
7841
6248
7318
5233
4982
4891
6387
6320
5477
6011
5387
7491
5716
6606
6728
4097
7686
5428
4577
6203
5828
5380
7602
4891
6050
5398
7125
6131
5584
6343
5037
5938
6211
5458
5384
6687
7630
6167
5989
6397
7072
5533
6591
6549
6517
7391
4960
5696
4252
6057
5064
5625
7032
7357
5543
5801
5967
6965
5350
8126
6949
6164
6358
5021
8190
6811
7596
8115
5622
5695
7519
6035
5157
7810
6078
6245
6265
7303
6605
7596
6535
4646
6601
4768
4097
5904
5710
7236
4954
6232
4902
5919
5671
5543
8190
4351
7713
7618
5463
7153
6206
4097
5799
7987
5219
5827
6728
6421
6024
5037
6754
5357
5912
5398
5498
5807
4097
6309
6214
4657
5827
5720
4918
7546
5374
5899
4421
7194
5912
7832
4933
6236
5932
5187
5100
5590
7306
7925
6128
6411
5426
7114
6809
4146
6711
5549
6884
5914
4311
5595
5584
6871
6204
5210
6021
6595
5724
5968
5179
4859
6608
5889
6293
5277
4800
6419
6283
6166
5145
7425
6546
6108
6980
6479
5833
7205
6305
5478
6919
5790
7004
7420
5747
5871
6587
4097
6373
5438
5076
6217
6029
6517
4097
6971
8190
4498
6297
6482
5815
6567
7862
5807
6528
7642
5058
6802
6608
5162
7622
6557
5615
6826
6978
5688
4862
6633
6669
7261
8190
6034
6267
8190
4097
6836
5936
7330
7108
4963
5392
4885
6850
5470
6473
6550
6503
5014
6360
6417
7184
6585
6721
7449
8190
7221
4097
5784
5124
4097
7841
6635
5469
6618
5455
6217
4897
7245
7646
7039
6410
6969
5725
7545
6568
6128
6993
4097
7004
5758
6288
7434
7131
7310
6110
7011
6138
5381
5950
4348
6410
5705
7924
7576
6249
6164
5711
6734
5786
6596
6488
6866
5514
5429
4895
6040
4978
5502
7266
6393
5703
7212
7633
5560
4215
5087
6355
5239
5737
7999
5435
7338
5735
6633
6160
5236
5379
4525
6225
4797
4144
8190
6494
7056
6352
6094
6909
6383
7010
6417
6372
6052
7186
6414
6225
5414
6387
5990
8147
6993
6302
5017
6649
7110
7754
4520
7660
5492
5637
6759
6004
6960
5720
4988
6776
5398
5705
5896
5153
5418
7318
6086
6902
7387
7496
5875
5548
6763
6619
6398
5021
6717
5035
5938
7023
7124
5661
6630
5187
5446
6799
5120
5055
6722
7534
8190
4730
8159
4562
6416
4247
6802
5823
7059
5066
6658
5616
8053
4993
4999
5403
6313
5196
6839
4097
4097
5894
5475
7269
4689
6391
6192
6407
6227
6160
6374
6013
5777
6954
5584
5036
6091
5208
5093
6252
7381
6916
5410
7841
8190
6900
7510
6088
7340
6678
5347
6073
6616
4960
6841
7176
7238
7236
6673
6416
7262
6033
6956
4820
5952
8102
5363
4700
5235
6989
6721
6209
5818
6520
4356
6543
7383
5611
4969
5111
6040
5658
6419
5907
8089
5411
6044
4097
6985
8190
6754
5402
8181
6266
6376
6520
6883
5833
5601
7671
6354
4286
6086
6062
7080
4850
5975
7086
6005
6682
6268
6262
7106
4620
5712
7310
4929
6278
6738
6395
6735
7415
4952
6440
6496
7818
8190
5764
6147
7141
5392
6987
6125
7262
5441
5314
6811
6741
6541
6245
5310
5900
7518
6291
6724
6726
7978
5571
6856
5036
8106
5530
4230
8142
8046
5283
7583
5583
5765
5213
5676
6066
5128
6202
6937
5335
4866
5716
7572
6087
6486
6403
4271
8190
5883
5738
7831
6652
6340
5494
6848
6850
7087
6361
6366
4097
8190
5388
5452
8190
6455
5055
5338
7015
6128
7175
6195
5908
7267
5970
5812
7010
5954
7059
8190
5845
5291
6311
7042
6575
5444
4664
6560
6631
4097
7336
4386
6655
7884
5551
5460
6772
7563
7555
7540
4283
6884
4572
5394
5829
7838
8190
6636
7652
5664
4827
8190
7092
5262
7033
5662
6393
4708
5631
6803
6467
5643
5057
4097
5550
4710
6967
6989
7546
6010
7298
5797
6476
6815
4461
7999
5474
5805
6839
4097
5812
5094
5645
6138
6955
6349
6718
5435
5982
6608
8190
6351
6745
5834
7327
5854
4354
6845
6410
6464
8132
5890
6700
7116
7179
8190
7402
5309
8190
7459
7891
4097
4924
4701
4097
6147
5182
5374
7686
6689
7539
6920
5678
6006
6109
5622
5153
6575
5799
6580
6251
7281
6284
5701
6651
5982
6063
4558
6040
6885
6694
6183
5917
5660
5052
6727
6367
7484
6893
4097
6879
6235
5976
5492
5903
6109
5879
6429
4691
6400
6428
7139
5367
6385
4671
7507
6597
7976
5830
7272
4478
6863
5882
7038
6537
7364
6817
5661
4974
8190
6971
6462
4845
6895
6575
6896
6484
6603
5514
6437
6115
4962
7316
5865
5518
6726
6495
6186
6513
6199
6709
7728
5971
7497
7081
6492
5191
6407
5817
6504
7253
7013
5354
5733
7272
4465
6957
8190
5259
6423
6185
6290
6824
5760
7186
5922
7432
6044
7466
6447
4943
5613
6547
7312
7152
6391
4713
4955
5320
5498
4922
4097
5383
5894
7002
5788
6339
7382
7161
6094
6754
5464
6596
4632
5566
5666
7049
5279
5050
6931
6553
6349
5695
5810
7864
5799
6360
6483
4583
4663
5776
5135
5043
6078
7508
5148
6998
4097
6094
6419
7424
7260
5812
5982
5961
4811
5627
5192
5474
6969
5145
6780
6110
5665
5544
7260
6330
6097
4674
4928
6679
4938
4392
7379
6868
5107
6771
5148
5412
5800
5941
6457
6709
8121
4888
6257
5358
6729
6389
8190
5840
4097
7017
6149
4881
6337
6748
4801
6130
6511
5447
5745
6423
5761
6556
5898
5912
4731
5526
6311
4282
7830
7182
6525
4695
8190
6056
6412
6037
7323
5565
6666
4946
5904
7782
6064
7245
4634
8146
5662
8190
5814
5380
6263
5184
5824
6796
7844
5120
8190
6323
6734
6392
5013
6226
4854
6349
7184
5471
4607
6074
6183
6398
7050
5382
6635
5435
4723
6214
6428
6225
7379
7018
6035
5901
5648
4466
5301
7060
4097
6523
5431
5276
5840
6903
6537
6899
7311
4521
6287
5636
5729
6424
6163
6397
7592
5462
5267
4951
7316
7458
6917
5128
5094
5565
7667
7247
6181
5791
5863
8190
6076
7928
6719
6437
6117
5679
7343
5291
7469
6585
4120
6331
6549
5455
6426
6471
7582
5128
5671
6865
6621
6314
5478
6706
6639
5469
6895
5620
6983
5424
6362
4693
5950
7115
4882
5544
6838
5662
5003
6133
5993
5998
7518
4097
6390
6167
6423
4881
5796
6072
6018
5175
6854
5468
6311
5059
6182
6171
5304
6789
6913
6879
6916
4869
6017
5175
6475
5285
5075
7195
6340
7409
6050
5262
5697
7124
5462
7861
6088
6437
5118
6982
6228
6927
6875
5032
4721
6074
7288
4365
6521
7050
5968
6869
5790
5532
4097
5251
5417
7585
4939
6186
5987
6572
7543
7300
6569
6758
6588
4097
7628
5273
7048
6439
4175
7767
5812
4320
6080
6612
5690
4366
7815
5763
6135
4779
6091
6980
6965
7449
7636
6172
6337
6607
5944
6394
6401
8190
7285
4860
7051
4454
6753
6424
6702
5411
5787
7200
5295
4097
8190
6563
6849
4956
4097
6560
11277
8759
13614
6119
16489
17146
16508
16620
17078
727
17094
13791
5463
13859
160
17996
5237
13996
1751
13022
7729
7355
13878
56
16576
4341
8680
6515
15094
16155
8137
17087
4214
13509
1308
1629
8517
1625
1703
2879
9049
13220
1318
13581
16633
2942
10726
10969
11809
15100
7562
6177
3980
17750
4899
16039
13266
16417
14683
8834
14211
15530
6050
15320
871
431
3117
3714
1365
5061
18124
11603
8095
6276
595
6313
7364
10324
16146
1593
18034
16429
13971
11392
11898
4571
5120
16641
7061
16325
8965
7767
6436
3561
949
13330
15265
4038
15360
18268
9151
12654
14077
17228
5888
1954
10185
7350
14341
16625
11399
1175
9619
14322
17857
8599
1839
404
15462
3917
5269
13439
4762
7199
13440
2665
6545
13519
10901
8024
11820
13452
9744
2451
17783
18611
18519
16907
18485
18050
17347
19920
19581
18848
18799
17395
20478
18186
19718
18011
18043
18366
16394
17761
18625
17167
18677
17412
17623
19431
17580
18624
17947
18048
19228
17644
18901
17594
16943
18488
18408
17338
18762
18609
17265
18622
17176
16965
20478
18865
17831
18715
19073
17896
19425
18507
16682
18246
17107
18010
18887
18369
16725
19781
19482
17926
18741
18091
18561
17723
20002
19354
18153
18511
18452
18485
18978
17055
18104
17189
20037
17827
18021
18368
17756
17526
20478
16872
18736
17559
17235
17573
16385
18533
16876
19596
18822
18049
18525
18519
16928
18449
18813
17360
17273
18478
19296
18589
17983
19174
18049
16702
17666
18505
19104
18243
18253
20400
18236
19982
17020
17491
17854
19256
17441
17951
19520
18667
17262
18285
19855
18332
17854
17290
18636
18569
19301
17863
20157
19048
18398
16385
18078
18491
18252
20155
17569
18669
18746
17995
19230
18976
18104
18488
19694
18477
19132
17531
18327
17692
17904
20391
18642
19075
19310
17424
19098
18115
18352
18507
18679
18197
16879
18624
17726
18332
18662
17771
19870
17457
18730
17778
17988
17611
16461
18707
17909
19151
18248
18679
19352
18550
18929
19036
18125
17595
18448
17811
19867
18330
20229
18953
18825
18201
17925
19845
20331
17518
18673
17056
18188
18574
18459
18490
19626
19099
18090
19173
18664
18698
19180
19955
18064
16385
18716
17763
19518
19255
16688
18349
18512
16789
18793
18817
19148
17986
18653
17618
17697
16693
18028
18590
19184
18087
19967
17971
18389
17306
18596
18686
18420
18372
20210
19645
16552
18070
19329
18768
19357
18035
20072
19624
20478
18277
16682
17988
17558
18993
18556
20206
17990
20478
19196
17725
18547
17964
18418
19842
16510
18863
19830
18127
17032
19038
18489
17852
18945
19719
18765
17818
17816
17619
18458
17749
18258
18364
20327
19497
19325
20155
17221
19981
19462
19138
17542
18636
19491
17607
18752
18475
17371
19003
18210
18160
19014
17358
19213
17947
18570
17408
19022
19735
17807
17715
16993
20181
17864
18893
18684
18621
18219
19080
19886
17844
16787
17372
18315
18227
17344
19422
18133
17542
17674
19148
18789
17763
18180
17853
18113
19621
18243
17956
20478
19515
19083
18439
18028
17552
18393
18784
18383
18346
18504
18412
17817
17237
17637
17224
19406
18320
18048
19938
18868
17968
18084
19784
16908
20010
18673
18914
19453
19443
16906
19436
18114
18988
19392
19353
17962
19494
17090
19183
19519
18194
17290
18230
17695
17900
17230
17634
18437
19994
18761
19934
18286
17902
18101
17278
17752
17770
20466
18491
17793
18318
17969
18680
16787
18208
19419
20248
19463
19399
16518
17076
16879
20478
18451
18056
18653
18893
18776
19700
16385
17332
19754
16385
18472
19874
20012
20220
17741
18594
16731
19384
19313
19654
17175
17705
17657
18234
18903
18338
19135
19229
18311
17452
17492
19917
18302
17778
19569
17889
18247
17931
18021
18506
16385
20478
17829
16636
20152
18410
17349
19311
18550
18386
18166
19077
17706
18557
18981
17209
20478
18059
19353
18298
17595
20059
18188
18951
17364
19731
18086
19593
19916
18841
19927
17945
16771
19396
16868
18280
17392
16898
18279
18770
18831
16898
17800
19080
18610
18252
18400
17365
18976
18832
20307
17579
19155
19274
17500
17090
20030
18035
18822
18473
17926
18427
17150
18418
18480
18199
18252
18305
18400
19886
19888
19253
19772
18629
17270
18102
16605
19157
20156
18613
17691
19817
17938
19692
18558
19885
19397
18531
18608
19177
19126
18037
19697
19205
16630
17988
18843
18445
18566
17886
19781
18392
20478
18110
17092
18594
20179
16789
19768
17828
17999
16620
18757
17783
20478
17842
17817
18106
18693
20420
18480
19542
18065
16629
18271
18513
18927
17797
18881
16803
19186
17840
17608
19577
17318
18417
20478
19347
18686
19019
18130
17801
18839
17714
19185
18278
18187
19470
18765
19905
18705
18512
17383
17801
17568
17072
17926
19689
19101
18948
17184
18466
17180
16832
16385
18083
17802
18827
19548
19039
17771
17879
18999
17843
19121
19843
20346
18688
18950
18423
19678
20044
17844
17170
19175
18808
19799
16684
19429
19445
18031
17284
19869
18814
17590
17169
16385
17312
18246
19646
18447
18438
19914
18878
16981
18811
18604
18217
19488
19905
18301
17913
17120
18485
20113
18495
18862
20031
17023
19004
19095
17892
20478
17631
18426
20461
19968
17026
18578
19627
17198
17438
18151
18443
20189
19536
18305
19033
17144
18313
17142
17009
19414
18112
18712
18296
18533
18456
18797
18313
19041
18954
18157
18527
17450
18344
16431
16385
19026
19205
19961
17030
19425
18264
18754
18090
18212
18500
17284
16936
16385
20478
19031
18564
17122
18689
17181
17806
18777
18675
17358
17632
18184
19166
18101
17909
18132
19112
18188
18299
18923
16915
19573
17135
20478
17725
17026
19236
17751
18553
18772
17838
17726
19103
19473
16973
18728
18262
18811
19025
18351
17720
17278
17526
18435
18090
19670
18945
19134
17489
17569
18506
19242
17644
19438
18728
18974
19171
18969
18577
19718
19839
17552
19896
18843
19762
18722
17591
17277
17752
20224
18439
18230
18988
17441
19150
17563
17086
18292
17527
17123
19270
17856
17359
17345
19434
16780
17441
19813
18259
16506
18402
17264
17539
17607
18531
17626
19900
18663
17135
19514
18865
17383
19370
18430
18818
17641
19742
18794
20036
17743
18906
18382
19556
18737
17796
19193
19295
18341
17622
18584
17608
18617
16385
18366
19591
19776
17618
17807
18220
17860
18097
19002
18426
19043
19246
17669
18191
17787
19072
18044
18964
18942
18096
18811
19285
18498
20478
17462
16385
17871
20294
19499
18242
19062
17474
17324
17307
18963
17868
17867
17141
18759
18152
18537
18893
19405
19517
17178
17269
19632
20478
18082
17786
18910
17695
19273
19586
20478
18843
18299
18206
18354
18969
19375
19913
19558
18098
18445
17179
19079
16385
18097
17442
19623
16975
19962
19079
18533
17602
19536
19005
18981
20230
17835
19184
18094
18060
17098
18260
18621
17451
19130
18954
20070
17782
18742
20145
19250
19369
19148
19113
20088
20372
19865
17678
18040
19204
18427
16820
20185
18318
19127
19250
16385
17689
17919
18010
17901
19071
18880
17194
19695
18315
19175
19010
17059
17334
18402
17790
18288
19322
20073
18285
18681
18922
18613
18277
20193
17018
18282
16998
16657
19367
20240
16470
18233
19165
18812
18196
20183
19665
18794
17890
18474
16603
17712
18543
17188
20025
18164
17901
16515
19041
18293
17663
19348
17518
17308
18441
18821
18767
20478
18756
19328
17382
19045
17615
19431
18470
16385
19801
18588
18344
18949
17825
16385
17643
17753
18330
19567
18210
18611
18881
16912
18242
18036
19199
20022
19113
18072
18512
18960
18207
19791
19294
18094
19162
19852
19120
18478
16890
19174
19912
17259
18119
19160
18632
17617
18064
17655
17722
17808
19203
18693
19274
17804
19652
19094
18214
16385
17907
18142
19103
19470
17969
17586
16732
18732
18359
17996
18250
19933
17299
19372
18885
16636
18496
17879
18339
17711
19215
19626
17904
18089
20131
19028
17290
17606
18116
19543
18349
18477
19498
17526
18296
16520
17896
18393
19464
17662
19577
19354
18357
17133
17737
18187
17559
18003
18987
18051
17842
17030
19070
17354
19008
18818
17629
16683
19096
17038
18161
17963
20452
17734
17372
16385
16385
18483
18867
19562
18089
17715
19026
17171
18092
17527
17705
19609
18271
17579
19037
17680
18709
17616
16619
19412
16385
19376
17971
19557
18270
18781
17914
16793
18203
17351
20140
16385
16894
18076
18072
18098
18631
18023
18022
17412
18980
19092
19208
17120
18263
18880
18489
19466
17803
18950
18688
17412
18150
17465
18805
18089
18172
19626
17721
18339
18372
16459
17885
17094
19832
20414
16656
18995
17002
17978
19518
18795
19928
17496
16385
18399
17841
18704
19991
19277
18286
17146
17845
18555
17913
17682
18611
19372
17422
18318
18580
17470
18740
18369
19049
18813
18000
16385
17463
18809
20035
18315
19793
19142
19884
16385
19101
16876
18426
16385
18367
20174
19381
20018
19292
17667
19631
17471
16446
17147
18272
18461
16422
18254
19230
17051
17414
19240
17536
19651
19322
18422
18709
19051
20367
17292
19673
18058
19195
16385
19338
17263
18978
18596
19704
20070
18378
18670
16385
16385
18648
19286
17007
19563
17490
18786
19490
17709
18460
19094
19605
18813
18499
18029
18085
18034
18710
18813
17213
18063
17673
17786
19374
18438
18210
18810
17912
16798
19030
18341
18448
19904
17272
18332
19168
18265
20245
17719
19478
18975
17437
18989
18879
17824
17526
17810
19096
19350
17830
19229
19068
18884
18231
18153
19119
17935
18870
18548
18747
19053
18085
17800
20478
19796
18951
18733
18833
18451
19576
17493
18083
17471
18901
18462
18009
18316
19061
17657
18980
18309
18785
18836
16985
18296
19161
19481
18313
18549
18737
19004
16755
18778
17130
19205
19791
17321
16385
19242
17883
19050
18889
18211
18704
18204
18506
20478
18657
19321
18229
17939
17864
17550
19202
17743
19257
18815
18195
17935
16998
17702
18047
18629
19721
16524
19274
18322
18208
18257
18227
18656
18727
18875
18134
16650
17184
18854
18217
18044
18747
18193
19159
19189
17950
17351
19818
17869
18966
18374
18093
18243
18681
16385
17822
17252
20478
17186
18481
18060
17469
20448
18236
20478
17983
19866
18693
17577
17031
18497
17375
16971
17879
18685
18710
20478
18067
19113
17691
17315
18702
18887
18365
16385
19636
19870
18182
18536
18387
17295
18558
19022
20328
19915
17907
17539
18026
17967
18187
17731
17946
19177
17985
16837
19558
18553
19320
18543
18901
18144
20478
19710
16977
19535
17412
20478
17885
19295
18952
18087
19722
18679
19471
17610
18788
17580
19592
16523
17589
18232
19037
17198
18933
18994
18462
19369
18457
17537
16385
17052
17664
19611
18733
19150
18098
18380
18528
18451
18487
18514
18646
17763
18016
18343
18761
17419
18993
18589
18858
18110
20019
18908
18633
16774
18708
17703
17548
19722
18900
17841
18399
19202
18269
19737
16815
18905
18047
19194
18861
17998
18298
17149
19194
18366
18977
18868
19202
18587
16385
18102
18537
18316
16815
19320
19395
16756
18696
16385
19199
19473
17336
18130
19026
19407
17253
20119
17961
17428
19619
18979
17272
19822
17977
16627
17582
20478
19264
19436
18914
17956
16672
17253
16385
16891
17590
17559
17788
18085
19123
18479
18763
17165
17102
17262
19213
19124
17264
16766
19623
17622
19205
16944
18108
17146
18968
18522
18007
17953
16972
18449
17649
18838
18662
17380
19218
17198
20478
18888
18607
18776
20419
17226
18667
16961
19482
19003
19632
16775
19181
18407
19374
20131
16385
19119
19227
19486
17161
18683
19684
19077
19160
20032
17994
17896
18906
17431
17007
18988
18919
19844
19687
18784
17938
19775
18075
19330
17327
16385
18505
19887
17096
18279
17607
18563
18607
19619
17697
20048
18669
18310
19026
19848
18132
19207
16656
17186
18889
17670
17615
19765
17601
17812
18895
18793
19520
17102
17794
17821
18224
17817
19715
16887
18808
18675
18327
18383
18437
20178
16968
17981
17868
20478
17686
20222
19617
18701
18431
17375
17305
17234
18743
18500
17270
16685
17707
18580
19123
18877
16477
18036
18725
17484
17291
18156
18584
17911
17092
18668
18328
18383
18042
19373
19409
16932
18721
17849
18990
17638
18013
17842
18816
18806
18635
18212
20447
17606
18217
18354
18159
18353
19367
18235
18293
19096
18461
16765
18500
17769
16830
18324
19684
19403
19023
18608
18880
17639
18798
18558
18387
17944
19265
19658
17532
18982
18303
18216
17299
17873
18306
18420
19590
19883
19605
19969
17693
19609
19839
17935
18710
17639
18753
16445
18513
17493
16690
19918
18927
19539
19135
18965
17763
19778
17837
18382
17934
19099
20132
17701
19853
18626
17787
18266
16697
18493
18953
20410
17761
18066
19255
17968
19677
18812
18585
19138
17818
19156
16385
18581
17893
20478
18868
17640
17483
18219
19554
18776
19051
18850
19057
18961
17152
18912
20112
17795
18456
16885
18626
16385
16507
17947
19021
18334
16385
16953
17876
17954
19494
18819
18233
19267
19650
18827
18535
16385
18277
18044
18158
17948
17589
20391
16385
18028
18008
19286
18709
17362
19508
18789
19242
18755
17959
17603
17410
19934
17040
20478
20478
19165
18166
18513
17780
17891
18258
18269
19152
18049
17526
17847
17636
19837
20478
17586
16385
20007
19299
20251
20055
16398
17099
17560
17195
18516
20478
17636
19560
18639
17721
18283
18334
20478
17679
19399
17623
17997
18906
17614
18338
18284
19079
17956
16385
18661
19487
18102
18542
19189
18705
18516
18272
18840
19893
18251
18312
18591
18856
20365
18565
19492
16385
16626
18848
17391
20212
19439
18741
18264
18334
17128
18362
18790
17276
19417
20339
17718
18639
18533
18167
18791
16936
19140
18698
18766
17876
18748
18220
19098
19080
16702
17089
19122
18889
16524
17795
19185
16480
18273
19968
18507
18537
18981
19796
19192
18585
18454
17750
18590
18037
16709
19288
18165
18924
17323
18473
17038
18216
17693
18448
18473
18112
18913
18188
18492
18004
17965
18214
18546
18042
17740
20453
18774
19803
19296
20223
16604
17565
19467
18137
18510
19136
19293
18042
19461
18703
19054
16846
19803
18335
18613
16976
18111
19164
18546
19157
18151
20478
18535
18430
18854
17805
19801
18319
16385
16497
17946
18921
18912
18686
19420
18933
20449
16385
17864
18464
16986
17695
18672
19621
18733
19168
18898
18252
18315
17750
17276
18443
17607
18862
18108
18157
18413
18351
17988
18089
18113
20478
17480
19296
19503
16489
16385
19136
19891
17091
19626
18849
18290
16721
18901
17821
18787
16385
17801
18929
18431
20086
19480
18684
17613
19660
18190
19094
18871
17658
18769
16385
18085
18339
18989
16724
17607
18682
19675
19103
16930
18443
18020
17536
18525
19588
17178
17318
18332
18629
19165
17964
18373
18442
18162
19212
2456
11335
14363
10644
9437
13797
14902
6178
14613
2611
8609
18091
3777
3420
6462
5981
2104
2096
15584
14285
3494
2139
1011
6906
16650
15591
5507
5653
11599
717
16641
6934
9030
13834
10373
7648
934
6040
11130
1054
642
6837
5475
8005
7730
2289
1782
8675
4570
2923
18164
6197
18063
14557
12523
17090
6612
6785
1401
17925
15880
9845
15218
13208
12271
14555
3748
6099
15975
16305
14527
9439
13603
1708
11679
879
903
5414
8663
15993
11338
14273
2882
10291
6327
1792
4590
1498
9166
10225
14698
4198
13516
18233
19
18260
638
14192
10535
13199
5901
16659
10197
14840
5129
15379
13891
17851
17461
10284
3737
3072
2410
9601
17123
4128
5901
3835
4404
7351
9880
11900
1676
11344
8213
3058
13238
1435
12312
9511
17006
14646
12177
9232
17234
14047
8505
18390
3563
13170
8148
6037
15127
14537
6887
8031
3479
17767
729
15568
9776
3021
18206
17249
11814
12060
18376
1258
8784
15816
9942
868
5845
5807
14147
7955
11565
6278
16128
5257
14448
10206
7913
7543
11851
9261
1745
10448
2330
18183
14415
14947
4439
3516
7614
7695
17767
16414
9652
7619
6631
11373
16393
16797
6604
8334
15823
17550
8445
287
3933
9403
1624
3816
6399
14172
17249
9874
9130
7829
1568
15388
10379
17455
4828
15858
12248
17205
7188
3368
17823
10674
18274
16368
14322
15207
16826
17875
14643
7266
13243
8541
8729
8654
6397
5587
15905
18423
15501
13553
5656
15751

