493
613
493
613
613
493
493
613
493
493
493
493
493
613
613
493
493
613
493
493
613
493
613
613
493
493
613
613
493
613
493
613
613
510
493
493
493
613
613
561
613
493
613
493
493
613
493
613
493
493
493
493
493
535
493
493
613
613
493
613
493
613
613
493
613
613
613
613
613
613
493
493
613
493
493
613
528
613
493
613
613
493
609
493
493
613
613
613
493
493
613
493
613
548
613
613
613
578
493
493
493
613
613
493
493
493
613
613
493
493
613
526
493
493
493
493
493
493
493
493
613
613
613
493
613
613
493
493
613
493
493
613
493
613
613
493
613
613
493
613
493
613
613
613
493
613
493
613
613
493
613
613
613
493
493
563
493
613
493
499
493
613
493
613
493
493
493
493
493
493
516
551
613
613
613
613
613
613
613
493
613
613
613
613
493
493
493
613
493
493
613
613
508
493
493
613
493
613
613
493
493
493
493
613
522
613
613
613
493
493
493
493
613
613
493
613
613
493
613
493
493
613
493
613
613
613
613
613
613
613
613
613
493
493
613
613
567
493
613
493
493
613
493
493
613
493
613
613
493
493
493
613
493
613
613
613
493
493
493
493
493
493
613
493
613
613
493
493
493
493
613
493
493
493
493
613
39
45
58
47
42
2
49
38
43
38
24
19
50
47
1
46
43
49
34
33
42
12
51
23
5
5
49
52
60
50
57
1
1
1
1
121
121
1
1
1
9
1
121
121
121
121
53
121
1
121
1
1
1
121
1
1
121
121
121
1
46
121
1
1
121
121
1
121
121
121
84
1
121
121
121
121
121
1
121
121
121
1
121
1
1
121
121
121
1
1
121
1
121
1
1
1
1
121
121
1
121
121
121
1
121
121
121
121
121
121
1
1
1
121
121
1
1
1
121
1
121
1
69
121
1
121
121
121
1
121
121
1
1
1
1
1
121
1
121
121
1
1
1
121
1
1
1
1
121
1
121
1
121
1
37
1
1
121
121
121
1
1
121
121
121
121
121
1
1
121
121
121
1
121
1
121
121
1
121
121
1
1
121
121
1
1
1
1
1
1
1
121
121
1
1
121
1
1
1
1
1
1
121
121
121
121
104
1
121
23
121
121
121
121
62
1
1
1
1
121
53
1
1
121
1
1
121
121
17
121
1
1
121
1
1
1
1
1
1
121
121
121
121
121
121
121
121
121
1
110
1
121
121
121
121
121
1
1
121
1
1
121
121
121
1
1
121
1
121
121
121
121
1
121
121
121
1
121
121
121
121
121
1
1
121
670
586
599
232
618
549
146
447
539
93
66
394
79
128
622
502
102
598
740
478
170
240
141
477
61
100
217
106
859
739
793
859
739
859
739
739
739
739
739
859
739
859
739
859
859
859
739
739
859
739
859
739
859
739
859
859
859
739
739
859
859
859
859
859
859
739
859
739
739
739
739
739
739
788
859
739
859
859
739
859
859
859
859
859
801
775
859
859
857
859
739
859
859
752
739
739
859
859
739
859
739
859
739
739
739
859
859
747
739
739
739
859
859
859
739
814
859
739
859
859
739
739
777
859
739
859
859
739
859
739
739
859
739
739
739
859
739
739
859
812
739
859
859
739
859
739
859
739
739
739
859
859
859
859
739
859
859
739
739
859
859
739
739
859
859
739
859
859
859
859
859
739
831
859
739
739
859
787
859
739
859
859
859
859
739
859
739
859
859
739
767
859
739
739
739
739
739
859
859
751
739
859
739
859
859
859
859
835
739
859
739
739
859
859
859
859
739
739
848
739
859
859
859
859
859
739
859
739
739
859
801
739
859
739
739
859
776
739
859
739
739
859
739
739
739
739
739
859
859
859
739
859
859
859
739
859
859
739
859
841
739
801
739
859
859
859
859
859
859
859
739
739
739
739
779
748
859
739
859
739
739
739
739
859
739
859
859
739
859
739
739
859
739
739
739
859
739
859
739
859
739
859
739
859
739
859
859
859
859
739
739
739
859
739
859
859
859
160
72
257
288
4
185
73
252
271
20
260
293
199
246
126
19
39
245
113
152
140
143
77
46
71
153
259
172
251
136
273
277
247
247
367
367
367
367
367
367
367
367
367
247
247
367
367
367
247
367
367
247
247
363
367
367
367
247
367
247
367
367
367
367
367
247
247
367
367
323
247
247
367
367
367
367
247
367
367
367
247
247
279
247
247
367
247
247
247
367
247
247
247
367
247
367
247
367
367
367
367
247
367
367
247
247
367
247
367
367
367
247
247
367
247
367
367
247
367
247
367
247
367
367
247
367
352
247
367
367
367
367
247
247
247
342
247
247
247
247
247
247
367
247
367
247
367
247
356
247
247
247
247
367
247
247
247
247
247
367
367
45
127
159
78
158
87
13
30
138
102
165
58
98
156
124
124
230
124
124
124
124
244
124
244
242
244
124
244
124
124
124
244
244
124
244
156
124
209
124
244
124
124
124
244
141
124
244
124
244
244
244
244
124
124
244
124
124
244
124
244
244
244
124
244
124
244
124
124
244
244
244
244
244
244
124
124
124
244
124
244
244
244
244
244
124
244
124
217
124
124
244
244
244
244
244
124
124
124
124
124
244
185
124
124
244
124
124
124
244
244
124
244
244
244
124
216
244
124
222
124
124
124
244
244
124
244
124
124
244
244
244
244
244
124
244
244
244
124
244
244
244
244
124
244
244
124
124
186
244
124
124
136
124
244
186
124
124
244
244
244
244
124
244
124
124
124
244
124
124
239
244
124
244
244
244
244
184
124
124
244
244
244
210
244
124
124
244
244
124
171
124
124
244
244
124
244
284
288
13
166
103
26
166
121
66
249
157
172
108
109
86
171
184
256
0
233
367
247
247
247
267
247
367
247
367
247
247
367
247
367
367
247
247
247
247
367
367
367
247
367
367
247
367
367
247
367
247
247
247
367
247
367
367
330
247
367
367
247
247
367
367
367
367
367
247
367
367
367
367
247
247
247
367
247
367
367
247
367
247
247
247
367
272
367
367
367
321
367
247
367
367
367
247
247
367
247
360
367
367
367
367
367
367
367
367
247
247
247
367
367
247
367
367
247
367
247
367
367
367
367
247
247
247
247
247
247
367
367
247
247
367
247
367
367
367
247
367
247
247
247
367
247
247
247
367
367
247
247
247
367
247
320
367
247
247
367
247
247
247
333
367
247
247
367
367
312
289
367
247
367
367
247
247
367
247
247
367
367
247
247
247
247
247
367
367
247
367
247
247
367
367
266
367
367
247
247
367
367
247
367
247
367
247
367
247
247
247
367
367
247
247
247
367
367
345
367
361
367
247
247
367
367
247
247
247
316
247
367
247
247
247
247
367
247
367
247
367
247
247
247
367
247
367
367
367
367
367
367
310
367
367
247
367
367
367
367
247
247
247
247
247
247
367
359
367
247
247
367
367
247
247
247
247
367
367
367
367
367
247
247
367
367
367
329
367
247
367
325
247
247
367
367
247
247
247
247
367
367
247
247
367
247
247
367
367
367
247
367
367
247
247
247
247
247
247
247
247
247
247
247
247
263
367
247
247
247
367
247
247
367
247
367
247
367
367
367
247
367
367
367
247
247
367
247
367
247
247
367
367
367
247
367
247
367
247
367
367
247
247
247
367
367
367
367
247
247
247
247
367
247
367
247
367
367
247
367
247
303
247
122
145
333
3
239
186
109
184
229
397
187
3
309
358
413
320
377
89
90
255
207
172
374
259
95
210
193
287
176
17
178
304
171
129
239
32
329
267
202
376
370
490
490
470
370
370
370
490
370
490
490
370
490
370
490
490
490
490
370
370
490
370
370
370
490
370
370
370
370
490
490
490
490
490
370
370
490
370
370
370
370
490
490
370
370
490
370
370
490
370
490
490
370
490
490
370
370
444
490
490
370
490
370
370
375
490
490
490
370
490
370
490
370
490
370
490
490
490
370
370
370
463
370
490
370
490
490
490
370
370
490
370
473
490
374
490
393
370
490
490
370
490
490
490
370
370
370
370
370
370
490
370
460
370
490
370
370
370
370
371
370
490
490
490
490
490
490
490
490
370
370
370
490
465
490
370
490
370
490
490
370
490
370
370
370
370
490
490
370
370
370
490
490
370
490
490
370
490
490
370
370
490
490
490
370
370
370
490
490
370
370
412
370
490
490
490
490
370
370
370
429
490
370
370
490
490
423
490
370
490
370
370
370
490
370
490
490
490
490
369
370
490
370
490
370
370
490
370
370
490
370
490
370
370
490
490
370
490
490
469
490
370
370
370
370
370
370
490
490
490
370
390
490
370
490
370
370
370
370
490
490
490
370
490
370
370
490
370
490
370
490
370
490
490
490
380
490
370
490
490
370
370
490
370
370
490
370
490
490
370
370
370
370
490
490
370
370
370
490
490
444
490
370
370
490
370
370
477
490
490
370
370
370
370
370
370
490
370
490
490
490
370
490
490
490
370
482
370
370
490
370
490
370
370
490
490
370
490
490
490
419
370
490
490
490
370
490
370
370
490
490
403
490
490
490
490
370
370
490
490
370
490
370
490
370
370
370
370
370
490
381
490
490
370
370
490
370
370
434
370
370
490
490
490
344
745
831
23
957
870
370
83
946
258
575
145
335
800
1002
553
876
82
363
841
942
121
563
977
154
594
27
955
147
763
358
28
58
107
275
900
730
415
761
476
1105
985
985
1105
985
985
985
1105
985
985
1105
1105
985
1105
1105
985
1038
1105
985
985
1091
1105
1105
985
985
1105
985
1105
1105
1105
1105
1105
985
985
985
1105
1105
985
985
985
1105
1105
985
1105
1105
985
985
985
985
1105
985
1105
985
985
985
1105
985
985
1105
985
1105
985
1009
1105
985
1105
1105
985
1105
1082
985
985
1105
985
985
985
985
985
1105
985
1073
1105
985
985
985
1025
985
985
985
1105
985
1105
985
985
985
985
1105
985
985
1105
985
1105
1105
985
1105
1105
985
1105
1105
985
1105
985
985
1105
1080
985
985
1105
1105
985
985
1043
1105
1105
985
985
985
985
985
985
1105
985
985
1105
985
985
1049
1105
985
985
985
1105
985
1105
1089
985
985
985
1105
985
1105
985
1105
985
985
985
985
985
1085
985
1082
985
1105
1105
985
985
985
1105
985
985
1105
985
1105
1105
1105
1105
985
1081
985
1105
985
985
1105
1105
6
49
61
24
54
18
28
52
28
14
51
48
26
53
45
20
25
21
44
43
1
1
1
121
121
121
1
121
121
121
1
1
121
1
121
29
1
121
1
121
121
121
1
121
121
1
11
1
1
121
121
121
1
1
1
121
1
121
121
121
121
121
121
1
1
121
1
121
1
121
1
121
121
1
1
121
121
121
121
121
121
1
121
1
1
121
1
121
121
121
1
1
1
121
1
121
121
121
114
1
121
1
121
1
121
121
1
121
1
1
1
1
121
121
1
1
121
121
1
121
1
1
1
1
1
1
121
121
121
121
121
121
1
1
15
1
1
1
1
1
1
69
121
121
121
121
82
1
1
121
121
1
82
1
121
121
121
1
121
1
1
1
121
1
1
1
121
27
121
1
121
1
1
1
121
121
121
99
1
121
1
1
121
121
1
1
1
1
1
121
56
121
1
121
1
121
1
1
121
121
1
1
121
1
121
121
121
121
121
1
1
91
121
1
121
1
121
121
121
1
1
121
121
1
121
121
1
121
1
121
121
121
121
1
1
1
121
1
121
1
121
1
121
95
1
1
121
121
1
1
1
121
1
121
121
121
121
121
121
121
121
1
121
1
1
121
1
1
121
9
30
1
121
1
1
1
1
1
1
1
121
1
121
1
1
121
121
121
121
121
1
1
1
1
121
1
121
121
121
121
121
121
64
121
1
1
1
1
1
1
121
1
1
1
1
1
121
75
1
121
1
1
121
1
121
1
1
1
121
121
1
1
121
30
121
1
1
1
1
1
1
0
1
1
121
121
1
1
121
121
121
121
1
121
1
1
121
121
121
1
1
121
1
1
91
1
121
121
1
1
1
121
121
121
121
1
1
121
1
1
121
121
1
121
121
52
121
121
1
121
121
1
121
121
1
121
1
1
75
62
1
121
1
121
121
1
1
121
1
58
121
1
1
1
1
121
121
1
1
121
121
1
121
121
1
121
121
121
121
121
121
53
1
121
1
1
121
1
1
1
121
121
121
121
1
121
98
121
1
1
1
121
1
1
121
1
121
1
1
121
121
121
1
1
121
121
121
121
1
121
313
257
676
380
48
553
257
990
166
268
954
1038
866
1009
474
685
845
397
884
643
708
1017
787
903
884
212
51
115
664
1026
510
938
737
579
758
379
95
690
64
823
958
117
198
1007
593
224
125
1033
107
1105
985
1105
985
985
985
1105
1105
985
985
1105
1105
985
1105
1105
985
1105
985
985
985
1093
1105
1105
985
985
985
1105
985
1105
1105
985
1105
985
1105
997
985
985
985
1105
985
985
985
985
1036
985
985
985
985
1105
1041
1067
1105
1105
1000
985
1105
985
1105
985
1032
985
985
985
985
1025
1105
1105
1105
985
1105
985
1105
985
1105
1105
985
1105
985
985
985
1105
1105
1105
1105
1048
985
985
1105
1105
1105
1105
985
1105
985
1105
984
1105
985
985
1105
1105
985
985
985
985
985
985
1105
1105
985
1105
1105
1105
1019
1049
1105
985
1105
1105
985
1105
985
985
985
985
1105
985
1105
1105
1105
985
1105
985
1105
985
985
1105
985
1105
1105
985
1105
985
985
1105
985
985
1105
985
1105
1105
1105
985
1086
1105
1105
985
1090
985
1105
1105
985
985
1053
985
985
985
1076
1049
1105
1105
985
1105
985
1105
985
1105
1008
1105
985
985
1105
985
985
985
985
985
985
985
1105
985
1024
985
1105
1099
1075
1097
1105
985
1105
985
1105
1105
1105
985
985
985
985
985
1105
1105
985
985
985
985
985
985
1105
985
1057
985
1105
1070
1105
985
985
1105
1105
1105
1105
1105
985
985
1105
985
1105
985
985
985
1105
985
1105
1105
1105
1105
985
985
985
985
1105
985
1105
985
985
985
985
985
1105
1105
1105
985
985
985
1105
1105
1105
985
985
985
985
985
1105
1076
1105
985
985
985
1105
1105
985
397
470
244
452
395
33
172
195
224
402
229
218
176
177
153
165
396
499
328
296
75
213
248
181
439
312
537
17
421
335
213
493
613
613
592
613
493
493
499
493
493
613
613
493
493
493
493
493
613
493
613
493
493
493
493
613
613
493
493
493
613
613
493
493
493
493
613
613
613
493
613
493
613
493
613
493
493
493
493
493
613
493
493
493
613
493
493
613
493
493
613
613
493
493
493
493
493
613
493
499
579
493
493
613
493
613
493
613
613
493
493
613
613
613
493
613
613
493
493
613
581
613
493
613
493
613
613
613
613
493
613
493
613
613
613
493
613
493
613
613
493
613
613
493
493
493
613
493
613
613
493
493
493
493
613
613
613
493
613
613
493
613
613
613
541
493
493
613
493
613
493
493
613
493
613
493
493
613
498
613
613
613
493
613
526
613
613
493
493
613
613
493
493
493
561
613
613
613
613
493
613
613
493
493
493
493
493
613
526
493
613
493
493
613
613
493
613
613
613
493
613
493
613
613
613
493
493
613
493
493
493
493
613
493
604
613
493
613
613
613
493
613
493
613
493
613
613
613
577
493
613
613
506
493
493
493
613
613
613
613
493
493
493
613
613
613
613
493
613
613
493
613
613
613
529
493
613
493
493
493
493
613
558
613
493
493
493
613
493
613
493
493
613
613
613
599
507
613
613
493
613
613
613
493
493
496
493
613
493
493
493
493
613
563
613
493
613
493
493
604
493
493
613
613
613
613
613
613
493
613
493
493
493
493
493
613
493
493
613
493
493
493
613
613
613
493
613
613
493
613
613
613
493
493
493
613
493
493
493
613
498
613
493
590
493
518
613
613
493
613
493
613
613
493
493
493
613
613
613
493
613
613
613
493
493
493
493
493
613
493
613
613
493
493
613
613
613
493
493
493
613
493
493
589
613
493
493
493
613
613
493
613
613
613
493
869
178
930
154
950
738
657
1163
394
362
192
1045
69
304
1078
394
4
807
443
1038
64
793
3
261
1002
285
253
1142
703
536
644
160
1046
922
279
858
611
757
45
916
242
1057
736

