1105
1105
1105
1065
985
1105
1105
1105
1105
985
985
1105
1105
1105
1105
1105
984
1105
985
1105
985
985
1105
985
1105
1105
1105
1105
995
1043
985
985
1105
985
1105
1105
1105
985
1105
985
1105
985
985
985
985
1105
1105
1105
1105
1105
1105
985
1094
985
1105
985
985
1034
1105
985
1105
985
985
985
1105
1105
1105
985
1105
1105
985
1105
1105
1105
985
985
1105
1105
1102
1105
985
1105
985
1039
985
985
1105
1105
985
985
985
985
1105
985
985
1105
1105
985
1105
1105
985
985
1105
1105
985
1105
1105
985
985
1105
1105
985
1105
985
1105
985
1105
985
1105
985
985
985
990
1105
1105
985
1105
1105
1006
1070
985
985
1105
1003
1006
1105
985
147
252
27
211
203
666
493
435
16
188
657
539
153
133
648
736
616
736
615
616
616
729
736
616
616
736
616
736
736
616
616
736
616
736
616
736
736
736
736
736
616
616
616
616
616
616
736
616
616
616
616
736
736
736
736
736
736
616
736
616
736
736
736
616
616
626
616
736
616
732
616
736
616
736
616
736
736
736
736
632
736
736
736
654
616
736
616
736
736
736
736
616
616
736
736
736
616
736
626
736
616
616
736
736
616
616
616
616
736
736
736
736
736
616
736
616
637
736
616
736
621
616
736
729
736
616
736
736
736
616
736
616
736
616
616
616
706
616
616
616
736
616
736
679
717
736
736
736
616
736
625
736
616
736
616
736
736
616
736
736
736
616
736
736
616
616
616
616
616
616
736
616
616
616
736
736
736
736
736
616
736
736
736
736
616
736
736
736
616
616
616
616
616
736
616
736
616
707
736
736
616
736
616
616
736
736
736
736
616
616
616
616
616
736
736
736
736
736
736
736
736
680
736
616
671
736
736
736
616
616
616
736
736
736
736
687
616
736
616
633
736
616
616
172
1007
886
730
437
71
296
47
711
466
702
323
642
411
381
608
88
895
833
321
760
972
379
793
196
985
985
1105
1016
1105
1105
985
985
985
1023
985
985
985
1105
985
985
985
985
1105
985
1105
985
985
1105
985
985
985
1105
1082
985
985
985
985
985
1105
1105
985
1105
1105
985
985
985
985
1105
985
985
985
985
1043
1105
985
1105
985
1105
1105
1105
1105
1105
985
985
1105
992
1105
1105
985
985
985
1105
1105
1105
1105
985
1105
994
1105
985
1105
1105
985
1105
1105
985
1105
985
985
1105
985
985
985
985
1105
1105
1105
985
1105
985
985
985
1105
985
985
1105
1105
985
985
1105
985
985
1105
1105
985
985
1082
985
1105
985
985
1014
1105
1105
985
1105
1105
1105
1105
985
1105
985
985
985
1105
1105
1105
985
39
37
651
242
445
140
404
368
185
153
478
632
508
16
146
736
736
616
616
736
616
616
736
736
616
616
616
616
736
616
736
736
724
616
736
736
736
616
616
616
616
736
616
736
736
616
736
736
736
616
736
616
736
616
616
616
616
736
616
616
736
736
727
706
616
736
736
736
736
616
736
616
662
616
736
616
736
736
736
736
736
736
616
686
736
736
736
736
616
736
736
736
616
736
736
616
736
616
736
616
616
616
736
616
616
736
699
616
631
736
736
616
616
616
616
616
736
736
736
736
736
736
736
736
616
616
736
616
616
736
682
616
736
616
616
616
736
736
616
736
736
736
736
616
736
616
736
736
616
616
736
736
736
616
736
616
736
616
616
736
736
736
736
616
736
616
736
616
616
736
616
616
616
736
736
736
736
616
616
616
736
660
616
736
736
736
736
736
736
616
736
616
616
736
616
736
736
736
616
736
736
616
616
616
616
736
616
736
736
616
616
674
616
736
616
616
736
616
628
616
616
616
616
736
736
616
616
616
616
736
736
736
736
736
736
640
616
629
616
616
736
736
736
736
736
616
616
616
736
736
736
736
736
736
616
736
736
736
616
736
736
736
736
736
736
736
616
616
616
736
616
736
621
616
616
735
616
616
616
616
736
736
736
736
736
616
616
736
616
736
736
736
616
736
616
736
736
736
736
736
736
616
736
616
616
736
736
736
616
616
616
736
736
616
733
736
736
736
616
736
616
616
736
616
736
616
616
616
616
736
736
616
654
616
736
616
616
616
727
616
616
736
736
616
736
616
736
616
616
616
616
616
616
736
647
616
44
115
55
6
47
20
110
107
152
16
26
11
156
40
70
118
91
101
120
10
44
174
118
171
41
149
178
4
134
81
125
150
168
19
1
33
82
43
228
124
244
244
124
244
238
124
244
244
244
244
124
140
124
124
124
244
244
124
124
135
124
124
124
244
124
244
124
244
244
124
124
153
124
124
244
244
244
124
244
124
124
124
124
124
124
244
194
124
244
124
124
244
244
244
244
124
244
244
124
124
244
244
124
244
244
217
124
197
124
124
124
244
124
244
124
124
244
124
244
244
177
244
124
124
244
244
244
124
124
124
124
124
244
244
244
244
244
244
244
160
124
130
139
124
124
244
244
244
244
244
244
244
124
124
124
244
127
124
124
244
244
124
244
124
124
124
186
244
124
124
237
244
244
124
124
244
124
244
124
244
124
124
244
244
124
124
124
244
244
124
244
244
124
244
124
124
124
124
244
124
244
124
244
124
244
244
124
124
124
244
244
244
244
124
209
244
136
124
124
244
244
244
244
244
124
244
124
244
124
244
124
244
124
244
124
244
233
124
244
244
184
124
124
124
223
244
124
124
244
244
244
244
244
124
124
124
124
244
124
244
124
124
124
244
244
244
124
244
244
226
124
244
244
244
124
124
138
124
244
124
244
244
244
124
244
124
124
124
244
124
124
124
124
124
244
124
244
244
244
124
124
124
124
124
244
244
124
244
124
244
244
124
244
124
124
124
124
124
124
244
124
124
124
226
244
124
244
124
124
231
124
124
244
124
132
148
124
124
244
244
244
244
244
124
244
124
244
244
124
244
244
124
124
219
221
124
244
124
124
124
230
244
124
244
124
208
244
124
244
124
244
244
124
244
124
124
124
124
124
124
244
244
124
124
244
124
244
124
147
124
124
124
199
124
124
124
124
124
124
182
72
60
84
0
118
160
133
169
10
126
38
106
31
120
116
25
70
88
126
42
131
93
169
144
23
3
71
54
181
46
135
114
51
120
11
87
70
115
180
244
124
244
244
244
244
124
244
124
124
244
124
124
124
124
124
124
124
244
244
244
244
244
244
244
189
124
124
244
124
244
244
124
244
244
244
124
124
124
124
244
124
208
124
244
244
244
124
124
244
124
124
124
244
244
124
124
244
124
124
124
124
124
124
124
156
124
244
244
244
208
244
244
244
124
124
124
244
244
124
244
244
244
124
124
244
244
124
124
244
244
131
124
124
244
124
244
124
244
124
124
244
244
244
124
244
124
244
124
235
244
244
124
124
124
244
124
244
124
244
244
124
124
244
124
244
124
244
124
244
124
244
124
244
124
244
244
124
244
137
244
130
244
244
124
244
244
124
244
124
244
244
124
124
124
124
124
124
182
244
222
244
124
244
124
124
124
244
124
244
244
244
244
244
124
124
124
244
239
244
124
238
244
244
244
244
124
244
124
244
124
124
238
124
124
124
124
124
124
124
124
124
244
214
244
124
244
124
244
244
244
244
124
124
244
124
124
244
124
124
244
124
244
244
124
244
124
244
244
124
244
124
244
124
244
244
244
244
244
124
124
124
124
244
124
124
157
244
124
244
244
244
244
176
124
244
244
244
244
244
244
124
244
124
124
124
124
124
124
244
124
244
124
244
124
124
244
124
124
244
244
124
124
244
124
244
124
124
124
124
124
124
244
244
244
244
124
124
124
244
124
244
235
244
124
124
124
124
244
124
124
244
124
124
244
124
244
244
244
124
164
124
124
244
244
244
183
244
244
124
124
244
244
244
244
244
124
244
244
244
244
244
124
124
124
124
244
244
244
244
244
156
244
124
244
124
244
124
244
244
180
124
124
124
124
124
244
124
124
244
244
244
124
244
244
124
124
244
185
124
124
124
128
124
181
124
124
244
244
180
124
168
237
57
4
47
14
46
17
58
23
28
18
32
55
5
59
9
26
11
24
8
31
8
40
54
32
29
0
44
22
35
20
17
47
21
55
61
19
15
41
1
11
48
14
16
59
1
1
1
121
121
1
121
121
1
1
1
121
1
1
1
1
121
121
4
1
121
121
121
1
121
1
1
1
121
1
121
121
1
121
1
1
121
1
121
121
121
121
116
92
121
121
1
1
121
1
1
121
121
121
1
121
1
121
1
1
44
1
121
121
121
121
121
121
1
1
1
40
1
121
1
1
1
121
121
1
1
1
121
1
1
121
1
121
1
1
1
121
100
121
121
121
121
1
121
1
121
121
1
1
1
1
49
121
48
1
1
1
121
121
1
1
121
121
81
81
127
181
16
25
65
120
102
38
39
74
180
124
244
124
124
244
124
244
124
124
194
124
124
124
124
244
244
163
244
244
124
124
124
124
124
244
124
244
244
244
244
124
244
124
244
124
244
124
244
124
124
244
124
124
244
124
244
124
244
124
244
244
244
244
124
124
244
244
244
244
124
244
244
244
124
244
124
244
244
124
244
124
124
244
124
244
244
124
244
244
244
244
244
244
124
124
244
124
244
124
124
244
165
124
124
124
124
124
210
244
124
124
124
244
124
244
124
124
244
124
124
124
244
124
124
244
124
244
244
124
124
124
244
124
244
124
244
124
244
244
124
124
124
244
244
124
244
124
244
244
244
244
244
151
244
124
124
124
244
124
124
244
244
244
124
244
124
244
124
151
244
124
124
124
222
244
124
124
141
244
244
244
244
244
244
244
244
124
124
124
124
124
124
244
244
244
124
124
244
244
244
130
244
244
124
124
124
244
124
244
124
124
244
124
124
244
124
124
244
197
124
244
244
124
244
124
124
244
124
124
124
124
244
124
244
124
124
244
124
124
244
124
244
244
244
124
124
124
183
244
124
244
124
124
124
124
244
124
124
244
124
124
232
124
244
124
124
244
124
124
244
124
124
244
244
131
244
124
124
124
244
124
124
244
244
124
124
244
244
124
244
124
124
244
215
244
124
124
124
124
244
124
124
124
244
242
244
244
244
244
124
244
244
124
124
124
244
244
244
124
124
146
244
124
244
203
244
244
244
239
124
125
244
244
244
124
244
124
124
244
124
124
244
244
244
244
244
244
124
244
124
124
124
124
244
124
124
244
244
244
244
244
124
244
244
244
244
124
124
124
124
124
244
244
124
244
124
244
124
124
244
244
244
244
124
124
244
244
124
244
244
124
244
244
124
124
244
244
124
124
244
124
189
124
218
124
124
244
244
124
244
140
503
37
1005
641
610
481
420
957
138
643
362
187
131
138
293
463
605
1045
333
713
23
554
881
935
318
746
12
879
758
571
84
10
594
580
376
719
10
967
427
596
358
502
491
1105
1105
985
1105
985
1105
1105
985
985
985
985
1105
1105
985
985
1105
985
1105
1105
1105
985
1105
1105
985
985
985
1105
985
1105
985
1105
1105
1105
1105
985
1034
985
985
985
985
985
1105
1105
1004
985
985
1105
985
1105
1105
985
1105
985
1105
985
985
985
1105
985
985
1105
985
985
1105
985
1105
1105
985
1105
1105
1105
1105
985
1105
1105
1105
985
1105
985
1105
1045
985
985
985
985
1105
1105
1105
1095
1105
1105
1105
1105
1069
1105
1043
1004
1031
1105
1022
1105
985
985
1105
985
985
985
985
985
985
985
985
985
1105
1105
1105
1105
985
985
1105
985
1105
985
1105
985
1105
985
1105
985
1105
985
1105
1105
985
985
985
985
985
1105
1105
1105
985
985
1105
985
985
1105
985
985
1105
985
1069
1105
1105
1105
985
1105
1018
1105
985
985
1105
985
985
1105
1016
985
985
1105
985
1105
987
1033
1105
1105
1105
985
1105
1105
1030
985
1105
1105
1105
985
985
985
985
1105
985
1105
1105
30
516
117
122
419
492
422
470
95
225
426
112
449
630
368
359
97
302
329
177
100
616
616
736
616
616
616
616
736
736
616
736
691
616
736
616
616
736
736
616
616
616
616
736
616
736
736
616
616
679
736
736
736
736
736
616
616
616
736
714
736
616
736
736
616
616
616
736
736
616
736
616
736
736
736
736
616
736
736
736
616
736
736
616
736
616
616
736
736
720
616
616
736
616
616
736
616
616
736
736
736
736
627
736
736
616
736
736
736
616
736
616
736
616
616
616
616
679
616
736
616
616
616
625
616
616
736
616
736
712
736
736
736
616
616
622
616
616
616
736
616
616
736
616
616
616
736
616
616
616
736
616
616
736
616
616
736
736
616
736
616
736
736
616
736
736
616
731
736
616
616
736
616
736
616
736
616
736
697
616
616
736
616
736
736
616
616
736
736
616
616
643
616
616
736
616
616
736
731
736
616
736
732
736
616
616
616
736
736
616
616
736
736
714
736
736
616
736
616
616
736
616
616
616
616
736
616
616
736
736
736
616
616
616
736
616
736
616
616
624
616
736
736
736
736
736
616
736
616
616
736
736
730
736
736
616
736
736
616
616
616
736
736
616
616
736
653
703
736
616
735
616
736
616
736
736
736
720
616
616
736
736
616
616
736
616
616
616
736
736
736
616
736
736
616
616
736
736
736
736
616
736
616
616
616
616
648
616
736
736
616
658
616
616
736
673
736
616
616
616
616
616
736
736
616
671
736
730
484
20
332
53
703
461
769
290
626
868
155
364
810
816
799
479
726
257
381
86
778
367
766
497
478
274
833
493
527
466
243
766
570
862
862
862
862
862
862
862
982
862
982
862
862
862
982
862
982
982
872
862
982
862
862
982
908
982
982
862
982
982
862
862
862
862
862
982
982
982
982
982
862
862
982
862
862
982
982
862
909
982
982
982
900
982
982
862
982
982
862
862
862
982
862
862
862
875
982
982
862
982
862
868
862
982
982
982
982
862
862
982
982
982
982
862
862
862
982
982
982
982
862
862
862
862
982
982
862
982
862
862
982
862
862
862
862
982
862
862
862
982
862
982
862
982
982
862
862
862
982
982
982
862
982
862
862
862
982
982
862
862
871
862
862
862
862
982
933
862
862
982
862
862
982
982
982
862
862
862
982
982
862
862
982
862
862
982
982
982
862
862
982
862
862
862
862
982
862
877
862
982
862
862
967
982
862
862
982
862
862
862
862
862
862
862
862
982
862
862
862
979
862
862
982
862
862
862
862
862
862
862
862
982
982
862
982
862
982
982
862
982
862
862
982
982
982
982
862
982
862
862
982
982
982
949
862
862
982
862
862
862
862
982
982
968
972
862
862
862
862
982
982
982
862
982
862
862
862
862
982
862
862
862
862
982
982
862
982
862
5
34
115
174
177
35
12
119
159
119
119
69
64
178
72
139
86
114
159
43
21
87
177
126
60
88
134
72
22

