493
613
493
613
493
613
613
613
613
613
493
613
613
493
493
493
613
613
544
493
613
493
613
613
613
493
493
493
613
613
493
493
613
493
613
493
493
493
493
493
613
493
613
613
613
613
613
613
613
613
613
493
493
613
493
613
613
493
493
493
613
613
590
613
493
613
493
493
493
493
493
493
613
613
613
613
493
613
613
493
613
613
493
493
493
613
493
613
493
613
613
566
613
493
493
613
613
493
493
613
493
613
613
613
493
493
613
613
613
613
537
613
493
493
613
613
493
613
493
613
493
493
613
613
510
613
493
493
493
493
493
493
613
613
613
613
493
493
493
613
493
613
493
613
613
613
493
493
613
493
613
507
613
613
493
493
493
493
493
493
613
613
613
613
613
613
561
613
493
613
493
613
610
613
493
613
613
613
493
493
493
496
613
613
493
493
613
493
613
493
613
493
613
493
493
613
613
493
613
613
613
613
613
613
493
613
613
613
493
613
613
613
609
613
493
613
493
493
613
613
613
613
514
493
613
493
605
493
613
493
613
493
493
613
493
493
493
572
613
493
493
493
613
613
613
613
493
613
613
613
613
613
613
613
613
613
613
493
493
613
613
493
493
613
613
493
493
613
493
493
493
493
493
493
493
493
613
613
613
613
493
613
613
613
613
493
613
613
613
613
613
493
613
613
613
613
493
493
493
613
493
493
613
493
493
493
542
613
493
613
493
613
493
493
493
613
493
493
613
613
613
493
613
493
493
613
613
613
613
543
613
613
493
613
613
493
613
493
613
613
613
613
493
493
613
613
493
493
613
493
493
613
493
493
613
613
493
493
493
608
493
493
613
570
613
493
493
493
493
613
613
493
613
493
493
613
613
613
525
493
493
613
613
493
493
613
613
493
613
493
613
613
613
613
613
603
493
493
493
493
493
493
493
613
493
613
493
32
248
55
292
198
354
231
309
354
216
285
194
271
278
311
150
32
383
49
151
166
141
369
97
385
311
40
306
91
389
151
365
344
181
59
374
298
399
296
21
391
340
66
189
309
370
370
370
421
490
370
490
370
490
370
370
490
490
490
370
490
370
370
490
490
370
370
370
370
490
490
490
490
370
370
370
490
490
370
370
490
370
490
490
490
415
370
490
490
370
490
370
370
490
370
370
490
370
490
490
490
490
370
370
370
490
490
490
490
370
370
370
370
490
490
408
490
370
490
490
370
370
370
370
370
490
370
370
490
370
370
370
370
490
370
370
370
370
370
490
370
490
370
490
370
370
472
370
370
490
370
370
433
370
370
490
490
370
490
490
370
490
370
490
370
370
490
370
370
370
490
370
490
370
370
370
490
490
490
490
370
370
370
370
490
370
370
490
490
370
370
370
370
490
490
490
490
370
370
490
490
490
370
370
490
490
404
370
370
370
370
370
490
370
490
490
370
370
490
490
370
370
370
370
370
490
370
482
370
490
490
370
370
490
490
490
490
490
490
370
407
490
490
370
370
370
370
370
490
490
490
490
490
370
487
490
370
370
370
490
490
425
370
370
490
490
490
446
370
490
490
370
370
370
490
370
370
370
370
370
490
490
490
370
490
490
490
370
370
490
133
355
163
622
16
187
439
397
267
31
319
465
126
432
481
383
276
53
333
314
124
361
49
664
214
540
430
736
616
616
616
616
736
736
736
616
736
736
616
736
736
616
736
616
616
736
736
616
616
736
616
736
616
616
736
736
736
616
616
616
736
616
736
616
736
616
736
736
616
736
736
736
616
676
616
616
736
616
616
616
736
616
736
616
736
736
736
616
736
736
736
715
616
616
736
736
736
616
616
736
616
736
616
736
736
616
736
616
616
616
736
616
616
616
616
616
616
616
616
616
736
736
736
616
616
616
736
736
616
616
736
736
736
616
736
736
736
736
616
616
616
736
736
616
736
616
616
616
736
736
736
736
616
616
616
736
616
736
736
616
736
736
616
616
691
616
616
616
736
736
616
736
616
736
736
736
736
736
736
736
736
616
616
616
736
736
736
616
736
736
616
736
616
736
736
736
736
736
616
736
616
736
616
736
622
616
736
736
616
616
616
736
736
736
736
616
616
736
616
616
736
616
736
736
616
736
616
736
616
719
616
616
616
616
616
736
616
616
736
616
736
736
616
616
736
696
616
736
736
616
616
616
616
616
616
616
736
736
736
616
616
736
736
709
616
736
736
616
616
736
736
736
616
719
736
616
616
736
616
736
616
736
736
616
616
736
736
736
736
736
731
616
736
616
616
736
74
182
171
97
25
124
170
78
53
136
81
165
101
2
113
112
95
50
125
181
13
83
159
53
135
152
37
64
68
91
124
244
244
244
124
124
124
244
244
244
176
124
244
220
244
244
124
124
124
124
124
124
124
244
236
244
244
124
124
124
244
244
124
244
244
244
124
124
244
124
244
244
124
124
244
124
179
244
124
244
124
124
124
124
244
124
244
244
244
124
124
124
124
244
124
244
124
244
164
124
244
244
244
244
244
244
124
124
169
124
124
124
244
244
244
244
244
244
244
244
244
244
124
124
124
124
124
124
244
124
124
244
244
124
124
244
244
244
244
124
244
244
217
124
124
244
244
244
167
244
124
124
244
124
244
124
124
124
244
244
244
244
244
244
241
244
244
224
244
244
244
124
124
124
244
124
244
244
124
124
124
244
244
244
124
124
124
244
124
124
244
124
244
244
124
124
124
124
244
244
226
124
124
124
244
124
124
244
124
124
124
124
244
244
124
142
124
244
244
244
244
208
667
569
267
249
98
504
163
631
455
291
419
135
497
238
180
506
548
147
663
230
680
616
616
736
616
736
736
736
616
736
616
736
616
736
736
736
616
616
736
616
736
736
616
616
616
736
736
736
616
616
616
616
616
616
736
616
736
736
616
616
736
736
736
616
736
736
616
736
616
616
736
736
736
736
616
616
616
616
736
616
616
736
616
616
616
736
616
616
616
700
616
736
616
736
616
736
666
736
616
736
736
653
736
616
631
736
616
616
616
736
616
616
616
616
616
616
616
736
616
736
736
736
736
736
616
711
616
736
736
736
736
616
736
616
736
736
616
736
616
616
736
616
736
616
616
736
616
616
736
736
736
616
736
616
616
616
736
736
616
616
616
736
616
626
736
736
736
692
736
616
616
736
616
736
616
616
616
616
616
616
736
616
616
715
736
616
736
736
616
736
616
736
616
736
736
616
616
736
616
736
616
616
736
616
616
616
736
616
616
736
616
736
616
616
736
736
736
736
736
736
736
616
736
616
616
616
616
736
616
736
736
736
616
736
736
736
736
736
616
736
616
736
616
736
736
616
616
736
736
616
616
736
616
736
616
736
736
736
616
616
736
616
616
616
616
736
736
616
616
616
736
736
736
616
736
616
616
736
616
736
616
672
736
736
616
616
736
736
736
736
616
736
616
659
616
625
616
736
616
736
736
616
616
616
736
616
736
616
616
616
736
616
736
736
616
736
616
616
616
736
736
736
736
736
616
736
683
736
616
632
616
736
616
651
736
616
736
616
736
616
736
736
688
616
616
616
616
736
616
616
616
616
257
196
467
489
418
88
459
396
119
33
330
261
98
387
246
506
415
326
94
35
340
495
457
229
519
517
488
323
131
280
165
263
374
50
254
526
201
540
613
613
493
493
493
613
613
493
493
613
613
613
613
493
613
613
493
493
613
613
493
493
541
493
493
613
493
613
493
613
493
493
613
493
493
493
493
493
613
613
613
493
493
493
613
613
613
613
613
493
493
493
493
493
493
493
613
613
493
493
613
613
493
493
580
613
493
493
613
493
613
593
493
493
493
613
613
493
493
613
613
613
493
613
493
493
493
613
610
613
493
613
613
613
613
493
613
493
493
613
613
613
493
493
493
493
613
493
613
493
493
493
493
493
613
613
493
613
493
493
613
493
613
493
613
493
576
514
613
493
493
613
493
613
613
493
493
613
493
493
493
493
613
493
613
613
538
613
613
493
613
613
613
493
613
613
493
604
493
493
613
613
493
613
493
493
493
613
542
493
493
493
613
493
493
493
569
493
613
613
613
493
613
613
613
493
493
493
493
493
493
613
493
613
493
493
493
613
493
493
493
493
493
560
613
544
613
613
613
493
493
613
613
493
613
613
613
613
493
613
585
495
613
613
613
493
613
613
493
493
493
493
493
493
613
613
613
493
613
613
613
613
493
493
493
493
493
613
493
613
613
613
613
613
493
493
522
613
493
613
540
613
493
493
493
613
613
613
613
493
613
613
613
613
493
613
493
493
613
493
493
613
613
613
609
613
613
493
493
613
493
493
493
613
613
613
613
493
493
613
493
528
493
613
493
531
493
493
613
613
613
493
493
613
493
493
613
493
613
493
493
560
611
536
493
613
577
493
613
613
613
613
613
493
613
493
613
613
613
613
493
613
613
613
613
613
493
493
613
493
613
493
613
493
613
613
613
613
613
613
493
613
493
536
493
613
613
493
493
493
613
493
493
613
493
493
493
493
613
613
613
613
613
613
493
613
613
613
613
570
613
613
493
493
613
613
493
493
493
493
493
493
493
493
613
493
493
370
192
130
627
638
514
160
119
445
288
33
537
304
525
666
43
445
296
20
418
75
160
268
314
6
191
65
647
116
670
14
616
162
13
48
192
104
396
470
589
77
370
60
324
128

