859
806
859
739
832
739
859
838
859
739
739
739
853
840
739
767
859
739
859
789
838
751
847
851
739
784
739
859
739
770
799
739
850
798
823
750
859
778
849
739
859
749
859
739
739
741
838
739
859
854
859
847
836
739
859
835
817
739
859
851
769
818
739
739
859
859
739
739
774
859
739
776
838
779
859
859
739
859
739
739
739
739
839
859
756
779
859
859
739
784
859
859
765
841
859
810
739
859
739
844
789
859
829
856
765
859
739
859
738
739
744
805
739
837
749
859
744
843
764
739
774
859
859
859
739
810
806
859
859
761
801
859
739
753
785
739
859
853
739
759
739
859
739
739
746
851
859
859
812
766
816
739
830
859
859
859
823
741
807
739
859
739
799
739
847
859
781
739
859
780
762
859
836
859
827
739
859
739
859
829
804
739
834
739
739
859
797
859
793
739
793
859
859
803
859
785
791
859
859
749
739
739
843
859
739
859
825
859
820
739
797
841
859
739
859
859
859
739
827
739
739
769
739
833
813
809
739
748
739
766
739
791
780
829
856
859
805
856
847
859
739
827
739
739
739
858
859
859
740
823
739
840
739
739
752
739
859
791
755
739
859
848
808
739
746
781
739
742
859
739
739
859
798
859
828
859
859
826
810
859
778
858
806
795
751
769
859
739
761
739
739
739
851
783
739
739
833
739
739
822
739
827
808
859
739
739
811
739
754
739
790
859
859
859
789
738
835
859
848
739
800
852
739
788
859
768
739
859
792
859
739
739
837
739
761
859
760
819
859
859
859
817
739
745
775
739
740
739
748
859
859
859
859
739
739
809
779
780
859
859
821
800
768
847
739
36
29
12
2
39
38
24
35
39
61
39
25
52
38
46
43
50
10
37
44
53
34
0
34
61
18
45
30
34
46
6
29
43
58
11
13
24
7
11
50
33
1
121
1
14
121
1
121
48
1
121
121
23
57
74
107
121
103
1
14
84
121
34
99
121
42
47
1
1
26
1
121
1
121
21
98
1
121
1
121
1
1
1
1
98
75
1
121
121
1
1
121
121
97
67
48
1
1
117
121
121
53
65
121
1
121
35
121
121
17
1
84
49
106
17
121
81
44
91
33
87
121
25
1
121
11
107
26
1
1
1
61
95
121
1
75
17
121
100
1
15
107
1
92
83
90
1
89
121
1
121
51
49
1
23
43
121
121
1
121
11
1
1
121
96
1
121
121
1
1
12
85
121
111
121
1
114
121
96
121
53
1
121
50
121
1
1
121
121
121
121
121
100
116
121
36
1
102
48
121
89
87
121
121
8
121
63
67
76
54
34
121
30
55
36
33
67
1
117
112
121
51
121
121
121
24
78
77
59
121
1
1
1
28
1
87
85
1
110
121
107
121
58
121
27
1
109
114
85
54
18
121
29
121
121
23
121
24
121
0
30
116
5
24
99
1
52
65
121
1
64
51
23
93
1
61
83
1
55
31
42
10
51
54
11
19
58
11
48
37
49
17
35
38
14
8
45
39
24
55
15
48
38
20
27
24
121
81
121
99
1
1
46
76
121
32
121
121
121
71
1
102
14
1
121
1
121
1
99
107
105
37
54
1
1
87
86
1
121
83
32
1
1
117
1
121
121
121
1
1
90
1
117
87
1
1
121
59
121
25
121
1
121
1
121
29
1
1
1
121
1
101
36
1
121
121
1
117
1
1
99
119
24
121
121
121
89
16
1
121
121
23
86
11
121
27
107
121
1
59
121
1
67
17
1
101
121
1
1
1
27
115
121
121
117
80
121
29
17
121
98
121
1
121
24
40
55
92
4
1
4
1
101
1
31
121
1
84
104
121
1
66
64
1
1
121
1
1
1
121
12
5
1
72
121
121
67
74
75
55
82
121
39
121
20
69
121
30
1
98
68
4
1
121
60
60
1
1
64
121
112
3
19
11
74
1
1
121
32
121
63
1
1
1
69
121
1
84
26
1
1
1
3
49
121
36
1
118
121
1
1
1
121
71
1
119
117
78
121
20
37
1
121
98
40
1
62
39
17
1
82
121
111
121
121
121
121
27
114
1
87
119
5
40
1
1
1
121
59
121
1
121
80
121
121
121
1
107
46
121
68
1
121
95
1
1
16
61
1
121
40
121
6
75
52
1
1
1
1
121
121
58
102
121
44
35
1
48
1
121
1
121
121
1
28
121
121
121
1
69
72
1
1
1
103
79
121
121
1
121
27
116
1
121
121
1
1
105
64
3
39
1
121
1
1
113
14
1
114
50
1
1
121
1
56
1
121
65
1
68
1
79
1
1
121
121
1
45
1
71
121
1
38
121
40
89
30
79
1
121
1
82
118
121
121
1
108
65
121
1
1
66
1
38
117
64
1
49
92
1
111
1
121
121
118
45
1
96
1
94
37
28
35
1
121
121
1
121
121
1
39
41
121
92
121
99
5
1
1
121
121
6
121
1
88
100
109
141
82
72
119
4
85
109
162
134
115
105
148
24
154
40
76
181
44
75
110
72
124
85
12
115
89
68
159
110
123
56
182
36
8
46
161
74
2
9
138
109
174
183
62
106
153
244
244
244
244
244
124
244
124
165
125
124
124
124
124
167
223
124
147
124
244
124
127
188
124
155
151
244
150
161
124
244
244
244
182
124
124
232
233
244
124
232
124
124
176
244
124
124
244
124
244
124
244
244
192
182
124
244
124
190
124
125
244
230
150
164
244
144
124
244
142
124
244
124
124
244
124
202
232
244
177
169
203
124
201
124
244
185
244
197
154
222
124
174
207
157
229
244
124
244
124
124
124
144
241
124
124
244
124
124
244
244
124
244
143
120
28
142
77
4
4
165
10
88
69
60
7
144
124
124
244
244
124
244
244
244
155
215
124
224
124
244
170
244
167
126
144
244
244
124
195
137
230
212
175
143
144
244
124
182
244
157
244
124
244
244
244
194
166
145
124
244
173
244
124
124
244
124
124
124
150
124
124
124
244
244
124
124
179
244
214
124
127
123
244
137
192
124
244
126
244
219
244
169
244
210
244
244
244
244
244
124
211
244
222
174
244
225
244
244
193
244
130
173
124
243
138
222
145
244
124
155
171
244
244
124
216
182
124
244
167
189
134
244
135
124
124
184
124
156
185
124
124
175
216
124
244
124
125
124
220
159
179
229
124
201
239
244
124
124
124
124
124
244
244
244
233
124
137
244
124
124
222
190
124
124
244
244
244
124
191
124
244
190
188
244
244
124
124
241
123
124
124
236
244
156
179
244
244
159
244
244
216
143
124
231
147
203
124
224
124
244
139
244
244
124
244
197
134
198
124
124
124
244
244
142
244
135
124
244
124
173
219
204
124
244
244
124
244
124
244
240
124
124
124
228
240
124
124
244
244
244
244
178
129
244
124
237
233
176
244
208
244
244
124
234
124
124
220
124
124
124
171
180
232
124
244
244
205
239
159
134
244
183
235
237
139
124
244
221
182
125
136
154
231
146
208
199
124
244
173
124
244
244
244
124
186
188
124
124
244
233
124
124
223
192
123
194
235
244
232
159
185
124
244
130
124
124
124
139
124
124
227
193
244
124
124
229
164
124
207
182
125
177
244
166
132
214
191
124
124
244
96
512
514
369
135
179
512
235
190
475
295
185
295
131
244
168
535
508
81
71
450
357
278
283
114
144
38
384
14
481
429
223
358
385
195
204
528
546
493
572
493
613
506
589
584
613
493
613
605
613
613
543
603
600
493
613
493
613
573
499
613
551
493
602
613
493
493
577
613
613
563
516
613
591
529
493
493
613
575
493
586
493
493
530
564
493
613
493
574
604
613
503
493
529
512
613
613
553
613
527
613
613
601
493
613
539
502
613
611
531
524
613
521
543
613
493
606
493
568
493
613
493
613
493
493
566
608
613
493
553
518
493
607
590
526
613
613
613
493
493
493
569
519
613
613
493
493
493
600
493
506
613
599
541
536
508
613
493
568
536
493
613
493
517
529
613
613
613
548
523
561
607
493
555
507
493
493
565
517
493
570
581
546
613
613
517
613
493
613
521
526
613
613
493
493
590
537
613
493
493
563
613
520
493
493
613
613
493
613
613
517
529
536
604
493
493
493
613
609
493
493
613
612
566
493
559
493
578
512
613
551
565
493
493
613
613
547
567
613
520
496
519
580
553
523
581
613
572
493
613
503
517
493
493
493
558
493
493
613
493
493
493
498
610
493
493
517
493
495
525
580
494
562
613
493
509
593
577
493
493
548
585
493
613
523
493
537
613
613
547
536
493
607
612
613
493
493
493
493
613
604
493
613
578
613
498
545
613
608
493
517
451
385
13
311
278
362
492
243
323
3
247
317
277
385
18
505
336
436
176
546
349
474
35
169
24
0
6
164
208
516
585
613
493
493
613
613
493
613
493
589
613
523
599
508
493
493
493
589
613
548
561
493
613
493
613
556
493
592
536
613
492
613
493
613
534
493
493
493
537
493
493
548
613
581
493
613
493
493
613
613
540
515
548
613
548
526
593
493
504
585
533
600
581
556
613
520
613
545
563
543
586
530
613
493
613
560
613
553
529
555
493
527
613
522
606
545
613
493
555
493
613
613
613
496
529
493
548
509
493
613
613
493
493
613
610
531
507
573
493
493
577
608
613
493
587
613
526
613
493
588
493
613
493
493
493
609
567
506
493
537
613
601
506
493
598
613
493
493
613
493
613
529
493
541
563
493
613
613
516
493
593
595
613
493
613
562
583
503
540
531
518
613
580
613
605
493
613
548
493
613
493
493
571
613
613
613
588
494
504
613
493
493
576
613
505
529
613
519
493
501
493
551
493
493
568
526
613
608
613
46
16
38
5
8
10
14
36
42
2
19
28
36
28
60
4
12
27
51
51
25
34

