121
121
121
121
121
1
121
1
18
121
121
121
121
1
1
1
1
1
1
30
1
1
121
1
1
121
1
121
1
121
121
1
37
121
1
121
121
121
1
84
1
1
1
1
1
1
121
121
121
1
93
26
1
1
1
121
1
121
62
121
121
121
1
1
1
121
1
121
121
121
1
77
1
121
121
121
1
1
1
1
1
1
1
74
121
1
121
121
1
121
1
121
121
121
1
121
121
121
121
121
121
1
1
1
1
1
121
1
1
1
121
121
1
1
1
1
121
121
121
1
1
1
1
121
1
1
70
1
121
1
121
1
1
121
121
1
121
1
1
1
1
1
1
121
1
121
100
1
121
1
121
1
1
1
121
1
1
14
1
121
1
0
1
1
86
43
1
121
121
1
121
1
1
121
121
1
1
121
121
121
121
1
121
121
1
121
1
121
1
1
121
121
1
121
1
1
121
1
121
1
121
1
1
121
121
1
1
1
58
1
1
1
121
121
121
61
121
1
121
121
1
121
121
121
121
1
121
121
121
121
1
121
121
1
121
1
1
1
121
121
121
1
121
1
1
121
1
121
121
1
1
1
121
121
1
1
1
121
121
1
121
1
1
1
1
118
121
1
121
121
121
1
121
121
121
1
1
1
1
121
102
1
1
1
1
121
1
121
1
121
1
1
1
1
121
1
1
121
121
1
121
121
121
117
121
121
105
1
121
1
1
1
1
1
121
121
121
121
1
1
121
1
121
1
1
1
1
1
121
121
121
1
121
121
121
1
1
121
1
1
1
121
121
121
103
1
121
1
1
1
121
1
121
121
121
1
121
121
1
121
121
55
121
1
1
121
109
121
121
121
121
632
464
685
536
137
417
663
727
272
118
643
113
693
553
704
418
510
426
792
604
247
729
307
264
740
235
191
735
444
699
138
740
57
356
88
456
693
530
264
237
435
739
739
859
739
859
739
859
739
859
859
739
859
739
739
770
859
739
859
739
739
859
859
739
859
739
739
859
739
739
739
816
859
859
739
739
739
859
739
859
739
739
859
739
859
739
739
739
739
859
859
739
859
845
859
859
739
859
739
830
739
859
859
859
859
859
739
859
739
739
739
859
859
739
859
792
757
859
859
859
739
739
739
859
739
859
859
859
859
859
739
859
859
739
859
859
739
859
739
859
859
859
739
739
859
859
825
739
859
739
739
741
739
859
739
859
739
859
859
739
739
739
739
739
739
739
859
739
739
739
739
859
739
859
859
859
859
859
739
859
831
739
739
739
859
739
859
739
739
859
859
739
739
739
767
859
739
749
739
739
859
859
859
859
859
739
739
739
859
739
836
830
859
859
791
859
739
739
739
859
859
739
859
859
739
739
739
859
739
859
859
739
739
739
739
739
859
859
739
739
813
859
739
739
739
859
859
739
739
739
739
859
739
739
739
739
859
859
859
859
739
784
739
739
739
739
859
739
859
739
739
739
739
739
859
739
739
859
859
859
859
798
739
739
859
854
739
739
859
739
739
859
739
739
739
739
859
739
859
739
859
859
765
739
739
859
739
739
739
859
739
739
739
859
739
739
859
834
739
739
834
739
859
739
859
859
859
859
739
859
859
859
739
739
859
739
739
859
739
859
859
859
739
739
859
739
746
859
859
739
739
859
859
739
859
739
859
491
262
285
246
488
553
90
376
68
177
406
586
733
422
784
48
320
764
125
250
552
546
704
22
52
35
95
32
119
264
606
451
625
601
781
859
739
739
859
859
775
859
739
859
859
859
859
859
859
739
739
739
739
739
859
775
739
739
859
859
739
739
859
739
739
739
859
859
739
739
859
859
739
859
739
859
739
786
739
739
859
859
777
859
739
859
859
739
859
859
739
859
859
739
835
859
859
739
859
739
859
859
859
859
739
859
859
859
739
859
859
739
739
739
739
772
859
859
739
859
818
739
859
739
859
739
859
739
859
752
739
859
859
739
859
859
739
739
739
739
859
859
739
859
739
859
739
765
859
739
739
739
859
739
859
859
859
859
739
738
859
859
857
859
739
859
739
859
859
823
739
859
739
739
859
739
825
739
859
739
739
859
739
859
859
778
859
859
739
859
859
739
739
859
859
859
739
739
739
859
859
739
739
739
739
859
739
739
859
739
859
739
859
739
739
859
859
739
859
859
859
859
859
859
739
859
739
739
739
739
739
859
739
859
739
739
859
859
859
739
739
739
859
739
859
739
739
852
859
859
739
859
739
859
859
739
739
739
859
739
739
859
859
859
739
739
859
859
859
739
819
739
739
859
859
739
739
859
830
739
739
859
739
859
859
859
859
859
739
859
739
739
739
739
739
739
739
739
859
739
739
859
859
859
739
859
739
859
859
859
739
859
739
859
859
859
739
859
859
859
739
859
739
739
739
859
859
859
739
739
859
739
859
859
859
859
859
859
739
739
859
859
739
739
739
739
859
859
739
739
859
859
859
859
859
739
739
859
859
859
739
739
859
859
59
136
30
78
75
161
129
137
118
76
130
131
122
112
146
114
146
110
65
26
81
2
105
68
51
51
2
74
36
52
62
172
12
62
57
74
51
124
124
244
244
244
124
244
124
244
244
124
124
244
244
244
124
124
124
244
124
124
124
244
124
124
124
141
124
244
124
244
244
244
244
244
124
244
167
186
124
124
244
124
124
244
124
244
124
124
244
244
124
244
124
124
244
124
124
244
244
124
124
124
124
173
124
124
124
130
140
244
155
185
244
124
124
244
244
244
124
124
124
182
124
124
124
124
244
124
244
244
244
244
244
124
124
244
124
124
244
244
124
244
124
244
124
244
124
124
124
124
124
244
244
124
124
124
216
124
124
124
124
244
244
244
244
244
244
124
244
124
244
124
206
124
124
124
124
244
244
244
244
244
244
124
124
124
124
144
244
124
124
244
244
244
231
244
244
244
244
124
244
124
244
124
244
148
124
244
124
140
244
244
124
124
124
244
244
124
124
124
244
124
124
124
244
124
244
203
244
124
124
244
244
244
124
124
124
168
244
244
244
124
124
244
244
135
124
124
124
244
244
124
244
244
124
244
244
124
244
244
124
244
124
124
244
244
124
124
244
244
244
244
124
244
124
244
124
124
124
124
244
124
244
244
244
124
244
244
124
124
244
244
244
244
244
167
244
244
244
124
124
124
124
244
244
244
244
124
124
244
244
244
244
124
124
124
124
244
244
124
244
124
124
139
124
244
124
124
124
124
124
124
244
124
124
244
244
124
244
124
244
124
244
244
244
186
124
244
244
124
244
244
124
244
244
124
244
124
124
124
124
244
244
244
244
244
244
124
124
198
244
244
124
237
124
124
124
206
236
124
228
244
244
124
124
244
244
244
124
244
244
124
244
244
244
124
124
124
244
244
124
235
124
124
244
124
244
124
205
124
124
244
244
244
124
190
244
124
244
244
124
244
124
244
126
244
244
244
124
244
244
244
124
124
124
124
124
124
124
244
124
124
124
124
124
124
244
124
244
244
244
162
244
244
124
244
244
124
124
124
244
124
124
244
244
244
124
244
244
244
244
244
244
244
124
244
124
124
124
244
244
244
124
244
455
310
792
1011
820
214
347
1035
100
243
402
25
601
212
45
595
581
18
250
153
767
277
768
541
190
571
254
737
755
630
911
984
504
580
94
361
392
410
195
1032
206
426
590
640
298
903
543
637
373
985
1105
985
985
1105
985
985
985
985
985
985
1025
985
985
1028
985
1105
985
1105
985
985
985
985
1105
985
1105
1105
995
985
1105
1105
1105
1105
985
1105
985
985
985
1105
1105
1053
985
985
985
985
1105
1105
1105
985
1105
985
1105
1105
1105
985
985
1105
1029
1105
985
985
1105
1105
985
985
1105
985
1105
1105
985
1054
985
985
985
1059
1105
1105
985
985
1105
1105
1069
1105
985
1105
1074
1105
985
1105
1105
985
1105
985
985
1105
985
1105
1105
1053
1105
985
985
985
1105
985
1099
1105
985
1105
1105
1105
985
985
985
1105
1105
985
985
985
985
985
985
1105
1105
985
1105
985
1105
1105
985
1105
985
1105
985
985
985
985
985
1010
1105
1105
985
985
1105
1105
985
1105
985
1105
985
985
985
985
985
1105
985
1105
1105
985
1105
985
985
985
1105
1105
985
1105
985
985
1105
1105
985
1105
1105
985
985
985
985
1105
1105
985
985
985
985
1105
1105
1105
985
985
985
1105
985
985
985
985
985
1105
1105
1083
1105
985
985
985
985
985
985
1105
985
985
1105
1102
1105
985
1105
1105
1105
985
1105
985
1105
1042
1105
985
992
985
1105
985
985
985
1105
985
985
1105
1105
985
985
985
1105
1105
1105
1105
1105
1105
1105
1105
985
985
985
985
1105
1105
1105
985
1105
985
985
985
1105
985
985
1105
985
1105
1105
1105
1105
1105
985
1105
1105
1105
1105
985
985
1105
985
985
1105
1105
985
985
1105
1105
985
985
1083
985
985
1037
1105
985
1105
1105
1105
1105
985
1080
1105
985
985
1105
985
985
985
985
985
1105
1105
985
1105
993
985
985
985
1105
1105
985
985
1105
985
985
985
985
985
1105
985
1105
985
985
985
985
985
1105
1105
1105
985
985
1105
985
985
1105
1105
1105
1105
1105
31
202
62
258
21
35
125
88
42
87
39
13
213
99
181
78
265
57
187
254
192
255
63
194
158
183
148
150
193
198
38
97
110
252
180
131
194
4
247
247
367
367
247
367
367
247
247
367
367
367
367
247
247
367
247
367
367
367
367
247
278
247
367
247
367
247
247
247
314
367
367
367
247
364
367
367
247
367
367
247
247
247
367
247
367
247
367
367
247
367
247
367
247
247
247
247
367
247
247
367
247
247
247
315
247
367
247
367
247
247
367
331
367
367
337
367
247
247
367
247
367
367
247
367
367
247
310
247
367
367
367
367
247
367
367
247
247
314
367
367
367
294
353
367
247
247
247
247
247
367
247
247
247
367
247
247
294
367
247
367
247
247
367
367
247
247
318
315
247
367
367
367
247
367
247
367
247
247
367
247
367
367
247
367
247
367
367
367
265
247
247
247
367
247
247
367
367
247
247
247
367
247
340
247
367
367
367
367
247
367
247
247
367
265
247
247
247
247
367
247
367
247
367
367
247
247
348
367
247
247
247
247
367
247
367
247
367
367
247
367
367
247
247
367
247
367
302
367
367
293
247
247
367
367
247
247
367
247
247
367
367
266
247
247
367
367
247
367
247
367
367
247
247
367
367
247
367
367
367
367
367
303
107
350
62
379
378
231
252
364
169
345
109
28
104
153
202
278
251
261
122
312
181
165
27
345
195
368
370
490
370
490
384
490
490
490
370
490
370
490
370
370
370
370
370
370
370
490
490
490
370
490
490
370
370
441
490
490
490
370
490
370
490
490
490
370
490
490
490
490
490
370
370
429
490
490
370
490
490
370
490
490
370
490
490
450
370
490
370
490
370
370
490
370
490
490
490
370
370
490
490
490
490
490
490
370
490
490
370
490
370
370
490
490
490
459
490
370
490
370
490
490
490
370
370
490
490
490
490
370
490
370
490
490
425
370
370
370
490
370
370
370
370
490
490
454
490
370
407
490
370
370
490
370
370
490
490
490
490
490
370
370
370
370
370
490
490
370
370
490
490
370
490
490
490
370
370
490
490
370
370
370
370
490
370
370
490
490
490
490
490
490
370
370
490
370
370
490
490
490
447
370
370
490
490
490
490
370
370
370
370
370
370
370
370
490
490
490
490
480
490
370
370
370
490
370
370
370
370
370
446
490
490
370
490
490
490
373
490
370
490
484
370
490
490
490
370
490
490
370
490
490
490
490
370
370
370
490
370
370
370
370
370
490
395
370
370
490
490
462
370
490
490
490
370
370
370
370
370
370
45
33
30
28
13
54
29
13
14
1
46
23
41
25
21
51
5
12
15
28
20
3
12
39
10
30
25
20
121
121
45
11
121
121
1
1
1
1
1
67
1
121
121
1
1
1
1
121
121
1
121
1
121
121
121
1
1
121
121
121
1
121
1
121
1
121
1
121
1
1
121
121
1
121
121
121
121
1
1
121
40
1
1
1
86
121
121
1
1
121
121
1
121
1
121
121
121
121
121
121
1
1
1
121
1
1
1
1
121
121
1
121
121
1
1
1
1
121
121
40
121
1
1
121
121
1
121
1
121
1
1
121
121
21
1
1
121
121
121
121
1
121
1
121
121
1
1
1
121
121
121
1
1
1
121
121
1
121
100
1
1
1
1
1
121
121
1
1
1
121
121
1
121
1
1
121
1
121
1
121
121
121
121
1
1
1
121
1
1
121
1
55
1
1
121
1
1
1
121
1
1
121
1
121
1
31
121
48
1
1
121
1
1
121
121
121
121
1
1
98
1
1
1
1
81
121
121
1
121
1
1
1
1
121
121
1
1
121
121
1
38
121
1
1
1
121
1
121
121
1
121
1
121
83
240
463
726
521
204
555
204
588
146
744
207
448
375
78
460
113
546
539
688
304
50
614
308
256
739
739
739
739
859
859
859
859
859
859
739
859
754
859
859
739
739
739
859
859
859
739
739
859
739
859
859
859
739
859
739
739
739
739
859
739
859
739
739
739
739
739
784
739
833
739
859
859
739
739
859
739
859
859
859
739
859
739
859
739
859
739
859
739
859
859
739
859
739
748
739
859
859
739
739
739
739
739
859
859
859
739
859
739
739
739
739
859
859
739
859
739
859
859
859
859
739
739
859
859
859
739
739
739
859
859
859
859
859
859
859
739
739
739
739
815
859
859
739
859
739
739
739
859
739
739
859
739
739
739
830
859
859
739
739
739
739
859
813
859
859
739
859
859
739
859
859
859
859
739
859
859
739
739
739
859
859
739
739
739
739
739
859
859
739
739
739
859
739
739
859
739
739
859
859
739
739
859
859
859
848
739
739
859
739
739
859
739
739
859
739
859
859
859
739
739
859
739
739
739
859
859
823
859
859
739
859
739
859
859
859
739
859
739
739
859
739
739
859
739
859
739
739
739
739
859
859
739
739
806
859
859
739
859
859
859
859
859
739
739
821
739
859
859
739
859
739
859
739
739
859
859
739
739
859
739
739
739
739
812
739
739
859
859
859
859
859
739
739
739
859
859
739
739
739
739
739
739
859
739
859
739
859
859
739
739
739
739
784
859
859
739
739
739
739
739
859
739
739
859
739
859
739
739
859
859
859
739
739
859
859
739
859
739
795
633
726
100
256
700
486
539
584
596
104
673
436
306
169
249
309
732
535
513
634
418
460
144
608
350
682
241
153
524
469
596
474
443
575

