30895
30648
30323
30827
30255
30440
30524
29920
30592
30638
30545
30448
30443
31625
31302
30440
29949
30490
31249
31510
30801
30625
30986
30975
30517
30926
30746
30876
30796
31013
31116
31557
30619
29924
30130
30222
31306
30622
31220
30135
31146
30869
30356
31333
31369
31245
30242
30812
30391
31115
31141
31410
30421
31077
30877
31158
30556
30132
30705
30324
30156
30856
30763
30987
31283
30478
30730
30733
30333
30941
30447
30478
30494
30204
30981
30514
30821
30740
30228
31375
30280
31077
30756
30328
30278
30589
30634
30319
30793
30165
31396
30378
30511
30376
30225
30955
30665
31089
30902
30769
30892
30076
30877
30567
30045
30519
30377
29793
30361
30702
30278
30941
30548
30874
31002
30745
30639
30185
30692
31092
30781
30257
30440
30611
31164
30243
30731
31026
30804
30868
31022
31654
31016
30455
30475
31079
30255
30595
30799
31006
30714
30812
30446
30370
31133
30620
31031
30596
30066
30750
30689
30503
30779
30552
30369
30843
30980
30704
30157
30444
31174
30880
30687
30472
29969
30786
30831
31298
31112
31235
30572
30798
30644
30540
30457
30196
31287
30182
30771
30315
30995
30239
30674
30190
30241
31241
30819
29727
29932
30655
30272
30680
30943
30369
30526
31105
30818
30836
31136
30738
30540
29654
30421
30677
30060
31434
30552
30475
31238
30757
30988
30115
30762
31080
30371
30819
31109
31149
30685
30624
31568
30415
31204
31100
30678
31208
30944
30191
30615
31192
30513
30614
31059
30477
30524
30988
30888
30210
31441
30055
31159
30821
30332
30556
30963
29864
30925
31181
30636
30907
31131
30294
30815
29986
30484
30799
30363
30721
30010
31025
30819
30172
30170
30779
31319
30759
30343
31144
30895
29691
30807
31181
30801
30812
30823
30378
31669
31379
30247
29869
30553
31229
30923
30689
30802
30906
29792
30888
30093
30762
30375
30874
30864
31173
31245
31279
30343
30201
30620
30718
30579
31202
30251
30404
30403
30773
31047
31131
30163
31012
30848
30061
30570
31133
31226
30941
30483
30238
30534
31140
30733
29999
30436
29568
31163
30532
31449
30493
31325
30715
31312
30929
30404
30973
29304
30572
30661
30257
31300
31355
30099
30197
31387
30646
30840
30630
30849
29841
30687
31031
30288
30720
30309
30574
30664
30636
30860
30413
30756
31298
29671
30020
30267
30759
30816
31390
30488
30454
31021
30342
30818
29865
30608
30761
31337
30402
30923
30414
31314
30814
30756
30700
30676
31008
30227
30709
30820
31302
30601
31124
31049
30777
30499
30697
31277
30112
31016
30960
30461
30416
30524
30324
31354
31553
30360
30660
30374
30880
30776
30941
30835
31401
31620
29737
30739
30774
30290
31397
31312
30364
30900
31507
30838
30736
30690
30116
31636
30448
30751
30255
30488
30416
30374
31014
31248
29874
30470
30810
30156
31227
30622
30736
30866
31466
30490
30817
30001
30629
31311
30794
30246
30885
30736
30913
31519
30803
30290
31217
31111
31315
30389
30488
31416
30990
31294
30812
30721
31106
30443
30116
30977
29845
30664
29939
30407
30435
30499
30585
31154
31143
30587
30910
30398
30670
30704
30456
30334
30801
31540
31130
30234
30994
30782
30732
30874
30545
30951
30703
30515
31291
30423
31073
31076
30213
30508
30722
30232
30777
31359
30469
31078
31153
30534
30525
30712
30652
30559
31165
30481
30914
30703
30637
31068
30701
30996
31335
30863
31309
30599
30945
31032
30850
30715
30446
30491
30284
30811
30464
29953
31173
30990
30833
30683
31014
30003
30208
29762
30329
30401
31047
30335
30640
30836
30838
29757
30539
30323
30922
30771
30560
31030
30865
30860
31928
30996
30853
30930
30459
31204
31265
30675
30175
30260
30723
30487
31081
31426
30751
30021
30353
31184
30765
30639
31297
30714
30702
30506
30668
30023
30280
30798
30530
30250
30843
30583
30964
31309
31334
30699
30165
30915
30445
31031
31140
30124
31263
29963
30252
30820
30489
30332
30149
30729
30232
30268
30599
30075
30287
30365
31231
29879
30365
31337
30594
30130
30674
31716
30193
30272
29979
30888
30433
30541
30489
30498
30753
30698
31121
30954
30757
30953
30342
30965
29946
30774
31590
30699
30755
30677
30599
31054
30958
30896
31135
30261
30876
30584
30571
30440
30515
31376
30547
31286
30200
30362
30647
31165
30723
31318
30471
31265
30875
30238
31056
30757
30699
30537
31054
30275
31121
30669
30674
30753
30769
30536
30829
30439
29712
30135
30810
31006
31946
31187
30654
31489
30224
31643
30308
30937
30708
30885
31103
30791
31468
30758
30723
30810
30807
31188
31144
31414
31166
30367
30909
30626
31143
30594
30772
31086
30036
30549
30744
30482
30537
30347
29928
30556
30958
31289
30638
30920
30391
29779
31160
30365
30980
30650
30743
31210
30579
30891
30139
30892
30274
30512
30776
30838
30077
30668
31163
30462
30125
30709
30337
30468
29987
29854
31221
30201
31250
30105
30860
30768
30830
30932
30441
30470
30708
30999
30579
30286
30956
31338
30322
31233
30763
31049
31178
31293
30662
30346
30411
30441
31049
31162
30228
30809
30280
30717
31398
29974
31025
30193
30135
30612
30856
30044
30926
30906
30031
30559
30687
30786
30478
31042
30740
30828
30768
30617
30476
30834
31029
30668
30371
30626
30986
30793
31093
30568
30979
31175
30836
30781
31158
30636
31390
30538
30371
30693
30638
31018
31576
30573
30415
30757
30724
30494
30225
30676
30943
31060
31226
30389
31101
31012
29936
30780
30155
30568
31549
30574
30690
30497
29880
29956
30676
30431
32064
30288
30969
30552
30545
31048
30664
30490
30848
30434
30331
30937
30042
30587
31224
30790
30799
31062
30384
31208
30590
30364
30402
30149
30173
30741
30774
30202
30360
30727
29958
30399
30683
30688
30552
30630
30823
29981
30522
30282
30463
30628
30844
30379
30113
30692
30467
31296
30324
30908
30667
30442
30247
30837
30597
29809
30408
30821
30662
30566
30615
31453
30761
31809
30879
30617
30911
31021
30977
30767
30835
31351
31109
30535
31356
30886
29906
30535
30673
30944
30741
30340
30528
31163
30769
30437
30655
30864
30849
31127
30414
31263
30104
30649
31041
30718
30160
30864
30369
30447
31015
30097
30973
30836
31068
30718
30802
30742
30570
30646
30905
31190
30326
29973
30601
30657
30575
31688
30982
29893
31435
30522
31167
30491
30942
30226
30678
30121
30540
30794
31448
30817
30376
29985
30879
30660
31394
30749
31129
30869
31166
30807
30404
30733
30439
31717
5163
12311
2022
10068
2976
16304
23082
454
15385
2365
24050
4574
18071
21566
4966
22949
22211
2034
17342
26141
5677
1714
9652
12992
117
20805
3790
10371
10217
20325
16153
24817
26218
14901
17781
1160
26192
3710
10869
25030
22153
19116
6463
23823
22092
22531
12902
15991
6851
10770
640
9685
19085
20806
15349
15117
23340
11362
16724
7782
12251
13576
19962
19601
18565
6504
13957
8499
21323
23418
21201
7389
16249
21472
1715
17172
24996
12695
14878
24027
17361
3954
14153
7602
586
11078
15363
16695
12762
19454
7165
19749
24047
15147
13178
4227
20218
12931
24290
21347
2164
18241
6387
22138
12011
5156
5103
23274
9971
17235
24499
27706
26465
26538
26939
26731
26340
26705
25802
26753
27041
27664
25847
26858
26688
26243
25870
26000
26229
26662
25780
26663
27161
26225
26287
26289
25786
26663
26433
27003
26494
26429
25421
25944
26404
26371
26960
27222
26453
26118
26576
26563
26315
27022
26758
26672
27126
26157
27487
25934
26291
27583
26850
26960
26913
27099
26763
26107
26791
26469
27389
26045
26084
26513
26504
26243
26821
26611
26332
26167
27462
26671
26860
27068
26549
27031
26268
27528
26638
26956
25977
26192
26218
26554
26103
26478
26384
26892
25778
26961
26507
26821
26601
27004
25991
26245
26963
26458
26734
26777
27221
26163
25581
26870
26921
26503
26597
26498
26604
26938
26702
27176
26329
26059
26766
26095
26685
26863
26042
26381
27004
26360
27215
27078
27193
26234
27050
26218
26295
26191
25969
26555
26669
26503
26932
26557
25875
26575
25838
26696
25996
26095
27249
26058
26083
26009
25755
26576
26238
27184
26101
26638
26300
26494
26339
26540
27105
25981
27073
26781
26764
26652
26229
27277
26718
26215
26931
26891
26017
27060
26780
26629
27248
27382
26070
26757
26358
26862
26339
26066
27020
26638
26874
26035
26444
26803
25888
26565
26294
27115
26090
27026
26933
26136
26046
26783
27062
27251
26067
26244
27037
26680
25978
27075
25991
26149
26380
26615
26193
26540
26858
25914
26327
26587
26640
26603
26930
27494
26455
26330
26841
26450
26916
26482
26400
27209
26716
26608
26946
26533
26773
27370
26419
27143
26355
27557
26288
26696
26398
26295
26469
26681
26435
26716
27046
26138
26343
26513
25921
27013
26676
26372
27092
25931
26193
27114
26320
26331
26077
27019
27015
26313
26400
27111
27048
26914
26321
25830
26604
26563
26582
26321
26708
25820
27529
27172
26557
26937
26991
26584
26127
26861
26859
26407
26503
26288
26579
26477
26562
27260
26928
26303
26874
26435
27386
26545
26149
26360
26529
26615
26603
26391
27432
26016
27288
26779
27420
26830
26749
26953
26679
25843
26547
26190
26638
26266
26674
26762
26897
26739
26650
26799
25781
27077
27227
26422
26794
26412
26905
27192
26625
26716
26907
26595
26427
27033
26575
26455
26688
26772
27129
26388
26931
27219
26387
27474
26332
26791
26325
25948
26932
26485
25809
26517
27024
27039
26286
27064
27213
26589
26813
26625
26335
26683
26537
26859
26081
27220
27192
26995
25978
26810
26070
27096
26198
26750
26451
26975
26455
27381
26708
26864
26473
26464
26791
26873
26751
27066
26933
26551
26631
26764
26372
26562
26323
27290
26485
26426
26658
25967
26343
25769
27172
26303
26705
26610
26706
25705
26590
26857
26787
26268
27193
26835
27177
27098
27027
26578
26886
26316
26198
25917
26615
26407
26618
26861
26664
26407
25938
26551
26956
27404
26711
25988
26263
26632
26048
26488
26543
27247
27141
27687
26674
26289
26383
26721
26223
26279
25625
26591
26458
26527
26422
26554
26285
25873
25689
26428
26324
26431
26848
26989
26722
26332
27283
26241
26183
26925
26809
26252
26612
27130
26766
25900
26576
26703
25954
27332
26980
26261
26583
26486
26444
26139
26515
26829
26781
26025
26387
26161
26172
26811
26936
26288
26916
26500
26658
27168
26471
26934
26873
26322
26310
26416
25958
26660
26110
26062
26211
26424
26541
26906
27134
27117
26062
26412
27068
26211
26171
26574
26176
26632
27061
25954
26266
27614
26882
27389
25543
26701
26078
25917
26601
25759
26077
26959
26631
26068
26596
26455
26718
26280
26699
26760
25975
26191
26274
26242
26514
26476
26072
26368
26120
26549
26582
26703
26475
26468
26855
26931
27038
26974
26772
26469
26713
27083
25945
26979
27357
26244
26601
26266
26587
26437
26567
27257
27108
26589
26526
26963
26196
26609
26424
26648
26318
26824
26639
26590
27049
26551
26137
25866
26213
26535
26899
26869
26298
26729
25642
26979
26568
26744
26881
26926
26816
27520
27130
27048
26980
26248
26256
26900
26407
27033
26228
26776
26347
26218
26978
26908
26773
26462
26517
27811
26760
25985
26283
26510
26749
26527
26850
27101
26886
26691
26592
26719
26403
26127
26556
26737
27278
26330
27029
26207
26052
26363
26789
26306
26499
26810
26335
26537
26401
26610
27069
26622
26069
27152
26344
26453
26012
27092
26254
26912
26852
26674
26727
27098
26337
26096
26406
26393
26967
26649
27310
26275
27233
26536
26503
26841
25997
26669
26734
26998
26386
26480
26753
26665
26615
27074
26031
25532
26489
26502
26789
25863
27290
26902
26245
26126
26366
26700
26819
26356
26081
27119
26582
26659
26782
26791
26624
27585
26997
26392
26688
27328
26438
27200
26930
26490
26879
26279
26662
26962
26771
26912
26146
27612
26418
26829
26985
26739
26896
26618
27052
25960
27258
25841
26689
26796
26657
27016
26165
27055
27262
25864
26920
26169
26743
26439
26700
27225
27116
26354
26807
26923
26834
26314
26395
26640
26833
26678
26713
26364
26886
26941
26493
26319
26197
26083
26462
26714
26937
26707
26806
27065
26475
26677
26162
26810
26262
25918
26262
26327
26719
26246
26423
27574
27416
27093
27433
26053
26937
26885
26460
26637
27299
26863
26685
27147
26008
26716
26995
26638
26490
26719
26678
26550
26593
26595
26621
27112
25990
26727
26483
26478
26573
26243
26748
26722
26355
26771
26619
26027
26544
25987
26823
27249
27159
26858
26229
27159
27094
26481
27004
26623
26260
26278
27402
27039
26889
26814
26856
26702
26433
26986
26441
26149
26267
26422
26452
26723
26431
26149
26734
26832
25609
26683
26833
25492
26539
26821
26609
26852
26159
27082
26258
26858
26295
26367
26309
25990
26901
26516
26337
27180
26388
26432
26661
26114
26739
26322
26369
26424
26703
26779
26943
26609
27094
27353
26229
27129
25868
26573
26515
26737
27158
26762
26392
26145
26665
26787
26425
26842
27260
26889
26724
27217
26326
26106
26756
25862
25517
26878
26275
27324
26351
25717
26096
26923
26493
26584
26356
25975
27108
26259
26650
26132
26553
26928
26533
26552
25990
26606
27092
26610
26091
26617
27647
25513
25807
27231
26705
26784
26342
26876
26298
27333
26775
26513
26971
25790
26806
26934
26053
26664
26680
26346
26931
26308
27385
26672
26898
26435
26994
27247
27527
25705
26396
26783
26258
26590
26881
26701
26853
27135
25976
26885
27153
27746
26188
27153
26196
26992
26533
27085
26576
26538
25958
26152
27096
26779
26181
27616
26994
26767
26908
26185
26639
26551
26953
26485
26188
26034
26103
26154
26430
26656
26738
26157
26034
26409
26660
26041
26611
26751
27160
26346
26221
27001
26426
26335
26905
26699
26962
26952
26786
27103
26762
26329
26479
26200
26698
27109
25996
26372
26882
26078
26673
26825
26065
25788
26005
26976
26037
26682
27138
26527
26504
26828
26277
26679
27018
25911
26801
26152
26440
26527
26101
26434
26673
26377
26659
26027
26410
26647
27175
27018
26296
26556
25965
26415
26456
27346
26423
26299
26078
27141
26830
27203
26686
25684
26540
26833
26767
26383
26149
27178
26744
26517
26715
25863
26422
26937
26984
26454
26438
27643
27085
26443
26439
26651
26472
26376
26786
26593
26524
26881
26360
26434
26610
26496
26609
26754
27324
26861
27560
26359
26728
26551
26310
26393
27137
25967
26359
27086
26498
27295
26162
26840
26783
26681
26849
27300
26320
26829
27062
27128
26795
27079
26465
26618
26448
26504
26916
26444
26598
26807
26070
26982
26892
26337
25888
27262
26408
26679
27088
26744
26510
26282
27020
26275
26620
27113
26743
26406
26641
27081
26363
26362
26491
26483
27168
27111
26508
26175
26994
27125
26399
26349
27455
26945
26497
26429
26651
26069
26970
26876
25833
26183
26087
26674
27288
26166
26246
27054
26776
26809
26742
26587
27068
26767
26140
26812
26330
26544
26010
26261
26389
26690
26394
25846
26551
27257
26948
26407
26734
26565
26790
26712
27475
26752
26734
26975
27316
26754
26253
26925
26483
26658
26649
26048
26621
26564
26999
26948
26143
25821
26900
26360
27158
26265
26547
26184
26765
26822
26525
26118
26619
26306
27310
26495
27082
26862
27125
26312
26990
26992
27421
26699
26923
27372
26252
27268
27486
27405
25900
27163
26299
26883
26264
26470
26988
26092
27024
26128
27007
26235
26646
26905
26476
26634
26932
26761
26991
26718
26372
25837
26520
26142
27185
26876
26297
26391
26136
25566
26350
27029
26962
26513
26059
26253
26669
26255
26205
26717
26640
27340
27222
26896
26309
26415
26902
26931
27077
26637
26753
27027
26180
27393
27185
26912
26672
27029
26304
27097
27208
25997
26734
26554
26328
26375
26566
26390
26666
26514
26013
26831
27144
26727
26513
26249
27256
27206
26582
26239
26933
25769
26546
26342
26514
26788
26950
26787
26387
26737
26971
26291
26739
27016
26662
26415
26597
26159
26028
27093
26417
26394
26542
26048
26239
26262
26243
26728
26450
26315
26414
26926
26171
26519
26923
26606
26089
26131
26580
26467
26384
26741
26722
27385
26219
26573
27280
26444
27177
26670
26941
26208
26499
26720
26162
26837
27096
26748
27197
27001
27423
26468
25979
27156
26759
25454
26460
26172
26240
26808
26559
26541
26299
26777
26852
26167
27015
27266
26655
26778
26601
27263
26693
26655
26513
25933
26808
26666
26620
26740
26547
26053
26384
27407
26719
26637
26459
26733
26580
26152
26727
26943
26679
26519
26106
27079
27550
26265
27478
26281
26452
26498
27252
26057
26701
26466
26792
26582
26400
26889
26626
26265
26793
26938
26410
26163
26978
27240
26746
26865
26366
26285
26212
26726
26283
26734
26404
26999
26940
26614
27208
26535
26886
26629
26897
26854
27421
26929
26620
26867
27203
27103
26784
26302
26175
26496
26493
26934
27067
26651
26345
26675
27537
26583
27191
27129
27209
26716
27438
26788
26517
26686
26475
26195
26823
27290
25866
25685
26469
27064
26458
27010
26826
26570
26977
26378
26711
26883
26333
26617
25240
26611
26724
26214
26272
26567
26341
26555
26719
27240
26598
26562
26708
26961
26342
26341
26922
26695
27350
27350
26258
26775
26014
26496
26609
26776
26482
26629
26497
26395
26573
26594
26784
26764
26490
27252
26651
26930
26210
26842
27053
26876
25721
26121
27252
26737
26299
26633
26025
25750
26501
26531
26395
26401
26839
26350
27282
27284
26879
26546
27074
26882
26776
26249
26599
26776
26367
26094
26729
26783
26133
27302
26793
26597
26977
26890
26407
26856
27005
27314
27913
26120
27046
26656
26531
26757
26427
25712
26693
27091
26561
26352
25856
26471
27271
26268
26498
26508
26925
26946
26742
26611
26226
26390
26480
26418
26221
26073
27111
27760
26494
26471
26207
26366
26675
27056
26358
26980
27258
26481
26707
26794
27127
27109
26168
26702
26179
26419
26740
26722
26069
26351
26875
26594
26987
26911
26270
26777
26683
27118
26867
26087
26964
26747
26722
26117
27421
26444
26323
26507
26294
27049
25661
25556
26378
26268
26664
26170
27176
26918
27017
26395
27131
27051
26746
25598
25880
26639
26202
26401
27345
26712
26419
26716
26577
26667
26967
26979
27007
27126
26717
26650
25956
27758
27418
26147
26805
26750
26614
26802
26990
26474
26975
26377
26947
26283
26405
26763
26252
26709
26359
26053
26582
26055
27333
27004
26821
27099
26456
27398
26280
27237
26872
25784
26748
26308
25961
27019
27129
27568
26407
25792
27017
27080
27304
26032
26506
26404
26427
26915
26167
26691
27262
25663
26861
26547
26716
26569
26863
26924
26282
26531
26975
26618
26705
27238
26699
26424
25807
26455
26657
26336
26572
26505
26456
27100
27007
25878
26551
26380
27581
26355
25876
27151
26223
27084
26780
26078
25816
27121
25794
26248
26945
26191
27327
26579
25935
27623
26596
26723
26557
26664
26294
26162
26168
25920
27174
26872
26552
26565
25873
26881
26964
26650
26095
25834
26344
26503
26606
27096
26432
26982
26844
26548
27128
26460
27103
26678
26993
26237
26613
26186
26731
26757
26264
26207
26209
26931
26794
27151
26443
26758
26805
26902
27173
25576
26326
26884
26301
26120
26881
26704
26644
26038
26543
26738
26216
26535
26088
26434
26543
27110
26306
27093
26965
27103
27207
26609
25963
27187
26017
26555
27142
26108
27013
26338
26688
26462
27374
26683
26669
27049
26576
26685
26649
26433
26602
26753
25864
26165
26221
27128
26244
26846
25924
26901
26956
26997
26981
27013
26399
26308
26220
26685
26081
26832
26750
26263
27064
26920
26968
26396
26576
26160
26155
27079
26233
26743
26692
27243
26146
26173
26541
26614
26427
26566
26090
26232
26467
27156
27569
25963
25928
27011
26235
26234
26554
26960
26181
26923
26569
26151
26141
27207
26432
26160
27314
26738
26752
26220
26159
26653
26808
26684
27801
27018
27425
26911
27028
27333
26200
26238
27245
26791
25762
26685
26677
26660
26452
26680
27157
26269
26642
26835
25747
27381
27456
27210
27245
26848
25986
26149
27013
26522
26560
26686
26857
26922
26487
26941
26727
26985
26896
27148
26676
26495
26296
26226
26582
26968
27029
27057
26565
26863
26374
26979
26684
26250
26494
26539
26397
27566
26239
26135
26656
26942
26169
26809
27091
26709
26874
26179
27206
27060
26702
26673
26273
26367
25972
26484
26842
27981
27087
26449
26489
26763
26289
27064
26513
26586
26542
26295
26169
27223
26414
26844
27539
26675
26663
26412
26987
26271
27645
25968
26450
26034
26717
25906
26309
26507
26570
26401
26308
26682
26876
26630
25816
27490
26896
26501
26636
27126
26983
26162
26496
26475
26690
26463
26972
26881
26916
26762
26086
26508
27063
26859
26819
27098
26472
25870
26450
26647
26950
27044
26207
26737
26962
26799
27461
26883
27227
26951
26787
26527
25557
26492
26293
27215
27319
27005
26915
26235
27528
27307
26922
26570
26824
27379
27474
27280
26395
26489
26875
26578
26674
26472
27162
27095
25555
26615
26033
26454
26264
26246
26360
27061
26815
26410
26618
26863
26141
26513
26288
26706
26204
26738
26209
27322
26336
26272
26759
26576
26130
26617
25690
26228
26825
26600
25770
26204
26638
26633
26307
26936
26605
26813
26523
26743
26345
26575
26484
27044
26315
26313
26482
27244
25970
26983
26467
26223
26878
26209
26594
26719
25920
26688
26720
26582
26646
25452
26701
26401
26683
26279
26400
25657
26106
27026
26512
27186
25939
25944
26988
26546
26164
26160
27182
26573
26784
26287
27156
26884
26300
27221
26227
26772
25867
27058
26191
26634
26773
27220
26904
26596
25755
27818
26325
26937
27032
26408
26855
26906
27201
26430
27259
26385
26777
26451
27170
26113
26955
26704
27202
25772
26551
26024
26352
26453
27047
26126
26145
26161
27236
26268
26950
26631
26131
26416
26303
26809
26837
26573
26982
26298
27378
26328
26908
26574
25990
27344
26932
27127
25650
26490
26246
26567
26969
26409
25906
26116
27006
26283
26098
27104
26354
26501
26905
26521
26153
26675
26005
25625
27601
27099
26430
26420
26966
26516
26564
26102
26896
26640
25374
26921
26808
26432
26574
26229
26453
27201
26830
26844
25987
26339
27045
26407
26525
27075
26749
26690
26730
26243
27023
26862
26620
26837
26824
26999
26984
26759
27053
26759
26533
27293
27419
25956
26225
27031
26613
27241
26873
26332
26380
27206
26478
25651
26513
27511
26378
26623
26983
27345
26596
26785
26679
26439
26108
26612
27570
26628
26231
26430
26394
27002
26179
26742
26578
25955
26533
26936
26321
26897
26170
26369
26989
26206
26026
26317
26225
26075
26915
26467
26436
26050
26680
26828
26487
27371
25750
26469
26648
26821
26699
26226
27280
26446
26712
26754
26195
27025
26385
26082
25855
26709
26416
26364
26948
26705
26490
26538
26594
26439
26669
26637
25934
26509
26624
26407
26979
26157
26393
26389
26874
27622
26552
26121
26081
27269
26837
26294
26389
27254
27207
26195
27165
26576
26460
25761
26284
26619
26882
26019
27392
26333
26644
26789
26380
26367
26544
27411
27586
27330
25780
26504
26425
27057
26525
26665
26974
27340
26877
26683
26481
26207
26380
26579
26028
26847
26770
26550
26922
26257
26524
27139
27386
26638
26417
26492
26650
26183
26194
26065
26828
26385
27091
27071
26698
26586
26426
26115
26513
26601
27172
25782
26796
26972
26274
27423
27076
27127
26003
26496
26296
26035
26645
26686
26532
26714
26162
26314
26814
26469
26514
25948
26557
26722
26429
26663
27152
26312
27057
26861
26532
26726
26644
27058
26883
26692
26900
27285
26609
26294
27318
27330
27595
25921
26995
26518
26717
26402
26987
26258
26456
26860
26397
26581
25939
26822
26616
26291
26496
25873
26586
26230
26200
26826
26590
26741
26681
25743
26033
26773
26764
26610
26607
26526
26281
26662
27398
26696
26156
27225
26264
26155
26583
26187
26966
26532
26047
27401
26164
26596
27105
26699
26773
26388
26923
26599
26544
27046
26399
26016
26146
26916
26555
26923
26271
25831
26020
26187
26738
26268
27311
26104
27080
26267
26851
26144
27240
26226
26932
27165
26374
26550
26646
26806
26746
26655
26362
27781
26913
26728
26002
26324
26973
26595
26726
27208
26971
26569
26341
26692
26625
26384
26487
27646
27619
27055
26978
26754
27055
27020
26312
26903
25553
26758
26892
26821
26903
27365
26508
27446
26630
26246
27132
26450
26577
26895
26873
26779
26388
26655
26780
26308
26666
26637
27558
26513
26728
27648
27262
26605
26260
26950
26515
26654
26792
26509
26861
26710
26587
26334
26737
26150
27048
26820
26533
26634
26323
26871
27017
26722
26276
26469
26371
26636
26104
26566
27169
26545
26212
26848
26930
26767
26398
26991
27439
26015
26957
26774
26998
26451
26735
27083
26034
26368
26405
26905
26685
25602
25984
26909
26488
26347
26609
26860
26244
26681
26953
26043
26405
26303
26636
26857
26170
26774
27252
27076
26464
26629
26702
26487
26906
26584
26148
26254
26195
26366
26581
26678
26645
26980
26707
25945
26421
26914
27071
26222
26659
27052
26486
26051
26731
26980
25957
26609
26359
26443
26519
25892
26448
26797
26091
26665
25959
26466
25961
26792
26704
26443
26229
26580
26588
27458
25657
26196
26459
27138
26745
26637
26014
26782
26753
26314
26547
26112
26243
26184
26043
26493
26431
26759
26777
26670
26500
26915
26240
26959
25909
26600
25906
27082
26684
26784
26958
26585
27199
27107
26726
26821
26757
26879
26930
26380
26722
27208
26728
26600
26254
26411
27339
26394
26725
27038
27005
26549
26427
26418
26687
25997
26549
26669
27149
27198
26297
27097
27057
26902
26965
26759
26776
26282
27160
27419
27076
26462
26304
26664
26564
26658
26164
26066
26566
26355
27098
26872
26572
27009
26118
26954
26329
26422
25949
25935
26676
26627
26761
26955
27245
26689
26479
26929
26027
26959
26731
27090
26291
27134
26931
26947
26644
27625
26883
26589
26944
26670
26937
26708
26645
26501
26534
27295
26658
26784
27060
27033
26386
26552
27145
26050
26496
27147
26715
26146
26619
27169
26338
26562
26764
25933
26080
26734
26992
25766
26043
27029
26786
27226
27102
27063
26153
27241
27309
27254
26693
26576
27337
26111
26389
25783
26002
26738
26857
26563
26497
26334
26413
26954
26236
26484
27497
26506
26512
26366
26485
26251
26687
27401
27228
26453
26833
27168
26414
26034
27281
26518
26413
25959
27069
26929
26420
26419
27227
26722
27018
26895
25890
27007
26416
26791
26243
26897
26499
26846
26854
26630
27201
27321
26504
26908
25690
26233
26562
26724
27569
26810
26714
26496
26795
26271
26078
27305
26444
26619
25723
26500
26833
26736
26627
26028
26592
27224
26902
26291
26504
26659
26874
26491
26587
27344
26529
26837
26572
27371
26934
26437
26825
27152
26990
26685
25822
26319
26881
26733
27265
26485
26951
26521
27210
26657
26425
26612
26566
26485
26423
27582
26984
26769
27228
26707
27051
26070
26767
26129
25964
27248
26105
26340
26798
26403
26907
26772
27173
26369
26895
26410
27389
26126
26570
26868
25999
26963
25580
26858
26735
26777
27338
26905
26395
26623
27161
27067
26832
26333
26071
27003
27395
27316
26744
26031
26139
26550
26598
26542
26583
26387
26916
26158
27044
26691
26600
26310
26416
26847
26510
27202
26354
26820
26306
26576
26931
26200
26757
26678
27099
26514
26636
26922
27191
27444
26840
26467
27458
26673
26780
26965
26433
26606
26432
26540
26548
26485
26671
26818
26438
26659
26159
26413
27200
27056
26707
27163
26155
26862
26779
26828
26620
26588
26597
26745
26348
25987
26675
26710
26092
25996
26621
26878
26570
26450
26970
27136
26604
26420
26649
25754
26326
26529
26565
27519
26642
25777
26867
26933
26436
26719
26804
26781
26257
27086
27059
25506
26977
25868
26671
27065
26799
26277
26275
26451
26141
26497
26756
25768
26401
26298
26747
26548
26211
26813
25741
27251
26384
26073
27006
26538
26672
26725
26198
26348
25874
27297
26366
26547
26920
26022
27320
26534
26524
26367
26426
26917
26001
26467
26784
26664
26688
26219
26097
26421
26440
27161
26368
26997
26667
26876
26598
26172
26788
26242
26737
26319
26368
26792
27030
26364
26461
26777
26359
26622
26108
27546
26626
26436
26548
26495
26676
26164
26382
26475
26316
26234
26990
27801
26396
27073
26567
26487
26697
26009
26258
26750
26601
27556
26816
26496
26010
26496
26452
27729
26102
26105
26903
26799
27013
26203
26000
26633
26613
27006
27104
26525
26829
26721
27058
26532
26492
26879
27138
26673
27172
26167
26390
26665
26454
26857
25869
27010
26018
26584
26813
26325
26548
26204
27003
26047
26274
26998
26410
26626
26030
26454
26536
25943
26968
26784
26196
26921
26760
27011
27019
26479
27563
26833
26263
25565
26536
26609
26925
26549
26228
26339
26449
27338
26933
26833
26306
26809
26605
26313
26562
25504
27060
26158
26875
27011
27182
26743
26828
26835
26737
26698
26811
26749
26663
27045
26733
26715
27069
26648
27689
27056
27391
27283
26818
26306
26320
26855
26465
26954
26372
26171
26720
26600
26402
26330
26357
26484
27270
25947
27297
26598
27091
27163
26129
25971
26164
26927
26478
26861
26500
27135
26620
26879
26355
27512
27060
26701
26897
26031
26629
26246
26597
26754
27401
27489
27151
26141
27308
26660
27089
26957
26219
26905
26785
27538
27288
26722
26647
26886
26673
26218
27589
27332
26090
26948
27063
27531
26051
26313
26736
26771
26457
27129
26907
25955
27470
26661
26283
26277
26071
26701
26474
27265
26617
26460
27166
26857
26421
26749
26408
26030
26136
26472
26477
26464
26566
26455
26457
26757
27702
26611
26440
26551
25723
27209
26655
27736
26149
25923
26436
26568
26241
26413
27027
26344
26763
27141
26682
27592
26520
25851
25892
27030
26748
27154
26542
26551
27037
26725
26916
26268
26942
26772
26231
27518
26186
27319
26692
26468
26218
26621
26271
26659
26578
26601
27260
26538
26131
26655
987
1776
299
2033
1950
1955
91
307
983
590
570
1751
580
792
1552
1477
1374
139
933
742
1279
1613
28
141
674
1870
794
1587
2032
1102
1786
1087
963
1257
214
9
1877
1099
1879
1687
1857
1998
275
2008
16
333
1053
119
9
1041
310
330
1343
1653
1952
391
1619
452
47
1521
173
1083
357
74
170
98
497
610
611
606
1728
1647
154
166
686
717
1980
1275
40
1699
962
576
1376
359
561
1081
926
1452
1674
920
1743
1918
1817
1814
267
75
472
972
398
619
368
1305
695
541
305
741
1455
1041
1811
1960
512
1815
1295
1569
953
1641
1489
355
623
1121
1737
289
348
1572
1058
377
614
942
1908
710
1099
10
509
236
822
699
592
1454
679
37
477
1479
468
23
1048
410
1636
1748
711
1329
1248
1013
127
1144
1577
125
1036
315
1950
14
165
1152
59
672
1254
1746
7
1081
292
706
454
435
1164
615
414
603
654
422
1305
1574
2047
36
288
393
183
1781
1284
1109
1269
963
610
1778
1741
1782
681
1526
389
277
1466
801
1789
1394
1153
96
1595
1374
1385
703
1907
1623
2022
1974
848
956
184
1079
955
1853
200
439
1250
1632
403
594
17
921
1637
886
796
1695
1129
209
1809
1872
1412
861
2007
1716
1963
1057
1441
1563
584
2014
1360
358
1003
295
1508
1972
472
960
1395
333
1249
816
0
1208
849
1713
720
425
1894
103
1908
1098
1985
1060
387
912
253
670
1217
319
493
1326
1417
1988
1492
868
1679
277
1038
1197
116
2028
1477
765
870
324
521
1200
6
1351
1568
1190
1049
494
805
1584
893
2036
65
1044
1234
782
472
10
1113
1394
1593
1782
1338
141
1762
1409
1973
1446
1681
1122
1116
1736
1793
1729
917
1017
803
886
80
1891
1727
496
1336
1031
1102
1128
1468
585
1378
1
851
1631
655
677
1227
1502
133
396
1813
1590
1779
1100
103
57
1539
471
1940
38
1627
1067
206
1759
2021
490
667
685
1905
1071
766
749
742
1213
371
1648
1812
1255
1
991
304
1783
300
748
31
567
866
1753
224
1611
1015
1200
217
191
1362
2522
2193
2113
1576
2133
2749
2755
2806
2860
2073
1615
2571
1966
1674
1695
1654
2402
1267
1942
1407
2369
1695
2347
2128
2027
2419
2084
1326
2291
1869
2038
2397
2676
2389
1573
2499
1941
1842
1773
1804
2416
1784
2034
2187
1819
1744
2381
1997
2473
2072
1149
2761
1999
2299
2064
2161
2069
2925
1595
1819
1499
2610
2237
1613
2341
2763
2372
2216
2387
2131
2634
2623
2189
2688
2504
2880
2209
1413
1681
2672
1989
2835
1223
1288
2004
1241
1951
2057
2058
2026
2592
2171
2195
2082
1940
2460
2017
1860
2450
1894
2141
1862
2480
2173
1930
1752
1862
2153
2167
1995
2040
1526
1922
2299
2081
2465
2388
2030
2615
2355
2023
1669
1664
1677
2481
1876
1631
2584
1750
2378
2397
2163
1985
1786
2281
2016
2248
2176
2087
2862
1713
2179
2162
1521
2679
2463
2385
2622
2331
2582
1825
2367
2139
990
1776
2432
2042
1444
2596
2239
2148
1468
2111
2240
1959
2750
1927
2282
2802
1861
2433
2639
1600
2191
1818
1694
2422
2540
2354
2437
2009
2101
2361
2106
2210
2615
2026
1667
1780
1480
2220
2762
1950
1843
2122
2365
1931
1844
1640
1971
2621
1861
1498
2307
1939
1579
2240
2632
2646
1705
1874
2041
1803
2066
2259
2057
2245
1857
2897
2357
2005
2248
1866
3819
1986
2105
2328
1959
2111
1642
2226
2073
2331
2168
2528
2181
1766
1896
1552
1574
1017
1656
1894
2819
1721
2228
2351
2865
1740
2317
1334
3105
2078
1964
2035
2008
2163
2325
1677
1758
2475
2907
2418
1479
2174
2035
1989
1946
1399
1999
1661
1996
2440
2083
2208
941
1962
2109
2697
2372
2491
2089
2429
1715
2429
2723
1676
3131
1734
2297
1473
2204
2379
2619
1588
2171
1296
1922
2459
1804
2490
2406
2102
1917
2118
2640
1976
2416
2498
2233
1872
1952
1734
2243
2598
1832
2151
2488
2115
2695
1461
1767
1885
1535
2099
1745
2679
2010
2183
1837
1313
2179
2024
2189
2183
1858
1968
2271
1644
2832
2332
2584
2626
2195
1639
2255
2364
1528
1612
2883
2475
2903
1930
2074
1964
1557
2018
1786
2338
2158
2356
2236
1625
2224
1784
1396
1557
1759
2139
1397
1477
2444
2401
1464
2339
2284
2688
2155
956
2393
2164
2066
1647
1999
1538
1857
2609
2115
1683
2349
2228
2317
2499
2275
2534
1669
2694
2147
2346
1261
2507
1788
2004
2535
1855
1428
2101
1526
2227
1876
1787
2130
1889
1983
1550
2338
2805
1741
2415
2133
2146
2772
2696
1778
2301
1979
1931
1272
1941
1973
1468
1906
2449
1981
1488
2357
2280
1913
2832
1519
1914
2549
1666
1862
1720
2218
2506
930
1972
1957
2311
1423
2264
2601
2339
1429
1887
2367
1773
2202
2100
2989
2813
2542
2712
2443
1298
1721
2255
2348
1241
1783
1757
2083
2115
1640
1764
2112
2241
2008
2894
2019
1953
1766
1854
2457
1931
2742
2514
2186
1837
2580
2981
2513
1979
2100
1538
1580
1838
2437
2438
1953
1588
1811
1830
1749
976
1941
1930
1630
2040
2277
1726
1873
1704
2464
2094
2273
1235
2509
2169
2100
2347
2093
2524
2207
2779
1996
1751
2746
2231
1898
2684
1945
1507
2174
1981
1678
1932
2199
2003
3077
1870
1912
1638
2090
1712
1935
2418
2276
1690
2276
1519
1689
1891
2029
1830
2244
2245
1527
1389
2000
2169
1599
2073
2109
1829
1822
2011
2661
2072
1645
1943
2806
2116
1539
1899
2595
1941
1926
2630
2378
2064
2419
1615
2347
1898
2253
1495
2985
2334
2149
2570
1780
2315
1975
2083
1933
1987
1774
1954
1971
1684
1463
1549
1977
1524
2479
1679
1183
2181
1984
2570
2263
1537
2568
1903
1401
2141
2686
1765
1737
2247
2144
2135
1705
2835
1324
2764
1917
2268
1936
1735
2813
2704
2280
2081
1928
2419
1523
2247
2305
2341
2169
2485
1994
1710
2133
2522
2023
2041
1921
3440
2946
1917
1797
1420
2545
2156
1913
2076
1612
1837
1520
2781
2432
2228
1763
2059
1609
2485
2419
1939
2086
2076
2613
1986
1583
1744
2276
3328
1607
2644
1692
2034
1837
2514
2233
1645
2171
1562
1079
2608
1320
2032
2274
1847
1826
2025
1124
2345
1896
1432
1688
2790
2953
1782
2392
2201
1640
2031
2218
2338
2233
1235
2684
2155
1543
1017
2085
1774
1523
2430
1790
2112
2402
3071
2173
1740
2171
2247
2074
2332
2109
1296
1532
2635
2317
1659
2160
1993
2016
1178
1787
2290
1391
1802
1983
1657
1910
2102
1994
2211
2647
2297
2521
1399
1850
1546
2436
1565
1523
2629
2454
1667
1835
2196
2497
1905
2099
2206
2185
1967
1894
1965
1487
1958
2491
2393
1843
1676
1694
2279
2580
2732
1859
2259
1454
2333
1658
1988
2797
1889
2352
2107
1918
1512
2150
2134
2004
1327
1853
2563
1880
2333
1917
2017
1695
1189
1514
2491
2169
2746
2364
1842
2271
2065
2221
2066
2014
1932
2858
1429
1766
2285
2335
866
2475
1964
1948
2340
2288
2167
1565
2196
1570
1063
1875
2303
2145
1861
2445
2481
1583
2354
2249
1776
2366
2500
1649
1744
2176
1446
2208
2038
2470
1602
1514
1482
2979
2160
1757
2131
2177
1874
1481
2514
1837
2687
1429
1702
1183
1838
2295
1477
1677
1682
2030
2083
2686
2415
2088
1551
2180
1614
1785
2072
2278
2078
3029
2710
2725
2070
2251
1811
2184
2175
2114
1517
2619
2529
1501
1861
2476
2095
1609
2832
2081
2019
1835
1861
1330
1756
2292
2454
2014
2161
1629
2159
2372
1625
1656
2400
1000
1808
1402
2368
1538
2307
2372
1629
1793
2468
1854
2558
1688
2171
2068
2190
2117
2805
2411
2812
1593
2128
1770
2399
2174
1847
2542
931
1771
2322
2572
1774
1702
2701
2409
1738
2474
1622
1874
2067
2051
1024
1752
1936
2648
1897
2593
2140
2103
2074
1654
2094
2225
2049
1353
1586
1839
2840
1829
1400
2257
2549
1330
1642
1769
2283
2273
2847
2267
2020
2174
2230
1729
1110
2104
2004
1624
2435
2790
2329
2267
2587
1776
2177
2398
1976
1921
1943
2445
2597
2005
1845
2076
1811
1652
1305
2397
2028
2173
2114
1912
2126
1875
1869
1610
1685
2066
1950
2179
1789
1966
2297
1665
2590
1700
1430
1939
1838
2098
2414
1618
2243
2074
2313
1363
2199
2417
2496
1675
1835
2424
1904
2546
2205
1626
2335
1909
2400
2358
1314
2065
1027
1677
1696
1605
1955
1966
2277
2351
1601
2010
2379
2202
2295
2362
2772
2200
2271
2282
1466
2734
2148
2386
2012
1686
2246
1208
2252
1809
2546
2176
1428
1331
3176
1895
1575
2157
2491
1956
1971
2443
2258
1425
1911
2328
1734
1739
2080
1102
1775
1518
2232
1739
1619
2085
2018
1809
2625
1973
2125
2603
1581
2174
1865
2287
2050
2326
1274
1301
1460
2075
1916
1537
1913
1823
1650
2237
2516
2573
2001
2010
2254
1895
2015
2111
1822
1589
2041
1705
2454
2213
1870
1790
1933
2584
2038
2165
2072
2592
2185
2684
2665
1696
2158
2157
2084
2204
2426
2208
1957
1921
2838
2251
2427
2051
1768
1732
1554
2162
2425
2327
2564
2116
1587
2295
2017
2365
1895
1444
1896
2160
1988
2463
1318
2072
2832
2227
2046
2888
2143
2382
1827
2012
2563
2310
2499
2077
1914
2335
1512
1565
2529
2017
2119
1306
2080
2242
2386
2250
1621
2088
1759
2284
2238
1687
1803
1844
1776
2732
1895
1505
2017
2163
1784
1481
2106
1783
1834
1887
2525
2222
1694
1919
2101
1779
1252
1540
1783
1861
1508
1650
2069
1418
2058
2577
2066
1688
1827
1156
2019
2532
2347
2169
1993
2097
1885
1765
2134
1838
3038
1547
1204
878
2425
1395
1568
2198
1816
1900
1910
1824
2040
2111
1990
2321
2101
1963
2033
2834
2015
1735
2044
1827
2159
2456
1780
2116
2181
1648
2161
1969
1726
2554
1782
1921
2074
1474
2178
2321
2015
2697
2110
1516
2136
1530
1709
1470
1951
2094
1836
2297
1560
2358
2514
1534
1590
1793
2236
1786
1943
1516
2597
2444
1863
2059
2187
1919
2035
1800
2855
2174
1560
1981
2032
2691
2200
1139
2169
1664
2067
1229
1348
1736
2019
1667
2467
1707
1930
1967
2119
1375
2264
1685
2647
2002
1664
2311
1774
3110
2685
1960
2109
2478
1664
2003
1399
2118
1865
1742
2105
1733
1605
2106
2311
1769
1408
1671
1677
2251
2151
1881
2172
1436
1527
2256
1273
2113
2004
1576
2549
1731
2661
2351
1574
1984
1898
2210
2113
2123
2002
2162
2199
2154
1319
2282
2826
2021
1682
1604
1733
1896
2219
2479
1580
1861
1995
1867
2732
2794
1484
2459
2420
2476
1635
1923
2122
2887
1679
2121
2006
2501
2425
2216
1237
1870
1923
2524
2242
2272
1984
1831
2033
2307
1990
2277
2451
2048
2518
1788
1322
2370
1820
1651
2989
1206
1966
2292
1670
2520
1733
2055
2073
2260
2036
1328
2166
2007
2211
1554
1911
2577
2098
1790
1870
2568
2119
2629
2390
2125
2529
1909
2129
2158
1595
1933
1636
2083
1648
2434
2038
2329
2530
2464
2062
2584
2383
1394
2061
2367
2523
2544
2745
1186
2419
1586
2345
1821
1711
1549
1880
1689
2459
2024
2246
2087
1552
1278
2025
2107
2296
2153
1971
2412
2946
1743
2164
2076
2301
1965
2538
2119
1906
1829
1843
1899
2535
2534
2124
2064
1397
1538
1819
2599
1883
1567
1663
2159
1573
1480
2169
1417
1786
1972
2462
2014
2728
1966
1336
2390
1556
1569
2508
2591
2559
2384
2204
2920
2098
2576
2341
2336
1344
1613
1710
1423
1831
1986
2519
2526
2203
2116
2502
1635
1674
2555
1902
2166
1990
2247
2702
2391
1866
1471
2331
1949
1835
1808
1766
2429
1010
2253
1203
2307
1930
2432
1229
2391
2555
2017
1635
2235
2484
2299
2424
1624
2019
1299
1741
2551
2732
1943
2271
2671
1261
2240
1710
1712
2314
2378
2303
2881
1680
1881
1664
2416
1757
1543
2173
1946
1447
1641
2062
2517
1584
2185
2416
2195
2431
1963
2368
1710
2207
2419
1754
1745
2796
1713
1889
2153
2474
2373
2196
1751
1522
2169
2474
1671
2176
2563
2040
2244
2151
1718
1678
2766
2093
2232
2631
1519
1872
1941
1400
1626
2047
1320
2388
2393
2048
1735
1808
2589
1757
2436
2879
1565
1700
2198
1602
1896
1777
1272
2140
1729
2175
2529
2775
2126
2332
1621
2214
1932
2051
1688
1908
2301
2088
2089
2343
1761
2111
1897
1667
1229
1262
2131
1463
2443
1928
2037
2500
2087
1879
2112
1916
1628
1961
2348
2799
2137
1915
2491
1172
904
2321
2128
2242
1947
2610
1977
1335
1681
2313
1504
2393
2180
2593
1875
1828
1205
1969
1581
2036
2130
1679
1959
1527
2293
2287
1853
2373
2312
1697
2034
1953
1267
1728
1343
1457
2927
1818
2510
1841
1801
2365
2097
2137
2377
2573
1845
1825
2026
2223
2320
1464
1899
2253
2387
1958
2091
1716
2134
1925
1799
1918
2201
2030
1592
2089
1569
1358
2536
2246
1602
2772
2391
2000
2076
1431
1816
2184
2136
2149
2236
2311
2724
2720
1237
1972
1858
1730
1750
2718
1180
2446
1200
2905
2353
1758
1182
2050
2748
1756
2330
2259
2483
2414
1786
2502
1871
2235
2007
1992
2103
2193
2597
1947
2370
2526
2787
1227
1672
2065
1471
766
543
1403
1828
398
1281
884
536
1277
371
20
1238
91
601
1222
1249
1473
469
1888
1012
1595
1190
1023
90
570
1822
1600
1686
911
1645
481
72
313
750
1213
241
661
244
398
1561
301
1159
457
929
1919
1069
1415
120
1047
1830
1303
1365
449
1983
1990
1745
1146
293
333
1624
1696
908
1735
1067
1409
438
1590
484
1049
1308
698
1671
1897
1411
278
1243
1207
1463
1671
51
510
1752
276
244
604
1019
851
2038
1871
431
1626
856
1618
1375
1257
950
1434
1843
402
754
438
1670
1788
314
509
95
1388
1279
1719
645
1841
39
465
851
829
1668
656
1142
1401
691
1275
57
842
1185
967
400
1508
322
270
1229
1441
1110
1144
1002
335
816
30
1562
721
1434
1480
1989
1278
952
1504
494
37
1781
1933
1545
1142
885
621
261
1830
550
2035
1998
229
1006
852
1255
1489
542
1689
1673
1300
560
640
549
1007
1226
140
655
103
679
1644
1475
2005
1708
817
1789
528
1041
3
1225
2017
1217
628
1755
496
1200
974
969
873
337
70
1553
587
1070
1343
877
336
1549
94
949
993
1847
2065
2635
2029
2425
2174
2734
1865
1878
1817
2044
2152
1807
1778
1704
2307
1750
1628
1647
1924
1945
2510
2259
1847
1802
1570
1989
2166
2172
2723
2178
1701
2355
2521
1961
1946
1632
1913
2342
1481
1900
1552
1453
1824
1560
2685
1886
1978
2206
2481
2151
2181
1322
2588
1652
1797
1518
2476
2024
2327
1503
1572
1825
2730
2044
1843
1439
1526
1599
1784
2401
2070
1734
1923
3257
2985
2453
1824
2087
2061
1983
1729
2694
1364
2086
2625
2529
1698
1679
2096
1376
1941
1800
2287
1887
2321
2024
2573
1190
1127
1729
1520
2290
1905
1639
2411
1725
891
2383
2262
2243
2006
2106
2288
2624
2134
2318
1620
1678
2147
2188
1815
2029
2538
1732
2309
2123
1430
1975
1868
2655
2191
1988
1445
2558
2073
1706
1824
2172
2466
2153
1928
2143
2496
2945
1331
2161
1696
1770
2158
1981
2247
2218
1625
1463
1582
2179
2172
2193
2541
1984
2323
2101
2132
1312
2235
2139
2167
1707
2449
2191
1820
2103
2004
2282
1657
1380
2167
1849
2167
1655
2307
2226
3043
1423
1743
2180
2236
2817
2034
2091
2533
1814
2059
2623
2045
2181
2407
2443
1447
2131
2220
1807
1712
2770
2138
1961
2413
2061
2406
2385
2044
1937
1941
1910
1904
1757
1629
1078
2370
1814
2292
2564
1866
2373
2194
1779
1425
1753
1662
2613
1458
1747
2037
2189
1925
2286
1602
1948
2622
1586
1979
2263
2296
1823
1431
2264
1479
2356
2499
1884
2219
1337
2036
2090
1760
1883
2109
2160
1951
2396
2280
2228
1674
2402
2102
2368
1929
2133
2353
1556
2391
1367
1636
3049
1973
1888
2415
1499
2292
2314
2085
2058
1908
1842
1447
2364
1784
1578
1389
2168
2281
2678
2443
2014
1777
1369
1787
1857
1637
1886
2353
2148
1622
2717
2144
1993
2097
2582
2702
2263
1435
1779
1983
1979
1788
1414
2031
2186
2388
2682
2449
2398
1930
2287
2419
2187
1711
2986
2119
1650
1635
1975
1967
1779
2625
2297
2135
1838
2167
1846
2188
2306
2144
1612
2098
1811
2595
1935
1996
2721
2068
2215
1715
2306
1917
2270
1599
1990
2396
2880
1486
2008
2329
2177
2065
1666
2265
1981
1772
2452
1445
1437
2648
2282
1686
1801
1601
2265
1677
1931
1489
2397
2648
2071
2073
2454
1701
1688
1844
1715
1911
2145
2553
2050
2600
2141
1687
1850
1640
2292
1435
1566
2344
1762
2065
2273
1997
2319
806
2407
1902
2087
2293
2166
1925
1901
2139
2336
1236
1869
2261
2904
1089
2676
2318
2390
2202
2062
1997
2331
2081
1431
2146
2121
2083
1708
2177
2277
1986
2535
2360
1407
1483
2244
2220
2442
2587
1540
3064
1382
2150
1861
2241
2255
1969
2205
2388
2188
2391
2671
1122
1231
2393
1989
2078
2878
2228
1975
1965
2650
1754
1911
2128
1910
2188
2500
2275
2252
1943
1990
2325
2919
1817
2385
2435
2046
1608
1806
1930
2255
2507
2542
1267
2275
2133
1684
1705
1698
1883
2044
2164
1535
1795
1404
2204
1751
2392
1604
2082
2383
1742
1944
2061
2606
1947
1519
1712
1431
2336
1984
1875
2705
1863
1164
1792
1875
1554
3080
2000
1878
2229
1382
2451
2127
1988
1998
1668
1999
2498
1601
2716
1110
2162
1692
2551
1561
1263
1689
1942
1256
3048
3353
2089
2331
1853
2200
2116
1737
1882
2256
1959
1814
1856
2307
1880
2537
2154
2709
2279
2476
1604
1932
1129
2319
2570
2088
1679
2356
2261
1840
2165
2943
1705
2531
2723
2341
2136
1912
2088
2574
1716
2076
2503
1726
1934
2156
1474
1978
1941
2206
1960
1531
2446
1646
2340
2670
2607
1640
1915
1873
2270
2355
1345
2887
1726
2595
1572
1868
1633
2150
1903
3062
2173
1951
1171
1731
1897
1866
1784
1783
2005
2675
2386
1835
1670
1324
1962
2249
1706
2600
2547
1882
2728
1821
1859
2395
2144
2321
1705
1849
2173
1754
1598
2257
2581
2312
2122
1821
2501
1711
2150
1967
2915
2000
2559
1610
2022
1325
2030
1844
2132
2012
2420
1944
2819
1627
1884
1690
1860
1518
1708
2082
1846
1086
2604
2408
2302
2329
1898
2425
2302
2053
1607
1843
2265
2214
2256
1887
1432
2495
2262
1932
1349
2503
1658
1592
1477
1974
2092
1643
2091
2185
1827
1416
2141
1710
2099
2427
2506
1830
1442
2633
1776
1914
1427
2365
2392
2041
1594
2646
2216
1867
2434
2648
2093
2567
2663
1552
1755
1599
2011
2524
1607
2240
1950
2310
2246
1945
1595
1735
1648
2543
2210
2350
1303
2367
2585
2503
2056
1943
1766
2440
2021
2177
1693
1586
1732
1992
974
1860
1934
2380
1869
2150
2853
1477
2260
1594
2050
1794
1987
2603
2687
2359
2705
2357
1684
2136
1525
2163
2128
1643
1677
2303
1560
2393
1400
2302
2161
2647
1989
2505
2693
1585
1947
1924
2262
2259
1885
1549
1417
1801
2087
1945
2695
2102
1774
1690
2099
1868
2707
2814
2432
1559
2134
1958
2274
1679
2768
1775
1615
1839
2911
2234
1766
1715
1434
2611
1990
2242
1332
1893
2534
2043
1566
1886
1571
2451
2288
1348
2019
2724
2495
2281
1709
1761
2851
1666
2009
2129
2109
1419
2073
1997
2017
1994
2370
2228
2580
2071
1540
2544
1351
2329
2002
2179
2247
1951
1860
1831
1726
895
2595
1494
2539
2826
2099
2051
2252
2435
1631
2240
2121
2224
1760
1623
2149
2154
2275
2455
1991
2218
2219
2024
2558
2286
2681
2450
2272
2230
2425
2789
1997
2514
1926
2021
1916
2235
1897
1714
2581
1727
2194
2311
1873
2616
1575
1870
2060
2565
2474
1980
2120
1414
1751
1820
1331
2358
1570
1483
1952
2778
2106
1791
2120
2806
2091
2180
2754
1757
2128
2789
1898
1964
1862
1834
1497
2208
2194
2437
2177
2458
1309
1648
1458
2224
1688
1806
2059
2736
1760
1952
1440
2146
1930
1891
2622
1443
1993
2114
1421
2630
2105
2150
2183
2059
2116
2156
2133
2417
1842
2686
2849
2596
2830
1568
1981
2258
1869
1494
1750
2005
2309
2744
1362
1509
1993
1988
1759
1919
2333
2207
1943
2033
2121
1638
1790
2599
2323
2580
1701
1978
1458
2614
2065
1916
2403
1697
1490
1886
1580
2232
1979
1687
1999
1939
1991
1542
2216
2320
2042
2162
2026
2163
2207
2419
2815
2183
2448
1665
2064
2021
1917
2024
2020
1648
2639
2189
1863
2263
2323
2930
2331
2086
2378
2464
1994
2053
1980
2195
2297
1738
1949
2153
2024
2215
2014
1560
2050
1629
1737
2237
1911
1350
2150
2164
2042
1883
2538
1694
2865
2692
2157
2353
2374
2158
1744
2159
2133
2586
1970
2740
2177
2496
2123
1909
1812
2321
2330
2219
1959
1255
2670
2354
2356
2338
813
1726
1949
1925
2621
2288
2315
1942
2063
1861
1486
2413
1768
1668
2718
2678
1814
2449
1794
2462
2289
2035
2066
1582
2423
1536
2130
2215
1898
2537
1797
2679
1360
1459
2777
1861
2024
2294
2180
2222
2205
2305
2157
1794
3145
2512
1584
1479
1750
1122
2849
1947
1847
1891
1933
2354
1965
2530
1738
2012
2830
1802
2309
1612
2255
2198
1648
2295
2000
1271
2092
1869
2381
2670
1673
2000
2473
1905
1931
1455
1821
2286
2524
1861
2290
2360
3137
2917
2730
1798
2051
2936
2213
2667
2479
1162
2024
2380
2246
1997
1934
3016
2485
2037
1698
1836
2346
2041
1248
2452
1742
2183
1998
1557
2355
1956
1382
1605
2464
2572
1935
1794
2029
2601
1676
2046
2724
2035
1876
2217
2103
1713
1788
1534
2377
1920
1957
1726
2364
1590
2133
2581
2250
2093
1944
2775
2014
2028
1982
2788
2407
2336
1944
2193
1554
2220
1853
1288
2734
2871
2576
2462
2016
2025
2770
2739
1027
1835
2372
1730
1768
2775
2082
2558
1988
1475
1998
1542
2150
1659
2336
2391
2159
2339
2999
1262
2290
2509
1110
1874
2946
1508
1767
2116
1752
2751
2577
3049
1595
2102
2479
1928
2236
2108
2347
2164
2769
1169
2233
3188
2575
2562
1248
1538
1631
2093
2230
2436
2702
1987
2302
1876
1934
2159
1922
1451
1815
1374
3129
2916
1626
1378
1945
1580
2034
1869
2147
2873
1812
1894
2426
2131
2177
2330
1954
2009
2078
1499
1037
2748
1452
2560
1967
2185
1646
2157
2450
2357
1959
1601
1988
2438
1900
2050
2478
2180
1696
1964
2204
2187
2078
2576
1777
2114
1664
2347
1766
1332
1841
2067
2362
1547
2460
1405
2086
1970
2095
2295
2794
2478
2609
2416
1670
2058
2306
2081
2268
2250
3008
1881
1973
2036
2071
2138
2003
2126
2134
1937
1571
2180
2426
2459
1970
2372
2539
2492
1407
2125
2070
2197
2135
2642
1766
2132
1773
2075
2062
1920
1856
2318
2115
1855
2098
2342
1810
1435
2552
1851
1846
2559
2159
2266
2198
2424
2177
1424
2509
1434
1706
1976
2137
844
2078
1505
2333
2244
1968
1537
2293
2525
1604
1910
1882
2516
1865
1859
1636
1650
2535
1886
964
1744
2010
2528
2299
2338
2571
1537
1739
2124
2298
1946
2204
2565
2848
2197
2283
2094
1735
2530
2500
1761
1883
1563
1520
2285
1866
2531
2429
1788
2375
1274
2597
2793
1877
2174
2053
2133
2730
2404
971
1663
1331
1889
1998
1408
1855
2216
2087
1684
1925
1961
1975
2748
2340
1412
1715
2048
2192
2095
2313
2124
1707
2661
2132
2145
1890
1946
1932
1944
2190
2792
1892
2173
1779
1983
1610
2831
1680
1402
2629
2425
1661
2155
2050
2505
1357
2347
2061
2177
2173
2384
2344
2356
2044
2680
1840
1994
2089
1879
1980
1527
1515
1783
2477
2023
2355
2327
1694
1836
2040
1982
1734
1677
2466
2241
1655
2208
2218
1670
1998
1496
2290
2055
2021
2347
1362
2251
1770
2619
1738
2388
2378
2054
1555
2246
1918
1897
1704
2055
1560
1435
1749
1948
1844
2521
2364
2446
2841
1935
2751
2471
1477
1780
2186
2783
2310
1953
2459
2051
2414
1700
1960
1898
1893
2364
2359
1160
2386
1271
2211
2636
2633
2848
1718
2195
1578
2230
1868
2471
1753
1764
1341
1607
1965
1692
1945
2249
1710
2056
1777
1505
1545
2469
1533
2136
1690
2382
2626
1716
2052
2231
2313
1767
1686
1799
1100
2363
2334
1899
2503
1793
1903
2538
2477
1968
1917
2022
2049
2391
1361
1007
2052
1542
2748
2704
2114
1102
2233
1974
2208
2489
1752
2273
1889
2009
2530
2522
2863
1934
1736
2279
1604
2372
1988
2177
1539
1819
1326
2258
2034
2512
1854
2134
2195
2190
1485
2766
1449
1492
1902
2490
2746
2545
1397
2031
2320
2521
2366
2212
2246
2171
2375
1578
2015
1749
2236
1984
3224
1811
1665
2558
2096
1858
1865
2371
1302
2596
2203
2854
2237
2049
2473
2175
2273
2350
2415
1983
836
2307
1498
2417
2098
1950
2278
2488
1761
1879
1716
1984
1575
2126
2157
1909
2146
1886
2179
2572
2451
2432
2037
2693
1964
1678
2448
2266
2236
1928
2085
1740
2300
2397
1610
2491
890
2110
2373
1724
2065
1969
2316
2555
633
1817
2649
2784
2347
1617
1656
2142
2321
2240
2363
2279
2272
1923
2156
1882
1765
2113
1661
1819
2492
2026
2524
1804
2206
2256
2332
1593
1890
1714
1925
1990
1857
1333
2144
1933
1301
1614
2150
2192
2439
2522
1947
1553
1915
1286
2090
2529
1986
2160
1417
1914
2274
2148
1566
2189
2340
1381
1839
1779
1097
2028
2962
1597
2286
2121
1872
1974
2040
2274
2445
2081
1925
2192
2345
1716
2166
1921
2496
1896
2720
1649
2181
1726
2306
914
2390
1357
2990
1872
2534
2508
2224
2762
1893
2314
2340
1732
1935
1968
2503
2316
2415
1864
1894
2222
1390
2229
1756
1857
2379
1718
2309
1438
2252
1804
1630
1915
1710
2503
2040
2562
2061
2399
1302
1890
1374
291
93
1875
973
413
952
1250
1556
1318
1715
1143
1755
1376
248
738
1347
890
1215
278
215
449
1406
608
1950
1953
1854
648
973
1106
500
1229
1804
445
534
1163
164
1190
88
1884
181
608
268
1688
1506
234
318
1391
50
1080
1609
1142
142
16
675
1150
689
1000
1990
1644
1032
344
63
1838
1152
1742
951
565
574
345
1347
1402
1165
1312
1869
1729
1332
860
806
1719
309
1892
355
534
685
1452
1753
569
129
1973
1474
862
211
830
1289
1159
1128
223
967
765
1101
388
1460
1583
2027
1590
1896
699
871
1269
788
2015
49
1373
147
754
1055
1748
595
1547
1218
172
1434
1527
349
2008
1423
1916
1021
496
307
1818
1386
456
155
377
2047
970
508
1254
865
429
716
1261
387
1705
692
1663
1230
1116
624
2021
1142
409
1226
1296
1292
15
528
162
1103
569
499
696
472
1648
1326
4
618
1134
1654
1477
1814
150
1544
987
1912
122
661
118
411
227
1288
1065
1760
1811
1902
1461
1728
883
625
57
1081
266
35
964
1292
806
9
928
164
1233
709
527
1152
1972
507
840
367
245
1238
1504
748
1518
1244
789
2001
2355
2878
1741
1761
1672
2239
1691
1605
2223
1626
2034
1789
2545
2643
2072
2206
1680
2080
2488
1593
2499
1606
1531
2113
1707
2297
1993
2311
2048
2125
2088
2232
1292
1791
1720
1443
1793
2279
2170
1563
1806
2259
2008
1550
2080
1431
2117
1637
1946
1978
2192
2467
2376
1458
1905
2455
1907
2042
2137
2583
2190
2621
1959
2344
2339
2381
2730
1262
1721
2632
1033
1957
1875
1874
1714
2547
2288
2267
1989
2691
1722
2529
2551
1590
1766
2321
2284
1538
1786
1707
1450
2233
1975
1370
1758
2027
1206
1993
2326
2539
2277
1693
2088
2617
2803
2817
1676
1967
1855
2285
2645
1499
2214
1774
2356
1989
2393
1505
1923
2248
1466
2386
1924
2446
1586
2199
1978
1933
2403
2047
1879
1812
1564
2560
1924
1801
2256
2960
2999
2606
2348
1609
1865
1546
2677
2022
1920
2201
2520
2217
2080
1265
1832
2396
1484
2394
2045
2517
2465
1696
2410
1648
1507
2489
2192
2558
2484
2637
1987
2074
2425
2902
1924
2520
2073
2075
1666
2338
2330
1514
1943
1699
1751
2161
2166
2538
1823
1899
1724
2121
2574
2070
2088
1848
2086
2207
2460
1788
2328
1269
2096
1649
1839
2736
2726
2050
1401
2273
1813
1935
1591
1433
1911
2211
1956
1883
2983
1735
1783
1621
2180
2381
2401
2334
1722
1986
1973
2060
2514
1556
1524
2382
2797
2556
2296
2074
2174
1658
2193
2084
2238
1440
1978
1708
1897
1629
2628
2041
2474
2250
1748
1986
1717
2161
1915
2688
2837
1940
1959
2070
1558
1874
2025
1977
2041
1364
2465
1642
1937
1871
1241
2001
2839
2424
2613
1467
1683
1488
1745
1784
2009
1637
1490
1992
2225
2364
3061
2201
2004
2286
2615
1914
1725
1863
1895
2017
2359
1844
2236
2318
1439
1834
1636
2179
2312
2386
2204
2505
1908
2223
2299
2231
2325
2522
2280
1937
2353
1969
2727
2195
1239
1936
2012
2103
1831
2085
2975
2268
2173
1707
2910
2491
1878
2130
2231
1816
1291
1711
1680
2026
2367
2673
2836
1491
1861
2182
1692
2718
2456
2082
2180
1625
1367
3442
2118
1703
2337
1599
2051
732
2432
2583
1499
2133
2803
2373
1636
1977
1936
2071
2151
1911
2066
1666
1910
1836
2259
1826
2052
2325
1535
2698
2168
2149
2374
1582
1826
2383
2319
2123
1792
2736
2439
1634
2542
1969
1714
2349
2447
2448
1612
2049
1868
2786
2627
2420
2714
1954
2035
2112
2285
2397
1917
1853
1431
1855
1429
2005
2028
2691
1913
2199
2882
2298
2429
2063
1682
2919
1389
1840
2370
1726
2396
1998
1708
2076
2291
2408
2455
1856
1449
1421
1951
1697
1724
2457
2196
1659
1807
1975
2596
2446
1805
2453
2246
1691
2044
1564
2445
1565
1510
1899
2609
1872
2202
1820
1586
2487
2030
2043
1710
1538
1925
2135
1573
2198
2057
1282
1825
2497
2802
1846
1664
1624
1838
1424
1492
2134
1996
2213
1843
3134
1199
2146
2273
1832
2203
1949
2453
2088
1372
1959
2083
1218
2475
2661
2490
2571
1682
2020
1666
1826
2209
2191
1223
2458
2118
2705
2202
2224
2267
1488
2200
2105
1884
2152
1798
2406
2064
2100
1388
2314
2450
2155
2269
1651
2075
1838
1875
1391
2281
2074
1933
1850
2958
2759
1802
1876
1525
2097
2123
1757
1946
1887
2608
2678
2130
2089
2003
2543
2030
1815
2126
2407
1096
1610
1921
2128
1610
2012
2511
1517
1614
1609
1575
1749
2968
2048
2133
2772
1717
1982
1810
1677
2322
2180
2625
1588
2027
1527
2930
2117
2365
2351
1496
1785
1711
1908
2508
2096
2494
1737
1430
2043
2392
2018
2085
1916
2336
2641
2073
1000
1530
2201
1934
2255
1618
2358
2202
1795
1180
1868
2957
1400
2327
2151
2136
1706
2155
2296
2049
1234
1968
1274
2193
1740
1820
2591
1454
1655
2343
1775
2498
2461
2279
2046
1159
1793
1920
2412
1244
2351
1926
1806
1269
2565
2299
1458
1869
2707
2028
2060
2130
1572
1463
2140
1700
1699
1360
2729
1871
2247
2426
1632
2361
1949
1665
2185
1817
1696
2561
2185
1587
2150
1983
1679
1973
1282
2066
2871
2614
2202
2458
1509
1007
1585
1977
2638
2205
2048
2032
2301
1522
1923
2188
2880
2310
1670
2196
2737
2062
1440
2232
2357
1821
2169
1371
1741
2483
2313
2457
2383
2150
2203
2139
2349
2697
1792
1529
1697
1684
2317
1631
2147
1412
2388
1733
1465
2105
2048
2187
2122
2002
1854
1830
1886
1318
1953
1817
1976
2204
1699
1705
1843
1787
2286
2183
2205
2558
1637
1967
1621
1515
2429
1941
2031
2515
1463
2472
2198
1654
1277
1731
1277
2177
2389
1504
2384
1747
1642
2157
2590
1904
2011
2163
1591
2048
1241
2235
1208
1871
2138
1605
1970
2148
2057
2246
1377
1465
2520
2005
2451
1856
1485
1406
1356
1656
2191
1776
1986
2718
1993
2372
2461
1671
1403
1786
1767
2454
2021
1322
1608
969
2358
2039
1866
1693
2486
2489
1826
2035
2231
1593
1728
2256
1973
2351
1614
1893
2643
2360
2540
2515
1916
1785
1616
2000
2154
2134
1732
2567
3010
1554
2535
1532
1655
1491
2095
2104
1922
1606
2232
2523
1593
1546
2701
2218
1927
2458
1877
1329
2563
1755
2091
2439
1685
1907
2200
2126
1546
1580
1605
2292
1658
2002
2264
1924
1999
2987
1491
2031
1304
2149
2565
2657
1959
2262
2665
2120
1971
1883
1837
1360
2454
2771
2117
1831
1619
2095
2392
2698
2537
2477
1772
1995
1713
1828
1682
2691
2252
2097
2108
1846
2511
1753
2065
2233
2139
2098
2534
2364
1682
1923
2565
1970
2441
1958
2115
2294
2360
2107
2892
2282
3002
1977
770
1721
2187
2301
1813
4490
3747
13470
10085
875
5956
1840
13269
13782
3727
16120
3929
248
18910
8148
20106
8011
348
24984
4239
25911
8598
13746
952
10695
17772
10767
14406
5975
14898
14841
18307
22258
8139
21786
4458
9742
18176
168
10985
17545
9419
21591
7067
12604
22293
23411
15517
13342
21602
22206
10283
23789
1181
12117
24205
26611
9095
1142
7708
7913
23584
9143
10679
11063
12872
20486
5082
22386
38
1233
23428
14398
25155
8345
20852
14590
21553
6483
17280
4834
1669
20053
20989
6297
11074
10045
18254
26428
8672
12926
2047
6238
21374
9662
24938
9252
22818
24563
23467
20812
7706
11496
16907
3630
5429
25800
26142
26794
26736
27575
27080
26355
27089
26823
26320
26802
26019
26779
26691
27005
27779
25938
26707
26820
26234
26515
27160
27119
27300
26371
26691
27259
26693
26383
26921
25824
27284
27282
26455
27057
26299
26173
26637
26389
26845
26678
26402
26630
26437
27509
26999
26762
26803
27121
26563
26499
26554
26411
26780
26351
26896
26615
27330
26876
27014
27070
26691
26276
26457
25935
26223
26908
26855
26439
26494
26756
26521
26385
26859
27055
26270
25610
26824
27080
26867
26505
27005
26491
26462
26816
27044
27138
27268
26759
26467
26213
27016
26470
26855
26168
26487
26132
25873
26642
27158
26439
27314
26532
26839
27137
25774
27311
26543
25783
26650
26643
26669
26383
26191
27060
26901
26298
26890
27207
27074
27066
26597
26104
26207
26330
27119
26780
26064
27172
26871
26171
26147
26532
26844
27000
26615
27105
27171
26869
26184
26990
27084
26918
25872
26493
26194
26452
26376
26528
27457
27033
26416
27092
26858
26571
26477
26201
26679
26417
26091
25810
26882
26908
26737
26761
26950
26783
26822
26665
26340
26624
26761
26275
26588
26401
26239
26907
26280
26226
26539
26446
25722
26682
26110
26152
26726
26890
26915
26361
26932
26503
26735
26807
26206
27320
26730
26244
27251
27036
26547
26511
26452
26145
26655
27006
27402
26127
26404
27664
27057
26182
27123
27595
26493
26072
26130
27667
26929
27087
26379
26805
26667
26513
26887
26606
26631
27798
26383
25993
26136
27498
26696
27338
26497
25926
25954
26572
26654
26421
26292
26676
26536
26671
26397
27020
26045
26109
26600
26247
26090
26615
27125
26524
26092
27439
25714
27191
26743
26403
26992
26689
26804
26871
26815
26591
26353
26505
26954
27168
27149
26812
26553
26645
27144
25940
26445
27184
27104
26827
26941
26318
26385
27199
25816
26918
26765
26682
26468
26586
26213
26716
26499
26429
26987
26351
26064
26778
27144
26603
27078
26269
27102
27116
26414
25631
26903
26236
26933
26934
27354
26333
26381
26892
26167
26358
26579
26723
26587
26579
26430
26368
26681
25983
26558
27058
26005
26489
26433
26784
26138
27245
27243
26615
26197
26799
26715
26091
26179
27688
26619
26480
26818
27346
27144
26753
26184
27221
26428
26292
26270
27209
26407
27190
26726
26999
26442
26085
27154
26292
27019
26260
26669
26970
26506
26434
26323
26916
25917
26701
26091
26649
26017
27069
26693
26736
26148
26381
26344
26660
26739
26184
26393
26898
26376
27367
26566
26671
26280
26982
26186
26193
26583
26926
27130
26480
27363
27037
26172
26056
26294
26777
25896
26878
26211
26594
26684
26881
26760
25915
25766
26656
26937
26817
27115
27551
26485
27175
26186
26254
27637
26764
26229
27187
26113
26946
26666
26638
26522
27068
26266
26970
26661
26133
26202
26619
26916
26422
26545
26861
26778
26326
26649
27183
25956
26515
26466
26493
26915
26743
26953
26202
26886
26296
27254
26822
25734
26679
27102
26781
26707
27155
26132
26874
26780
26832
26794
27013
27541
27304
26007
26650
26300
26446
26599
26796
26571
26293
26113
26990
26467
26600
27029
26540
26535
26415
26596
26469
26178
26228
26147
26743
27183
26817
26457
26864
26650
26348
26921
26855
25948
26730
26658
26457
26414
26783
26836
26943
27104
27466
26535
25758
26073
26133
27152
26833
25687
26479
27024
26866
26711
26704
26943
26082
26713
26862
27240
25739
26300
27160
26720
26826
26685
26120
26198
26341
26732
26866
26931
27099
27093
26501
26210
27120
27644
26512
26404
27245
26365
26852
26166
27031
26429
26310
27260
27125
26080
26094
26043
26189
26538
25967
26948
26974
26847
26895
26681
26513
25908
26760
27222
25635
26510
27057
26226
26596
26899
27058
26675
26516
26585
27298
26596
26962
26591
26732
26467
25779
25865
26962
26111
27308
26888
26400
26944
26355
26475
26915
26298
26577
27037
26952
26937
27095
26443
26534
26686
26509
27113
27453
26522
26621
26887
27335
26588
26783
26845
27089
27030
26586
26439
26065
26649
26935
26659
26726
25362
26051
26604
26981
27817
26577
26186
25889
27065
26535
26708
26750
27232
27960
26380
26401
26657
25307
27290
27599
26088
27178
26360
26852
26486
26788
25793
26281
26303
26895
26450
26623
26954
25668
27308
27518
26465
25738
26131
26113
26206
27397
26957
26823
27017
25449
26085
26721
26964
25932
26223
26673
26747
26214
27093
27351
26673
26065
26818
26832
26571
26532
26967
26439
26563
26751
26541
26425
26640
26775
27278
26988
27486
26373
26836
26561
27030
26467
26436
26134
26694
27092
27490
26165
26480
26268
26960
27355
26345
26433
26532
26559
26405
25942
26405
26337
26033
26576
26570
26560
26664
26194
25996
26452
26323
26545
26277
26610
26175
26305
26682
26367
26713
26396
26636
25764
27038
26314
26523
26310
26771
26990
26822
26940
26684
26845
26426
26590
26986
26697
27268
26517
27259
26181
26359
26193
27193
27199
25866
26410
27032
26089
26360
26556
26856
26292
26498
26477
27017
27237
27247
26303
27105
26712
27443
26793
26727
26580
26221
27405
25912
26291
25839
25991
26840
26764
26081
26239
26730
27152
26008
25937
26412
26799
26503
26141
26901
26498
26093
26907
26294
27000
26848
26640
26686
26632
26571
26743
27608
26369
26517
26636
26629
26365
26917
26246
26381
26456
26856
26808
26972
26166
25957
26807
27314
26040
25995
27380
26535
26182
26375
26156
27039
26842
26970
26136
27125
26369
26647
26800
26983
25932
26525
26622
26592
26552
27385
27342
26558
27166
26070
27331
26720
26660
26773
26875
27123
26929
26852
26270
26330
27029
26631
26455
27414
27293
26722
27168
26431
25755
26347
26715
26555
26286
26621
26552
26726
26117
27252
26686
27151
26493
27186
26391
26679
26422
26649
25876
26517
27290
26823
27202
26974
26804
25995
26653
26959
26784
26723
26529
26712
25936
27043
26976
26964
26581
26605
25999
26572
26216
26608
26827
26909
26834
26515
27193
26281
27226
26240
26425
26842
26526
27211
27279
27085
26290
26706
26608
26432
26604
26151
26196
27139
27056
27681
26092
27602
26604
27305
27324
27306
27062
26396
26733
27107
25988
26418
26566
27154
26960
26670
26441
26226
25782
27210
26950
26637
26190
26578
27122
26483
26652
26134
26605
27235
26223
27489
26836
26196
26193
26622
26711
26518
26788
26514
26939
26077
27023
26658
27084
26830
27130
26289
26861
26647
26373
26069
27270
26446
26932
27781
27196
26454
26555
26934
25457
26447
26293
26876
27293
27148
26426
26671
27009
26340
26210
25977
26640
26636
26960
26245
26339
26065
26745
26834
26448
26818
26049
27255
27066
26173
26100
26395
26186
26532
27183
27021
26339
26568
27198
26872
26623
26512
26454
26705
26751
26828
26786
26557
26668
26427
26661
26528
26524
27300
25997
26749
27235
26428
26713
26029
26596
26420
26392
26958
26779
26179
26667
26770
26371
26830
27020
26480
27108
26816
27174
25576
27037
26671
26800
26768
26665
27263
26648
26459
26576
26865
27116
26446
26795
26108
26797
26705
26586
26560
26450
27840
26502
26596
27452
26440
26616
26735
26739
26115
26176
27160
26888
26410
26415
26439
27010
26838
26676
26217
26213
27146
26645
25937
26522
26634
26891
26424
26682
26630
26678
26461
26595
26743
26738
26644
26159
26420
26437
26972
26706
26758
26657
26204
26411
26585
26138
26883
26384
26203
26388
26351
26145
26468
26621
26789
26739
26305
26253
26533
26745
27129
26375
26896
26570
26739
26420
26676
26501
26919
26067
26858
26785
26691
26080
26173
26555
26728
26846
26422
25898
27053
26338
26736
26355
25966
26792
26174
26160
26684
27443
26937
26540
26560
26875
26826
26349
27306
26002
26175
26003
26651
26786
26188
27054
26430
26176
26148
26508
26166
27085
26876
26706
26702
27376
26599
26566
26566
25560
26816
26609
26667
26808
26471
26687
26612
26314
26607
26760
27324
26119
26718
26812
26308
26274
26894
26966
26640
26482
26585
26271
26758
26453
26602
27063
26902
26784
25877
25995
26829
27354
27198
26400
26661
26143
25739
26263
26205
26606
26668
26101
27003
26214
26581
26368
25911
26216
26130
26804
27711
26773
26550
26043
26197
27004
26566
26725
26611
25828
26680
26619
26526
26792
26850
27338
25918
26386
26306
26170
26465
26740
26932
27041
26733
27058
27370
27080
26149
26597
26985
26413
26653
26437
26811
26663
27048
27206
26635
26302
27502
26136
26275
27623
26587
27615
25917
26623
27081
26769
27360
26789
26729
25760
26162
26965
27129
26623
26564
26067
26544
26514
26392
26536
26322
26556
26309
26727
27341
25950
26375
26460
26024
27141
26133
26428
26238
26235
26622
26950
26392
26456
27029
26063
26518
26707
26598
26262
27194
26831
26593
27300
26933
27298
26054
26723
27055
26765
26781
26480
26916
27457
26797
26546
26940
26223
26864
26101
27023
27305
26479
27269
27070
26294
26472
26000
26926
26196
26390
26776
26356
26946
26929
26260
27030
26238
26856
27176
26495
26849
26815
26345
26656
27405
26597
27020
26703
26323
26227
27021
26218
26483
26898
26324
26411
26515
26715
25744
25824
26803
26057
26268
25815
26091
26099
26774
27080
27331
27094
26285
26356
25743
26880
26417
26348
26281
26330
26911
27298
26803
26646
26350
26883
26786
26905
27032
26081
26195
27270
26815
27413
27321
26213
26950
26620
26417
26751
26380
26806
26839
26491
26221
26955
26795
26529
26193
26729
26211
26837
26648
26632
26202
26666
26853
26574
25840
26559
27063
26697
26650
27342
26136
26846
26396
27315
26405
26942
26777
27422
27161
26058
26150
25870
26952
26747
26007
26023
27131
27122
26472
25709
26531
26617
26423
26689
26923
26401
25731
26612
26537
27076
26591
27162
26936
27179
26798
25999
26291
26962
26425
26057
26325
26600
26388
26311
27216
25613
26994
26693
26390
26512
26111
26426
27268
27399
25929
26105
26998
26608
26839
27125
26869
26405
27091
26243
26320
26817
25867
26019
26600
27322
26292
26770
26317
27213
26650
26609
26900
26671
26631
26177
26069
26341
26400
26156
26530
26993
25843
27012
26434
27452
26451
26061
27089
26423
26818
26206
26122
27403
26913
26597
26459
27333
26645
26895
26702
26615
26871
26735
26931
27106
26953
26586
26984
25973
26290
27429
26359
26475
26829
27178
26621
26880
26299
26251
26029
26598
27208
26301
26371
26102
26571
26710
27015
26315
26258
26532
26813
27012
26799
27166
26480
26582
26824
26522
26869
26559
26578
27109
26777
26556
27222
26314
26546
26571
26456
25398
27315
26026
27192
26417
25938
27205
26724
26327
27235
25782
26416
26862
25832
26004
26571
27116
25982
26672
27030
27000
26484
26852
26817
25936
26331
27613
26601
26659
26802
27059
26376
25874
26198
26101
26328
26109
26571
26482
26419
26979
26954
26665
26659
27156
26554
26793
26436
26583
26523
26577
27416
26200
26706
26306
26259
26639
26214
26851
26608
27067
26582
26703
26594
26540
27030
26550
26135
26500
26462
26537
27160
26786
26540
26058
26053
26368
25987
26915
26380
26822
25296
26736
26597
26385
26940
26615
26647
26589
26091
27045
26063
26433
26842
26075
26211
26499
26760
26238
26818
26179
26865
27056
26035
26728
26167
26383
26430
26693
26947
26007
26867
26027
27151
25801
26718
26942
26964
26527
26222
27312
26492
26220
25853
26477
26407
26469
26487
27131
25901
26341
26984
26355
26144
26308
26316
27076
26719
27265
26064
26459
26208
26435
26606
27298
26572
26960
26907
27013
26349
27095
26575
27133
27198
26522
26735
26346
26197
26940
26356
26672
26114
26874
26778
26591
26551
27384
27129
26706
26623
26791
25695
27355
26912
26967
27008
25876
26329
27020
25955
26476
26449
26805
26116
26400
27036
27031
26726
26618
26628
26346
26844
25551
26757
26538
27476
26558
26531
27084
26653
26871
26000
26808
26658
25705
26707
27278
26582
26795
27431
27027
27042
26698
26896
26594
26620
25833
26206
26711
26349
26691
27158
26945
26664
27365
26968
26989
26859
26040
26390
26948
26216
27309
26578
26929
26339
26333
26880
27442
26377
26979
27237
26277
26248
26326
26360
26764
27319
26053
27241
25802
26374
26915
26462
26309
26744
26466
26272
27090
26298
26572
26785
26464
25787
26970
27320
26902
27075
26588
26647
26988
26497
26920
27315
26224
26578
26843
26799
26764
26295
26552
26230
26812
26860
26686
26259
26722
26340
26168
26982
25887
26865
26766
26819
26119
26584
26070
27307
26605
26862
26577
26653
26247
26959
25722
26861
25972
25869
27196
25866
26277
27193
26427
26846
27293
26898
26374
26403
27263
26891
26559
26988
26996
26261
26979
26955
26148
26753
26790
26722
25727
26463
26688
26287
26551
26811
26613
26299
26672
26616
26767
26335
26697
26698
25730
27062
26246
27371
26295
26701
26721
26493
27093
26606
26967
25897
26280
26875
26396
26411
26829
26680
27219
26913
26376
27062
26320
26371
26106
27352
26411
26208
26656
26470
26519
27287
26359
26146
27005
26340
26990
27042
26046
26768
26344
26249
26824
26731
26047
26510
26986
26268
26806
26674
26172
26216
26727
27110
26418
26299
26299
26786
27159
26027
26491
26398
26703
26315
26373
26922
26502
27033
26700
26632
26057
27141
26795
26730
26448
26979
26680
26182
26340
26911
27381
27085
27051
26660
26306
26646
26301
26050
26568
26276
26810
26496
26903
26379
26531
26918
25700
26799
26356
26383
25491
26096
26023
26009
26194
27267
27115
26371
25892
26407
26807
26540
26481
27373
26521
26159
26443
27142
26962
25839
26604
26986
26798
26963
27361
26750
26402
26554
26530
26166
27122
25988
27170
26300
26305
26746
26162
27230
26779
25962
26742
26069
26433
26508
27290
27309
26501
26446
26978
26664
27175
26668
26461
26410
26267
26524
26270
27031
26082
26849
26517
26347
26638
27375
25914
26481
26438
27075
27153
26055
26437
26876
26837
26881
26652
27013
26963
26032
26970
26135
27018
27413
26334
26773
27096
26993
26326
26594
25761
26337
26968
27128
26210
26591
26447
26418
26271
26665
26290
26820
26130
26681
27042
26644
26490
26514
27135
26091
26472
27352
26211
26365
27013
26733
26460
26752
26407
26893
26803
26354
26874
26577
26275
26784
25927
27005
26503
26621
26528
26755
27216
26477
25974
25709
26680
26350
26550
25922
26992
26588
26980
26568
26489
27624
26909
26095
26748
26111
26264
26241
26723
26980
26919
26362
26709
26494
26138
26486
26703
26989
26726
26753
26703
25954
27230
26515
26837
26029
26822
26780
26636
26547
26804
26593
26286
26494
26041
26460
26594
26431
26035
26886
27256
26899
26097
26501
26814
26700
26353
26355
27262
26449
26089
26676
26753
26902
26191
27488
27178
26510
26686
26262
26428
27106
26856
26207
26376
26216
26406
26635
26611
26259
26469
27001
26676
26180
27115
26313
26964
27228
26241
27692
26973
26358
26565
26042
26609
26993
27013
27026
26958
26894
26734
26745
26653
26615
26429
26715
26676
26655
27562
26969
26735
27297
26575
26684
26699
26414
26529
26632
26487
26117
26359
26238
26312
26107
26264
26708
26001
26788
26086
26374
26803
26922
26023
26470
26458
26544
26933
27054
27481
26179
25978
27469
26542
27227
27205
26911
26503
26958
27014
25596
26767
26497
26989
27221
26486
26798
26852
25824
26615
27574
26409
25889
26553
25929
26803
26297
27079
26982
26984
26674
27478
27079
26819
26597
26363
26745
26881
27058
26622
26615
26535
26748
26683
27183
26932
26581
26428
27090
26714
26008
26832
26803
26593
26582
26575
26077
26602
26402
26884
27097
26660
27212
26481
26261
26210
26006
26656
26931
26201
26566
26377
26348
26810
25854
27439
26184
26569
27649
26707
26932
26423
27057
26360
26591
26798
26602
26586
26964
25959
26356
26619
26663
26889
26967
25932
26816
27019
26920
26666
25719
25571
27021
27006
26869
26941
26597
26477
26218
27212
26162
27212
26271
26642
27456
26934
26073
26209
26293
27105
26799
26529
26474
25960
26777
26386
26679
26939
26770
26495
27169
26458
27075
26903
26329
26623
26184
26251
27356
26207
26856
26415
26787
26567
26829
26603
26500
26486
26593
26553
26380
27068
26751
26967
26800
26666
26634
26064
27137
27115
26631
26939
26599
27142
26384
26768
26688
27145
27403
26513
26047
26504
26857
26375
26131
27225
26681
27256
27425
26685
26543
26050
27312
26279
27119
26111
26336
26793
26542
26605
26681
26187
26906
26770
27071
26179
26774
26423
26348
27034
25708
26808
26960
26401
26267
26517
25999
26674
26528
25550
26983
25903
26598
26536
26789
26321
26623
26186
26650
26438
26857
26653
27028
26301
26064
26017
26927
26779
26602
26823
26358
26493
25968
26513
26831
26560
26956
26530
26065
26634
26790
26239
26273
27051
26386
27011
26124
26826
26421
26777
26050
26566
27041
26901
26056
26719
27163
27537
26683
27327
26813
26513
25920
26731
26699
26816
26477
26412
25889
26136
26778
26651
26819
26519
26195
27054
26900
26260
26533
26639
26688
26959
26963
26498
27267
26933
26466
26685
26173
26315
26215
26898
26789
27123
27388
26073
26727
26570
26845
25996
27082
25967
27219
26504
26979
26528
26772
27074
26612
26159
26139
26422
26594
27391
25942
26488
26103
26213
26680
27132
26547
26915
27056
26789
26518
26327
26859
26106
25758
26616
26384
26808
26159
27098
26844
26598
26755
26267
26886
26705
26675
26160
26226
26769
26152
25861
26285
27022
26686
26763
26746
26191
26814
26615
26566
26721
26711
26422
27230
26742
26626
26211
26710
26708
26080
26709
26427
26935
26259
26475
26379
26352
26464
26467
25558
26553
27451
25793
26680
27190
26671
26022
26418
25948
26762
26067
26404
26596
26151
26882
26474
26640
27075
26285
26083
26413
25946
26743
26496
26323
25961
26454
26624
26668
26582
26426
26911
27495
25932
26322
26474
26446
25962
26521
26535
26602
27190
26516
27517
26421
26060
26280
26070
25570
26979
26443
25602
26421
27050
26580
25926
26332
26228
26521
27362
27143
26453
26758
26692
26997
26608
26999
26403
26703
26824
26390
27046
25761
26751
26520
26728
26736
25958
26900
26095
26440
27070
26472
26067
27015
26457
27026
26997
26538
26871
26809
26635
27260
27047
27000
26522
26975
26971
27210
26321
25954
26604
26142
27106
26523
27123
25895
25417
25989
27025
26280
26623
26514
26682
26453
26541
26426
26528
26312
26900
26247
27022
26128
26623
26315
26821
26638
25590
26534
26518
26420
26400
26410
26322
26589
26974
26996
26727
26906
26251
26665
26372
26397
27258
26966
26739
26569
26132
26535
26132
26321
26622
26918
26778
27217
27158
27016
26740
26702
27377
26738
26251
25966
26458
27212
26916
26652
26625
26325
26719
27576
26262
27235
27497
26837
26592
26259
26371
26557
26306
26401
26445
26411
26227
26536
26612
27438
26340
26479
26700
26559
26596
26664
26395
26753
27091
26165
26704
25690
26461
26454
26633
26470
26165
27436
26165
26703
27154
26773
26906
26569
26233
27252
26916
26433
26671
27654
27517
26417
26473
26444
25791
26568
25815
26031
26381
26992
26504
26835
26860
26835
26868
26906
26454
26651
26367
26635
26311
26268
27271
27357
26394
26457
26699
26835
26842
26625
26534
26524
26493
27233
26336
27399
26980
27296
26084
27263
26412
26308
26706
4397
3139
3255
2251
1185
2359
4456
1865
5032
4731
5886
4291
1560
3459
2041
653
3667
4347
2843
2597
5688
6047
4338
2958
503
5017
617
4424
5208
5164
5303
2584
650
5370
1085
5543
5108
5333
3192
5858
3375
2980
1684
287
3704
4655
686
2957
884
1881
5096
3980
4809
752
2102
4116
453
2412
4224
4429
762
2505
3247
1392
2483
3030
2288
3941
5233
4326
1786
2560
1655
1964
1816
4990
3815
5748
1861
3911
3344
3471
4284
2658
1645
4474
4695
807
1563
2187
1713
1237
3950
4709
3139
1170
3184
1402
1868
4015
1944
2360
146
834
1814
487
1672
3077
2449
3383
610
3782
3747
4494
3454
425
4644
4663
5153
5268
549
5005
3780
1433
25
4089
1238
2704
3977
4837
620
5976
2487
4687
1905
4954
4534
3351
2306
2266
3057
4329
2927
5192
4793
1075
4691
983
1004
3051
1247
5903
4383
1085
952
2753
4149
4419
2557
5575
5484
1585
503
5576
4308
2098
4469
3009
2073
2517
861
3293
5076
2202
5050
1521
67
2060
5122
2735
4083
5942
4638
4193
496
2579
6119
5752
3662
3128
5180
445
800
1137
2888
1025
5873
2127
807
1149
5093
4153
2506
722
2251
4712
1643
5985
5155
1345
4417
2913
4645
5677
6066
2696
5219
3571
4394
1218
161
1508
1954
1462
5564
4165
1763
1882
4884
5633
2923
2146
2839
1012
5352
587
3935
663
3584
5873
1153
5757
112
4477
2997
789
360
4211
1209
3170
3668
1485
3035
6100
2489
3316
3649
3460
4824
168
88
3699
1770
3798
3638
5984
1018
5356
6086
334
5747
3688
2577
1993
1010
2529
5168
239
4326
4241
1289
4493
3930
11
5965
472
2891
1379
1424
1719
3608
696
3096
4369
4381
2594
4043
310
2871
6033
4100
5086
2762
484
4955
1788
5661
3259
2501
4497
1826
5006
5850
2174
208
4819
1078
5817
3709
2215
183
2634
4735
5321
3168
709
867
4694
5161
4072
3512
6533
7041
5769
6407
5951
6101
5355
6069
6717
5901
6852
5860
6425
6085
5354
5974
6639
5800
5692
5975
6155
5923
6173
6333
5588
6098
5517
5845
6752
6290
5961
5788
6273
6345
5966
5880
5804
6131
6098
6007
6252
6298
6263
5967
6149
6627
6079
6630
5473
6573
5594
5685
5708
6107
6375
6158
6617
6255
6010
5870
6353
6745
5926
7096
5870
5987
5698
6076
5741
6120
5461
6252
5933
6087
5896
6595
6283
5451
6056
6040
6056
5516
5592
6702
6411
5879
6099
5843
6369
5520
6089
6404
5601
6496
6215
5864
6209
5774
5645
6573
5806
5946
6057
6006
6557
5699
6584
5647
6742
5978
6381
6193
6106
6373
6682
6332
6326
5829
6193
6113
5686
6147
5896
7350
5758
6095
7025
5753
6391
5676
5607
6083
6630
6535
6555
5471
6061
6636
5922
6456
5745
6827
6251
6568
5553
7089
5598
6317
6753
5892
6219
6636
6606
6689
7094
5706
5463
5485
5858
5939
6833
6091
6066
5806
5688
6673
5766
6017
6766
5242
6711
6633
6206
6279
5851
6203
5903
5939
5972
6103
5702
6014
6123
6455
6533
5740
6501
5619
5846
5843
6463
6223
6489
5795
6871
5990
5796
5495
5705
5983
6007
6881
6487
5825
6583
5603
6575
6071
5579
7148
6251
5518
6361
6096
5619
5592
6192
6341
6188
6333
5757
6077
6001
6237
5820
6208
6253
5920
5639
6652
6184
5835
5352
6147
5797
6202
6240
5467
6330
5724
5854
5935
6594
6188
6614
6332
5980
6323
6696
6405
5957
6507
6239
5947
6517
6391
5525
5505
6506
6244
6130
5127
6346
5383
6575
6032
6516
6601
7314
6281
5870
6633
5732
6248
6780
6369
6521
6315
5822
5353
6693
5718
6577
5664
5775
5783
5723
6589
6456
6472
6732
6443
6172
7225
6241
6005
6032
6217
6111
6400
6010
6151
6056
6341
5882
6192
6953
5361
5741
5912
6008
6114
6621
6502
6113
5857
6473
6218
6794
5733
6679
6691
6689
6778
6573
6053
6269
5728
5576
5983
6475
6235
5842
5696
5978
5079
6854
5390
6957
5573
6054
5687
6129
6010
6214
6108
6209
5988
5576
6303
5669
6289
5913
6034
5993
5428
4903
6351
5943
5847
6730
6310
6511
6136
5894
6045
5875
5873
5600
6152
5856
5935
6791
6163
6117
5890
6383
6275
5712
5983
5996
5788
5247
6335
6123
6025
5714
6071
6087
5990
5567
6121
5833
6008
5966
6121
6617
6017
6509
6805
6110
5132
6423
5787
5964
6065
6436
5685
6128
6321
6816
5983
6532
5499
6604
5969
6176
6084
5176
5989
6049
6303
6286
6304
6379
6399
5929
6301
6288
6286
6008
6288
6372
6125
6300
6569
6315
6171
5947
5886
6423
5935
6147
6127
6017
6907
5633
6409
6169
5840
6470
6239
6083
6323
6194
6139
6714
6033
5529
5854
6980
5800
5639
5225
6071
6427
5903
6001
6315
6429
6339
5535
6568
5504
6081
6011
5792
6476
6849
5961
5993
6732
5722
5555
5916
6067
5761
6815
6223
5555
6470
5306
6418
5562
6066
6260
5992
6003
5928
5466
6454
6255
5915
5832
6175
6224
5547
6274
6063
6076
6272
5633
6603
5887
6189
6011
6424
6168
6455
6231
6072
5931
5869
6827
6052
5957
6046
6156
6099
6410
5506
6471
6299
5706
6304
6152
6576
5126
6230
5885
6557
6375
6906
6108
6082
6548
5913
6833
5465
5803
5621
6688
5602
6352
6192
5145
6220
6205
6136
7078
6195
5892
5944
5660
6053
5764
6026
4947
6165
5750
6172
6914
5951
6583
6334
5625
6219
6484
6112
5900
6317
5997
6285
5659
5369
6383
6931
6334
6467
6052
5992
5796
5301
6057
6295
6095
5537
6234
6184
5715
6538
6360
6009
6348
6071
6193
5589
6226
6832
5629
6188
5993
5953
5309
5597
5737
6046
6445
6353
6217
5940
6241
6723
5901
6129
6693
5116
5665
5784
6099
6356
6125
6037
6148
5559
6235
5926
6150
6571
6186
5873
6029
6488
6184
6159
6874
6316
5307
6699
6982
6390
6107
5501
6020
5650
4787
6099
5697
6254
6384
7017
6014
5948
6421
7044
6305
6112
6958
6193
6100
6054
6052
5954
5726
5419
6135
6648
5515
5732
5324
6428
5904
6477
6517
6217
5227
5572
5685
6155
6130
5660
7171
5955
5828
5516
4889
6094
6211
6231
5733
6182
6200
6584
5516
6420
6120
5938
6395
5630
5822
5815
6067
6207
6231
5490
6586
6243
5502
6388
7318
7040
5683
5801
6189
5893
5913
6014
6723
5959
5941
6564
6486
6392
5979
6805
6690
5153
5661
6737
5990
6059
7274
6018
5923
6122
6260
5981
5977
6171
6303
6289
5878
5644
5858
6230
6534
6658
5816
6213
5901
6113
6629
6369
5787
6538
6092
5990
7151
6733
5545
6798
5854
6269
5452
6482
6805
6279
5822
6142
6239
6314
5865
5345
6041
5869
5523
5810
5935
5917
5944
6425
5774
6305
6240
5769
5637
6227
5410
6646
6243
5739
6088
6409
5846
5927
6293
6042
6087
6509
5873
5858
6223
6333
6032
5499
5354
6065
5649
5954
6397
6499
5668
5954
6189
5624
5600
5877
6113
5952
6469
6369
6183
6163
6333
5714
6610
6303
7169
5204
5998
6428
6812
6119
5760
5331
6224
6161
6530
5268
6518
6539
4774
6101
7011
5896
6328
6536
5867
6551
6295
6452
6364
5788
6137
6680
5929
7040
5345
6516
5942
6461
6855
6365
5751
6395
5864
6557
6108
6147
6042
6286
5955
6246
6349
6953
6346
6649
5143
6595
5883
6223
5958
6224
6110
5232
6028
5876
6613
5934
5991
6867
6539
6137
6057
6638
6039
5431
7107
5257
5324
5808
6262
6724
5460
6581
5915
6449
6668
6356
6185
6053
7004
6100
6059
5726
5862
6301
6185
6201
6549
6136
6382
6233
6322
6283
5383
6319
5459
6489
6474
5636
6712
6683
6604
6262
6279
6442
6595
5443
6042
5665
6421
5562
6454
6004
6034
6672
5502
6351
6093
5786
6158
6039
6177
6396
6525
6203
6337
6050
6134
5922
5946
6178
6433
6358
5614
6084
6236
5780
5967
5790
6432
6722
5633
6302
5760
5465
5394
5843
6703
5859
6153
5963
5943
6603
6615
5931
5668
6194
5871
5619
5201
5988
6823
6473
5828
6239
6157
5883
6521
6139
6279
5743
5961
7090
5240
7010
6533
6534
5753
5981
5411
5606
6563
6124
5321
5844
5937
5866
5927
6404
6066
7185
6851
6367
6063
6322
5964
6613
5644
6315
5799
6037
6608
6005
6764
6418
6100
6022
5776
6662
6676
5821
5829
6918
6073
6314
6209
5693
6214
4762
6560
6571
6682
6847
6102
5719
6903
6112
6265
6081
6228
6729
5845
6230
6128
6189
6458
6470
6845
6413
6126
6073
6486
6502
5990
6150
5913
6268
5964
6142
6022
6369
5858
6874
5683
6853
6246
6241
5932
6433
6063
6423
6058
6557
5979
6105
5637
6197
6668
5817
6030
5787
6538
6032
6505
5923
6166
5933
5823
5979
6915
5742
5647
5661
5555
5863
5523
5639
5829
6752
6446
6073
6052
6168
6598
5787
6899
6091
6008
6866
5972
5955
6074
5134
5732
6222
5817
6447
6200
5915
6165
6451
5924
6091
6467
6029
6260
6457
6629
5465
6285
5654
5841
5618
6676
6691
5959
6438
6501
6005
6003
5976
6329
6472
5573
5877
6147
5833
5672
5707
6613
6908
5950
6174
5778
6326
7163
6687
6463
6115
6253
6493
5789
6463
6043
5896
6365
6015
6412
6573
5300
6141
5783
6252
6019
5983
6383
7194
5784
6101
5932
5675
6204
6318
6218
5819
6563
6993
6994
6416
6078
6672
6131
6608
6431
5971
6809
6292
6457
6657
6491
6738
6212
5891
5526
6494
5770
5540
6432
6369
6370
5819
6302
6349
6065
6281
6158
5673
5632
6172
6355
6144
5634
5895
5504
5732
6082
6190
6747
5675
5983
6603
6217
7484
6117
6170
6422
5884
5165
5732
6416
6147
6914
5931
6044
6461
5520
6298
5437
5819
5607
6213
6051
6070
6406
6649
7208
6230
6148
6280
6257
5453
5857
5809
6460
6358
6451
6099
6284
6078
6434
6103
5502
5519
6206
6679
5795
6474
5720
6375
5724
6614
6246
5719
5315
6370
6537
6268
6815
6051
5848
5977
6466
6520
6314
5784
6846
6535
6451
6238
6188
5919
6011
6258
6279
6323
6308
5459
5648
5693
6493
5744
6233
5873
5153
6151
5787
6314
5496
6127
924
320
277
556
1186
683
115
450
867
615
879
1208
1441
1323
655
1143
69
137
689
1358
1700
318
1046
1553
1008
820
1066
93
1671
921
1926
778
383
1571
481
1871
197
1707
1487
1046
1793
1664
738
688
281
598
1584
592
1698
1413
1738
671
1212
984
1364
1050
895
1450
1535
1082
1905
1837
288
2029
1799
382
1431
1604
590
1825
1319
883
264
1566
388
1691
79
1480
317
142
1785
122
1271
1515
1666
1966
590
1502
1801
308
745
1341
1036
1258
1083
1095
985
1968
533
663
554
2009
1947
519
884
697
1646
1608
901
1869
341
1246
185
1015
434
579
1015
838
1916
1939
1358
182
874
915
1886
1497
59
180
866
1608
1986
1454
1136
1248
1900
1234
368
1257
448
1909
709
1709
1630
1825
1663
1340
644
1295
1981
1130
2380
1751
2216
2467
2130
1995
1262
1544
2782
1285
2335
2298
1598
2769
1909
2543
1494
2239
2117
1171
2489
2404
2157
2715
2004
2328
2004
2279
2040
1734
2297
2840
1483
2447
2648
2686
1804
1902
2070
2253
2280
1977
2691
2369
1834
2718
1692
1965
1944
2466
1884
1537
1667
2647
1605
2128
1979
1720
1597
2277
2510
1943
1763
1638
1324
2079
2846
2057
1659
1640
1879
2288
2282
1956
1642
1343
1683
2071
2167
2468
1234
1308
1580
1770
1955
2188
1689
1680
2838
3113
2131
2922
1661
1512
1754
2050
1873
2340
2354
2202
2481
2062
1568
2476
1594
1917
2376
2415
2096
1966
2432
1543
2046
2128
2435
1989
2304
2087
1913
1341
2091
2873
2173
1969
2174
2168
1918
1942
1562
2455
2653
1523
1557
1493
1836
2049
1792
1396
1662
1713
2304
2387
2836
2338
2539
2647
1506
2573
1535
2707
2078
1812
2385
2407
2364
2193
2218
2164
2389
2333
2249
2613
1596
1839
2393
1408
1722
2780
2498
1827
1734
1623
2582
2346
1895
1932
1551
2240
2085
1938
2579
2212
2461
2565
2811
1710
1762
1509
1993
2085
2640
2524
2826
2237
1606
2151
1984
2251
2007
1880
1758
2522
1454
2260
2537
2327
1627
1317
2504
1752
1876
2498
1562
1553
1783
2055
2278
2334
2200
2272
1621
2304
2325
2034
1843
2091
1300
2490
1821
1954
2487
1596
1620
1851
2275
2162
2160
2301
2074
2068
1765
1963
1555
1947
1827
2688
1490
1436
2001
1382
2202
2281
2270
2197
1959
2930
1452
1833
2675
2005
2684
1810
1360
1403
2744
1550
1855
2082
2409
2410
2240
2290
1852
1961
2602
2504
2010
1851
2229
881
1722
1987
1198
1761
1957
1969
1905
2007
2135
1742
1871
2010
3265
2395
2259
2363
1962
2175
1702
2174
1742
2691
1723
2229
1468
2160
1575
1653
2553
2087
1954
2184
2181
2182
1878
1881
2074
2381
2244
1809
2010
2335
2077
1655
1312
2775
2403
1452
1567
2327
2060
2042
1908
1481
1764
2360
2312
2329
1168
2100
2096
1952
1877
1501
1677
3013
1584
2700
2029
2056
2061
1847
2499
2284
1973
1684
2325
2391
2388
2013
1840
2748
2333
2168
1629
2312
2038
1950
2195
2497
1869
1922
1408
1631
2048
2035
2786
1676
2645
2254
1987
2609
1668
1509
2636
1957
2319
1587
2282
1745
2290
2524
1980
2896
1112
1311
2226
1757
2026
1892
2289
2026
1836
1648
2285
2162
2227
2198
1919
1960
2241
2214
1958
1751
1679
2136
1666
2070
1463
2195
1597
1987
1764
1254
1525
2290
2544
2267
2160
1851
2989
2729
2303
2363
1590
2147
2198
2217
2062
2353
1720
1723
2196
2128
2178
1800
1407
2384
2081
2157
2851
1818
2318
2439
2546
2263
1678
1984
1497
2123
1678
2066
2158
2190
2054
2143
2274
2123
1771
2150
1954
2311
1609
1328
2826
1570
2090
2372
2355
2512
1841
1818
1873
1951
1707
2033
1533
2623
2263
2267
2694
2465
1972
2226
1985
2424
2284
1921
1471
2263
2326
1944
1631
1787
1695
1540
2253
2793
1956
1831
2253
2608
1326
2135
2481
1689
1522
1903
1851
2518
2365
1641
1670
2092
2014
1569
2050
1720
1680
1923
1716
1707
2117
2750
2253
1902
1532
1426
2434
1286
1877
1571
2602
1874
2211
1958
2027
1733
1828
2519
1987
2594
1930
1513
2112
1946
1566
2039
2626
2008
2365
2445
2251
1968
2060
2013
1749
1495
2443
2009
2005
2060
1761
2218
1908
1954
2328
2358
2657
2965
1875
2222
1851
2045
2565
1949
2397
2096
1805
2093
2687
2058
2793
1652
2378
2524
1701
2466
2132
1670
2038
2123
1460
1781
2788
1602
2935
1827
1394
2347
2259
1624
1890
1989
2312
2587
2277
2261
1589
2639
2758
1636
2099
991
1689
2137
1838
1835
2831
2619
2266
1453
1433
2282
2357
2006
1818
1940
2267
1969
2432
1359
2540
1141
1703
2148
1578
892
2163
1718
2279
1729
1450
2022
1903
1463
2563
2202
2084
1826
2756
1934
1813
1755
2053
2325
2073
2126
2186
1921
2424
2161
1760
2244
1236
1935
1678
2109
1853
2057
1691
1940
2357
2146
1813
2004
1677
1925
2306
2058
2558
2214
1918
1946
1704
3016
2390
2018
2366
1961
2013
2159
2720
2264
2331
1951
2176
3014
2052
2129
2075
1597
1428
1649
2729
2424
1580
1874
1647
2268
1823
2077
2615
2721
1539
2048
2109
2175
2218
2645
2796
2494
2297
2709
2174
1281
1176
2103
1676
1532
2432
1874
1760
1881
1853
2598
2559
1839
2059
1301
1637
2764
2888
2478
1710
2128
1553
1647
2028
2230
2536
2307
1797
1940
2143
1553
2115
2612
2065
1485
1812
2578
2254
2489
2184
2356
3048
1968
975
1871
2007
2099
2684
1705
1647
2212
1917
1993
2715
2937
2367
1912
1872
2094
1753
2392
2822
2301
1478
2039
2295
1373
2304
1856
2368
2362
1151
1330
2140
1918
1972
1970
1901
1943
1454
1759
2306
1740
3018
1984
1512
2501
2211
2039
1130
2087
2371
1918
2119
2080
1731
2165
2250
2279
1418
2509
2607
2029
2391
1502
1529
1777
2034
1955
1960
1945
1466
2198
1747
1608
1761
1947
2017
3441
2272
1960
2091
2169
2004
1660
1783
1716
1470
2320
1830
1452
2103
1473
2241
1918
1349
1984
2264
2096
2187
2787
2159
1440
1953
1854
1682
2563
2214
2185
1976
2444
1797
2104
2429
1960
1983
2355
2549
1962
2607
2142
2340
2560
1982
2556
1926
1376
2386
2305
2493
1735
1705
1696
1623
2202
2553
2231
1923
2045
1772
2769
1454
1816
2076
2452
1217
2124
2554
1583
1707
1905
2180
1841
1233
2008
2280
2002
2072
2359
2418
1720
1953
2284
1901
2156
2138
2136
1569
2664
2161
1628
1546
2231
1841
2283
2082
1856
10695
6482
14867
17140
6156
3964
3156
1164
9702
12936
12098
10564
1130
7387
5389
5497
16789
4086
15930
1854
11712
10365
5475
13861
17851
4637
171
16411
794
8972
13894
5888
281
11715
13303
3172
13615
6786
13347
7125
10902
5070
9219
2936
7921
14567
13365
4392
11411
10607
9127
2879
864
1605
14201
18347
12429
16427
3818
15788
1704
7029
15096
7928
4689
10095
18211
17985
2065
5457
5617
12581
5882
5214
15338
10744
12843
10620
10844
15125
13592
4845
355
14837
13784
13114
13
14285
3254
10816
6299
11576
9300
7831
14142
14472
14103
17409
11435
5492
4758
717
13029
16537
670
7926

