20206
17135
18133
17162
17976
18130
19840
16713
16385
18428
18373
17155
16891
19114
17557
18502
17329
20478
19394
16896
16800
16385
19904
20315
16589
20478
20215
20019
19203
20023
20478
18863
19654
20478
18481
16385
17966
18165
19181
19564
19464
18741
18682
16385
19001
20119
17017
19178
18955
20478
17738
18453
16385
17772
20220
17742
16700
19410
20478
18028
16728
17932
19846
20346
19198
18006
17690
19598
18286
18043
19987
19939
18250
19210
17382
18956
17310
18225
19554
18424
20478
20478
16385
18302
20224
18624
17868
17265
16385
18187
18323
17632
19086
17752
18422
20379
19471
17984
20175
18218
17950
16385
17893
18918
19436
17944
18614
19803
18854
17281
16395
20478
18374
17925
17079
16748
19116
19031
19178
19638
17931
20478
19685
18474
18382
18688
19101
18611
19875
18999
18810
20283
19164
19082
20301
18385
18350
17852
17595
17215
19943
16385
18751
18933
18993
18579
19845
16941
19309
20478
17347
16444
19570
17497
16942
18057
16408
17157
19946
16385
17536
18041
20430
20478
19245
18343
17999
18060
17515
18712
17736
20068
18428
17465
17565
20359
16576
17708
17344
19225
19123
19542
19775
18818
18180
17699
17428
19239
19742
17890
16385
18629
16385
17164
19764
19521
17981
18285
16983
16711
16385
17739
16573
18136
16599
18284
20123
17123
17629
18905
18549
16848
17241
18719
18828
17438
19800
19914
18147
17889
16385
19886
20002
18110
19609
19710
18026
20257
19685
17837
16944
19658
18779
18505
17977
18209
19084
19546
19639
18938
20011
16650
17611
19763
20478
18026
18071
17441
18507
19063
19137
18226
19789
17659
16385
19756
18247
19795
17902
17967
17838
19513
18781
17131
17057
17757
17309
18723
20478
16995
19062
18711
19224
20478
19837
17243
18691
20043
17360
16677
19240
20192
16524
17755
19570
17108
19455
18833
18175
16677
19619
16803
17831
20145
20401
18292
18010
17357
19803
20475
17689
20231
17511
16637
18486
19458
17703
20068
18554
17250
19980
19127
20478
20478
18438
17996
19861
18555
20478
18514
18059
18761
17229
18109
16385
18493
18030
16417
17439
18685
19428
16502
17821
18249
16385
17882
17052
16735
18734
17842
20478
18929
17539
16407
17442
17986
18548
16832
16385
18567
16874
20478
17119
18529
18059
20478
20369
17600
17006
18799
19480
19130
17024
19694
18845
16385
17534
19433
19881
19583
17591
18548
17406
19456
17970
20478
19595
19305
20478
17085
17827
20478
18974
18061
17944
18510
18512
17575
19875
19027
17123
17353
18377
19724
16971
16451
18387
20276
18675
16385
16385
19867
18132
18379
20478
19994
17235
18035
18326
20129
18686
20478
18178
18447
16830
19750
20478
16385
17315
18854
17007
19417
18045
19196
16529
18821
18564
18383
19690
18307
17248
20478
18034
18005
16498
17718
19092
17083
18814
17685
18354
18268
19365
18772
18395
19015
16571
17709
18360
19717
20478
17017
19430
20478
17100
18712
16907
18044
18105
18467
20478
17079
18475
18098
18940
17235
18058
18845
19213
16385
17741
18843
16385
17830
19994
17995
18103
19116
19555
19564
17530
19106
18662
19682
16385
18321
17230
17929
17225
19458
18427
16385
18059
19714
19012
17800
18166
16385
16873
17062
17954
18039
16902
17155
16820
18715
19515
18876
20207
17251
18909
20478
16573
18112
16577
18898
17199
16832
20478
19110
19210
17908
18594
17573
19444
16844
19958
18993
19470
17080
20478
19290
17996
19763
18448
17999
20478
19180
18805
19007
18426
19828
18275
18785
17491
18673
17290
18316
17648
17616
17676
18996
17092
20136
17003
18454
20478
19227
18569
16385
19298
17709
18369
17458
17754
18718
19096
19734
19850
17193
18846
17541
19145
20478
19258
18931
17112
18920
19341
18238
18572
19914
19554
19009
17673
19543
19184
16729
17638
16385
18898
17909
18161
17442
16665
20218
19334
17944
16427
17562
19181
18026
17273
16385
17902
19102
18527
18819
18008
20127
18770
17958
19700
16931
19581
16909
17650
20263
16385
17457
18845
17952
18869
18926
18866
18728
16385
16797
19540
17544
17034
18027
17363
18904
16771
17963
19656
17640
16820
18228
18005
19229
18027
19245
17758
17849
16385
17637
19044
19305
19768
20267
18092
16900
16385
19511
19708
18550
20337
18197
19811
18355
18879
16754
18804
16385
18908
20192
16385
19056
19659
17873
17471
20197
19158
18995
20478
16385
19762
19489
18652
19506
16851
17478
17330
18653
18289
16385
18656
20478
17594
18091
18396
20478
18787
18546
18513
20478
19968
19753
16895
16756
17699
19331
18875
19171
16450
17285
16839
18605
17161
16385
16950
18540
19219
20448
17399
18973
17687
18940
19139
17002
19527
18801
20478
17842
17593
18665
17676
19441
17626
16821
16385
18295
18855
18624
19077
19433
18400
16662
18848
18830
16849
20478
20220
18888
18289
20269
16385
19547
20478
20197
17912
19817
18371
20478
16629
18505
19835
18012
19833
19708
17916
17569
16829
18145
17993
18617
18848
18292
18764
18639
16385
17414
18887
17617
18922
18565
19560
19741
18721
17415
20321
18529
18554
19705
17524
19088
19605
17564
17840
18630
19119
19160
16385
16849
18194
17555
19600
16385
18279
20032
16950
19464
19653
19377
19513
17078
19795
19248
20303
20478
18225
20212
16529
17504
18927
18872
18538
19449
18184
19720
20203
19518
16877
19184
20478
17482
16885
20478
18304
19346
18384
17311
19377
17343
18532
20087
19008
19264
19551
18108
19102
17217
17790
17898
18754
17835
18489
18223
20167
17637
16761
16414
17354
17789
18178
17770
17671
18979
16651
18332
18725
16596
18242
18471
17043
17718
16385
19308
20478
16385
19919
17472
19218
19454
16536
16385
18551
17946
16832
16962
18947
17271
19047
16385
18363
19620
20478
19210
17310
20204
16873
19475
17099
18980
16419
16853
18265
19001
17740
19013
19987
17991
16760
18328
20478
20177
19777
16385
19774
18255
18255
16385
17138
20384
17600
20478
18082
18593
20478
17584
19145
18434
19410
17846
20225
19234
18620
18945
16447
19089
17895
17313
18060
17584
20284
18717
17936
20478
17355
18478
20478
19397
19721
18957
17942
18793
17726
17811
17934
18720
19358
16385
18704
17903
17763
19931
18752
19901
16385
17149
16971
18666
19976
18198
20305
18152
20084
19394
19626
20400
16729
19896
16790
17714
17743
17610
19873
16385
17606
18826
17514
18574
16953
19426
18690
18870
18767
17939
16472
18831
16385
17812
16385
17356
17593
18605
19855
17674
17015
19424
16533
16780
18511
16385
19455
19784
17280
17715
17599
18353
19861
18377
18920
17816
18939
17276
19962
20274
18503
16719
18523
16385
19341
19840
19488
16678
19118
18016
19368
20167
20478
17600
18735
16385
18729
17436
16964
20478
17571
17711
20406
17571
16385
18243
16722
16385
18702
16385
19397
17243
20182
18412
17266
18972
17176
16982
18609
19099
18964
20332
20180
19449
17565
19533
18624
19399
18167
17966
18338
20082
17354
18819
18861
16385
16385
16385
19762
20478
18465
19067
19753
19308
18353
19886
17018
18212
18722
19237
18638
20478
19384
18056
20455
18734
17662
17692
16385
20130
17155
18897
18836
17291
17645
16385
18035
17627
18491
20478
19372
18118
18472
20478
18766
16737
18628
17527
17851
18744
18773
18731
18948
18017
17934
17796
17048
16385
16385
17939
18200
17073
17653
20478
18899
20478
16385
17314
18626
19730
19976
19373
20390
19018
17618
20187
16483
17476
18515
19967
18838
18963
16385
19015
19739
20478
18951
19420
16602
18144
18289
16385
18827
20478
19997
20478
20478
18289
16775
19119
19120
17094
19058
18621
16891
16385
18545
18083
19564
20478
19083
20478
16926
19095
18062
19542
17505
19019
18517
18959
17265
17616
19230
17357
20478
18722
18698
18112
18437
18530
18575
18418
16568
18782
18345
20043
18255
17664
17491
18110
20405
18518
18826
18117
18385
16929
18136
19394
18066
17273
19705
17628
18356
18610
20391
18362
20478
20478
17707
20478
18249
18220
18393
18002
16385
17405
17621
17764
16473
17221
16385
17466
17227
18442
18967
20478
18000
19827
18245
18525
16843
19087
19151
19534
19284
18838
20478
17334
18642
18077
18655
17980
18165
16977
17902
18471
18893
20023
19221
18964
18164
17235
18749
16860
20311
17215
17113
18853
17586
19105
20478
20101
20478
17702
18122
20378
20113
18950
19042
17590
19604
16385
19882
18380
19126
18034
19430
17722
17606
18304
19458
16611
18513
17385
19629
17671
18988
20478
19280
17828
19933
17667
18772
17466
20388
18123
17772
19538
19278
20478
19039
18785
17883
19296
18260
18719
19627
19925
17044
18586
18982
17844
18492
19902
18528
16450
20478
17580
18816
20478
19577
19230
19963
18894
17237
19542
16764
19217
16385
17796
18229
16848
17743
17897
20179
20478
18231
18726
19869
18258
19623
20478
19114
18486
19195
17239
16961
19122
18183
16889
17492
17555
20478
19993
17346
20478
18139
20478
16385
19757
19475
19983
18810
16811
17222
16578
20332
18576
17380
18524
18724
19723
18242
17955
19817
18693
18490
18378
16418
20026
17369
19254
19893
18827
18112
19201
18535
17129
20061
16483
20478
17256
17696
20478
18805
18439
18974
20383
18252
20192
18644
18655
17314
18706
17593
17436
17271
19245
20042
17847
17629
18036
17330
17490
17257
18500
17991
19741
16786
16809
16751
20478
18237
16612
17639
16911
16508
20323
17125
18426
18726
19015
20024
17573
17616
17547
18605
16385
20478
19725
16385
18236
18548
19289
16385
18882
17685
20472
18376
20478
18354
17182
18875
17983
20025
18966
18365
19772
17063
18295
17148
18633
18685
19119
19610
20478
19014
18037
19368
16490
18184
17946
19332
17880
18348
17658
18982
20419
16731
19951
17181
18080
18068
17802
19621
17489
19748
17264
19096
16853
16385
17810
20478
20478
16385
16385
16841
16408
18354
18244
16704
18388
17792
19016
19680
20438
17613
16385
18793
17857
16385
17684
18340
19963
18820
18653
17967
18279
17731
17663
17788
19012
17630
18907
17279
19063
18759
20037
17258
19931
20263
19977
17539
18825
18246
16772
16600
17461
17158
20073
18581
20478
19662
20478
19063
19755
16385
18753
17684
18439
17733
18265
18244
16910
18879
18828
18431
20478
18471
19183
17509
19852
19321
19187
17382
18938
19028
18456
18605
17514
18231
17468
16385
19470
18050
20478
19288
16456
16385
18903
18405
16901
18334
16385
20199
20478
19555
17751
20228
18580
18452
16385
19212
18202
20478
16762
18730
19693
18469
19140
18661
18651
18129
16720
19996
18565
17120
16422
20280
18582
18811
17514
18173
17442
18661
18074
19177
19697
19474
17963
19960
19528
20478
16942
16970
19577
17590
16385
18559
18035
20176
19351
20219
19276
18075
17466
18097
20478
16385
20478
16837
18730
19917
19991
20478
18845
17696
18204
17463
18304
18364
18778
20478
19673
19519
19309
19862
19679
17732
17799
18247
17324
17736
17426
18584
19182
16864
16410
18857
17089
18644
20126
18381
16385
16481
16385
17357
16385
16385
17594
20478
16421
17818
19028
18018
17277
18744
18527
17474
19267
19715
19417
19949
19280
19818
18382
17752
19055
20048
16421
18454
16385
20096
18697
17245
18721
17155
19660
18540
16833
18195
17851
20478
17452
20362
19345
19962
16773
19123
18041
16761
20383
17155
18142
16385
18710
17601
18805
17704
18319
19581
17518
17355
17761
19662
17614
20478
19055
17690
19302
20159
18325
19879
17859
17269
19951
17941
19654
17036
19026
18061
16711
19302
17152
17696
18735
16556
19305
19035
20178
18062
17322
19249
19807
18494
19999
18012
20478
19784
18820
20478
16861
18541
16385
20478
18871
19277
19180
17685
19943
18399
17623
18230
18988
19239
17732
16889
20478
18504
18367
18462
17191
19730
18863
18051
19129
18240
17430
17284
20436
17153
17142
18284
17455
18736
16458
18204
20157
17838
18543
18233
20478
19205
19146
16385
19203
20174
19251
18696
19685
17108
19242
18455
17853
18022
19121
17410
17981
17275
20069
17605
20478
17711
17415
18402
19975
18744
18542
18988
18545
16632
16385
17945
17208
16917
17475
18958
18846
18138
19313
18572
17647
17785
17413
20180
16385
19535
18214
20185
20447
17858
19433
19001
18787
17377
19609
19762
18617
18430
18897
18519
18864
19544
20478
19282
18691
18140
18765
20297
19129
17533
20478
20439
19856
16497
17841
18201
19093
19097
20478
20050
18446
20203
20333
19505
16837
19543
18707
18997
19579
19022
20163
20478
20282
19941
18562
19048
18197
19098
19657
20038
20478
18262
18539
19225
16610
19705
17855
18506
19802
18200
19426
18959
19151
17948
20478
17564
18617
18756
19782
17653
16625
18352
19881
19434
16385
18389
18369
17614
19506
16385
18360
17736
17989
18787
18971
18765
18714
18527
16564
18333
18880
16385
18042
19568
18180
18785
18427
19019
19200
18133
20445
18046
18232
16779
17828
18171
20478
18727
19921
18425
17679
18896
18884
19958
20041
19854
17177
19395
20403
17108
17023
19505
17086
19255
20478
17711
20478
18603
18250
18495
19176
17389
18971
19387
17903
18144
18592
17083
16636
16385
17950
20478
19712
17665
16931
19393
19020
16869
16385
19702
18877
19063
18841
18354
18010
18031
16385
19427
20000
20478
18981
18044
16435
19044
18568
19701
17206
17117
16385
17641
17481
18738
19258
17936
16694
19717
20465
17505
18070
18061
16952
18642
17464
17846
20478
18167
18253
18514
19587
18234
19386
17063
18643
18935
19082
16843
18265
19353
17635
17146
17997
17640
18660
19656
16513
19550
19103
19030
16385
16945
19229
19904
18636
19291
19405
18584
18436
19092
17554
19747
18643
18801
16873
17269
19540
19555
18841
17401
18417
19603
17229
17064
18917
19337
16820
17721
19137
19329
18994
18645
18872
18929
17467
19051
18870
20026
17366
19584
18805
20478
17367
19972
18118
17425
19054
19302
18738
18685
16602
18704
17931
18435
19537
17951
17746
17602
17656
18948
20478
19463
19816
17970
18555
16889
20478
17919
18576
19205
19516
19349
19492
19394
16385
18297
16948
17503
19246
18658
18390
18344
16385
20256
20237
17361
19500
18648
19577
16385
17818
17535
17584
17194
19843
17481
18936
16385
17472
19417
17909
17397
16650
18845
18436
18437
19729
20478
18770
18445
18740
19920
20032
18630
19287
18326
17959
20354
16385
19246
18113
16984
17598
20047
16966
17159
18439
16385
19202
17103
16385
18348
19503
19422
20193
16663
18971
19775
19107
19649
16553
18423
19239
20478
20204
16389
20242
18604
18845
19377
19826
18654
19332
16989
18478
20478
18633
17222
18035
19886
17861
20125
18279
18356
20203
17332
16385
17788
19129
17640
20309
17728
19586
16385
16918
19579
17790
19919
17560
18871
20333
18899
19149
19905
18655
20478
18133
16799
19746
18967
19965
16389
17977
19779
18134
20478
20478
18766
16697
19642
16570
17676
17526
17953
17143
18093
20478
18390
18539
18109
20478
20478
19403
20478
20477
17850
20478
18278
17950
19242
19498
18246
19345
19035
18214
17916
19040
18716
16385
19359
19961
18735
16828
17952
20036
19067
17157
16385
18219
17714
19672
18615
16413
19509
18068
18522
20113
18920
20141
17039
17918
18675
18758
18149
18880
17227
18252
17847
19187
16645
20478
19992
17928
17448
19649
16385
17170
19740
18031
18458
17745
16385
17549
20360
17867
18718
19996
20478
18609
16385
16385
19979
18503
18792
20368
19851
16782
18419
17980
19624
18215
18019
19261
19762
18690
17259
16787
16385
19331
17216
19849
17779
19259
17937
16423
17400
19728
20015
17527
16843
16385
20478
17913
20059
16385
19103
17949
18015
17936
19277
19673
19957
19607
19083
20357
16385
17593
20001
20478
20478
17868
18130
17356
20004
18407
18057
19872
20478
18153
18266
16691
17677
19170
16867
17014
19885
16779
18752
18282
18894
18762
16385
18804
18035
20478
17918
17520
18800
16707
18315
18300
16440
19868
20478
20316
18992
17762
19337
18154
16850
18825
20478
18559
19371
17125
16385
19919
17021
19356
17878
17875
18677
19138
18895
16918
17798
18334
16907
18896
16385
17711
20086
19970
17433
18913
20478
19134
19323
19774
19734
17675
18616
17723
16484
19814
17221
18909
18768
16385
19256
18966
17048
19275
16981
18713
20069
17612
20349
20478
16385
18466
18992
16385
20478
19937
17225
19580
16512
20113
19066
19822
20152
20478
17275
18336
16385
19110
16543
18250
18532
19756
20051
19584
16641
19340
17561
19658
17548
17839
16385
17052
19580
18452
18168
20125
20478
18476
17458
19970
18123
17671
16385
20131
20076
20260
17333
20478
19734
19142
20478
18921
19681
17703
18586
20010
17266
16385
18604
17374
16894
18827
18822
19009
19077
17887
19053
18592
18448
16385
20478
17901
19280
18520
16583
17520
16385
16957
19592
17082
18059
16385
17066
19788
18600
19562
19162
18184
16385
17566
19221
19805
17211
17681
18503
17652
18485
18153
17319
17847
18508
20478
19646
19181
17311
17954
20478
17584
17031
19520
18500
20478
18414
17800
19160
17118
20478
20079
19093
19016
18725
19905
19342
16388
19004
17650
18953
19699
19164
20044
20332
17806
18203
18579
18120
19701
19133
19925
16735
17870
16385
19782
16945
18092
16385
20058
16867
17043
19491
17109
17880
18752
18748
19011
18598
16385
17865
18437
19338
17544
18213
19455
18090
18396
20274
18261
17395
19020
19461
16573
18196
17829
16385
17907
19566
19192
16481
18418
18858
20140
18484
16811
20478
19099
19724
20478
19920
19482
16385
18971
19349
18608
17697
18786
18336
18724
19765
19429
18746
18196
18763
20478
19387
18175
17258
20429
20215
17245
20438
18030
18628
16385
19314
16385
20478
19112
17792
18536
18428
18618
16411
17984
16998
16385
17879
16819
18151
18705
19949
17117
16600
18885
19035
17300
17814
18152
18621
16790
19910
19329
17758
17599
18834
18444
18474
19668
17535
19065
19250
17477
17074
16385
18773
18378
18756
17459
16455
17213
17866
20478
16385
20478
18417
19755
18847
19774
17722
19000
19880
19930
20148
17666
17815
19590
16385
17063
17249
18462
16385
17839
18151
19900
17666
16596
20447
19061
18213
17623
20164
18184
18960
17807
18606
18785
17970
16666
17338
16385
19490
18876
18925
18672
20478
17527
16385
18225
16385
17036
19160
16493
18566
17538
20038
19598
18349
19107
19004
19369
18509
18274
16385
18468
18793
20478
17307
18880
18783
16480
20448
18109
17922
20149
20128
19000
19368
17242
17459
19313
19165
17732
20117
19325
18384
20478
18625
19926
17732
20478
20446
20478
17021
19604
16385
19364
18007
16385
19097
18399
17919
17463
17523
20014
20213
16823
17395
16745
17911
19068
18570
19326
20187
18661
17707
17241
17828
16540
17271
17289
20203
19846
16642
17438
19329
17864
17730
18887
16771
17359
18092
18211
16385
16385
20478
16460
17617
18395
17891
19331
19011
19090
17214
17644
18815
18267
18174
19983
17187
18757
18195
18885
19548
18391
19880
18241
18489
20273
16875
20303
17382
17690
18648
19070
17406
18830
16385
19375
17736
19554
16385
17772
16385
20478
17832
18734
19094
16626
19141
5243
5953
5875
5710
3253
770
1910
2822
4426
2279
3671
4302
1020
5232
4461
5850
5940
1360
1773
4677
4916
6102
3562
186
5298
3135
5390
4583
1057
5502
1151
2871
6092
4653
3609
2277
4205
4796
1409
1317
741
2006
769
2558
2203
5694
1687
5462
3092
4396
488
769
1850
4695
4318
1691
6002
348
5107
3669
3176
3687
907
1419
3848
3306
2943
2551
3922
53
3757
5845
658
3192
57
176
3875
3981
604
4448
5219
1546
3523
3855
1442
2384
1462
807
1552
2624
929
3984
2341
1355
3572
5294
3096
1419
2613
3434
2264
3363
3009
5265
1992
2852
2864
2078
2563
5117
2513
3747
5183
4340
2478
6135
1487
3220
5046
2931
319
5732
2059
827
6011
13
375
4160
1635
5066
3960
845
5625
4244
2196
2292
3470
4613
5457
441
4093
4067
995
4784
1328
879
4396
5312
376
3571
1665
939
3682
338
4329
5650
4042
5424
1548
1683
4479
4311
5742
925
147
1971
1172
5308
1120
1691
5223
1399
3816
154
753
4476
2267
1230
2117
4946
1403
5667
3476
5422
2422
5865
2010
4936
2084
4047
680
807
2847
3053
1171
1551
3152
769
2175
449
3341
1296
3271
3272
5144
2408
5510
359
2798
596
119
835
1928
4109
2228
2768
2995
4063
3905
759
5732
2080
5529
6097
4312
308
2003
136
2883
4520
2364
2446
3299
8
932
1446
4559
4794
855
5620
4663
360
277
5847
4091
2947
380
773
4288
4199
6
1857
5728
1630
5497
472
1298
13
5400
1289
4768
1875
5039
5691
4332
688
5645
2821
5227
3119
4092
919
898
3208
2123
3850
1374
5810
448
5122
5387
4564
4078
389
4531
4981
6041
3385
5478
256
2049
5257
3124
2327
2982
883
3736
2746
5581
4667
851
4841
3240
3924
2025
64
733
5561
108
4973
5951
104
753
5332
5226
5664
622
1328
5276
798
5520
2587
2861
1537
1650
2916
3131
7099
7942
5617
6913
4253
7241
6058
4097
5733
5129
5630
7803
6160
8190
6250
4644
7100
7237
5150
4097
7833
6309
6116
6603
6481
4097
5087
5078
5320
5697
7008
6595
5936
6648
4097
5736
7198
7346
5385
5790
4097
6697
6731
6628
7410
4799
5916
8126
6060
4809
4097
4097
7196
7658
6100
4415
7010
8190
8190
6093
7647
5546
5216
7161
6470
5602
4097
4940
6333
7700
8190
6706
4097
5769
7038
5050
5844
4097
6114
6782
8190
7152
6487
7548
4493
7332
5760
6346
5240
6628
6270
7182
4766
6545
6067
5797
5284
5252
6213
6336
6156
5170
5506
6069
5286
6655
5840
4097
5787
5404
7152
6811
5774
5178
7846
7675
6258
6098
8190
5625
8190
4635
8001
7210
5472
5750
5719
6864
5701
7369
6732
4948
5831
5211
5667
7210
5009
7195
6815
5983
4097
6559
5956
5026
8190
6962
7406
4097
7178
8056
6364
6330
7120
4830
5042
7154
6340
6804
5326
7727
4220
4694
5375
7446
4097
6944
8190
4101
4097
8190
8190
5938
8190
6841
8190
5307
7109
4097
5695
8190
7621
7347
5462
8190
7718
6414
6684
7238
4111
6009
4622
5689
6403
6704
7079
5336
5045
7055
7133
5831
8027
4925
7905
6804
5255
6698
6771
4097
7574
7893
7301
5555
6802
6217
6462
5614
4496
4997
5345
7413
7329
5126
5308
6241
4714
6831
5786
6009
6075
5019
4097
5469
6889
7648
8190
4631
5374
5564
8190
4149
5179
5932
8190
4664
4670
5677
4657
8190
6007
8190
6459
4097
6165
6288
7409
6972
4379
6678
5836
7569
6817
5728
6995
5395
7327
5244
6229
6181
5720
6952
4157
5578
6732
4270
6600
5134
5231
8057
4097
6038
7887
7351
7321
6985
4097
6710
4926
7088
4097
4590
7290
4097
5204
5850
5999
4937
7603
5584
5633
4986
6263
6266
6896
6642
5963
7249
4097
6009
7591
4650
4330
7058
7185
5930
7386
6342
8190
6774
6227
5158
6254
7440
6025
7878
6756
6487
7800
7470
4754
4175
6393
5886
8190
7380
7580
7557
7244
6196
6491
4826
4469
5456
5973
5544
6573
4340
4180
7839
5782
5838
4601
5093
4796
4641
7739
7392
6177
5612
6529
7761
6214
7820
6171
5897
5923
7930
5509
4351
4097
6264
6969
8092
7296
7077
7132
7165
7371
5955
7396
7329
6720
4402
6806
4755
6005
6042
5550
4597
5012
4097
7934
5439
4751
5889
4097
8190
6756
5077
6786
6080
6880
4097
6781
4097
4746
4097
7760
5642
6853
5992
6997
5755
4097
6957
5556
6850
6437
6559
6355
5067
5131
4165
6391
5591
5550
6607
7439
4957
8190
6780
4188
5299
6069
5664
6162
6036
6770
5933
6440
5004
5635
5809
6078
5705
5860
5958
6512
7073
4097
8155
5385
6564
4187
6084
5023
7911
7848
4940
7746
5851
6426
5698
6025
6800
7237
5613
8190
5776
5856
5316
5911
6099
8036
6463
7019
4097
5393
7433
5518
5516
5429
5752
6700
5063
6533
5529
7177
4834
4426
5823
4813
5160
4097
7471
7079
6063
8190
6663
6254
5954
6221
5443
5450
6972
8190
6579
5869
4847
5047
6438
6350
4097
6160
4893
6232
6352
4097
6871
6570
8190
7820
6855
6650
5700
5043
5789
4909
6876
6806
6697
4953
5518
6601
4344
5619
5632
5695
6201
6324
6360
5288
5102
6937
5466
8173
7351
8190
7451
4690
6275
5453
5196
5339
6967
4569
7358
7504
7577
5735
7837
4788
8087
7273
4097
5751
8064
5928
8190
4097
4097
7630
6310
7833
6850
6488
4558
4603
6281
6025
7796
5731
4097
5638
7600
6375
6949
6545
7912
6157
5527
5998
4097
7340
6859
6432
7558
4509
5296
5568
4113
5413
8190
8050
4560
5586
5739
6007
7496
7164
7358
7232
6050
6648
6391
7970
7848
5367
5200
8178
4371
7200
6190
6073
6995
7498
5301
4097
5902
5261
4569
7548
4905
5468
5676
7313
8190
5857
6121
8190
8190
4859
5057
5606
4759
4847
7215
4134
7426
5921
5623
7427
5413
5398
6309
5009
7148
5680
7651
5359
6537
5264
4974
7198
6859
8190
6905
8190
6214
5890
6711
5339
5461
5723
6198
5841
6908
8190
5699
6001
5831
4862
7611
6049
6831
7475
4315
5403
5462
8190
5485
7347
5098
7375
5769
5811
6893
5300
5765
5424
5474
5015
4121
7541
6281
4761
6578
4919
5541
5873
5338
6631
5068
7143
5639
4529
7103
6316
5956
4432
6504
8190
7497
4593
6917
6652
7783
4097
8190
5311
7074
5863
5193
5416
4208
4970
7992
5686
7331
6276
5724
5529
7514
6675
5339
8190
4097
8190
7143
4142
8190
7078
4097
4632
7906
5342
6272
4505
5843
8190
8190
5533
6461
6145
4695
5116
7340
5422
7412
4097
7372
8190
4604
6153
8190
5695
7877
6451
7129
8190
4449
7021
7287
8187
7650
5355
5472
7193
6230
7594
5487
6627
6476
4253
6332
6529
7411
6443
6967
7618
6094
6102
6067
4506
6634
5556
4706
5212
5832
6913
7158
6829
4746
5829
8190
5769
7371
6354
5634
5409
5217
6379
6674
5871
5903
6815
8016
7214
5611
5992
7580
5934
5386
6930
7111
7080
5625
6823
6395
8190
7726
5664
6788
4100
4217
6042
7250
4097
4097
6058
4652
5128
7447
6846
8190
6807
7423
5351
6006
6227
5982
4441
8190
6450
8190
6583
6543
6577
4097
6517
5158
7283
5099
6155
7706
7978
7108
6892
5978
4097
7749
7705
7565
7567
7195
8190
4137
4771
6358
5114
6046
5524
5721
7775
7198
4097
6922
5361
8077
6304
6773
6381
5321
4860
6777
5889
5457
7482
4642
8190
4897
4097
4526
5874
5368
6017
6378
4993
4571
7505
6624
4783
8190
5523
4753
6139
7038
5905
5982
6340
7845
5015
7054
5907
4097
5221
5691
6399
6004
4097
4703
5377
4228
6309
4760
6718
6694
7608
6181
5398
4097
5895
5953
7322
7463
5354
8149
6872
5819
5553
5595
4097
4304
4415
6479
4553
8190
7675
5360
5751
4286
7021
5292
6073
5476
5046
6132
5216
5880
6138
5146
6725
6942
5454
4275
6511
4183
7614
7554
5645
4097
5365
4097
5213
5354
6346
6123
5872
6858
6195
4147
8097
6105
6902
6791
5476
6401
4410
4612
5458
6131
4598
4682
8190
5817
6761
6817
4097
7023
6917
5876
7583
7205
5095
6415
5720
8190
7426
7764
7269
6585
8190
5568
7502
5479
6388
6702
7537
6880
5149
7268
4464
5336
4494
6365
6272
6436
5891
6116
5606
5682
4145
8190
4393
4097
7212
7696
7225
5890
7009
7952
5938
8190
7601
7007
5011
6657
6200
7289
8190
7492
4486
4097
4391
6766
5798
7603
5447
4097
4855
8190
5338
6956
6418
5467
7264
4935
6256
7959
8190
6844
5574
4540
4097
6042
4097
6645
6807
5835
5725
5500
4304
7137
8190
5673
5393
6259
7421
8115
4097
7815
5360
5414
7087
5216
4097
4123
6640
5538
7044
8190
7068
7105
6285
4097
5983
8090
5383
5736
4944
5622
5531
6960
6381
6090
5147
4097
8124
8190
6599
4097
5743
5236
8190
6535
7009
5768
4996
7860
7903
5794
6795
8190
6441
6647
8190
7478
6187
5698
5144
8000
5826
8190
6923
8190
6170
5878
6946
6141
5820
7275
8190
7981
4765
6063
6285
5358
7902
7806
5917
7271
6226
5297
6705
4382
5716
6611
6914
4097
7913
8190
6154
6055
7583
6474
7511
6396
6063
6354
7408
5307
5912
5403
5844
5651
7785
7769
5357
5472
5746
7011
5543
5486
5936
8190
4097
5163
8190
7258
6991
4097
5780
6611
6350
5821
4752
6631
5700
5735
5713
6745
5764
6323
5358
7553
4179
6225
7734
5717
5511
5117
5797
6026
8190
8093
6253
7098
7308
7151
7270
4442
5979
6860
4110
4106
6760
4097
6104
6972
5946
6598
5074
4772
7095
5329
6300
4097
6542
6622
4474
7265
5290
7776
6879
6593
6332
5508
4097
4097
5437
4568
5165
6171
8190
4514
7870
6809
6603
6847
4097
7857
6292
8190
5777
6125
5623
5680
4687
6380
6397
6856
6824
7464
4844
6687
4097
5860
5989
5399
6756
6479
5199
5133
8190
6551
4956
6055
4097
4593
4540
4097
7307
5765
4097
5912
4653
7271
4298
4840
7585
7719
5358
5177
4519
6415
6642
6117
8152
7397
6584
6422
8034
7681
4198
8080
7816
4097
5210
6907
7674
8138
8190
5058
6015
6696
5391
4814
4723
6223
7021
4985
6872
4644
5925
5567
7181
6513
6809
8190
6198
6911
5875
6728
5862
4209
6426
5823
6842
5941
4985
4097
6526
8190
7401
8058
5965
5892
6862
7069
6483
4269
5449
6267
6219
4843
6592
5229
8190
6726
6151
6585
6562
5399
6324
4097
6534
7119
7738
4800
4797
7283
6113
7509
6163
6929
6952
7796
5532
7178
6671
5255
8190
4986
6716
6474
4761
7924
5782
5457
5678
5538
5525
4097
5873
5580
6063
4097
5472
7897
5998
6213
5748
4876
5123
7208
7545
5785
6484
8190
5717
7882
6890
4951
7816
5396
4097
8190
4893
7470
8123
6230
8027
7188
6198
7444
6435
6330
6329
5917
4382
5818
6365
6707
7667
7765
7613
8190
8190
4184
4312
6174
5697
6323
5018
5910
7046
6605
4865
5377
6909
6804
7798
6391
8046
5622
7243
4256
5458
4814
8025
5063
7236
4455
6910
5487
5052
7717
6063
4245
6010
6118
8190
4131
4319
5116
6136
6073
6712
8190
6363
5015
6840
6008
7998
8190
5212
5998
8114
5889
5503
5302
5491
5361
4097
7539
4097
6912
5066
6895
4896
4754
5156
6749
4628
6934
4097
5896
6455
4097
7356
6516
8190
6676
5096
5950
5636
5584
7739
5531
7263
7133
4097
6216
6201
5199
6959
4097
7808
5965
5841
6927
5086
5691
6712
7490
7439
4097
6037
5250
6828
6535
5602
4477
4347
6574
7787
6914
6969
6460
5912
5903
6568
4562
5442
7585
6777
5568
6182
7936
6607
5267
4835
5903
5703
6988
7468
6200
4937
7649
6807
6254
7097
4854
4865
6052
7570
6917
7072
6865
5086
6296
5434
6879
6501
6541
6042
8190
4923
5863
5010
7364
6651
4818
8019
6567
6672
8190
6081
5703
7431
8190
7268
6837
6710
4591
5697
8190
7157
5505
7300
6837
8190
4785
5930
7043
7244
8190
4933
4122
6314
6853
6853
7240
6077
6404
6483
4848
7084
6063
5773
6935
6388
6752
6463
7211
6055
7910
6115
5887
7345
5615
6603
7670
4097
5677
6692
5470
4097
5603
6159
5914
7099
5993
5397
5382
5926
4275
4718
5331
5142
7985
8190
6032
5335
4881
6092
8190
5635
7231
8190
7534
5733
6268
7202
7488
6711
6473
6304
6675
4206
6497
6689
6991
6596
4577
6968
6243
7474
5167
7370
8042
7542
7132
7346
4835
6073
6406
6737
5178
6331
8190
5246
6778
5653
8190
4097
6322
4097
7965
8190
7365
7676
6305
5963
4097
5742
7417
5930
6220
7214
4796
7730
6720
7184
5323
6830
7210
6301
4726
5523
6502
5691
6769
5634
6742
7330
5382
6504
6460
6168
7310
5684
5516
4916
4097
7373
6690
5650
5133
8154
5620
6073
6262
5943
6661
5223
5017
5070
5995
6089
6354
5085
4987
6037
6578
5102
6620
6458
6935
6588
6138
7037
4296
4097
5967
5833
4686
6455
5298
4918
4990
4097
6983
5203
4097
6637
4959
6400
7318
4097
5195
5822
8093
6667
6127
7083
7259
6243
6929
4097
6573
7359
5688
6754
5373
4691
4658
7121
6604
7204
6554
5551
5939
6951
6722
6998
4209
6389
6531
6422
7949
7215
7663
6301
6584
7169
6408
6854
4601
5781
5410
5032
7392
6543
6108
6961
6880
5322
6436
5223
7396
6142
5398
4892
7503
5666
5815
5905
6714
5665
5352
6682
6985
6454
6967
6058
7499
4654
4263
7410
6894
6541
7649
4097
6915
5338
4097
8052
5902
4842
6364
4398
6517
8190
6656
7202
4097
5402
5386
6573
4865
6217
6131
6477
5487
5808
7077
6509
4562
8190
6508
6572
6296
6926
7116
8190
4147
5581
7183
5075
8190
6213
6694
6479
8064
5588
6455
5002
5883
7329
6556
5803
4411
4911
6814
6183
4899
5255
8079
5831
7930
6400
7757
6539
7633
4622
4350
7552
6719
5405
5725
7841
6538
4357
4097
5177
6431
7566
6547
4747
6529
5187
5324
6435
7586
8190
8190
6539
8190
6640
5132
5528
7043
5973
5717
5044
7713
4919
6524
5001
7071
5145
5717
6828
5822
6365
5820
5537
6663
4561
7174
7137
7816
6519
5543
5646
4097
5907
7148
8068
6056
6245
5267
5231
5001
4097
4838
5434
6722
4777
5088
5253
8190
8190
5681
7226
5834
5902
7947
8190
7428
5537
6410
7463
6439
5878
7245
5956
8190
4097
4299
6096
7624
4097
8190
4097
4543
8062
6951
7639
5865
8190
5599
6531
5295
6084
6233
5683
6432
4097
7646
6533
5200
6919
5545
5639
4206
4911
4554
5071
5316
4100
6481
4754
6616
7205
7435
5537
5645
8190
7820
6226
6537
5633
5481
6858
5869
8028
8012
5780
4097
5601
7541
6621
6770
7101
8019
7706
7943
4740
5915
5064
5895
7106
4097
5583
5431
6060
6972
6389
7210
6505
5316
4395
5702
7500
7221
5278
8190
5586
4097
7407
6285
5941
5959
4841
5644
7052
6450
5015
5685
7492
6146
4714
7982
6594
5814
6170
7389
5646
7504
5607
6188
6725
6772
6239
7003
4097
4227
6756
4534
4384
5170
7162
5392
7603
4688
4830
5312
7259
6924
5677
8190
5575
5843
5734
5288
7109
4097
7036
8141
8190
4666
6440
7196
6299
4227
7422
4097
7407
4097
7404
6160
6786
5380
6988
5912
8079
6535
7498
7334
4579
7502
6795
4344
6363
4144
5636
6595
6058
8190
7578
4097
4232
4754
7235
5784
5926
5644
5858
8190
6566
4943
4097
8190
5712
5737
8107
7602
8190
7975
7019
4322
7270
6817
6332
7292
6845
5948
5249
6518
7973
6131
4987
5107
7429
5003
4490
6194
6997
6047
8190
5313
6736
5639
4193
6872
5076
6140
8094
4570
6937
6673
5546
6967
6876
7057
6950
5443
8107
7851
6438
5716
5498
8190
4379
4097
5520
6448
6620
6051
5840
8190
5611
5058
8190
6420
7437
6327
6989
6609
6007
6226
6947
6776
4926
5757
5940
5364
8190
5873
7238
6481
8143
6822
8190
7163
4711
6042
4734
7150
7171
5055
7405
5309
6058
8190
7436
4097
8132
5067
5126
7701
4097
4311
4522
5241
4858
8190
7801
5393
5434
7585
8190
5062
6428
4457
5419
5624
5282
7076
6102
5673
5037
6530
6516
6174
4700
5637
6018
8190
7123
6275
7606
4832
5944
6493
8190
6553
7264
4761
8190
5415
5637
4297
7269
4959
5489
4825
5419
4462
6670
4096
6466
4749
7465
7373
6486
6140
7213
4555
8190
7611
5632
6677
6592
4629
4484
6253
4708
6474
8133
8190
7162
7657
6091
8190
6520
6584
5501
4102
6996
7079
5547
4967
5900
5908
7240
6276
4369
4439
6646
7256
4097
7027
6098
6127
6585
5377
5536
6601
4097
7041
7004
6330
5077
5112
4097
5792
7254
8190
5232
5065
7832
7503
4101
4273
7096
4645
6905
5651
7593
5582
8190
5566
8015
5805
7302
8188
5460
7610
6627
4097
4265
6763
5599
7793
4113
8190
4790
5714
8068
6591
5452
5759
6526
8024
6914
5724
6038
8190
6902
7665
5501
4112
5026
8190
6986
7246
6034
6245
5209
8190
4810
6664
7829
5463
6443
6261
7579
7711
6027
6066
7476
8190
6446
6863
4286
5618
7659
5258
7391
6697
5978
7260
5859
6378
6689
5151
6042
6659
6324
5997
6782
8010
6577
5471
5460
7038
6888
7191
5693
7210
5625
7708
8190
5911
6846
7475
6068
5231
5776
6759
7906
4097
6485
8190
6203
5378
7473
6969
6550
5699
6205
6616
7541
6683
5850
5315
6101
4097
7170
7317
6409
6370
8190
6337
5688
6761
6377
8190
4562
5030
8190
5675
6385
4615
5424
6187
6017
5339
7617
5986
8190
6585
6691
4309
5155
7698
4780
6396
5766
6624
5571
4447
7458
5742
4494
7552
7066
6305
5756
5616
6082
4508
5469
5072
4711
5695
6194
8190
5855
6280
7505
5475
7350
4867
8190
6747
7436
5887
7685
5979
7431
6342
7258
6918
6794
4890
4097
7734
7146
6207
4872
5505
5402
8190
6222
8190
7959
5025
6132
5113
8190
6109
8190
7717
7511
4801
4097
7270
6189
7395
4945
4988
7962
5553
4097
4097
8190
4097
4399
7051
4968
8190
7310
6229
4097
4097
4343
7014
6510
7070
7509
6861
5467
4097
5462
5658
6810
5322
5458
6433
6362
4097
6209
4097
6944
4997
6203
6231
7452
6166
7920
7304
7762
4537
6258
7696
4408
4097
4097
4823
6729
6550
5924
4613
5502
4137
6351
7179
4732
6753
5531
4498
7421
4840
6536
6884
5519
6055
5899
6662
4128
7947
6789
4097
5789
4097
5848
8190
6111
5570
5626
6364
4756
6342
8167
6217
7964
8190
8190
5491
7002
4925
5802
7268
5867
5777
5848
5659
4097
6007
4561
6028
7904
6434
4434
5873
7051
7493
5815
8047
6705
7897
5039
5645
4140
4530
4097
6151
5882
5330
5722
4605
5134
7272
8190
7911
4417
7805
5003
6542
7683
6760
6739
5846
4097
8059
7948
6991
5795
7429
7224
5524
4100
4839
5862
8190
6970
5567
4097
5808
5605
6254
8190
6620
5284
8190
5895
7450
4097
8190
8190
4498
5756
4558
7318
4765
5082
5187
6155
6026
7838
7187
5901
6357
6971
8190
6125
6835
6665
4585
4352
7885
6887
6531
6521
5552
5883
6589
5057
5204
4288
7045
4097
7178
5913
6993
8190
6516
5933
6410
6638
7020
5032
5923
5716
7243
5448
5477
5867
6040
6168
5792
5635
5991
5799
7275
7968
4602
6174
6378
5572
6736
4799
6992
5440
7221
6153
5855
4168
6535
5351
5282
4292
4097
6189
4344
7644
4960
4944
6391
5906
6126
6224
7567
6046
5916
4097
7975
6196
5606
7253
7058
7478
6996
6999
6845
7013
6809
4929
4097
4408
6815
6365
6585
4097
6262
4097
5844
4374
7298
5954
6895
6567
8190
7371
6570
6964
4097
5594
4246
6642
6598
5458
6841
6185
5869
4384
5420
6994
4611
4097
7742
6450
5577
4141
5623
5487
5719
4097
7369
7335
7179
6958
7357
4177
8190
4097
7071
5925
8190
5530
6667
5825
5715
6458
5688
7153
4462
4858
6450
7448
4507
6522
4921
8190
4965
6820
8190
6825
7334
6253
5345
7247
4097
6684
6043
5115
5772
7070
5839
4690
6486
4925
6539
6628
6519
5399
7416
7184
8180
7591
7022
6471
6023
6583
7408
8190
5807
7768
6895
4097
8190
7291
7258
6929
4348
4573
7406
6923
6686
7446
5624
5718
4737
5067
4097
5437
7534
4177
6081
4743
5731
7077
6078
5406
4290
5983
6058
6378
4097
5684
5610
6381
6830
6637
6992
5626
7550
4692
6810
5866
5056
6146
5436
4097
5140
6573
7443
4779
6083
6761
6836
6132
8190
6594
5700
6224
4097
5976
7921
4260
7999
5964
5446
8190
7006
6564
6210
6127
8190
6105
7431
8190
5638
5170
5230
5993
8190
7162
4770
5900
6413
5054
6222
5285
7438
4999
4598
4517
7408
4617
7320
6850
7625
6351
4785
4856
4487
8100
4849
6345
6060
6872
4892
6256
6383
7110
5648
5583
6444
4097
6964
5030
7687
7142
6455
5993
5065
7310
8190
5561
4942
7571
4548
8190
6097
6036
8190
5285
5171
7931
4097
5117
5225
5403
4475
5067
4097
6434
4097
6030
6132
7962
5565
7510
7453
4097
4564
6758
6418
6484
7411
5468
8190
8190
6280
6876
5172
6901
8190
6140
5366
6059
5084
6569
6958
6825
7321
5161
5762
6646
4848
5023
5615
4915
6560
6990
6218
6845
6297
6444
6313
6383
8187
6439
6748
6142
7325
6587
5025
7004
4787
5990
7135
6468
4972
5428
8190
6923
5057
5515
7018
5505
6069
6867
7193
4545
5806
4783
5383
7107
6258
4936
7487
7325
4097
6291
5974
5120
5249
7587
5830
5346
3643
1684
1952
2304
5649
3673
3970
194
696
3687
1230
6001
4889
4544
1855
850
795
5516
2746
4872
1091
203
4693
2243
5386
1180
4951
2007
2042
4134
2459
1940
991
2413
5097
4514
1886
3490
2802
4978
5870
3641
2212
3476
4616
3839
2425
946
3124
4446
1423
4611
4490
3248
4294
3357
5940
5287
3546
3555
5849
4522
691
4027
2695
826
1324
5322
4038
5877
4209
505
4441
433
1304
2113
1390
1738
4670
4768
3824
3908
1298
5412
2015
1628
2482
2016
2075
5001
3082
4708
5661
3443
4982
4465
3762
662
2736
171
5440
5835
4698
3145
5661
6119
1720
3465
1265
4172
2198
517
3574
1230
1566
6046
4161
1776
2830
5754
702
4011
2777
3470
4111
4474
5626
1521
3080
5378
595
4137
1055
1605
4188
4850
5847
4657
4251
3680
5248
2436
6033
5458
1321
3844
3045
3652
507
5974
5830
2990
287
3015
1040
1634
4725
5863
3585
3646
1405
1573
5690
5267
3382
807
3726
2729
3356
289
2654
479
5978
1937
3707
5945
4627
844
2388
3227
519
952
1198
615
2489
2881
529
3560
1298
1341
5349
425
4912
2870
990
4593
1883
5923
1617
30
2383
1304
2550
4198
2704
5607
5952
1820
5616
1760
979
5817
6120
2752
682
3725
3513
909
5720
1858
2168
3086
1101
598
2778
5099
2406
2772
4033
43
1992
5679
5736
2232
1374
4465
1478
4283
3111
2149
2427
2223
189
3410
206
5762
212
5543
5653
5490
5785
2285
5029
5391
5185
3867
5827
3186
3988
1245
101
3058
5535
1232
6131
531
671
5605
5687
5975
545
5904
3940
27
2625
2911
4876
3219
481
5479
4457
619
3060
2723
1398
1222
981
3453
2274
1637
3227
5998
2851
2974
2781
3501
2371
4216
3921
498
2751
5679
1471
4226
41
1184
4122
4115
2184
2364
422
4517
2763
5255
5991
5835
2588
3386
1404
397
790
3090
100
4514
31
2854
3933
4961
5909
4635
5645
5472
328
2446
2573
3173
2150
3572
1619
4754
4757
2865
2314
6014
1237
4028
1212
1456
1758
2495
911
3393
492
3378
797
2290
2326
5134
8190
6841
5773
8190
6231
7630
6606
7273
5712
4473
7632
6323
5716
8190
5448
7096
5074
6331
6012
8190
7877
6796
6332
7319
7158
4097
5402
4097
6394
5753
4554
4526
7181
5550
4857
8087
6410
6401
8190
4869
6358
4097
6387
5551
5273
5270
7121
4150
7202
7067
5103
5392
6023
4097
7788
5844
6797
5822
5597
7066
4827
5899
6375
7042
6984
6137
4587
6935
5407
4097
5952
5863
6090
4097
6353
4097
7548
6582
6553
6471
7053
4292
6047
6344
5292
5782
6699
5068
7626
4610
7672
6357
6196
4478
7322
6244
7142
5935
7485
5579
6133
4097
7609
8190
4420
6712
6405
8190
7401
4984
6812
8190
5329
5216
6386
8190
7921
4097
4196
5648
6855
5451
4282
8190
4757
7850
5680
4972
6676
4097
6252
5612
6348
6397
4097
5549
7115
5881
8190
4097
4673
6688
7511
6269
4097
4815
6946
5755
7292
8190
5951
4626
6415
6041
6141
6567
7461
6048
6533
7009
6092
6370
6404
4472
6888
7234
4377
5393
4949
6662
8190
7865
7910
6501
4724
5301
5646
8181
5571
6264
5441
6702
7290
6554
6570
6225
6519
7045
5364
4870
8190
5504
5971
6623
5401
7023
4860
5681
6810
7674
7471
7456
7190
8190
6546
6210
6243
7598
5140
8190
4980
5953
7876
5775
5819
6015
4919
6826
4367
4559
5134
8091
4398
5556
8074
6958
4097
4178
4718
4097
7355
6732
5917
5573
6183
5627
6500
7424
4975
6078
6973
6658
6132
5679
5576
6234
6904
7065
7381
8053
7388
4705
6089
6976
5162
5322
7005
6307
4991
5763
6121
5214
8190
5111
5848
7301
5203
5240
7492
4657
4674
6011
5493
5927
6358
6978
6149
6074
6137
5884
6896
4685
8190
4922
5715
6076
6255
7873
5116
6203
5505
7625
6835
4697
4557
6439
5967
4710
5769
7642
6819
4491
7983
5896
6090
4097
5996
7101
7480
7232
5864
6634
4097
7589
4606
6283
4097
6176
8190
4097
6255
5811
5778
5133
7466
5292
6197
5971
7744
4795
4937
6064
4713
6460
5888
7335
6097
6511
5387
5379
4097
6441
7234
5314
5443
5490
6717
6655
6398
5332
5822
6957
5390
6886
4746
5198
7977
7689
8190
6871
5463
6741
6087
6300
6601
6923
7547
6470
5471
5967
6423
6188
5611
6371
8190
6539
7220
6360
5720
7355
5722
5221
8148
7243
4194
7967
5317
7384
6061
5516
6407
5200
5146
5468
6133
7195
4948
7685
7031
6814
6819
6029
6716
4836
4214
6295
4868
6528
5330
7268
6097
5775
8190
6993
5005
7067
6484
6381
7856
6005
5799
5676
6970
6628
4795
4413
4476
6524
7706
5232
4417
7157
6893
4856
4097
4097
6054
6514
7303
6378
7663
7065
5627
8190
5484
4752
5933
6687
6726
5262
4097
6832
5907
4842
6576
5115
5543
6712
4615
6028
5312
7647
4356
7151
4214
6670
8153
6396
4544
6109
7279
4097
8190
4097
7871
6157
5861
6790
5589
4893
7216
4438
7583
7553
7485
4479
5617
5941
6244
4395
5987
6838
6970
5953
7664
7011
7270
5541
7834
6241
5758
6475
4097
6697
4846
5218
4097
4108
5753
6588
6664
5444
5454
7256
5851
6653
7063
6651
6963
7525
4097
6534
5417
6181
4097
6906
5096
5613
5937
5540
8190
5504
4539
5429
6259
6490
7733
4692
6600
4097
4952
7322
8190
6220
6394
7483
4097
6527
7823
5751
4539
7614
8190
4988
8190
4097
6636
7052
7410
8190
6551
6120
7188
4097
8190
4519
7115
6113
5335
4097
7784
8190
4857
7852
5920
4320
5762
4266
7962
4756
4402
6470
5301
5611
5258
8190
7065
5225
4788
6736
5328
5880
6638
5515
6219
5522
6238
7683
5383
8031
7206
5984
5850
7284
4914
6399
6679
7520
6531
7339
4261
7886
4097
5660
4879
4343
8190
7338
6343
7854
6420
6086
6055
6274
6789
5682
5106
5561
6721
7877
6865
4097
5239
6712
6862
6357
6701
6187
7905
6589
6769
5742
5318
5617
4465
6421
6268
5932
6077
7354
4299
6157
6698
7726
6200
5999
8190
8190
6271
5882
6392
7316
5568
5566
6213
7619
5280
8190
5844
5709
7286
4097
6901
8190
6535
7169
8176
6109
6975
5566
7075
7395
5829
5915
4528
6131
4600
7438
5624
5855
7613
5500
4211
7025
4097
5368
4492
8190
6128
5833
8058
7490
6507
4736
4729
4681
5446
7157
6399
5914
5034
6310
6649
6523
5613
7702
6562
7135
4097
7922
6711
6306
5149
8190
4764
6014
5029
7115
4097
4779
6203
6378
7548
5600
5853
4305
7988
5057
5220
6794
8190
6689
8080
4097
5997
7474
5718
6676
8000
6233
5890
6214
6533
5574
4097
5109
4964
8190
7705
6986
4750
4387
5400
8190
5105
6878
6482
7299
7075
4097
5738
6193
6995
6495
4097
6498
5387
4097
6147
7084
7440
8190
6707
7433
4918
5461
7449
7480
7875
5904
6344
6964
4713
6980
4706
4542
5372
8190
8190
6209
7073
8190
5742
6507
4792
8190
6997
5208
6513
6096
7261
5323
7206
4097
5972
5951
7093
4209
5185
5450
6973
4782
6676
4236
5391
5474
4685
8190
6221
6251
4458
6743
4097
4241
6364
7589
6336
5427
5871
5091
4336
5004
6542
5845
4097
4164
6585
5083
4865
6777
5871
5545
5450
6545
5911
5763
4097
6459
8190
7662
8190
4771
6173
6346
7150
4097
5500
6944
6971
7441
7208
4964
6094
6106
7676
4097
4097
4874
6201
7120
4672
5446
5930
5271
4827
5423
8190
6221
7491
5950
6092
4828
6331
4517
6475
5001
7379
7669
5726
6977
5221
7419
5264
5333
6798
5409
7398
7156
5382
8190
4979
5828
7557
5594
5722
5700
4719
5806
6424
6478
7406
7757
8060
4427
7670
7215
7980
6343
6887
5312
4861
6431
7374
5947
6974
6461
5092
6454
6287
4658
5128
7137
7375
4729
4097
5041
8042
6161
4932
4097
5830
5770
7797
5114
6674
6716
6059
5112
8190
6739
4097
6394
4097
5201
6200
6170
6925
4139
4097
7630
6704
5796
8137
5945
5331
7577
5103
5668
7220
4097
6594
6248
7284
5205
5887
6400
5952
4227
7563
6767
4097
7088
6328
7715
7628
4952
5821
7063
4505
7020
6158
5268
5448
4994
6378
7098
6958
6483
6035
7525
5746
6154
5796
4641
4887
8190
5391
6306
4177
7327
7875
6008
6010
7134
6405
5557
7266
4097
5735
5707
5520
6460
7451
6822
4585
6057
4097
7132
7501
6452
5483
6074
6372
6885
5704
7602
8190
7568
7032
5271
5660
4906
4097
4097
6036
5016
5143
5478
4552
7124
4777
6492
4618
6363
6038
6678
4941
5981
6109
6603
4408
6776
6693
6426
4402
5069
4097
4119
5814
6581
5449
5772
6086
7395
7777
6586
6456
5022
8023
5666
8075
4153
5667
6572
6391
4638
7001
5686
6152
8190
4771
5482
6567
6105
4860
4097
6560
7684
4690
5659
4952
4542
6651
6959
6059
4807
7776
6200
7531
5882
6368
8190
8190
4097
6570
6881
4515
4586
8190
6803
6334
8190
6200
6192
6174
6302
6088
4981
7075
6993
5271
7395
5384
5071
5956
5829
4238
5878
6509
6232
7156
6539
7538
5567
5268
5127
7773
4819
6203
6891
7790
6479
8190
7807
4517
5069
7738
6020
6185
5798
5572
7814
6491
4097
4988
7914
5842
7541
4981
8070
7738
4097
7026
4097
5378
5567
6322
7060
5457
5893
5637
6431
6367
6445
4433
7046
6292
8190
4138
6226
6529
5120
7795
5459
7695
5147
6585
5638
6887
7032
4156
5409
4628
7082
4476
7543
4585
6241
5353
6427
4576
6629
6586
8190
4724
7425
6247
6481
6604
6150
8115
5175
5252
5185
4169
4912
4097
5704
4917
4416
5580
4726
4097
5303
8190
4593
6062
4694
4440
6545
6852
6599
4969
4954
6144
5723
6315
5491
5370
5303
7152
8190
7417
7307
5449
4296
4097
5372
6936
6032
5217
6168
6447
6176
6791
7322
6360
7990
6080
5786
5187
4336
5286
7950
4780
6100
6568
6207
6120
5347
4097
4111
5966
7865
6589
5833
5925
6990
7578
6271
7379
7412
4961
4340
5790
5767
5419
7290
7566
4900
7425
4754
6296
5208
5466
4186
5987
6763
6875
5844
6338
7171
5094
4471
6976
4183
7413
4999
5301
5266
5804
7564
8190
5566
4624
7078
7202
5684
4593
6628
6132
6232
8190
7960
7049
8190
6918
7075
7872
5749
6715
6890
7459
4142
4660
7753
6826
4097
4447
6403
6884
7747
5397
8190
5924
6378
6903
8190
5910
8054
7926
7102
5787
5904
4819
5561
4659
4754
6845
7577
4097
5225
5878
6158
6299
6608
7840
6303
6833
6352
6378
8023
6957
7312
4785
5001
7463
5573
5453
5673
5500
4097
5096
6379
7651
5581
5593
4097
6003
5957
5260
4942
4097
7018
5960
6680
8190
8190
5715
7238
8190
4779
7126
4886
7099
8190
6279
5450
6973
7228
5618
4525
6223
4097
4129
6190
4558
7647
6924
6972
6134
4207
6172
7654
4895
5223
7406
5754
7068
7525
6913
6947
5782
7391
5631
6045
6929
5185
8190
5887
7901
7602
5909
4097
5486
6592
7315
4097
5808
8190
6255
7460
8190
6088
4685
6031
6584
5602
5350
8190
5716
6271
6688
5664
4097
5569
6647
5243
4403
7287
7302
7007
6044
8099
7625
6136
4998
5175
5502
5510
6388
6956
7473
4449
7266
4857
6558
4133
6665
5257
6681
8008
4750
4943
5876
6888
6170
6857
5450
6715
4842
5710
8190
7677
4097
6715
5037
6231
6456
7382
4801
5969
4903
4994
4097
6378
5016
7711
5677
7480
6504
7001
6063
5679
4922
5309
5369
7337
6089
7137
6996
4927
6350
6455
5738
7234
4815
6342
5598
4097
7602
5785
7839
6410
6176
4712
7892
6657
7287
5257
5000
8159
5981
6420
4100
4097
5948
4444
5519
5505
4460
6793
4801
7319
5698
7506
7866
5650
6746
7788
7166
6409
6805
4097
6224
8190
4692
6398
7236
4097
6668
4672
8077
6605
4097
4097
6222
4098
5851
7203
5622
6250
5623
5711
4564
8190
4097
6843
7096
7085
7630
4653
6562
5614
5652
7059
4117
5324
6310
6972
6151
5800
4361
7154
12143
1503
1255
3071
8386
9164
9833
11377
7769
5547
1990
2693
7344
5721
9045
1108
9651
8585
9507
7216
4057
7926
4335
6107
6747
10579
5271
5958
9756
13890
5481
13508
2025
3069
10954
6837
2527
12734
1073
14108
2148
6761
11681
2384
1614
4051
10619
11129
4271
4785
3217
2853
3991
7588
6496
14002
3859
2432
14154
11868
10860
3565
5011
13339
7207
14232
14271
8131
7017
13368
2421
409
8883
13891
7755
7958
5648
955
8176
2463
13453
2550
11309
9156
7719
11005
8319
7706
13272
13023
3661
1528
1646
3517
12272
785
8766
9254
4092
4559
1488
893
1717
10750
5275
6624
1848
10805
12931
13871
4521
12736
13183
9010
11634
2942
13838
475
2666
5289
4736
13529
1159
14246
10381
194
12930
8380
8803
5232
11062
4259
9653
8895
3383
2153
11804
3364
6634
898
13171
1886
113
1404
12283
3296
8239
3686
4843
3160
9901
5015
13877
12509
4437
11816
9896
1006
10708
11725
290
11944
1704
9869
6154
7119
9067
11022
3279
1481
6555
1467
2610
9464
161
5495
7121
5968
13663
14483
13651
12430
15168
14489
12870
13268
14394
14385
14761
14564
16382
12289
13895
14042
14806
16382
14789
15080
12861
12289
13736
16382
12486
14388
15340
13632
12289
15101
14149
15747
15555
14153
12781
12289
12289
13439
14487
15292
15158
14310
13937
16382
15128
14150
12289
12289
16113
12593
13022
13446
15091
16083
16382
15022
16326
16205
15396
14639
14290
13358
14042
16094
12652
15337
15195
15236
13630
15630
15604
14815
13710
15107
12518
14723
14113
15629
14467
16382
14478
14085
13683
15315
15584
16382
12289
14741
13923
14162
14707
13674
15030
14032
12752
13972
13902
13557
12289
12610
16382
16102
12589
16313
12289
15139
15459
14425
14008
12289
12628
13937
13708
13015
14719
16382
15210
12289
14698
13064
12657
13682
15977
13317
15042
12542
13557
13717
13867
14327
15500
12314
16382
12289
13920
14479
13595
15969
14456
15250
15060
15812
12699
16382
15320
16179
16382
13140
16382
12601
16189
15476
14398
12289
16382
15857
15647
16382
14053
12289
15027
14859
15164
14169
14429
13489
14084
15066
15321
13602
14910
13282
14185
13374
14495
12663
13424
13839
12289
14189
12507
16382
14041
13562
15662
15054
15597
13002
13718
14352
13766
13931
12714
12934
15614
15521
13158
13667
14713
13636
13403
15792
12455
13742
16136
12289
13682
15888
14912
14153
16382
13261
14286
14413
12289
14446
14574
15584
12289
13004
15898
16280
12494
14776
14539
12289
15054
12849
14888
13461
16382
12289
13220
13817
13562
13481
16382
14156
13145
13942
13584
14135
12289
14010
14338
16341
13689
16013
13376
15819
14745
16382
14983
14689
14738
12289
13088
13074
13071
13775
14857
15839
13274
16382
14639
13650
12289
12289
16323
16021
16382
13265
15496
13743
16382
12395
16238
13021
16216
13649
13199
15205
13648
16270
13132
13133
13245
13480
14976
16382
16382
14489
13874
12289
14261
14091
13033
15780
15525
14944
14355
12782
14011
12289
15134
15240
14720
14444
15588
14099
12289
14052
16382
12295
14973
13341
12319
12289
16062
12990
13472
14783
14767
13522
13469
12331
13337
14510
14195
14485
14841
13302
15006
13780
14664
14314
13913
12289
14245
15637
12864
16382
14623
12621
13350
13466
15020
14068
12289
13439
15140
12648
12514
13490
12766
14688
14562
12785
14030
16382
13401
14438
12721
15603
15004
16382
14374
13314
14203
14328
14664
13012
13512
16382
12945
12289
14765
14955
13250
13191
12560
16382
13919
13759
14633
12732
15619
14135
12289
15845
15365
13993
13965
14267
15333
15284
14093
14277
14865
13591
14304
12928
13857
15708
13682
14548
15655
14956
12697
14812
15277
14684
14668
16382
14527
15199
13794
16209
13477
13744
15304
14873
12704
15615
14652
15793
16378
12742
14853
13426
16316
13570
14538
15263
13197
14989
14681
12839
13902
14896
14182
13741
13919
14246
13452
15634
16382
12289
12866
14698
16382
13916
13279
15630
13244
15219
14590
13630
14439
12922
15020
14977
13974
16150
14501
13173
13971
14106
13358
14421
12301
15243
14387
13084
13901
13261
15465
13097
14139
16382
13671
13991
13967
12289
13269
15350
15435
14049
14591
15065
13447
14769
13068
15517
12289
15738
13065
15529
13703
12289
12289
15191
14256
12289
16382
14171
13109
15688
12289
15296
14918
13469
13887
15247
14859
15081
14125
13718
13189
15522
14803
13727
15781
14778
13851
16220
14274
16052
15683
12289
14831
16382
16382
12972
13632
14073
16006
13667
14604
16382
14876
13579
15444
16382
15357
14499
15417
13835
16082
12289
16363
15403
15171
12289
15235
15050
13894
12646
13722
13894
13016
13210
13806
14708
13591
16382
16382
16099
15207
14102
15837
14224
14278
15229
14103
16276
14282
12311
15000
14395
14044
13680
14052
12326
12289
12289
14467
14164
15963
13289
13362
12856
13885
14465
13704
16068
13457
12397
14732
14478
15490
12527
12666
14396
14725
14894
14519
15971
16382
14517
15485
15399
14884
15654
14821
13635
14175
12396
13793
14312
13725
14801
13282
14661
12289
13900
16382
13320
13607
15061
12289
14916
16382
14920
12426
15296
16382
14399
14913
13257
14454
14877
15296
16382
13350
14774
13581
14015
14835
16149
15615
14494
12993
13776
12289
13989
13535
15147
13740
14013
12841
12552
15320
13507
14398
12903
14071
14880
12289
12838
13294
16047
14421
14803
14686
15499
13642
13360
16382
14526
13435
14425
13780
16382
13242
12401
14829
16000
14236
13609
16382
13744
14603
16382
13437
15515
12289
15350
13950
15702
14136
14947
12312
14826
13159
13555
12289
14494
14673
16382
14006
15439
12289
14034
12524
14056
12289
15477
16382
14168
14342
14137
14827
14685
16284
15496
14451
16307
15881
15379
15192
14038
14470
14942
14224
12820
14242
15872
14295
14849
13721
12289
14418
13780
15922
14337
12933
13816
13951
13959
16382
15408
12791
16382
12316
15967
14676
13119
12289
14328
16175
16382
14786
14803
13834
16382
13273
14099
15516
5246
5462
4056
3792
2977
1777
6054
5634
696
971
4758
2706
5475
4668
2023
1865
1218
4985
5132
704
3711
3408
539
5187
966
3581
3890
4189
3129
5576
5039
2092
4185
3906
720
5339
1144
1567
5026
1867
178
1747
5005
2865
4591
1089
3548
5595
131
2403
3205
3977
1387
2198
4563
2586
5662
6007
5834
1553
2260
1813
2080
49
3086
6124
1723
671
4451
4102
121
5624
4337
24
1090
5849
4138
726
4261
835
4308
6096
973
2804
2752
6017
5945
7229
5216
6457
8190
4808
5512
5782
7042
8190
6408
4327
6408
7868
5027
4834
5409
5732
7256
4097
6443
6539
4306
7198
4097
6628
7879
6551
6404
5652
4551
5940
4097
6542
4097
6903
7058
5602
5524
6800
6457
7023
4578
6582
8190
5325
5243
6806
6219
5949
5710
6245
4760
7967
6253
8190
6447
8153
4097
7602
5866
6034
6036
6988
6467
4225
6813
8190
4096
7295
4501
5731
5435
5660
5716
7997
8020
7718
5570
5516
6750
5408
8190
5643
8190
6218
7102
4415
4701
8190
5331
4097
6733
7875
5062
7703
6052
5020
4824
4417
6437
6021
6672
8190
5266
6988
6477
5386
6305
5371
8190
5615
8190
5717
5860
4148
7860
6711
6613
4103
6849
5266
7635
4782
6271
6317
6903
4985
5498
6284
4097
4400
6427
6191
6853
4964
6082
6323
4638
4097
7836
6620
6494
5460
5665
7508
6913
4097
5528
6372
7904
7822
5798
5933
6298
6629
4687
4097
6154
5993
7308
8190
7619
4485
7266
6409
5910
7537
6632
6297
6227
4535
6671
6794
7596
7148
6837
5408
5144
7034
4097
5366
4289
7244
6319
7450
4097
4987
6189
8100
4097
4661
4701
5295
4947
7410
4097
6283
6296
7100
6190
4283
5606
6802
5476
6687
7776
5825
7492
8190
7176
6639
8190
4984
7182
6450
7940
8190
5433
4097
6175
8190
6704
5321
8190
4837
5368
6400
7810
6178
5209
4372
6902
6808
5666
8190
5929
4762
4097
4840
5589
8190
6527
6926
5654
8190
4997
6742
7084
4420
6245
7150
8190
7612
6109
6980
7062
6255
5631
6946
5420
4311
7614
5630
6608
5178
4494
6698
7305
6143
4302
4369
5639
6851
7831
4097
5572
5431
5158
4097
7129
5877
7689
5849
4391
6521
6343
8164
5671
5992
6214
6681
6911
6536
5664
5815
5501
6487
6720
6060
6463
6802
4863
6165
7190
6031
6142
5232
5324
4097
5961
4101
7449
5799
7528
7586
7884
6821
4097
8190
6123
6349
6419
5671
6138
8190
8190
6790
5659
6035
7286
5712
4699
4249
4315
4606
4097
5469
5571
4527
6112
7233
6204
4327
5830
5379
5713
4843
5007
8190
5560
7018
5795
6942
6574
6886
5835
5167
4097
7351
4733
7228
6118
6300
6437
8190
6699
6984
6222
6502
8126
7816
5750
5992
4615
6440
4248
5201
6479
6424
6659
5054
5517
8190
5221
6536
4097
6290
4709
5672
6362
4097
6077
5038
7797
4201
7391
4737
5153
7394
4752
6685
6686
6760
5533
7596
5766
6091
7601
6312
5851
4346
5341
8190
7578
7409
6822
4097
5201
6269
5414
7595
5007
6136
5129
6146
4258
6828
6005
8190
6348
5510
5049
6389
7370
5317
8190
6775
6378
4440
6342
7605
8146
6585
8190
6600
6164
6680
8190
8190
8190
7164
6003
7659
5834
8190
5501
7300
4654
5797
5212
5597
5914
7833
4507
6168
4097
5287
6131
4700
6566
6586
6403
6730
7598
6913
5201
7769
6792
4191
5878
5421
6205
6044
5543
5979
6687
5609
6135
5359
6502
7284
5130
6155
7466
7927
7249
4097
6316
4355
6583
4853
7032
4097
4702
6230
6983
5948
6163
4980
5670
5954
4097
5488
6685
6377
5229
6112
6236
5485
7343
6598
7077
6984
7710
6891
4864
7222
5568
6175
7233
7861
8190
4165
6484
4707
4097
6153
5870
4417
4957
4221
7174
6163
6045
5181
5619
5707
5594
7591
6428
7851
8190
4097
5884
6272
6848
7788
6871
5311
6064
8190
4896
4500
4634
4786
5736
4257
5507
5021
5895
6787
4994
6496
6227
6420
7322
5886
4283
7085
7501
4955
5153
6337
7123
6907
5543
7580
6691
5951
7648
6174
6830
5298
7655
8190
6816
4299
5008
4958
4097
6050
6135
5035
5110
5587
5173
7898
6673
5923
4097
5550
5286
4097
4097
5976
4860
6037
6927
7930
7199
5453
6177
6155
6668
7087
6571
5171
6792
8190
8097
5108
7098
4737
8020
4155
7584
4097
5339
5364
7696
6724
4951
6530
7251
4323
4097
6797
5092
4524
5086
5500
7045
6902
4863
4329
7689
6861
5829
5287
4580
7466
7229
6323
5868
7423
6127
4725
7827
5997
8190
5191
5686
6244
4097
5424
4735
4346
4417
6217
6631
5450
6978
6837
5768
4339
6454
6182
6102
4097
5840
6618
5535
5512
7071
6490
7280
6995
4976
7570
7134
5229
6189
5345
5362
8190
6864
5231
5758
5688
4868
6413
5940
4330
4097
4943
5402
6405
8190
6209
4097
4770
5165
5716
4213
5488
5543
6068
6309
4832
5964
4783
7896
5931
7883
6874
8038
8190
6778
7434
6475
5924
5831
6133
4418
6725
5470
5761
4097
8172
5036
4097
5650
4097
7039
4276
6491
6643
7086
6931
6940
4418
4097
6551
5339
8036
4513
5526
4986
7396
4952
5844
5765
4294
5463
5249
6828
4097
6600
6696
6256
5023
5015
5285
7157
7308
6457
8190
4241
7547
8190
8190
5920
5816
5605
4940
5036
4894
7375
7965
6963
6737
8051
7638
8190
4368
5409
5380
5077
8128
8190
4319
6047
4884
4782
6930
5943
6127
7826
8190
4140
4214
6575
5076
6021
4519
6876
5605
5731
5536
7400
4097
7325
8190
6045
5383
8190
6880
6147
5265
6567
5234
6811
8190
6233
6303
5167
6015
7688
5607
7857
5275
6481
4792
6956
7883
6205
4097
4099
4970
7678
5629
6479
6747
5594
6231
5884
5045
5866
5005
4759
4876
6823
4674
6848
5954
7896
4938
5273
7469
4445
6737
4734
6679
8127
5508
6443
7199
7810
7098
4830
7420
6115
8190
4097
5558
7765
6946
6678
4953
6169
7033
8190
5764
5684
6625
7199
4858
4471
4097
6887
5755
6811
4097
7483
5428
4869
6231
6985
5161
6005
4097
8047
6334
5666
6660
4097
6667
5254
6590
6719
4697
5335
4920
7352
5870
5428
7580
6102
6166
5776
5962
5908
7341
5699
6739
6659
6156
6585
6033
5833
7602
7385
4097
5499
6959
6878
4097
7628
6666
6466
5774
6287
6334
7552
6697
7068
6424
8190
5127
4097
7301
4188
7618
6564
4437
6867
5355
6875
6561
6081
7290
5104
6954
5688
7159
6234
6134
5138
5762
7482
5651
6272
7353
4823
7457
6618
4233
6250
5257
4910
6764
5249
5870
5640
7373
7059
7397
4825
6259
7298
7662
4097
4161
5894
8113
7580
8190
5334
5916
6207
7309
8190
6484
4581
6308
8190
5455
6698
5264
4325
6329
6016
6668
4778
5371
6916
6714
7538
7853
4641
6654
5656
6203
5777
4097
6708
6091
5206
6665
7313
5573
4097
6792
8190
6066
5222
6301
4914
6265
7828
4237
4361
8190
7620
5792
5484
4097
6982
6375
6047
6044
4878
4529
6513
5374
4934
7278
6179
5150
5066
8190
4097
6754
4097
7271
5353
7065
7111
6073
5082
5359
6064
8190
6715
4750
7259
5446
6861
5574
4822
4097
4673
8003
4414
6159
4097
7411
7261
7296
4388
4097
7937
6347
4262
7581
6419
4097
6612
7610
6225
4594
5022
8190
7048
8190
6146
7036
5395
6594
5706
8190
5608
7828
5745
4146
5848
4097
4302
7179
6690
5316
4097
5590
6438
6738
5359
4122
8190
4115
4097
8190
6038
6052
4533
6512
4097
8190
7732
8055
6959
7027
5479
6402
6906
8190
5460
6770
6084
8190
5968
5590
4097
5772
6280
4097
4232
6846
5682
5743
6468
7959
7155
7090
8190
7107
6257
5651
4620
5869
5666
6783
7083
5952
5820
7372
8122
6650
8190
5630
7769
6806
6088
8173
4097
6040
5024
8190
6397
5173
4097
4691
8143
6037
8190
6151
4097
7821
6884
6425
4887
7025
6026
4097
4455
7179
4097
6100
4296
6308
6520
6745
5421
8190
5626
5963
4761
4547
5089
7880
8190
6170
8186
5977
6748
4097
5593
5860
7404
4525
7945
6996
8190
4097
4731
6061
5594
6019
6018
8190
5988
6578
4854
6310
6423
6635
6688
7306
5300
5456
7553
5577
5090
7323
5746
7754
5492
5594
7821
6277
5302
6820
5148
8190
6951
4097
8102
7792
4097
8093
6570
5102
6537
8111
7611
5419
6608
4103
6167
7387
5538
7200
5614
5485
5746
5232
7072
4970
5921
4604
5436
7100
5629
8190
7825
8190
6010
6036
7825
6880
6538
8190
5146
7301
6423
7056
5676
7837
7430
8093
6072
5682
6181
5571
7909
4097
6572
4097
7413
7929
7197
5035
4379
5996
5731
6063
6294
7047
6426
7875
5797
6316
7599
7253
5530
6572
6556
7644
7680
7327
5823
7655
5205
6288
5302
8190
5041
7175
5540
6865
6903
6796
6808
6029
6694
6770
7171
5765
5477
6425
6653
8190
6222
7940
5890
5968
4892
5302
5790
5352
4097
5678
6297
7330
5269
5246
5983
4295
5498
4837
7186
6558
6813
6154
5902
6302
4717
4880
7398
5005
4842
5740
6909
7561
5465
5178
5495
6264
7075
6584
5669
7686
5778
6895
4655
8183
6528
6178
6974
5016
7189
5176
5114
8190
4097
6412
5382
7749
5174
7019
5065
7311
5788
5057
5127
8162
4870
6706
6447
7382
4614
8190
5029
5763
6777
5209
6964
6464
5792
6230
8190
6849
5580
7377
5668
4784
5516
4267
6972
6407
5949
7615
5572
6107
4649
4671
5971
4647
5108
7376
6530
5301
4275
5555
4914
6650
5190
8190
5186
5530
5390
6704
6715
4321
8190
7163
6313
7927
5617
7447
5359
4097
6605
6307
4931
8190
5982
5911
6784
8190
5271
5882
6214
5341
5640
5849
5133
5819
5665
5651
5923
7300
7201
7698
6927
6387
4588
5139
5448
6813
7184
5466
8032
4634
7331
7472
7357
4958
5446
7895
6547
6061
7500
4532
5431
4097
4465
7807
4877
5243
6651
5649
7074
6768
6232
6075
6102
8190
7068
6793
6985
8190
5727
6821
6932
6150
6322
6318
4665
6357
4433
6193
6414
7315
7902
6956
4845
5405
7625
7061
5012
5391
7547
8049
5641
6457
7218
6884
8190
4097
6264
8190
6977
5186
8190
8190
6590
5276
7061
7139
8091
6340
4964
6331
6274
6716
6129
5754
4953
5020
5525
6325
5109
6825
5856
7175
4126
8045
5920
5092
4887
6470
4097
5786
6487
6667
8190
7564
7922
5724
5845
6294
4097
6809
4097
8187
4213
7314
5914
6783
5365
4766
7946
6445
6543
7893
6817
6979
6911
6496
4847
5526
4547
7696
5717
5530
5985
6801
8190
4599
6524
4737
4668
5702
7649
4097
6748
7212
4097
7797
8190
5765
5341
8190
8190
5319
5827
5860
4652
4722
8046
5351
5731
5668
4932
5506
7844
6553
5652
7126
7283
6890
5592
5792
7208
7319
4846
5774
5564
8190
7328
6986
4209
4097
7593
5039
7875
5146
5267
6496
5855
6870
5243
7038
4897
6338
7184
5644
6006
5243
5333
7644
8164
5594
6533
6231
6001
7366
4097
4097
4097
5752
6364
6894
6872
8190
4455
8190
6241
7980
5797
4409
5269
7013
8190
7080
5522
5422
4440
4429
5708
6553
7719
5721
6593
5095
5780
5855
6301
5929
4938
8190
4146
5392
6457
7321
6589
6900
6119
6493
5194
4468
4097
5528
7523
5344
7875
4405
8067
6481
6616
4614
7215
5597
4632
7536
6058
6250
6321
5523
6313
6665
5419
5880
7264
6517
4491
7817
7130
5184
7044
7135
5047
7741
7139
4122
4474
5707
6816
4097
6582
5469
5814
4097
6767
6789
7824
7264
7939
6099
8190
6218
7234
7809
8190
7808
7666
7874
5431
6428
6656
6379
7148
6149
6791
4363
4097
4470
4097
5051
5307
6277
7341
5172
5634
6337
7114
6025
6578
6451
7287
7836
8056
5579
7157
5306
8190
6528
4097
6255
4862
7415
6305
5708
7517
5979
5885
8039
6780
6117
7773
7067
5547
4710
4097
6649
7111
6188
8190
7925
8190
5371
8190
8157
7321
4774
5894
5373
6518
6665
8190
6442
5367
5997
7223
5918
4499
5500
4124
8021
7226
7845
6015
6342
5243
7955
7421
6216
5855
7610
6199
7892
6706
5024
8183
4938
4903
7235
6507
5009
5260
8190
4738
5694
5409
6089
7671
5374
6289
4868
5681
6069
4934
6990
7568
8080
5651
4870
6369
6139
6319
7640
8190
7741
6546
6119
4097
6411
6694
5972
4881
6717
8105
7395
8056
5388
8190
6431
8190
6611
6295
5952
6080
5718
6712
8190
8190
4097
6855
6033
5863
4097
6496
7102
7454
4966
7343
4364
6924
5596
6678
7593
4097
6324
5641
5732
5022
4097
4921
6751
7730
7385
4651
6992
4520
5234
4097
6426
8190
5092
5221
7280
5291
7054
5938
7982
7108
5647
4097
6521
6784
5724
4197
5519
5925
5316
6922
8065
6034
7029
5859
7594
4748
4625
6034
4549
5016
4784
4097
8190
8190
8190
4479
5797
6265
4097
6981
7658
6946
5763
4097
5274
7216
6705
5557
5423
7466
7428
5423
5137
5228
6968
6789
6311
6282
7309
6855
6303
4097
7615
4682
5219
5797
4928
4097
5369
7401
4097
8190
5585
6040
6054
6598
6496
6253
7446
6451
6198
5499
7184
7896
6118
6894
4844
4464
6593
4513
6521
7644
7150
5783
4455
6415
7122
5640
4120
4945
4817
8190
8190
6512
6197
7587
5399
5854
6779
6892
5763
6435
5320
6215
6747
5908
6722
5430
5868
7042
6138
4626
6608
6386
5924
5097
4290
5980
7358
5905
8190
7615
6682
6003
6285
6019
5140
5019
5479
4202
6816
7185
4759
4643
6328
5934
7333
5813
7342
5948
4695
8190
6982
5394
6787
4247
6640
5379
5308
5445
8190
6733
5999
7121
8137
6538
8190
5125
6772
5527
8190
6538
4097
6982
6260
6075
5922
5436
5152
5010
7914
5808
5169
6842
5344
8190
4097
4580
7419
4467
4848
7483
7460
6960
5795
6745
4951
5430
6426
6349
5488
5757
8190
4369
6902
8190
6109
5405
4960
5128
6648
4097
4954
5505
7160
7069
7890
5612
5062
5556
6734
6036
4140
5969
7592
6175
4097
4735
5812
7059
5432
5996
4097
5505
8190
6288
5613
5485
4698
7228
5919
6867
6185
6178
5009
4596
6362
4097
4876
6478
6941
4610
6371
4873
5482
5890
8190
6110
5189
6502
8190
4097
7274
8190
6309
5310
4511
7475
5259
4097
4800
5879
8190
7402
4942
7762
5460
4097
5881
4097
4829
6841
7366
5056
4623
7124
5487
5179
7810
7729
5935
4850
4603
4097
4097
8190
5260
5190
6808
4388
5752
7969
5446
6797
8145
4945
6549
5607
5651
4137
8190
6367
6706
4439
5437
4240
6059
5968
6029
6233
5558
5217
5265
5575
7119
4097
6720
5722
4375
6851
6825
8190
6996
4544
4438
6542
8153
8062
6027
4603
7453
6592
5605
4986
5671
4383
7047
5988
6090
5454
8086
7128
5950
7607
7350
6558
5969
4097
7789
4577
6784
5294
7202
7031
8190
6516
4643
5556
6102
6775
4515
5933
5393
4097
8190
6425
6502
4097
4355
6066
6352
7014
6378
8190
5076
6289
6454
4526
7188
4097
4463
6158
5712
5968
6904
7393
5222
5866
6183
7816
6080
6939
6288
5319
4992
7555
7214
4097
6147
6833
6983
6143
7489
7200
7425
6479
6733
4253
4855
5147
5220
5662
4097
4958
6235
6906
6322
7573
6823
4894
6567
5043
6473
7242
7270
6609
6697
7644
7465
5563
6685
8115
5139
6201
4605
8190
5500
8173
7142
5075
7308
6638
7265
5277
4220
6430
5000
7763
7218
5075
5920
6988
6888
6227
6912
7718
7866
4097
6386
7590
7545
8137
6776
6377
7019
6217
4428
6308
6415
7170
6819
6759
4363
7403
4775
7123
4799
7472
6096
7829
7009
4097
6088
5410
6881
8190
6965
5695
6530
7243
4097
7286
7495
4342
4487
4980
6457
8190
8190
7296
4119
6622
4560
7844
7116
7491
6606
7502
5148
6827
7276
4097
4920
6277
6959
7020
4097
6179
6757
7899
8190
6672
4097
6025
6117
4186
6377
8190
5650
5132
7382
6517
7320
4746
6028
5291
6025
5822
5848
6615
6738
7055
5813
6521
4857
5414
6566
6028
5421
5365
7525
6646
7149
5029
4097
4430
7100
6806
6982
6744
7104
7798
4097
5598
5894
6984
6523
4941
7059
7145
7618
4617
6589
5442
6165
5552
5935
7317
6857
4097
7125
5190
5578
4097
7352
5655
7006
7009
5054
5145
4875
6086
6940
7960
4674
6657
4097
5820
5201
5566
7117
5147
7044
6163
5542
5264
6622
5929
7180
6700
5029
5248
6681
5486
6504
5929
8190
8190
7376
4097
6003
6350
8073
5193
6125
5897
7004
5787
8187
5748
4910
4097
7469
6327
4156
5177
7263
6031
7545
6435
5090
7636
6168
8021
6984
6998
4974
4882
7287
7076
5260
6876
4097
6509
5885
7705
4201
5679
6739
7656
6708
7481
6879
4936
8190
5190
6175
7250
6507
5675
5073
6436
6573
4097
6550
5372
5063
6031
6123
7617
4097
6142
4985
6566
4730
8033
6287
7186
6585
6581
7639
8190
6798
4097
5163
4097
6084
6743
4097
7210
6824
5168
5737
5952
5496
7169
7799
4097
6848
5827
6372
5856
7832
5896
5927
5057
6856
6021
4504
7380
8190
7107
7778
5159
8190
7854
6827
6941
4097
5835
6747
6964
5584
6477
6700
6418
4097
6616
7905
7849
4097
4097
7781
5007
7382
5845
7716
6863
6504
5894
4097
4241
5996
4915
4991
6169
7837
5317
6444
4097
5167
7319
7056
7584
7239
8190
7144
8190
4097
6289
6218
5835
6067
4182
6661
4424
6443
6057
6451
8190
7754
5527
4901
6393
6430
7057
5475
4097
4793
4714
6285
5365
5670
8190
5585
4411
6107
4453
5386
4738
8190
6423
8190
5146
6035
6370
4334
6064
4537
4097
7363
5637
5982
7055
6267
4375
5359
5612
6852
4934
7599
5256
4097
5608
5694
7186
6192
5152
4506
6942
7831
6996
5269
6488
8008
6879
5117
5556
6852
5950
6427
6217
7998
7486
4870
6858
5681
5728
7230
4937
5002
7135
4504
4267
5591
6195
4097
4715
8190
7155
6199
8190
6782
7314
6432
4097
6125
5071
5979
5064
8108
7155
6740
7136
4097
8190
5119
5571
5737
4848
7770
5625
6603
4097
4097
5957
4905
7468
5002
6150
4661
4097
8190
4455
4097
5028
4526
5816
7551
8190
7369
5938
7447
6207
6784
6204
6097
6585
7242
7833
7601
6159
8190
5348
7252
4097
7816
5609
7771
5755
6586
6399
8190
6725
4097
4097
8184
5696
6827
6117
4121
5624
4097
4815
7386
4097
7073
6415
6547
5799
4097
4097
5079
5629
4988
4996
5897
4684
6352
4097
7033
6921
4969
5868
6452
4672
7317
5366
6079
8190
7514
6747
7277
4361
6195
6132
4097
6857
5075
4654
5531
8190
8190
4714
6275
7206
7439
5597
5962
5745
6638
4353
6092
6553
5728
7437
5844
8038
4975
4119
5973
8190
6320
5485
4811
6106
7628
6290
6573
8052
5929
8112
5351
6834
4097
5831
7328
7276
4622
7639
5526
4305
4959
8099
6111
5758
6300
7403
8190
8190
4097
4097
5445
8190
5342
4530
5321
7262
5732
4097
6369
8190
4097
6044
5831
6463
4097
4783
6786
6225
8190
8190
5206
6141
7824
5388
5683
8190
7343
6044
7298
5926
7134
5587
8190
6254
4737
5661
6158
7252
6510
7708
5409
7303
6819
4705
6516
7142
5517
6088
5091
5747
5227
6089
6256
5241
7612
6055
5618
7070
7247
5933
7462
6508
8146
7162
6036
6508
5579
7342
6568
5046
6182
6106
6389
8190
7283
5583
5378
8190
6418
6338
4097
5214
4937
4097
5667
5545
6134
6644
7680
5104
4612
5965
5737
6795
7725
4320
4287
8190
6538
5567
5139
4823
5089
6163
4631
7548
6737
8190
5954
7659
6196
5394
6092
7437
4097
5871
4097
8146
5780
7357
5695
4551
4664
6582
7520
5030
6765
5411
6037
4911
4108
4919
4849
8190
5247
5855
4274
5412
6098
4918
4594
4661
5698
6973
5893
5074
7665
4097
4549
4730
4152
6112
7785
5766
4866
7683
6222
5555
5771
6407
5863
4595
6405
4595
7077
6982
8190
4149
5395
6015
7865
4394
6455
6927
6377
6877
5153
4097
6127
4135
6788
5820
6744
7071
7579
5070
6409
7670
5044
8190
5476
7901
6088
6168
7098
7277
5397
6991
5830
6368
4097
6879
5984
6234
5706
8190
4195
4783
7392
6993
5331
5671
6546
5659
4097
6409
6562
6590
6264
6975
6185
5472
4862
6159
5355
6759
5993
4142
6261
6087
7339
4669
4097
6219
6319
4097
4846
8190
6754
6393
6628
6325
5071
5540
7381
5437
5447
6795
7759
5969
6207
7482
5677
8062
6430
5552
6463
6065
8190
4097
5401
6377
6401
5080
4725
5639
5392
5392
6951
6577
6177
5806
5464
5063
7434
4972
4097
8190
7266
5059
5006
7532
4667
5313
6075
6514
4983
6603
6117
7486
6505
4097
6755
5937
7109
4097
5606
8190
6020
7290
6478
7134
4238
4108
5664
17135
515
17389
6963
8096
7936
5004
17578
4784
15629
16394
8684
17256
21206
18587
2595
18458
8182
729
14610
10324
17031
10770
8662
13366
18429
8400
6560
8951
16630
7088
1676
17036
20433
6674
2031
13352
2776
866
9820
14137
9872
13303
19687
18880
14996
10556
10228
10588
1883
22014
16366
11074
10000
2389
16258
18980
4529
19520
9513
22205
7311
1547
6027
4527
10615
12406
15025
3580
20603
15166
1792
9402
1911
19002
21247
9658
14063
13699
12638
919
19069
17324
22453
5813
417
9871
2115
13832
375
9326
1231
11303
5442
8380
7392
7083
16531
14591
20767
11252
495
2759
17092
18706
20967
18288
4678
17250
21206
14515
8886
15710
12523
2637
19786
1528
7846
4590
14083
14122
11215
6108
20997
7594
7142
5811
20937
13414
7666
7189
4552
12592
1507
17770
19757
22309
13864
20141
15586
15603
4931
20804
4955
10542
15756
4786
13645
13177
2639
3214
20179
4283
4426
12471
2613
11666
21271
19269
14375
13122
19302
20652
11783
19947
6831
5626
15341
692
2739
18999
17787
1956
9584
20247
1494
8161
10078
13317
11610
12755
3605
19776
4418
22001
128
13595
15231
16868
2630
9578
19940
14982
19091
14302
17703
12593
13223
14921
20031
127
10331
21204
20985
9608
22217
2508
15923
9047
7909
11611
2066
7552
6527
20550
13789
9097
19782
21007
1924
4216
11268
14523
2504
10339
11545
3077
10347
2492
15841
14611
9753
10118
10163
22280
18586
13773
12093
14058
10918
3826
12840
11834
16052
17570
2688
1832
3380
14215
14970
2881
12535
8686
4257
21152
13428
17181
224
12085
19834
2294
8804
13583
5249
8496
15942
7104
4396
20698
6781
19188
21788
10563
3317
10859
14507
14863
10581
7588
19337
14250
18565
13052
8001
13826
20979
15618
6312
7075
17382
18348
13973
16668
5286
1075
10355
6925
1816
3304
13813
19385
9531
21975
11731
20329
19129
1878
20956
21749
5500
16336
7094
4555
4459
13606
218
17099
5498
732
10234
11058
4087
21478
9140
5067
15115
5439
2192
21838
8220
15333
9720
22232
1169
4289
12666
7686
8581
5
6159
18572
2266
3580
1499
6073
11014
2904
21782
22022
9748
20128
6487
15631
18751
12221
4990
11764
9297
5168
20840
14423
7928
11868
1355
2840
6540
16833
3504
3362
5746
21454
21692
24306
21916
20523
23494
23744
23648
22653
22705
24574
22949
22923
22693
21868
22255
21713
21152
22059
23329
22031
24364
20694
23440
22724
24126
23345
21667
20481
22450
21307
24574
22467
23756
23435
21536
23940
23176
21998
22936
22166
22044
23065
21364
21668
23946
23035
20481
22456
23433
22112
23253
24574
20852
23330
22884
23206
24196
22754
21151
21384
23024
21245
20661
20508
24003
22324
23310
24082
21991
22666
23483
22280
22369
21834
22766
24574
21384
22782
23075
23219
23918
23360
22653
20481
21806
24574
24574
23750
22239
23207
21253
22139
21574
23050
20481
20481
22952
22605
24574
23288
22834
21089
23743
23303
21036
23086
22602
21835
22381
21837
24574
22584
23249
23545
20481
20481
23687
22792
21309
23094
21286
24045
24322
24574
23006
22954
21451
21900
20497
22724
23816
22978
22712
23996
22809
23914
21997
21677
22956
20481
23198
24153
24039
24352
20671
21264
23386
22895
20481
23302
22594
23775
23062
21295
22859
21810
21559
21134
24574
21243
21829
22215
21244
20833
23265
21869
20481
22405
22926
21673
23488
24415
21888
24574
22182
20836
20481
21264
22395
21338
22338
24483
23074
23779
22491
22330
21662
22778
24117
22397
20768
24574
22112
22621
20481
22608
22454
22487
20784
23826
24574
22283
24241
22269
23269
24574
23888
23913
21992
21541
22681
23510
24574
22842
22348
22124
24226
23558
21017
21879
21882
20481
23068
22660
21797
24574
20481
21942
24568
22795
21942
24574
22141
23506
23685
20481
22770
20481
22360
22913
21176
21657
21677
21638
24053
23995
22256
23616
22159
21326
20821
22495
22717
20481
23333
23385
23301
21315
23094
22378
24574
24559
23568
23508
22377
23293
22919
22949
22399
22811
23475
21550
22464
24185
23013
20599
22732
21236
22095
24314
22152
20481
20558
21448
21043
24574
22960
20481
23247
23713
21513
24165
21057
22489
23016
21948
20481
23215
22488
21441
24444
20481
22660
23715
22398
21536
22840
23348
22159
22445
21887
22917
23689
21317
21470
21535
21707
24211
21216
23490
21819
24574
20481
22118
23416
24574
22641
20846
22710
21709
21658
20920
22042
24345
23411
23859
24574
21840
23256
24498
21799
20859
22587
20947
20481
22746
23357
24237
23842
23322
23652
23614
23658
20481
22524
20481
21531
22749
22009
23388
22011
22551
21793
21277
21198
20688
24110
23515
23931
20481
23327
23486
21555
21401
23542
21369
22646
21963
23730
23365
21516
22494
23086
20998
20481
22450
22865
21521
22615
22780
23526
21842
23910
21845
22948
23432
22648
24574
21770
22348
23667
20481
21769
21661
20481
24574
22638
23674
24574
22243
20481
23000
20792
24337
22170
23301
22713
23512
21532
22208
22427
22589
24175
22712
23122
22754
24574
20741
20874
22794
22560
23217
22859
23699
21462
21156
24574
24574
20582
23609
22009
21890
23815
21641
23989
22793
21862
21703
23688
24574
24459
24170
22741
21377
22569
24020
22267
22616
24199
23087
23351
23272
22705
20991
23847
22383
20902
21600
23548
24574
23476
24574
23246
24574
20627
23776
22779
24474
22600
22720
21613
24264
22824
22219
24574
23626
24574
21319
21286
20902
23709
23838
22823
24574
21238
23130
20481
21831
22535
22347
20481
21044
22142
21575
23014
22663
22660
24158
21884
21208
22883
24471
23031
23331
22032
20781
22894
21186
21758
23406
20976
21531
24574
22169
22716
23545
21172
21496
20521
23517
23597
21905
24288
22153
23949
22058
23209
22084
22458
21043
21518
22498
23479
24574
20481
22167
24574
20481
21122
23703
23585
22530
23287
20580
21306
24574
20607
21092
23143
23325
22882
23285
23467
21215
22880
22026
23679
20936
21623
23539
22346
24574
20481
23522
23419
21815
23858
21822
21831
20481
23313
20481
21658
20481
22867
21963
23713
24516
24561
22662
22881
23371
21050
21755
21865
23287
23731
23969
22437
24574
22261
23825
23677
21726
22109
22078
22288
23631
24574
22682
22409
23625
21609
21335
23687
21343
23634
22825
23764
23606
22422
23109
23754
21886
22920
22012
23115
24574
21579
22424
23188
21187
22784
23789
22340
22006
21115
22812
21336
22310
22610
24561
20993
20705
23497
22844
22681
23424
22284
21913
21828
23900
23921
22371
21449
23002
20481
22276
22344
20481
23686
24270
21347
21030
21951
22051
21788
22229
23426
23832
21747
24574
23530
24054
22455
23324
22123
23016
22599
23221
22810
21825
24045
22482
23518
23126
23410
21056
21771
21223
22789
23709
20666
21363
21587
22713
20864
22687
21798
24254
22974
20986
23636
23708
22020
21318
22799
24574
21885
21843
21896
23126
22015
23613
22241
22030
21716
20909
20481
20481
24503
20481
20620
22905
24217
23621
22863
24360
24574
23654
22700
24574
22204
22423
23166
20481
23471
21175
23763
21463
20924
20481
21874
20748
24574
22067
21594
21558
24501
23259
23095
21797
22548
23248
20481
22114
22685
22306
21580
23217
22364
22707
22317
23067
23221
22295
21621
21611
21465
22257
22838
23310
21684
23517
22740
21692
21349
21043
21411
22522
21899
21056
23914
20756
21930
22785
22193
24513
21600
23119
22215
21397
22558
22693
23053
24574
24574
21797
23293
21999
20904
22387
23038
23800
23748
21365
20481
20481
20481
23753
23201
23286
21286
22969
24574
24391
23179
23222
22877
23956
21596
22309
22689
21376
23288
20955
23859
23301
21634
22698
23299
20772
20481
20815
22233
20481
22203
22761
21316
24574
22690
22921
23118
21887
23297
23223
22751
23516
20481
22212
24105
21749
22902
22062
23645
21606
21178
23413
22096
22351
21532
24423
22511
22205
24264
21314
22143
24449
23744
24355
23847
23383
22603
24273
23386
22938
22536
20495
20667
22743
20481
23606
20532
24086
21803
24574
24574
23675
21568
22086
24051
24574
24574
20481
20833
23087
22169
20481
22839
23333
20705
20931
21662
22865
23108
20816
23859
23150
22613
22860
20481
22783
21778
22399
23217
24569
23705
22390
23469
24574
22161
24518
22869
24388
20885
20481
20914
22137
21696
22323
20756
21996
23404
23071
21704
24224
20906
24553
21180
20854
22971
20481
21921
20545
23605
24401
22517
23653
23535
23105
23295
20481
21792
22990
22512
23967
22860
21862
23232
22855
21020
20752
23493
23096
23303
22907
21789
23317
24065
21125
21634
24188
22016
22938
22906
22805
23595
22441
21786
22380
21052
23132
22787
22013
21791
23147
22330
22796
20481
21123
22514
22788
22922
22283
24574
23177
22045
20481
20897
21631
21220
22793
21493
21862
23706
22397
21555
22504
22557
22659
21530
24574
23934
22716
21329
22985
22615
22020
22257
21888
22175
22638
21691
23752
21757
21738
21500
21071
21652
21554
20697
22400
22058
21714
21141
23047
23379
21219
22115
24036
24574
23186
22589
23087
23096
22372
21054
21576
23541
22051
24574
22730
22495
22319
22487
24574
20993
20539
21462
24574
23229
22980
22736
23104
23853
23570
23379
21186
21822
22744
22094
23492
24574
22158
22982
24358
21491
22493
22142
24574
22571
22763
22114
20481
21910
22973
20580
21770
22060
23544
23658
20481
23070
23210
20481
20481
23708
24411
22450
22872
24574
24470
22299
23008
22430
22135
24070
22427
22797
21720
21482
22204
20975
22908
24154
21821
21117
23507
23438
21894
22193
22903
20481
21764
24120
23640
23338
20481
23610
23343
22083
21889
21172
23202
20481
22203
24270
23097
24574
23233
24574
24119
23721
24574
23463
22206
20481
22427
21851
21448
23036
22709
22099
21016
22754
22653
21629
21780
20481
21776
23245
24574
24574
22928
22795
24574
23373
22622
21546
22127
22125
22088
22975
21217
20481
22256
22082
21675
22732
20998
21883
23249
23044
23531
23990
21996
21812
20605
22633
24574
23373
22458
24475
23786
21651
22754
24574
21410
23963
22360
21246
23955
23663
24574
22569
23765
22468
24195
22389
21729
22452
22639
20879
21602
23256
23328
21973
22424
24574
20646
21113
22602
21300
23288
22532
22455
21138
22091
21956
23272
21290
22794
21588
23823
21735
23404
22896
23145
21073
22037
22299
22952
23046
23765
22248
24157
23473
24574
23673
24120
21880
21095
22986
22933
24574
23476
22363
21566
22384
21535
23123
22205
24186
22578
20676
21846
22044
22169
21332
23237
24574
21054
22357
22203
20481
21873
22965
20481
21493
22030
22269
20481
22371
22937
22538
23391
20940
22432
21422
21490
22291
22076
21733
23712
22042
23296
20481
24409
22850
21059
22787
22328
20481
21774
22496
22116
22433
22722
23394
22374
22352
22998
23050
22831
20481
22175
24574
22212
23389
23491
24245
24551
22191
22983
22527
23942
20481
22534
20481
22080
20766
21938
24266
20518
22124
21157
23650
21056
23033
20736
23831
21275
24517
23252
20670
20481
22950
22369
20963
22039
21384
22446
23101
21083
24325
24358
22883
21059
22033
21293
23503
24574
20978
21438
22458
21723
22499
20481
22339
22471
23149
22369
20715
24574
24049
24574
22404
22526
23161
22238
21999
21824
21135
21282
22217
22596
22825
20925
21075
24574
22362
20481
22935
20481
23392
24574
20977
20554
22591
22408
22732
21900
21824
20481
23507
20848
23632
24574
23825
24574
22552
21654
23527
24574
22781
22498
20481
23923
23048
21356
21582
22442
21351
21290
22162
21975
22027
21634
20481
20933
23426
21877
22220
24144
23463
21896
21940
21628
23150
24574
22624
20481
23175
21325
21046
23211
22733
22346
22548
24274
23710
21282
21633
22422
20481
22271
23317
24574
22185
24574
24056
24574
23239
21738
24023
21588
22438
23406
21268
23000
22775
21413
21639
20481
23411
21773
23795
23416
20503
21593
20696
22887
21534
22895
21387
24574
21517
21663
21649
22220
24574
22096
24574
22002
22915
20481
20999
23248
22130
22316
23247
21482
23796
22047
22528
22461
23685
23160
22888
23263
20481
21334
22643
24030
24288
22841
22592
22656
22738
20481
22227
21983
24260
21326
23750
22178
23863
23439
22969
21847
22149
22170
22323
20481
21688
20610
21658
23519
22955
22329
22232
24369
21169
22631
23738
23192
21838
22497
21664
20506
23328
23595
24243
21293
22791
24574
24157
23637
21129
22352
23306
24574
24411
21568
21765
24574
20966
22138
20866
22293
21294
21349
23549
20481
23013
22752
20481
22331
22989
22702
22493
23194
22722
22371
22029
21798
22477
20915
23865
20481
22849
21523
23909
20854
22243
21285
22123
21852
20913
23184
24059
24574
24574
22928
22400
21004
22178
24218
22622
24185
22969
22876
23427
21653
23468
21253
22457
20481
23359
23137
24574
23510
24574
21223
22098
21644
24574
21947
23917
23602
21339
21947
20852
22407
21933
22071
22164
24380
24054
23470
22156
21409
21765
21083
22764
21697
23186
21306
20481
21922
20719
23631
23896
22612
22533
23222
21943
23841
22001
21272
21938
23002
24426
23049
23736
22722
23271
22150
22900
22798
22252
23200
22012
22695
21471
22244
23399
23295
23293
23731
22276
20481
22145
21541
23369
22005
23248
23164
21957
23147
24529
23873
23765
24574
23042
22119
21252
21980
22585
23573
22866
22692
22187
22818
22381
22185
24112
24036
22394
24004
22724
22098
22215
20481
21780
23517
24574
21105
21708
22308
23269
23868
23722
21691
23965
20481
23341
22317
24322
21234
20835
21807
23242
23642
21242
23554
21601
23187
23038
22521
22725
22359
24235
21138
20481
21395
20481
21460
20481
24097
21631
22185
24386
22302
22009
22800
22887
21933
21810
22418
22479
21510
23336
23270
23971
20579
22787
24574
21389
24170
22653
23149
22057
21148
21683
22711
21209
24574
24574
22374
22947
20481
22677
21473
21576
23507
23733
20489
24574
23121
21478
22297
20481
23177
22203
24156
22010
24574
21763
22559
22872
23616
22494
23544
23951
22141
21132
21718
22080
22801
23878
22717
22583
22778
22089
22385
22995
24574
21329
22222
24574
21937
21256
22888
20481
23661
23221
20967
24046
24331
23042
22834
21124
22520
21864
21641
22953
21003
22558
21600
20481
21084
20768
22355
22861
23178
22080
22216
21955
22618
23926
24513
24195
23832
21757
24574
21697
21845
21731
22671
22502
21501
22349
23135
22900
20481
21543
24574
22145
21329
22075
20481
20834
21885
23458
23903
24457
20943
22506
22738
22282
20912
24574
21238
21534
20481
21719
22178
20957
23100
23813
22354
23811
21154
22414
22169
22965
24370
23247
23253
21198
20481
22918
23325
22130
21433
23110
21775
21523
24460
22733
22072
21353
21715
24574
23306
22832
21482
23375
23314
20602
21985
24574
21966
20565
21472
22905
20844
24574
22322
22695
22609
23642
22085
22723
22680
23750
22382
22856
22199
21683
24528
22282
24168
21124
23314
22080
20962
20481
22293
22782
20481
22310
23320
23274
22958
22333
22864
21846
24546
23623
23152
24324
23824
24543
21971
20731
23399
24006
22467
22350
23740
23044
22950
22649
23624
20481
24071
23911
21772
22965
22081
21596
20899
20481
22405
23038
23463
22862
20778
23425
22783
22878
21966
23351
23091
23808
23187
23234
24574
22848
20875
23352
20713
21515
21014
21560
23862
24143
21781
20919
23648
22005
23795
20899
20845
22276
21238
24574
22653
22826
24534
22217
22972
21390
24281
23563
24574
22808
21837
23051
22080
20481
21256
21492
22221
21811
22826
23202
20481
22583
20481
24574
23228
23492
22485
20862
22283
21972
21443
22687
23271
21081
23863
22525
21654
22737
22656
20481
21975
22136
23133
22288
20481
22906
21668
21127
23284
22359
22010
23064
22502
23371
22743
21785
23082
21675
21215
22087
20543
21631
24397
22841
22913
20764
21351
20777
21749
22762
21946
21941
20672
20779
21223
20481
23781
24574
22743
21012
20965
21267
24027
23061
22165
20481
21845
21842
22276
21408
21867
20546
24574
23620
24574
23115
20481
22788
20855
22321
21991
22762
24574
24574
20481
24123
23125
22494
24574
21576
21385
23796
21444
21310
23226
20481
20481
22971
23806
21216
22110
22404
22167
22215
23080
21628
24422
23861
22930
24289
24395
24574
22148
24165
22263
21022
23587
24217
22798
21025
22830
23462
23816
22158
20481
21652
24187
21753
23542
21673
24117
22467
22182
22647
21594
23378
23301
23947
20481
23190
21241
23688
24574
24574
23856
23388
20481
23806
23238
21498
20481
22403
21604
22020
21686
22630
21748
23425
21239
20985
24287
20697
22543
22798
22925
21947
22200
22956
23110
20912
23562
23735
24574
23126
21423
22714
23095
20481
21974
20780
22941
23004
22800
23290
22974
22141
22642
20825
20738
23166
22238
21716
21363
23373
24574
21455
23292
20836
22445
20911
22587
21946
23530
24574
22190
20915
22097
23191
20988
21535
20481
23151
22324
20536
21997
24044
24574
24012
21368
24574
23203
20481
22772
22148
20972
21156
23647
22617
21698
24574
22990
22890
22335
21292
22243
23040
22141
20822
21963
23857
22833
23700
23124
23589
24574
23362
23571
24435
24084
21540
20842
20481
22585
21508
22669
21253
22500
22036
21555
24574
21633
22247
21271
23401
23736
20568
20604
22224
24389
22354
22908
21880
22294
24006
23252
20873
21560
22340
23435
23112
24478
21642
22371
23331
23312
21747
20727
22071
21881
22356
20481
20968
21909
22353
20633
23818
22355
21435
22492
21758
24180
20988
22047
22963
24055
21662
23888
23517
23474
24574
21924
24364
24440
22928
23671
23416
24052
21701
23792
22620
22878
23600
22381
23186
20892
22337
24574
20973
22775
23162
22552
23578
21355
21576
23762
22987
24295
23778
23288
22290
24065
21973
24014
20904
23364
23167
21496
24574
23900
21863
23627
23462
23145
20684
21060
22546
22010
23303
24065
24313
23289
22451
23843
22767
22318
23482
23132
21840
23909
24574
23285
22982
21802
22778
23243
23475
22523
20755
21432
20978
24574
22320
20701
20608
23257
20519
22997
21839
21447
22985
20745
21995
22310
23369
24574
22317
20826
22401
22623
20481
23519
24574
24489
20817
24254
24282
22375
23131
23983
24574
21896
23915
22670
20962
21758
23554
23070
21965
22184
21925
21890
21309
22767
22051
24050
24574
21628
23534
22809
24574
23065
23404
22598
22553
22559
23685
21463
24574
23119
20481
20954
20731
23203
21276
22309
22724
23464
23085
22745
22897
20481
21978
24574
22124
21812
21926
22817
24574
22187
22136
24574
21193
22110
20856
24083
23276
20733
22743
21798
23408
23269
22616
23537
23133
21287
24574
22126
22924
21758
23555
22343
21921
23075
21094
22018
24574
20579
20704
21142
23184
21086
22233
22606
22020
20481
24362
21719
23801
23189
22003
24574
21474
21130
20679
22464
24574
23031
21876
22833
24274
22602
20565
21631
21676
22272
21334
22426
24192
23796
22039
22733
22959
23926
21020
24122
23141
20481
24574
24137
21636
22265
22631
22237
23239
20481
22490
23124
23392
20962
22688
24574
21658
23292
23046
23443
21726
22597
22651
24574
20704
23816
20481
23593
22993
20693
20613
24475
22412
23339
23214
23252
22344
21428
24574
20481
20504
21482
20938
20481
23342
20481
23556
23514
22382
22636
22346
20964
22607
22122
24574
24057
24256
20928
24433
23573
20516
24574
22469
21857
22092
24164
22955
22095
21980
21174
20481
22146
22165
23085
22890
20486
23632
22358
23143
23499
20580
23398
23355
21576
24101
21409
21877
22522
22187
22198
24574
20481
22422
22622
23953
22710
22791
23302
23906
23057
22742
23172
21882
23945
23870
21824
23265
20481
21190
22643
23673
21981
23122
21421
21297
22390
22044
23740
24574
22421
22047
21711
22496
22293
23580
22409
21338
22792
21146
20481
24128
24390
21882
20998
23671
24232
22938
21777
23704
23773
21664
20525
23828
21300
22264
22464
24574
24261
22712
21388
24210
22591
21864
23925
23223
21595
22758
23190
23870
22030
21612
22774
24574
21114
22935
21473
23521
24574
21873
22685
23215
21309
22637
20653
22947
21895
23343
23716
22560
23542
23519
22241
21505
22670
20481
21398
21298
24286
24574
22204
24168
22611
22736
24574
22854
21636
22425
22789
24574
22657
22324
24137
21105
24196
21139
20953
23599
24574
22508
22141
23219
20986
21391
20481
23581
22266
22332
23221
22387
21659
23090
21204
20804
23059
20594
24399
24574
21790
23753
22134
21996
20481
24204
24574
21391
20593
22652
22796
21473
21140
22007
22823
21990
20481
23294
21919
22389
22399
23851
21275
20481
23999
21382
21935
23841
23717
22892
21124
24407
22022
21756
23678
21913
20481
22961
23121
23457
23265
23797
24574
21345
20591
24574
21624
23418
22138
23450
24301
23956
22080
21538
20739
21676
20481
21530
21285
22994
21947
23611
23052
22329
23891
21229
20481
23823
23067
22077
23877
22458
21956
22068
21793
21125
22719
23213
21549
20771
23539
23173
21093
22380
23393
22457
24574
20742
23877
21816
22774
21572
22956
21364
22787
24271
21812
20910
22085
24027
23188
22647
20481
22753
22796
23141
22105
24574
24130
21173
21026
21973
20481
23812
23905
23129
22871
22186
23302
23019
23268
24245
21833
23407
21662
22294
21521
22463
20755
23356
23338
23283
20622
21132
22790
23076
24190
24574
24574
23468
20512
24574
22374
21416
21136
24485
23989
22890
21972
20767
22057
20491
22558
20501
24028
20481
20894
22818
21774
23232
20519
21943
20977
23706
20780
23330
20481
23615
22664
21827
23492
22254
22848
20956
22775
21566
21165
21959
23051
24543
21392
21587
22650
22873
21828
22452
22228
21530
22251
24574
20481
24254
23248
24574
21778
24370
22035
21433
22468
21795
23519
21029
22169
22104
23501
22416
21179
20481
23756
23829
20877
22098
21165
20481
22164
20481
22267
23491
22635
20481
22238
22525
21525
22715
22872
22333
20563
20481
22474
22568
22941
22893
22184
22294
23404
21428
22988
22906
24574
23124
23869
22833
21116
21331
22570
21909
22065
24060
21467
21387
23911
22278
20602
23387
22259
21026
22619
22022
22818
22468
23581
21851
20481
22309
22361
22346
23157
20985
22660
21247
22338
21786
23319
21289
22333
21810
22988
20817
21280
22740
23766
21489
21659
21139
22105
23016
21769
21408
24451
20743
21759
20963
22659
22465
21352
23852
21345
23914
24574
23415
24574
20556
20986
24337
23605
20481
22279
22552
21120
24399
22702
22290
22064
21741
24574
21286
22247
23922
23196
21998
24574
23122
22553
22689
21999
20928
22375
20654
24169
22342
22603
22842
24350
22812
21439
21897
23596
23265
22893
24318
21833
22229
23227
23283
23178
22168
23181
23119
22807
20481
21406
24444
23803
22814
23583
23181
20585
22433
23370
24574
20481
22885
23347
20481
22766
23484
20875
22738
21802
21663
24043
20661
24574
22187
22982
22221
23876
21607
21187
23220
20485
23071
23846
24574
24185
24574
23755
20481
21259
24523
23199
23093
23286
22525
22746
23933
23780
23784
22668
21223
21444
23402
23502
23148
23183
20481
24574
20481
21007
22786
21335
22476
22503
21145
24305
23769
20481
22418
23256
22094
24354
21176
20894
21932
23009
20818
21790
22352
23142
22363
24574
22990
23960
22241
22731
23251
21017
23107
24081
22534
22170
1238
17806
10607
1116
13042
17260
21060
4689
20857
16883
6425
14404
20827
16509
7758
8893
15667
7143
17740
15975
16297
13902
2876
17562
10703
21335
10901
12112
14157
11618
5871
3801
13227
16005
20
7213
8041
21304
7454
17579
4866
14466
18126
14839
13178
7184
17908
9983
11943
4256
16271
9727
18937
20778
7798
9478
9628
13776
22172
20687
14165
18833
3487
750
10090
4198
1464
12665
12248
7043
10144
17388
16984
15942
10564
17307
2250
5298
6156
13896
19165
12105
20280
19223
6920
18643
10018
3273
846
17619
21032
10786
8188
20928
19584
11649
7989
4897
8881
22327
19374
20386
20236
15240
21841
16190
5662
15618
12359
9898
9054
19851
392
3378
9441
3692
9340
18240
10862
955
7344
18801
21679
5688
14397
1441
2753
18950
9031
10949
3704
8167
12582
10071
8146
9698
13387
1224
3205
3741
20361
10501
7528
15905
7252
460
8041
2602
21343
2263
5150
4617
852
17828
16112
2915
20604
7937
9126
18747
6185
6037
21859
5238
1285
12389
8254
11672
18452
6555
5526
18826
775
3058
12150
18674
17535
19998
8081
14127
12759
6800
14580
14521
10364
3760
14919
16220
9618
17748
12492
21869
15012
20593
17410
11884
21181
965
14990
19681
8550
20370
13894
13694
11449
21609
17016
5533
5198
6289
2809
1570
18475
11497
13072
10949
6691
17228
21631
7212
16424
20020
9506
13646
2230
19059
13468
10431
7267
4544
8656
7103
10561
20006
9814
991
16613
21868
11483
9206
19923
19001
8664
13250
19680
10173
2365
1761
5355
17481
14261
21405
14993
22488
8839
3888
82
1679
20541
11301
10989
20463
18075
318
2486
8261
3948
11603
15884
10256
6335
18797
3512
9771
13506
13989
19365
9744
21053
13661
14343
6477
13942
2002
2306
10546
5750
85
7984
16012
4887
17305
13857
16935
21362
18503
19619
2909
10875
12943
2479
20810
19751
2833
6804
13802
18057
5463
20934
6807
851
9350
20343
12959
2302
13663
8208
9078
17551
3261
11017
20993
19151
17878
3908
5210
7840
570
15688
7736
16290
9420
13783
18152
13132
1694
14490
6010
9235
10553
8956
12269
12141
17489
10413
20864
7172
15948
10057
13084
6654
16812
15109
19096
12100
11853
9248
3014
9846

