1354
1354
1354
1354
1474
1354
1474
1356
1354
1474
1354
1354
1354
1354
1354
1474
1474
1354
1412
1474
1354
1354
1474
1354
1474
1474
1354
1354
1354
1474
1354
1474
1474
1474
1474
1468
1354
1474
1474
1474
1474
1419
1354
1474
1354
1354
1354
1474
1354
1354
1474
1354
1474
1354
1354
1474
1354
1354
1474
1474
1474
1474
1474
1474
1451
1358
1354
1354
1354
1474
1354
1354
1474
1474
1474
1474
1474
1354
1354
1474
1474
1354
1354
1474
1354
1354
1354
1474
1354
1354
1354
1354
1354
1354
1474
1474
1474
1354
1354
1354
1354
1474
1354
1474
1354
1474
1354
1474
1474
1354
1474
1354
1474
1354
1474
1354
1474
1470
1354
1354
1354
1354
1474
1354
1354
1354
1420
1354
1354
1474
1354
1474
1474
1354
1474
1354
1474
1354
1354
1474
1354
1474
1381
1354
1405
1474
1354
1474
1474
1354
1354
1474
1354
1474
1354
1474
1474
1474
1354
1354
1474
1354
1354
1474
1354
1474
1474
1354
1354
1474
1354
1474
1354
1354
1354
1354
1474
1354
1474
1428
1354
1474
1474
1474
1354
1354
1354
1354
1474
1474
1474
1474
1474
1406
1474
1354
1474
1474
1474
1354
1474
1474
1354
1474
1474
1437
1354
1354
1354
1474
1408
1474
1474
1474
1354
1474
1474
1354
1474
1474
1354
1474
1474
1474
1354
1474
1474
1474
1474
1474
1354
1474
1354
1474
1354
1421
1474
1354
1354
1474
1354
1474
1474
1354
1354
1354
1474
1354
1474
1354
619
778
836
759
454
437
321
243
397
409
661
216
618
585
267
363
277
894
513
939
165
241
29
555
159
790
621
427
985
985
985
985
1105
985
1105
1105
1034
1105
985
1053
1105
1105
1105
1105
1105
985
1105
985
985
1105
985
1105
1105
985
985
1105
985
1105
985
1105
985
989
985
1105
1105
1105
1105
985
1105
985
985
1105
1105
1105
1105
1105
985
985
985
985
1105
985
1105
985
985
985
1105
985
1105
1105
985
985
1105
1105
985
985
1105
985
985
985
1105
1105
1105
1105
985
1105
1105
985
1045
985
1105
985
1105
1105
985
985
1105
1105
1105
1105
1105
1105
985
1047
1105
1049
985
1006
1013
1105
1105
1105
1105
985
1105
1016
1105
985
1105
1105
1105
1105
1105
985
985
1105
1105
1105
985
985
1105
1105
998
985
985
1105
1105
1105
1105
1105
1105
985
1105
1105
1105
1105
1105
985
985
985
985
1105
1105
985
985
1105
1105
985
1105
1105
1105
1105
985
1105
1105
985
985
1105
1105
985
985
985
1065
985
1105
987
1105
985
1105
1105
1105
985
1105
1105
1105
985
985
1105
985
985
985
985
1105
1105
985
1105
985
1105
1105
985
1105
985
997
985
985
1105
1105
1105
985
1105
1105
1105
1105
1076
1105
1105
1105
1105
1105
985
1105
1105
985
1105
985
985
985
1105
985
1065
1105
985
1105
985
985
1105
985
1105
1009
1105
1105
1105
985
985
985
985
985
1105
985
1105
985
1105
1105
1105
985
985
985
1105
1008
985
985
990
1105
1105
985
1105
1105
1105
985
1105
985
1105
1105
1104
1105
1059
985
985
985
1105
1105
1105
1105
985
985
1079
985
1105
1000
985
1105
985
1105
1105
1105
1105
1105
985
1105
985
985
985
1105
1105
1105
1105
1105
985
1096
985
1105
1105
985
1105
1105
1105
985
1105
1105
985
985
1105
1043
985
985
1105
985
1105
985
985
1105
1105
985
985
1105
985
1105
1105
1105
985
1105
1105
1105
1105
1105
1105
1105
985
1105
985
985
995
1105
1105
985
1105
1105
985
985
1105
1105
1105
1105
1105
985
1105
1105
985
1053
985
1105
1105
985
1105
985
985
1105
1061
1105
985
1105
1071
1105
985
1105
1025
985
1105
1105
985
985
1105
1105
985
1105
985
985
985
1105
1105
1105
985
985
1105
1105
985
1105
985
1105
1105
985
1105
985
1105
1105
985
985
1105
985
1105
1105
1105
985
985
985
985
985
1017
1105
1105
1024
1105
985
179
556
82
360
102
137
579
598
51
352
99
122
556
552
264
195
629
429
389
73
9
354
577
654
136
395
599
76
9
326
222
373
170
640
307
162
98
24
526
164
82
190
272
455
383
521
466
736
623
616
736
616
616
616
616
666
616
736
616
616
736
616
736
736
616
736
616
736
616
616
736
736
736
633
736
736
616
616
616
721
616
616
616
736
736
736
657
616
616
649
736
685
616
736
616
616
736
736
616
616
616
616
736
616
736
736
616
736
616
616
616
616
616
736
736
736
616
736
616
736
616
736
736
736
736
616
633
616
616
616
616
736
736
616
616
736
736
736
736
616
736
736
616
736
616
616
675
709
736
616
616
736
718
616
736
616
736
736
736
736
736
616
736
616
736
616
616
616
736
616
736
736
616
736
736
736
616
736
616
643
616
736
616
736
736
736
616
736
616
736
736
736
736
669
639
736
736
729
616
736
736
736
616
616
616
736
616
616
736
616
616
616
736
736
692
736
736
736
736
616
736
616
736
736
736
616
616
736
736
736
616
616
616
616
616
711
652
736
736
736
616
616
736
736
616
616
736
736
736
736
616
616
736
616
616
736
616
736
616
736
616
736
736
736
736
616
736
727
616
736
616
736
616
616
616
736
616
698
616
616
622
616
736
619
616
616
616
736
616
616
616
736
736
736
616
616
736
736
616
736
616
736
616
736
616
736
616
736
616
616
736
616
660
736
616
736
736
616
736
736
616
736
736
616
736
736
616
616
736
736
616
616
736
616
736
616
616
616
645
616
616
616
736
616
616
736
616
616
736
736
616
719
736
616
616
616
616
736
616
736
736
616
616
616
736
736
616
736
736
736
616
616
656
736
616
736
617
616
736
615
736
616
736
736
736
616
736
736
736
616
736
736
736
715
616
616
616
616
616
616
736
736
736
616
736
616
616
616
736
736
736
616
616
736
616
736
736
631
736
616
391
283
529
269
104
396
124
287
482
520
14
193
530
477
237
544
21
167
548
539
122
235
219
7
550
21
40
80
203
298
174
255
260
365
354
487
479
502
243
118
441
493
579
493
613
493
613
493
613
493
493
493
613
613
493
493
493
493
493
493
537
613
493
493
613
613
493
613
493
493
493
493
493
613
613
493
607
493
493
493
493
613
613
613
493
493
502
613
613
493
493
613
493
493
613
493
493
613
613
493
493
493
493
493
493
613
493
613
493
493
613
560
613
613
493
613
613
493
493
493
493
493
493
613
493
493
613
493
493
493
613
613
493
613
613
493
493
493
493
613
613
493
493
493
493
493
493
493
613
613
613
493
613
613
493
597
613
613
613
613
493
613
493
493
613
493
493
493
493
613
613
613
613
530
493
613
613
603
613
493
493
613
493
613
613
493
613
493
493
493
493
493
493
613
493
613
493
613
493
613
493
493
528
493
613
613
613
516
493
586
493
493
613
493
613
613
613
493
613
493
532
613
493
613
613
613
493
613
493
493
493
493
493
613
613
613
493
493
493
493
613
613
493
613
493
613
613
613
613
493
613
550
493
493
493
513
613
493
611
493
613
613
613
613
613
493
493
613
613
613
493
493
613
493
613
493
493
493
613
613
493
493
613
613
613
493
493
613
493
613
613
493
493
613
613
613
493
493
493
493
493
493
493
493
493
493
613
613
613
493
493
493
493
613
493
613
613
613
613
493
493
493
493
613
613
493
613
613
530
613
613
613
613
493
493
613
493
493
613
493
613
613
613
613
493
613
613
613
493
588
613
613
613
613
613
612
493
613
613
493
613
613
493
613
613
613
613
613
493
493
493
613
613
613
613
613
493
613
493
613
493
493
493
493
493
613
493
613
613
574
493
613
493
493
613
613
613
493
493
493
97
154
66
110
66
108
166
173
137
132
172
47
5
12
0
135
110
175
133
57
101
176
148
147
169
140
155
100
162
165
75
167
12
167
60
81
168
59
79
49
124
124
124
124
244
124
124
124
244
124
124
244
244
244
124
124
244
244
244
124
124
244
123
244
244
244
244
124
244
244
244
124
124
124
244
217
124
124
244
244
124
124
124
244
124
124
124
244
244
244
124
244
244
124
124
244
244
124
124
124
244
124
244
124
244
124
124
124
124
124
244
124
244
124
244
244
244
124
244
124
244
124
244
124
124
244
124
244
244
124
124
244
244
124
244
175
244
124
244
244
124
124
223
244
244
244
244
124
124
124
244
244
244
244
193
244
124
244
124
124
244
124
244
124
208
124
198
244
124
124
124
124
148
244
244
244
124
124
124
124
244
124
244
124
244
244
124
124
124
244
244
124
124
244
244
124
124
244
124
124
124
244
244
244
124
124
124
244
124
244
124
244
244
244
244
124
124
244
244
124
124
124
244
124
124
244
226
244
244
244
124
124
124
124
124
124
244
244
124
244
124
244
244
244
244
124
244
124
244
244
244
124
244
244
124
244
124
244
124
244
244
244
244
244
244
244
202
244
244
124
244
244
200
244
244
124
124
124
124
244
124
244
244
124
244
124
124
183
244
244
244
244
124
244
244
124
124
124
244
169
244
244
124
244
244
124
244
244
244
204
124
208
244
124
124
124
124
244
124
244
124
124
124
124
124
124
124
244
124
124
244
124
244
124
244
124
244
239
124
124
124
124
124
244
244
124
244
236
244
124
124
244
124
124
244
124
124
124
244
124
244
124
124
244
244
244
124
124
244
124
244
244
244
124
124
124
124
244
124
244
124
244
124
244
124
244
244
153
124
244
244
239
244
244
124
124
163
124
244
244
244
124
244
124
124
201
124
244
124
124
124
124
124
244
244
124
244
244
244
244
244
244
124
244
124
244
244
124
124
244
244
244
124
124
124
124
124
124
124
244
124
173
244
244
124
140
568
91
97
19
781
467
62
513
338
67
622
645
330
260
161
866
62
352
624
690
664
340
820
730
304
267
435
822
382
263
360
917
33
488
233
66
868
912
254
414
492
583
540
667
982
982
982
982
982
982
982
982
982
862
862
917
942
982
982
891
982
982
982
982
862
862
982
862
982
862
862
982
982
982
982
862
862
920
862
982
862
862
910
982
862
982
862
982
862
862
982
982
862
982
862
982
862
982
982
982
982
982
862
862
982
982
982
982
862
982
862
982
982
982
862
982
982
982
862
982
982
862
931
971
982
862
862
862
862
982
862
862
982
862
982
862
982
982
982
982
982
982
982
982
862
862
982
862
862
982
954
862
862
862
928
862
982
982
982
982
982
982
982
982
862
982
982
862
982
982
982
862
982
982
982
982
862
862
982
862
982
862
881
982
862
982
862
862
862
982
982
862
982
862
958
982
862
982
982
862
862
982
982
982
982
862
862
862
862
862
862
982
862
982
982
862
862
982
982
862
982
982
862
862
982
982
862
862
982
982
862
982
916
862
862
862
982
862
862
982
967
982
982
862
862
862
982
982
862
982
862
862
862
982
862
862
862
982
982
862
982
982
862
973
982
982
982
982
421
512
376
260
749
94
712
556
386
318
480
188
291
503
280
280
198
559
199
745
374
157
65
446
679
757
756
739
739
739
855
739
859
739
859
859
859
859
859
739
739
859
859
739
859
859
785
739
846
739
859
739
859
739
859
804
859
859
739
859
739
859
739
739
739
739
859
859
859
859
739
739
859
739
859
859
739
859
859
739
739
739
859
859
739
739
859
859
859
859
739
859
739
859
859
739
859
739
859
739
859
859
859
739
859
859
859
739
739
859
813
739
821
739
859
739
859
739
859
859
859
859
739
739
739
859
739
859
859
739
853
799
852
859
859
739
739
849
739
859
859
859
739
739
739
859
739
859
739
739
859
859
820
859
739
859
859
859
859
739
859
739
739
859
739
859
739
739
739
859
859
859
739
841
859
859
739
739
859
739
859
739
859
799
859
739
739
739
739
739
739
739
739
834
859
739
739
859
859
859
739
739
739
859
739
739
739
851
827
739
739
859
739
859
739
859
739
739
859
739
739
739
859
739
845
739
739
739
739
739
739
859
739
859
739
748
739
739
859
739
739
859
795
739
739
739
739
739
794
859
859
739
859
859
859
859
739
859
859
739
859
739
739
859
739
739
859
859
859
859
859
739
739
739
859
739
859
859
202
146
506
292
260
530
401
421
70
91
405
223
503
39
444
513
74
264
485
50
427
512
53
265
324
522
94
116
493
493
613
493
493
493
613
493
613
613
493
613
493
493
493
493
493
493
613
613
493
493
604
613
613
613
613
613
613
613
493
493
493
493
613
493
613
493
493
493
493
613
493
493
613
594
493
613
613
613
493
493
613
555
521
613
493
580
613
493
493
613
613
493
613
493
613
493
613
613
613
613
613
613
577
613
528
493
604
613
493
613
493
493
613
613
613
493
610
493
493
493
493
493
493
613
613
613
493
493
493
493
613
613
493
613
613
613
569
613
493
613
493
613
493
613
493
493
613
613
613
613
613
493
495
493
493
493
493
613
613
613
494
613
613
493
493
493
613
613
613
613
493
493
493
613
493
493
493
613
493
493
613
493
492
613
493
493
493
613
493
493
495
493
613
613
493
493
613
493
493
613
493
613
493
613
493
613
613
493
613
613
613
493
493
613
557
613
493
493
493
493
613
613
493
493
613
613
613
493
493
493
613
613
613
493
613
493
545
493
493
493
493
493
493
493
493
493
613
493
613
493
493
493
493
493
538
493
513
493
613
613
613
493
493
613
493
613
613
613
613
613
613
493
613
613
613
613
613
493
613
493
529
613
493
613
613
613
493
613
613
613
613
602
613
493
493
493
613
613
493
493
493
613
493
493
613
613
493
493
493
493
613
493
613
493
493
493
613
493
493
613
613
493
493
613
493
493
493
613
493
590
493
613
576
613
613
493
613
613
493
613
613
613
613
613
493
493
493
613
493
613
493
493
493
493
613
613
514
493
613
493
493
493
493
613
613
613
613
568
493
613
493
493
613
493
613
613
613
493
493
493
493
613
493
613
613
613
493
493
493
613
493
613
493
613
493
1104
678
181
564
1005
118
944
619
72
619
1002
772
424
145
653
586
606
773
25
132
170
609
776
1019
1002
656
547
763
681
1086
162
1066
924
148
722
424
4
605
882
285
1025
1228
1228
1133
1108
1228
1228
1108
1108
1108
1108
1108
1228
1108
1228
1108
1228
1108
1228
1108
1228
1228
1108
1228
1108
1108
1108
1108
1108
1108
1228
1228
1228
1108
1108
1228
1228
1228
1228
1108
1228
1108
1108
1108
1108
1108
1108
1228
1137
1228
1211
1228
1228
1228
1108
1228
1228
1108
1108
1108
1108
1228
1228
1228
1228
1108
1228
1228
1108
1108
1188
1228
1228
1108
1228
1228
1108
1108
1228
1228
1108
1108
1228
1108
1108
1108
1108
1108
1108
1228
1228
1108
1228
1228
1228
1108
1108
1108
1108
1108
1108
1228
1108
1108
1108
1228
1108
1177
1197
1108
1196
1108
1228
1228
1108
1228
1228
1108
1108
1228
1108
1108
1108
1108
1204
1108
1228
1228
1108
1228
1228
1214
1108
1228
1228
1108
1108
1108
1108
1108
1228
1108
1228
1228
1228
1228
1228
1228
1108
1108
1108
1174
1228
1228
1108
1108
1108
1228
1108
1108
1108
1108
1228
1228
1108
1228
1108
1108
1108
1108
1108
1228
1108
1228
1228
1228
1228
1108
1108
1228
1220
1154
1228
1228
1228
1228
1228
1191
1108
1228
1108
1228
1228
1108
1228
1228
1228
1228
1228
1108
1108
1228
1228
1228
1228
1228
1228
1228
1228
1108
1108
1108
1108
1108
1108
1228
1228
1108
1228
1228
1108
1108
1228
1228
1228
1108
1108
1108
1108
1223
1228
1108
1108
1108
1108
1174
1108
1108
1108
1152
1108
1108
1228
1228
1228
1207
1108
1108
1108
1108
1108
1228
1108
1220
1228
1124
1228
1228
1108
1228
1108
1228
1228
1228
1108
1228
1228
1108
1228
1228
1228
1228
1108
1228
1108
1228
1228
1108
1228
1108
1228
1108
1108
1228
1228
1228
1228
1228
1108
1228
1108
1108
1228
1108
1157
1228
1108
1108
1108
1228
1228
1108
1108
1228
1108
1108
1108
1108
1228
1108
1108
1108
1228
1108
1108
1228
1228
1153
1228
1228
1108
1108
1108
1108
1228
1228
1228
1228
1108
1108
1228
1108
1108
1108
1108
1228
91
43
292
18
43
153
235
218
136
44
56
274
176
16
106
128
10
183
4
78
77
97
191
146
1
136
143
124
104
100
10
171
152
110
209
39
288
247
367
367
247
367
367
247
247
367
367
367
367
367
247
367
247
367
367
367
247
247
247
247
247
247
367
247
247
367
367
367
247
247
367
367
247
247
367
247
367
247
359
367
247
247
367
247
367
247
367
367
367
367
247
367
367
247
367
367
247
247
247
246
367
247
247
247
247
367
367
367
367
367
247
367
367
367
247
247
247
367
247
247
367
247
367
367
367
272
247
367
367
367
247
247
247
367
367
367
367
247
247
247
367
367
367
247
339
247
367
247
367
367
367
247
247
247
247
247
247
367
247
247
247
248
367
367
247
367
247
367
367
247
247
310
367
247
367
345
367
363
349
247
367
367
247
247
252
367
247
367
367
247
247
367
348
247
367
367
295
367
367
321
247
247
247
247
367
247
247
367
367
247
247
247
367
269
367
247
247
305
334
367
367
367
247
247
247
247
247
275
367
367
247
247
273
247
367
367
247
247
247
247
367
247
367
367
367
247
367
367
367
367
247
367
247
247
247
247
367
367
367
367
367
315
367
367
367
247
367
367
247
247
247
367
325
247
247
247
367
247
367
247
367
367
286
367
367
367
367
247
247
247
367
247
367
247
367
247
247
367
247
247
247
247
247
247
367
367
247
367
247
247
247
367
247
247
263
247
247
247
247
247
247
247
367
367
247
367
367
247
247
250
220
125
236
179
263
108
131
140
229
22
300
150
155
244
230
4
274
152
153
266
188
163
112
80
129
61
208
102
163
211
282
247
247
367
367
367
247
367
247
247
247
247
367
247
247
247
367
367
367
247
367
367
247
367
367
247
367
367
281
367
247
367
367
367
367
358
367
247
247
247
247
325
247
247
247
367
367
247
367
247
367
247
247
247
247
367
367
247
367
367
367
367
247
367
367
367
247
247
247
247
247
367
352
367
367
367
269
247
247
247
247
247
247
247
247
247
336
328
367
342
367
247
247
367
247
247
247
247
247
367
247
367
367
367
247
247
247
367
367
344
367
247
367
367
367
367
247
247
247
247
367
247
367
247
354
367
367
247
367
247
360
247
247
367
247
367
367
367
247
268
367
247
367
367
367
367
247
247
367
367
247
247
367
367
367
247
247
367
367
247
367
247
247
247
367
247
247
367
367
367
247
247
247
247
247
367
360
247
247
367
247
247
367
247
315
367
367
247
327
367
283
247
340
247
264
367
367
247
247
367
367
367
367
367
367
247
367
357
367
247
295
367
367
367
247
247
367
247
247
247
367
247
367
359
247
247
367
367
367
367
367
367
247
367
247
247
247
247
367
367
247
367
247
367
365
247
367
367
247
247
247
247
272
247
337
247
367
247
367
367
247
299
247
247
247
287
247
247
247
367
247
367
247
247
247
247
247
247
247
247
367
247
367
247
247
367
247
338
247
367
247
247
247
247
367
247
367
367
347
367
323
367
367
247
247
247
367
367
247
367
367
247
367
367
257
367
247
247
367
247
247
247
247
367
367
247
336
251
247
247
247
247
247
247
367
367
367
367
247
367
367
367
247
367
367
367
367
367
367
367
247
367
367
363
367
247
247
247
367
367
247
294
367
247
247
247
247
367
367
247
247
247
367
326
247
247
367
367
367
247
247
247
268
273
247
247
247
367
247
1031
1017
995
180
971
395
70
731
723
1069
507
227
1091
1003
653
131
357
449
670
1082
474
1144
4
586
942
1137
545
29
1048
362
136
221
317
509
539
921
1137
580
922
695
806
1058
631
1228
1228
1108
1228
1108
1182
1108
1151
1228
1108
1228
1108
1228
1228
1228
1108
1108
1128
1228
1228
1228
1228
1228
1108
1228
1228
1228
1228
1108
1228
1197
1228
1228
1108
1108
1228
1147
1108
1108
1108
1108
1228
1108
1228
1228
1228
1159
1228
1228
1228
1228
1228
1228
1108
1228
1228
1108
1108
1108
1228
1228
1228
1108
1108
1228
1228
1228
1108
1108
1228
1108
1108
1108
1108
1228
1228
1148
1228
1228
1228
1108
1228
1108
1228
1108
1108
1108
1108
1133
1108
1228
1228
1228
1228
1108
1228
1228
1108
1228
1108
1108
1108
1108
1228
1108
1228
1228
1228
1228
1228
1228
1108
1108
1108
1108
1228
1228
1108
1108
1108
1108
1108
1198
1228
1198
1108
1228
317
999
498
813
63
496
207
867
1102
439
157
402
343
731

