121
1
121
65
121
1
1
1
1
1
121
1
121
1
1
1
1
1
121
121
1
121
1
1
121
1
121
121
1
1
1
1
121
1
1
1
1
121
121
1
1
1
121
121
121
121
1
121
1
1
1
1
1
121
121
1
1
121
1
1
121
121
79
121
1
121
121
121
1
1
1
121
1
1
1
121
121
1
1
121
121
1
121
121
1
121
1
121
121
121
1
121
121
121
121
121
109
1
121
1
121
121
121
121
121
1
121
1
1
1
1
121
121
121
1
1
1
121
1
1
1
1
24
1
121
1
29
121
1
121
1
1
121
121
39
121
121
1
1
121
110
121
121
121
93
1
121
1
1
121
1
1
121
121
121
1
1
121
121
121
121
1
1
1
121
121
121
121
121
121
1
1
121
121
1
1
121
121
121
121
121
1
121
1
121
1
121
121
121
121
121
121
1
1
1
1
1
1
87
1
121
1
121
121
1
121
1
1
121
1
1
1
121
121
50
121
1
121
121
121
1
1
121
121
1
1
121
121
121
1
121
121
1
1
1
121
1
121
121
121
121
1
121
121
121
1
108
121
1
1
1
121
121
1
121
121
121
1
121
121
1
1
42
121
1
121
121
121
121
121
1
1
1
1
1
1
1
1
1
1
121
1
1
121
121
121
121
1
1
121
121
121
121
1
121
121
1
121
1
1
121
1
1
121
121
1
1
1
121
1
121
20
121
121
121
1
121
1
1
121
1
121
121
121
121
1
76
121
1
121
1
1
1
121
91
121
1
1
1
121
1
121
45
121
121
121
126
120
196
236
163
57
212
72
94
150
32
179
191
133
175
40
8
77
270
35
268
36
184
73
57
65
191
149
204
254
266
199
298
46
307
130
180
246
247
367
367
247
247
247
367
247
367
367
367
247
247
247
367
247
247
367
247
247
247
247
247
247
247
247
367
247
367
367
367
247
247
367
247
367
367
247
247
367
367
261
367
247
367
367
247
247
367
367
367
367
247
247
339
367
248
367
311
367
247
367
367
367
247
247
356
247
247
367
367
247
247
367
367
341
282
367
247
367
367
367
367
367
367
247
247
247
247
247
247
367
247
247
247
247
247
367
367
367
367
367
367
367
367
247
247
247
247
367
367
362
367
367
247
367
246
367
247
247
247
367
367
247
367
357
367
367
247
247
247
247
310
367
247
367
247
367
367
260
367
367
367
247
367
247
247
367
367
263
247
247
367
247
247
367
367
247
247
195
162
306
110
275
150
20
298
108
299
32
233
77
275
221
125
196
103
362
367
247
367
367
367
367
247
247
247
367
247
367
367
367
367
247
367
367
367
247
247
367
367
367
247
247
247
247
247
247
247
247
247
367
367
367
367
247
326
367
367
367
367
247
247
247
367
247
367
247
367
367
367
247
367
367
247
367
367
247
247
247
367
367
367
367
247
367
367
367
367
247
247
367
367
247
367
247
247
308
247
367
247
247
367
367
367
364
247
247
367
367
247
367
247
367
367
367
367
367
367
367
367
367
367
367
367
367
247
367
367
367
247
247
367
367
247
274
367
367
367
247
293
367
247
247
348
367
367
247
367
367
367
367
247
247
247
367
247
367
247
367
293
367
367
247
247
247
247
247
247
247
247
247
247
247
367
345
247
367
247
247
247
247
367
367
247
247
247
247
367
367
247
247
247
367
247
247
247
247
247
247
247
367
247
367
367
247
247
367
247
367
247
247
367
300
247
313
247
367
247
247
367
247
247
247
247
367
367
367
367
367
247
367
367
367
247
367
247
247
247
247
247
367
367
367
247
247
367
367
367
367
367
367
367
247
247
367
247
367
367
367
247
247
247
367
367
367
247
247
247
367
367
367
247
367
247
247
367
247
367
367
247
247
367
367
247
367
247
367
367
247
367
247
247
262
367
247
367
247
303
367
247
247
247
344
247
367
367
367
367
247
367
320
247
247
247
247
247
367
367
367
247
367
247
247
367
367
247
367
247
247
286
367
367
367
247
247
247
247
367
247
367
247
247
247
247
367
247
247
247
247
367
367
247
247
247
367
367
247
367
367
247
367
247
367
247
247
367
247
247
247
367
247
367
247
259
367
247
367
267
247
247
247
367
367
367
367
367
247
367
247
367
247
247
247
367
367
367
367
247
247
367
367
247
247
367
367
367
335
367
247
367
261
360
247
247
247
247
247
247
367
601
348
653
663
80
337
324
202
445
437
141
169
629
554
69
396
645
86
115
541
205
411
246
443
317
175
179
99
89
659
421
110
429
420
627
625
232
310
607
492
665
227
443
581
193
635
736
736
736
736
736
736
736
616
616
736
616
736
616
616
616
616
736
616
736
616
736
616
736
736
736
736
616
616
736
736
736
616
616
736
616
616
736
736
736
736
707
616
616
736
736
736
736
616
616
687
736
616
616
736
736
736
736
616
736
616
616
736
736
616
736
736
736
616
674
616
736
616
736
616
616
662
616
616
616
728
736
616
616
736
685
616
736
616
736
736
616
736
616
736
616
616
616
684
616
736
736
736
736
616
736
616
616
616
616
736
616
702
736
616
736
736
736
616
616
616
736
736
616
736
736
616
616
616
736
736
736
736
736
736
616
616
616
616
696
736
616
736
736
616
616
736
616
736
736
736
616
736
616
736
616
736
616
736
616
736
736
736
616
736
616
736
616
736
736
616
736
736
616
626
736
736
736
736
736
707
736
736
616
616
616
736
616
736
616
616
616
616
638
616
616
616
736
616
736
616
616
736
616
616
616
736
736
616
736
616
736
616
616
616
736
616
736
725
616
654
616
736
616
736
616
616
736
616
729
736
616
616
736
736
616
616
616
736
616
616
736
736
616
736
736
616
736
616
736
616
616
736
616
736
616
616
616
736
736
616
616
736
736
736
719
662
616
736
616
616
616
616
616
736
736
736
736
736
736
616
736
616
616
736
736
736
690
736
736
616
736
616
616
616
616
633
736
616
736
616
616
616
616
736
664
641
736
625
616
627
616
616
616
616
736
616
736
728
616
616
736
616
616
616
616
616
616
736
616
736
616
736
736
736
736
736
616
736
671
736
736
736
736
616
616
616
644
662
736
616
616
616
736
616
616
616
616
616
616
736
691
616
616
616
736
736
616
616
736
616
736
736
616
736
736
616
736
616
710
736
616
616
736
616
736
616
354
211
74
38
124
402
60
135
136
184
121
111
310
145
79
297
314
335
370
380
136
122
377
337
82
411
333
209
213
268
117
418
190
196
238
119
253
327
8
337
76
381
257
370
370
370
370
490
490
370
370
490
370
490
370
370
370
370
370
370
370
490
370
370
370
370
490
387
370
370
370
490
490
490
490
370
490
375
370
370
370
490
490
490
490
490
370
490
490
370
490
370
490
490
370
490
370
490
370
490
370
451
490
490
370
490
370
490
370
490
370
490
490
490
370
490
490
461
370
370
490
370
490
458
370
370
370
490
370
490
370
490
448
490
370
490
370
490
490
370
370
490
490
490
467
490
370
490
435
490
490
490
370
490
490
370
370
374
462
490
490
370
370
490
490
370
370
490
490
490
370
490
370
490
490
490
490
370
490
490
490
370
490
370
370
490
370
370
370
370
490
490
490
370
370
490
490
370
370
370
370
370
370
490
370
370
370
490
490
370
490
370
370
490
490
490
370
395
370
370
490
370
370
370
370
370
370
490
490
490
370
370
370
370
490
490
370
370
370
490
490
370
490
370
490
370
490
490
490
488
490
490
370
490
490
490
490
370
490
490
370
370
490
370
490
370
370
490
370
490
370
490
370
442
490
370
370
370
490
370
370
370
490
490
370
370
370
490
430
370
401
490
370
370
490
490
490
490
370
370
490
370
370
490
490
490
370
370
490
385
370
490
490
490
370
490
370
490
490
370
370
490
370
370
490
370
490
370
370
370
370
490
490
370
370
490
370
490
490
370
370
370
370
490
279
126
168
242
102
321
167
181
121
28
94
153
281
127
133
289
196
150
298
7
344
390
46
26
368
179
226
8
270
356
399
225
23
490
490
490
490
370
490
370
490
429
370
370
490
490
370
490
490
370
370
370
490
490
490
370
370
411
490
370
370
490
370
490
490
490
370
490
490
370
490
370
490
370
490
490
370
490
490
370
370
456
370
370
490
370
370
490
370
370
490
370
370
449
370
490
370
370
490
370
490
370
484
370
490
490
490
370
490
490
490
370
370
490
490
370
370
434
370
370
422
370
370
490
490
370
490
370
490
490
370
370
490
490
490
490
490
370
370
490
490
370
490
370
370
490
370
370
490
370
370
487
375
370
490
435
370
490
465
370
490
370
370
385
490
490
490
490
490
467
490
370
438
370
490
370
370
370
490
490
370
370
439
490
490
370
490
490
370
370
370
490
490
490
370
370
455
370
490
370
370
370
490
370
490
490
462
490
431
490
486
490
370
370
487
490
370
490
422
490
490
370
370
370
370
490
490
490
490
370
370
370
490
370
490
490
370
370
370
490
490
370
490
370
490
490
370
370
490
370
490
370
370
370
370
490
490
490
370
490
370
490
370
490
490
490
370
490
490
490
370
370
411
490
370
370
490
490
490
370
490
370
490
490
370
490
490
370
490
370
490
370
490
490
490
490
370
463
490
370
490
490
467
370
490
490
490
370
490
490
370
370
370
397
490
490
370
488
370
370
370
370
490
370
370
462
490
370
489
370
370
370
370
370
370
370
490
490
370
370
490
370
490
490
490
370
98
211
140
263
211
86
46
187
164
78
67
163
294
122
169
166
22
129
3
150
301
221
92
282
106
306
126
179
262
143
106
120
2
264
98

