26015,1439,1
25948,1372,0
26161,63025,0
27118,63982,0
27049,63913,0
26412,63276,0
25867,62731,0
26214,63078,0
26325,63189,0
27322,64186,0
27215,64079,0
27540,64404,0
25584,62448,0
26985,63849,0
27150,64014,0
26605,63469,0
27377,64241,0
25643,62507,0
27151,64015,0
26544,63408,0
25615,62479,0
27419,64283,0
27104,63968,0
27388,64252,0
26264,63128,0
26576,63440,0
26304,63168,0
27384,64248,0
25907,62771,0
26092,62956,0
26992,63856,0
26605,63469,0
27105,63969,0
26251,63115,0
25546,62410,0
26095,62959,0
27393,64257,0
25994,62858,0
27738,64602,0
25313,62177,0
27214,64078,0
27072,63936,0
26529,63393,0
27991,64855,0
25567,62431,0
26921,63785,0
27322,64186,0
27567,64431,0
26192,63056,0
25545,62409,0
26276,63140,0
26338,63202,0
27800,64664,0
26214,63078,0
26452,63316,0
26965,63829,0
27097,63961,0
26630,63494,0
25778,62642,0
25691,62555,0
26856,63720,0
27179,64043,0
26774,63638,0
27115,63979,0
27485,64349,0
26448,63312,0
27177,64041,0
26916,63780,0
27666,64530,0
27611,64475,0
27531,64395,0
27668,64532,0
26373,63237,0
28093,64957,0
26915,63779,0
27478,64342,0
27145,64009,0
27273,64137,0
26873,63737,0
26119,62983,0
26190,63054,0
26751,63615,0
26886,63750,0
27495,64359,0
26553,63417,0
26805,63669,0
26802,63666,0
27177,64041,0
25572,62436,0
26642,63506,0
27894,64758,0
26629,63493,0
27638,64502,0
26083,62947,0
25714,62578,0
26283,63147,0
27098,63962,0
26005,62869,0
25085,61949,0
26804,63668,0
26246,63110,0
27179,64043,0
26631,63495,0
26625,63489,0
26207,63071,0
27122,63986,0
26889,63753,0
26389,63253,0
25770,62634,0
27966,64830,0
26029,62893,0
27745,64609,0
26531,63395,0
25306,62170,0
26742,63606,0
27443,64307,0
26557,63421,0
27089,63953,0
25478,62342,0
27319,64183,0
26723,63587,0
26405,63269,0
26785,63649,0
26407,63271,0
27084,63948,0
25405,62269,0
26123,62987,0
26514,63378,0
27158,64022,0
26928,63792,0
27667,64531,0
26671,63535,0
26389,63253,0
25551,62415,0
26584,63448,0
26437,63301,0
25664,62528,0
27087,63951,0
26255,63119,0
26420,63284,0
26226,63090,0
24622,61486,0
26424,63288,0
26713,63577,0
26161,63025,0
27232,64096,0
26145,63009,0
26102,62966,0
27234,64098,0
27462,64326,0
27123,63987,0
26959,63823,0
26777,63641,0
26939,63803,0
26190,63054,0
27013,63877,0
27059,63923,0
27536,64400,0
26135,62999,0
27223,64087,0
26963,63827,0
26564,63428,0
26618,63482,0
25587,62451,0
25237,62101,0
27103,63967,0
26918,63782,0
26955,63819,0
27667,64531,0
26927,63791,0
27120,63984,0
27566,64430,0
26520,63384,0
25712,62576,0
25951,62815,0
26196,63060,0
26498,63362,0
27152,64016,0
26380,63244,0
25495,62359,0
26925,63789,0
27748,64612,0
26867,63731,0
27107,63971,0
26093,62957,0
25981,62845,0
26440,63304,0
27649,64513,0
26597,63461,0
26368,63232,0
26950,63814,0
26835,63699,0
26830,63694,0
26272,63136,0
26363,63227,0
26020,62884,0
27372,64236,0
26234,63098,0
27613,64477,0
26380,63244,0
25011,61875,0
27122,63986,0
26316,63180,0
27185,64049,0
26044,62908,0
27223,64087,0
26830,63694,0
25729,62593,0
26619,63483,0
26031,62895,0
27586,64450,0
26833,63697,0
27044,63908,0
26232,63096,0
25964,62828,0
26638,63502,0
26861,63725,0
28049,64913,0
26365,63229,0
25803,62667,0
26169,63033,0
26468,63332,0
26324,63188,0
26666,63530,0
25468,62332,0
25565,62429,0
26632,63496,0
26570,63434,0
27122,63986,0
27169,64033,0
25873,62737,0
26745,63609,0
25776,62640,0
26519,63383,0
27053,63917,0
26883,63747,0
26936,63800,0
26718,63582,0
27214,64078,0
27209,64073,0
27145,64009,0
28162,65026,0
25698,62562,0
25562,62426,0
26057,62921,0
26719,63583,0
25938,62802,0
28317,65181,0
26211,63075,0
27107,63971,0
26315,63179,0
24941,61805,0
26762,63626,0
26221,63085,0
26197,63061,0
26963,63827,0
26682,63546,0
26808,63672,0
26249,63113,0
25846,62710,0
26209,63073,0
26792,63656,0
27648,64512,0
26689,63553,0
26382,63246,0
25782,62646,0
26182,63046,0
26751,63615,0
26638,63502,0
26020,62884,0
25304,62168,0
27046,63910,0
27927,64791,0
27726,64590,0
26609,63473,0
26147,63011,0
27115,63979,0
25943,62807,0
26923,63787,0
28583,65447,0
26322,63186,0
26555,63419,0
26460,63324,0
27177,64041,0
27305,64169,0
26710,63574,0
26604,63468,0
26182,63046,0
27071,63935,0
26409,63273,0
26377,63241,0
27056,63920,0
26816,63680,0
26431,63295,0
27252,64116,0
27732,64596,0
26959,63823,0
25974,62838,0
26400,63264,0
26610,63474,0
26097,62961,0
25371,62235,0
26791,63655,0
26493,63357,0
26768,63632,0
27435,64299,0
27235,64099,0
26582,63446,0
26641,63505,0
26929,63793,0
26079,62943,0
27180,64044,0
26685,63549,0
26939,63803,0
25862,62726,0
27288,64152,0
26690,63554,0
27077,63941,0
26653,63517,0
26796,63660,0
27462,64326,0
27569,64433,0
25656,62520,0
25761,62625,0
27333,64197,0
27556,64420,0
25885,62749,0
27298,64162,0
27745,64609,0
26619,63483,0
26985,63849,0
27427,64291,0
26401,63265,0
26783,63647,0
26560,63424,0
26405,63269,0
26733,63597,0
27399,64263,0
26750,63614,0
26193,63057,0
26448,63312,0
25734,62598,0
28008,64872,0
28172,65036,0
25851,62715,0
26439,63303,0
28034,64898,0
26122,62986,0
26523,63387,0
27962,64826,0
27399,64263,0
26285,63149,0
27458,64322,0
26337,63201,0
25664,62528,0
26708,63572,0
27677,64541,0
25920,62784,0
25605,62469,0
26311,63175,0
26044,62908,0
27599,64463,0
25767,62631,0
27475,64339,0
26710,63574,0
26576,63440,0
26520,63384,0
25912,62776,0
26919,63783,0
26057,62921,0
26628,63492,0
26011,62875,0
27106,63970,0
27032,63896,0
25990,62854,0
26579,63443,0
27132,63996,0
26022,62886,0
26580,63444,0
26962,63826,0
27544,64408,0
26753,63617,0
26295,63159,0
25550,62414,0
25610,62474,0
27485,64349,0
26249,63113,0
26603,63467,0
26349,63213,0
27093,63957,0
26722,63586,0
25279,62143,0
26950,63814,0
27278,64142,0
26113,62977,0
25402,62266,0
26518,63382,0
27142,64006,0
27906,64770,0
25986,62850,0
26088,62952,0
27331,64195,0
26338,63202,0
26700,63564,0
27105,63969,0
27010,63874,0
27091,63955,0
26626,63490,0
27496,64360,0
27073,63937,0
26589,63453,0
27946,64810,0
27790,64654,0
26522,63386,0
25715,62579,0
27267,64131,0
26690,63554,0
25931,62795,0
27047,63911,0
26684,63548,0
27248,64112,0
26398,63262,0
27181,64045,0
26122,62986,0
27253,64117,0
26976,63840,0
26731,63595,0
27042,63906,0
26476,63340,0
26938,63802,0
26961,63825,0
28222,65086,0
26764,63628,0
27168,64032,0
26018,62882,0
26367,63231,0
26451,63315,0
26528,63392,0
27311,64175,0
26160,63024,0
28125,64989,0
26813,63677,0
26187,63051,0
25851,62715,0
25561,62425,0
26364,63228,0
26534,63398,0
26265,63129,0
27175,64039,0
26327,63191,0
26878,63742,0
26251,63115,0
26426,63290,0
26523,63387,0
26886,63750,0
25975,62839,0
26466,63330,0
26211,63075,0
26374,63238,0
25873,62737,0
27624,64488,0
25886,62750,0
26702,63566,0
26087,62951,0
27722,64586,0
28010,64874,0
26472,63336,0
25914,62778,0
26160,63024,0
27248,64112,0
25431,62295,0
26368,63232,0
26939,63803,0
25634,62498,0
26425,63289,0
26576,63440,0
26770,63634,0
26322,63186,0
26322,63186,0
26373,63237,0
26095,62959,0
26768,63632,0
27822,64686,0
26848,63712,0
26761,63625,0
27017,63881,0
26893,63757,0
27465,64329,0
26269,63133,0
26919,63783,0
26317,63181,0
26093,62957,0
27203,64067,0
26767,63631,0
26099,62963,0
25964,62828,0
25722,62586,0
26899,63763,0
26567,63431,0
26515,63379,0
27264,64128,0
25941,62805,0
25758,62622,0
26085,62949,0
28057,64921,0
27219,64083,0
25672,62536,0
27386,64250,0
27218,64082,0
27109,63973,0
26679,63543,0
26933,63797,0
27326,64190,0
26621,63485,0
27409,64273,0
25336,62200,0
26278,63142,0
27159,64023,0
26722,63586,0
27432,64296,0
26211,63075,0
27423,64287,0
27602,64466,0
26578,63442,0
25573,62437,0
26713,63577,0
27302,64166,0
27281,64145,0
26510,63374,0
27123,63987,0
26392,63256,0
25963,62827,0
27456,64320,0
26809,63673,0
27686,64550,0
27301,64165,0
26485,63349,0
26218,63082,0
26875,63739,0
25909,62773,0
27265,64129,0
25969,62833,0
27680,64544,0
26860,63724,0
27777,64641,0
27608,64472,0
25807,62671,0
26698,63562,0
26052,62916,0
27078,63942,0
26226,63090,0
26044,62908,0
26037,62901,0
25766,62630,0
27522,64386,0
25515,62379,0
25535,62399,0
26378,63242,0
27271,64135,0
27679,64543,0
26318,63182,0
26185,63049,0
26090,62954,0
26146,63010,0
27127,63991,0
27637,64501,0
26283,63147,0
26911,63775,0
26434,63298,0
24851,61715,0
26096,62960,0
27054,63918,0
27762,64626,0
27931,64795,0
27039,63903,0
25488,62352,0
27014,63878,0
26616,63480,0
26543,63407,0
26455,63319,0
28161,65025,0
26887,63751,0
26488,63352,0
26436,63300,0
25669,62533,0
27332,64196,0
28452,65316,0
26835,63699,0
26461,63325,0
26197,63061,0
25960,62824,0
26895,63759,0
25735,62599,0
27734,64598,0
25756,62620,0
26987,63851,0
27376,64240,0
25978,62842,0
26961,63825,0
27879,64743,0
25708,62572,0
26284,63148,0
27987,64851,0
26515,63379,0
27524,64388,0
26538,63402,0
26309,63173,0
27764,64628,0
27589,64453,0
27148,64012,0
27597,64461,0
25780,62644,0
26294,63158,0
26648,63512,0
25761,62625,0
27061,63925,0
28540,65404,0
27175,64039,0
27637,64501,0
26959,63823,0
27003,63867,0
27644,64508,0
26970,63834,0
26097,62961,0
26313,63177,0
26948,63812,0
26235,63099,0
26236,63100,0
26689,63553,0
26231,63095,0
25663,62527,0
25665,62529,0
25875,62739,0
25478,62342,0
25305,62169,0
26950,63814,0
26557,63421,0
26756,63620,0
26865,63729,0
26351,63215,0
27297,64161,0
25749,62613,0
27538,64402,0
25747,62611,0
25842,62706,0
27457,64321,0
27501,64365,0
26153,63017,0
26563,63427,0
26689,63553,0
26913,63777,0
25800,62664,0
26501,63365,0
26993,63857,0
26694,63558,0
27023,63887,0
26546,63410,0
27562,64426,0
27395,64259,0
27752,64616,0
25793,62657,0
26493,63357,0
27745,64609,0
25948,62812,0
26521,63385,0
26766,63630,0
25596,62460,0
26686,63550,0
26650,63514,0
26009,62873,0
27145,64009,0
26540,63404,0
25308,62172,0
27392,64256,0
26601,63465,0
27313,64177,0
27225,64089,0
26479,63343,0
28024,64888,0
26330,63194,0
27158,64022,0
26586,63450,0
25835,62699,0
25302,62166,0
26972,63836,0
28504,65368,0
27574,64438,0
26661,63525,0
26242,63106,0
27399,64263,0
26074,62938,0
27001,63865,0
26011,62875,0
28189,65053,0
27740,64604,0
27852,64716,0
26963,63827,0
27256,64120,0
26799,63663,0
26093,62957,0
26446,63310,0
25431,62295,0
27093,63957,0
27856,64720,0
26365,63229,0
26142,63006,0
25845,62709,0
27159,64023,0
26290,63154,0
27019,63883,0
26547,63411,0
26893,63757,0
26945,63809,0
26852,63716,0
26166,63030,0
26789,63653,0
24992,61856,0
28239,65103,0
26246,63110,0
26902,63766,0
26910,63774,0
26635,63499,0
26385,63249,0
27102,63966,0
26777,63641,0
26855,63719,0
27069,63933,0
26423,63287,0
26545,63409,0
26199,63063,0
25721,62585,0
26908,63772,0
25840,62704,0
27774,64638,0
26833,63697,0
26682,63546,0
26588,63452,0
25779,62643,0
25890,62754,0
27093,63957,0
26671,63535,0
27119,63983,0
27329,64193,0
26336,63200,0
26229,63093,0
26811,63675,0
28348,65212,0
27093,63957,0
26145,63009,0
26701,63565,0
26634,63498,0
25672,62536,0
26962,63826,0
27189,64053,0
26779,63643,0
26001,62865,0
26438,63302,0
26028,62892,0
27382,64246,0
26913,63777,0
27518,64382,0
26530,63394,0
26509,63373,0
26769,63633,0
27919,64783,0
27013,63877,0
26847,63711,0
26283,63147,0
26502,63366,0
26471,63335,0
26639,63503,0
26740,63604,0
27501,64365,0
26862,63726,0
26138,63002,0
27243,64107,0
26685,63549,0
25459,62323,0
27422,64286,0
27559,64423,0
26270,63134,0
26532,63396,0
27466,64330,0
25892,62756,0
26045,62909,0
26247,63111,0
26253,63117,0
25709,62573,0
25893,62757,0
26458,63322,0
26245,63109,0
27278,64142,0
25636,62500,0
26308,63172,0
25755,62619,0
27264,64128,0
26324,63188,0
25273,62137,0
25529,62393,0
26154,63018,0
25800,62664,0
27884,64748,0
26691,63555,0
28221,65085,0
26353,63217,0
27827,64691,0
25896,62760,0
26790,63654,0
27432,64296,0
26938,63802,0
27041,63905,0
26742,63606,0
26892,63756,0
27085,63949,0
26374,63238,0
26744,63608,0
27018,63882,0
26538,63402,0
25398,62262,0
26219,63083,0
26117,62981,0
25464,62328,0
25821,62685,0
26438,63302,0
25801,62665,0
27096,63960,0
27603,64467,0
27524,64388,0
24577,61441,0
27275,64139,0
27115,63979,0
27319,64183,0
27128,63992,0
27031,63895,0
27054,63918,0
26371,63235,0
26423,63287,0
28339,65203,0
26520,63384,0
27236,64100,0
27408,64272,0
25308,62172,0
26297,63161,0
25566,62430,0
26304,63168,0
27220,64084,0
26801,63665,0
27115,63979,0
26028,62892,0
26274,63138,0
25409,62273,0
26362,63226,0
26949,63813,0
27001,63865,0
26011,62875,0
25697,62561,0
26925,63789,0
27366,64230,0
28670,65534,0
26312,63176,0
27277,64141,0
26476,63340,0
25949,62813,0
25812,62676,0
26140,63004,0
26525,63389,0
25789,62653,0
27282,64146,0
27265,64129,0
26028,62892,0
25482,62346,0
25206,62070,0
27137,64001,0
26346,63210,0
27431,64295,0
26697,63561,0
26876,63740,0
26418,63282,0
27667,64531,0
26265,63129,0
26411,63275,0
26570,63434,0
25038,61902,0
26883,63747,0
27555,64419,0
27268,64132,0
27006,63870,0
25720,62584,0
25575,62439,0
26387,63251,0
26296,63160,0
25854,62718,0
26996,63860,0
26402,63266,0
26441,63305,0
25585,62449,0
26603,63467,0
25673,62537,0
27353,64217,0
27121,63985,0
26821,63685,0
27475,64339,0
25750,62614,0
26131,62995,0
26907,63771,0
26948,63812,0
25884,62748,0
27467,64331,0
24920,61784,0
27429,64293,0
27266,64130,0
26351,63215,0
26584,63448,0
26587,63451,0
26138,63002,0
26101,62965,0
25538,62402,0
27018,63882,0
27013,63877,0
25808,62672,0
27877,64741,0
26874,63738,0
27173,64037,0
27011,63875,0
25161,62025,0
26442,63306,0
26826,63690,0
27277,64141,0
26680,63544,0
26592,63456,0
27201,64065,0
26447,63311,0
26951,63815,0
25777,62641,0
25606,62470,0
26592,63456,0
26995,63859,0
26838,63702,0
25990,62854,0
25720,62584,0
27539,64403,0
26557,63421,0
27713,64577,0
27349,64213,0
25716,62580,0
27104,63968,0
26208,63072,0
26920,63784,0
26234,63098,0
26202,63066,0
27687,64551,0
26250,63114,0
27802,64666,0
26346,63210,0
26634,63498,0
25862,62726,0
27589,64453,0
26860,63724,0
25451,62315,0
26683,63547,0
24910,61774,0
26893,63757,0
27191,64055,0
25779,62643,0
25403,62267,0
25961,62825,0
