14377,2089,1
14504,2216,0
14268,63420,0
14423,63575,0
14402,63554,0
14446,63598,0
14261,63413,0
14464,63616,0
14460,63612,0
14423,63575,0
14417,63569,0
14415,63567,0
14178,63330,0
14477,63629,0
14319,63471,0
14230,63382,0
14100,63252,0
14414,63566,0
14323,63475,0
14491,63643,0
14175,63327,0
14446,63598,0
14461,63613,0
14489,63641,0
14275,63427,0
14259,63411,0
14398,63550,0
14433,63585,0
14296,63448,0
14378,63530,0
14411,63563,0
14451,63603,0
14308,63460,0
14436,63588,0
14365,63517,0
14226,63378,0
14219,63371,0
14333,63485,0
14329,63481,0
14290,63442,0
14330,63482,0
14212,63364,0
14264,63416,0
14320,63472,0
14448,63600,0
14205,63357,0
14422,63574,0
14382,63534,0
14274,63426,0
14309,63461,0
14434,63586,0
14654,63806,0
14203,63355,0
14313,63465,0
14257,63409,0
14400,63552,0
14193,63345,0
14246,63398,0
14349,63501,0
14000,63152,0
14348,63500,0
14388,63540,0
14478,63630,0
14200,63352,0
14194,63346,0
14245,63397,0
14310,63462,0
14323,63475,0
14459,63611,0
14334,63486,0
14376,63528,0
14268,63420,0
14252,63404,0
14465,63617,0
14464,63616,0
14436,63588,0
14417,63569,0
14328,63480,0
14608,63760,0
14532,63684,0
14295,63447,0
14335,63487,0
14359,63511,0
14297,63449,0
14336,63488,0
14437,63589,0
14404,63556,0
14329,63481,0
14303,63455,0
14332,63484,0
14477,63629,0
14334,63486,0
14217,63369,0
14283,63435,0
14295,63447,0
14446,63598,0
14299,63451,0
14269,63421,0
14213,63365,0
14389,63541,0
14211,63363,0
14265,63417,0
14355,63507,0
14259,63411,0
14321,63473,0
14168,63320,0
14308,63460,0
14375,63527,0
14287,63439,0
14326,63478,0
14354,63506,0
14283,63435,0
14450,63602,0
14383,63535,0
14272,63424,0
14225,63377,0
14316,63468,0
14379,63531,0
14277,63429,0
14414,63566,0
14190,63342,0
14392,63544,0
14296,63448,0
14353,63505,0
14228,63380,0
14550,63702,0
14292,63444,0
14325,63477,0
14240,63392,0
14273,63425,0
14280,63432,0
14300,63452,0
14266,63418,0
14451,63603,0
14354,63506,0
14258,63410,0
14481,63633,0
14251,63403,0
14242,63394,0
14228,63380,0
14150,63302,0
14416,63568,0
14281,63433,0
14309,63461,0
14263,63415,0
14368,63520,0
14527,63679,0
14411,63563,0
14137,63289,0
14349,63501,0
14431,63583,0
14327,63479,0
14264,63416,0
14473,63625,0
14406,63558,0
14392,63544,0
14276,63428,0
14433,63585,0
14450,63602,0
14401,63553,0
14315,63467,0
14426,63578,0
14515,63667,0
14374,63526,0
14407,63559,0
14548,63700,0
14153,63305,0
14415,63567,0
14330,63482,0
14287,63439,0
14327,63479,0
14308,63460,0
14367,63519,0
14227,63379,0
14313,63465,0
14240,63392,0
14390,63542,0
14241,63393,0
14450,63602,0
14192,63344,0
14396,63548,0
14210,63362,0
14231,63383,0
14243,63395,0
14116,63268,0
14111,63263,0
14512,63664,0
14214,63366,0
14196,63348,0
14475,63627,0
14288,63440,0
14450,63602,0
14359,63511,0
14343,63495,0
14317,63469,0
14284,63436,0
14303,63455,0
14498,63650,0
14394,63546,0
14443,63595,0
14187,63339,0
14625,63777,0
14408,63560,0
14461,63613,0
14340,63492,0
14345,63497,0
14254,63406,0
14316,63468,0
14288,63440,0
14308,63460,0
14218,63370,0
14557,63709,0
14220,63372,0
14279,63431,0
14374,63526,0
14422,63574,0
14231,63383,0
14362,63514,0
14351,63503,0
14466,63618,0
14419,63571,0
14240,63392,0
14419,63571,0
14342,63494,0
14284,63436,0
14164,63316,0
14287,63439,0
14298,63450,0
14363,63515,0
14409,63561,0
14231,63383,0
14228,63380,0
14555,63707,0
14223,63375,0
14245,63397,0
14284,63436,0
14352,63504,0
14225,63377,0
14371,63523,0
14436,63588,0
14402,63554,0
14274,63426,0
14473,63625,0
14153,63305,0
14146,63298,0
14424,63576,0
14403,63555,0
14238,63390,0
14219,63371,0
14198,63350,0
14340,63492,0
14443,63595,0
14375,63527,0
14476,63628,0
14490,63642,0
14536,63688,0
14220,63372,0
14221,63373,0
14412,63564,0
14357,63509,0
14541,63693,0
14409,63561,0
14164,63316,0
14002,63154,0
14330,63482,0
14288,63440,0
14393,63545,0
14349,63501,0
14383,63535,0
14131,63283,0
14525,63677,0
14185,63337,0
14353,63505,0
14289,63441,0
14460,63612,0
14516,63668,0
14360,63512,0
14434,63586,0
14245,63397,0
14317,63469,0
14398,63550,0
14200,63352,0
14431,63583,0
14363,63515,0
14369,63521,0
14168,63320,0
14429,63581,0
14429,63581,0
14239,63391,0
14393,63545,0
14272,63424,0
14424,63576,0
14253,63405,0
14256,63408,0
14328,63480,0
14250,63402,0
14211,63363,0
14322,63474,0
14187,63339,0
14236,63388,0
14220,63372,0
14253,63405,0
14125,63277,0
14469,63621,0
14333,63485,0
14272,63424,0
14530,63682,0
14330,63482,0
14274,63426,0
14337,63489,0
14359,63511,0
14388,63540,0
14186,63338,0
14270,63422,0
14330,63482,0
14350,63502,0
14295,63447,0
14281,63433,0
14337,63489,0
14326,63478,0
14313,63465,0
14353,63505,0
14328,63480,0
14092,63244,0
14575,63727,0
14367,63519,0
14463,63615,0
14350,63502,0
14466,63618,0
14316,63468,0
14240,63392,0
14299,63451,0
14363,63515,0
14452,63604,0
14442,63594,0
14280,63432,0
14417,63569,0
14224,63376,0
14396,63548,0
14395,63547,0
14365,63517,0
14442,63594,0
14498,63650,0
14269,63421,0
14183,63335,0
14301,63453,0
14469,63621,0
14461,63613,0
14236,63388,0
14341,63493,0
14323,63475,0
14275,63427,0
14199,63351,0
14298,63450,0
14091,63243,0
14364,63516,0
14408,63560,0
14208,63360,0
14311,63463,0
14386,63538,0
14085,63237,0
14436,63588,0
14497,63649,0
14371,63523,0
14239,63391,0
14454,63606,0
14351,63503,0
14370,63522,0
14312,63464,0
14330,63482,0
14342,63494,0
14242,63394,0
14335,63487,0
14252,63404,0
14234,63386,0
14312,63464,0
14618,63770,0
14393,63545,0
14301,63453,0
14300,63452,0
14149,63301,0
14466,63618,0
14298,63450,0
14328,63480,0
14470,63622,0
14409,63561,0
14386,63538,0
14480,63632,0
14204,63356,0
14360,63512,0
14237,63389,0
13990,63142,0
14314,63466,0
14320,63472,0
14329,63481,0
14296,63448,0
14431,63583,0
14199,63351,0
14318,63470,0
14474,63626,0
14260,63412,0
14556,63708,0
14196,63348,0
14275,63427,0
14346,63498,0
14526,63678,0
14416,63568,0
14262,63414,0
14355,63507,0
14343,63495,0
14388,63540,0
14357,63509,0
14240,63392,0
14395,63547,0
14228,63380,0
14464,63616,0
14414,63566,0
14384,63536,0
14285,63437,0
14466,63618,0
14408,63560,0
14279,63431,0
14419,63571,0
14503,63655,0
14360,63512,0
14430,63582,0
14387,63539,0
14233,63385,0
14130,63282,0
14517,63669,0
14398,63550,0
14346,63498,0
14446,63598,0
14414,63566,0
14431,63583,0
14384,63536,0
14330,63482,0
14428,63580,0
14410,63562,0
14352,63504,0
14215,63367,0
14315,63467,0
14400,63552,0
14265,63417,0
14378,63530,0
14258,63410,0
14514,63666,0
14371,63523,0
14304,63456,0
14484,63636,0
14307,63459,0
14219,63371,0
14300,63452,0
14146,63298,0
14242,63394,0
14504,63656,0
14447,63599,0
14139,63291,0
14277,63429,0
14405,63557,0
14268,63420,0
14385,63537,0
14373,63525,0
14084,63236,0
14237,63389,0
14316,63468,0
14232,63384,0
14426,63578,0
14300,63452,0
14243,63395,0
14326,63478,0
14380,63532,0
14385,63537,0
14102,63254,0
14372,63524,0
14308,63460,0
14342,63494,0
14370,63522,0
14277,63429,0
14373,63525,0
14357,63509,0
14320,63472,0
14480,63632,0
14513,63665,0
14319,63471,0
14445,63597,0
14361,63513,0
14387,63539,0
14437,63589,0
14525,63677,0
14474,63626,0
14443,63595,0
14315,63467,0
14151,63303,0
14190,63342,0
14340,63492,0
14159,63311,0
14311,63463,0
14172,63324,0
14375,63527,0
14415,63567,0
14552,63704,0
14350,63502,0
14323,63475,0
14101,63253,0
14147,63299,0
14361,63513,0
14460,63612,0
14272,63424,0
14611,63763,0
14315,63467,0
14393,63545,0
14376,63528,0
14148,63300,0
14345,63497,0
14202,63354,0
14212,63364,0
14238,63390,0
14442,63594,0
14439,63591,0
14320,63472,0
14357,63509,0
14316,63468,0
14403,63555,0
14408,63560,0
14335,63487,0
14146,63298,0
14358,63510,0
14290,63442,0
14380,63532,0
14417,63569,0
14352,63504,0
14353,63505,0
14526,63678,0
14347,63499,0
14441,63593,0
14359,63511,0
14338,63490,0
14211,63363,0
14319,63471,0
14362,63514,0
14228,63380,0
14402,63554,0
14181,63333,0
14307,63459,0
14525,63677,0
14369,63521,0
14336,63488,0
14518,63670,0
14198,63350,0
14386,63538,0
14351,63503,0
14499,63651,0
14385,63537,0
14291,63443,0
14430,63582,0
14289,63441,0
14464,63616,0
14288,63440,0
14411,63563,0
14411,63563,0
14381,63533,0
14224,63376,0
14274,63426,0
14250,63402,0
14330,63482,0
14391,63543,0
14450,63602,0
14491,63643,0
14276,63428,0
14529,63681,0
14254,63406,0
14393,63545,0
14360,63512,0
14429,63581,0
14424,63576,0
14309,63461,0
14285,63437,0
14191,63343,0
14442,63594,0
14377,63529,0
14404,63556,0
14279,63431,0
14274,63426,0
14385,63537,0
14305,63457,0
14306,63458,0
14463,63615,0
14298,63450,0
14339,63491,0
14447,63599,0
14264,63416,0
14421,63573,0
14326,63478,0
14222,63374,0
14385,63537,0
14500,63652,0
14398,63550,0
14422,63574,0
14280,63432,0
14258,63410,0
14391,63543,0
14415,63567,0
14423,63575,0
14401,63553,0
14469,63621,0
14642,63794,0
14353,63505,0
14238,63390,0
14383,63535,0
14191,63343,0
14406,63558,0
14337,63489,0
14300,63452,0
14391,63543,0
14147,63299,0
14242,63394,0
14403,63555,0
14341,63493,0
14365,63517,0
14226,63378,0
14344,63496,0
14293,63445,0
14294,63446,0
14434,63586,0
14385,63537,0
14420,63572,0
14267,63419,0
14418,63570,0
14146,63298,0
14271,63423,0
14409,63561,0
14520,63672,0
14342,63494,0
14235,63387,0
14481,63633,0
14222,63374,0
14327,63479,0
14329,63481,0
14330,63482,0
14257,63409,0
14126,63278,0
14270,63422,0
14416,63568,0
14155,63307,0
14232,63384,0
14426,63578,0
14527,63679,0
14445,63597,0
14177,63329,0
14241,63393,0
14211,63363,0
14202,63354,0
14488,63640,0
14352,63504,0
14305,63457,0
14298,63450,0
14294,63446,0
14338,63490,0
14320,63472,0
14427,63579,0
14480,63632,0
14258,63410,0
14224,63376,0
14294,63446,0
14355,63507,0
14250,63402,0
14369,63521,0
14271,63423,0
14386,63538,0
14249,63401,0
14355,63507,0
14328,63480,0
14341,63493,0
14367,63519,0
14399,63551,0
14416,63568,0
14224,63376,0
14331,63483,0
14598,63750,0
14291,63443,0
14265,63417,0
14530,63682,0
14488,63640,0
14430,63582,0
14375,63527,0
14371,63523,0
14366,63518,0
14388,63540,0
14337,63489,0
14337,63489,0
14213,63365,0
14265,63417,0
14337,63489,0
14452,63604,0
14511,63663,0
14281,63433,0
14427,63579,0
14376,63528,0
14365,63517,0
14282,63434,0
14287,63439,0
14334,63486,0
14395,63547,0
14544,63696,0
14557,63709,0
14266,63418,0
14413,63565,0
14373,63525,0
14304,63456,0
14424,63576,0
14470,63622,0
14473,63625,0
14441,63593,0
14206,63358,0
14528,63680,0
14216,63368,0
14386,63538,0
14300,63452,0
14224,63376,0
14241,63393,0
14261,63413,0
14475,63627,0
14294,63446,0
14204,63356,0
14226,63378,0
14256,63408,0
14276,63428,0
14407,63559,0
14409,63561,0
14225,63377,0
14296,63448,0
14184,63336,0
14320,63472,0
14182,63334,0
14231,63383,0
14351,63503,0
14435,63587,0
14215,63367,0
14300,63452,0
14337,63489,0
14285,63437,0
14163,63315,0
14230,63382,0
14547,63699,0
14408,63560,0
14446,63598,0
14353,63505,0
14349,63501,0
14304,63456,0
14110,63262,0
14392,63544,0
14198,63350,0
14313,63465,0
14379,63531,0
14471,63623,0
14293,63445,0
14446,63598,0
14387,63539,0
14446,63598,0
14298,63450,0
14214,63366,0
14195,63347,0
14089,63241,0
14408,63560,0
14264,63416,0
14267,63419,0
14269,63421,0
14241,63393,0
14272,63424,0
14359,63511,0
14571,63723,0
14366,63518,0
14524,63676,0
14260,63412,0
14280,63432,0
14432,63584,0
14352,63504,0
14335,63487,0
14306,63458,0
14373,63525,0
14189,63341,0
14454,63606,0
14241,63393,0
14383,63535,0
14184,63336,0
14211,63363,0
14258,63410,0
14292,63444,0
14377,63529,0
14295,63447,0
14255,63407,0
14432,63584,0
14208,63360,0
14433,63585,0
14368,63520,0
14412,63564,0
14305,63457,0
14330,63482,0
14180,63332,0
14359,63511,0
14327,63479,0
14479,63631,0
14223,63375,0
14323,63475,0
14422,63574,0
14441,63593,0
14286,63438,0
14326,63478,0
14407,63559,0
14477,63629,0
14447,63599,0
14341,63493,0
14284,63436,0
14470,63622,0
14381,63533,0
14325,63477,0
14534,63686,0
14350,63502,0
14454,63606,0
14257,63409,0
14153,63305,0
14436,63588,0
14289,63441,0
14296,63448,0
14506,63658,0
14378,63530,0
14343,63495,0
14330,63482,0
14363,63515,0
14360,63512,0
14381,63533,0
14453,63605,0
14312,63464,0
14212,63364,0
14330,63482,0
14310,63462,0
14580,63732,0
14347,63499,0
14508,63660,0
14177,63329,0
14421,63573,0
14256,63408,0
14341,63493,0
14156,63308,0
14279,63431,0
14183,63335,0
14335,63487,0
14271,63423,0
14335,63487,0
14277,63429,0
14292,63444,0
14240,63392,0
14283,63435,0
14319,63471,0
14176,63328,0
14410,63562,0
14385,63537,0
14250,63402,0
14350,63502,0
14231,63383,0
14205,63357,0
14473,63625,0
14343,63495,0
14400,63552,0
14367,63519,0
14378,63530,0
14568,63720,0
14268,63420,0
14354,63506,0
14279,63431,0
14283,63435,0
14361,63513,0
14397,63549,0
14426,63578,0
14230,63382,0
14322,63474,0
14206,63358,0
14385,63537,0
14316,63468,0
14257,63409,0
14397,63549,0
14336,63488,0
14204,63356,0
14413,63565,0
14258,63410,0
14247,63399,0
14348,63500,0
14278,63430,0
14428,63580,0
14389,63541,0
14279,63431,0
14443,63595,0
14365,63517,0
14247,63399,0
14326,63478,0
14276,63428,0
14267,63419,0
14256,63408,0
14394,63546,0
14332,63484,0
14233,63385,0
14036,63188,0
14380,63532,0
14360,63512,0
14331,63483,0
14383,63535,0
14319,63471,0
14289,63441,0
14245,63397,0
14294,63446,0
14412,63564,0
14298,63450,0
14377,63529,0
14390,63542,0
14325,63477,0
14442,63594,0
14370,63522,0
14324,63476,0
14379,63531,0
14386,63538,0
14397,63549,0
14339,63491,0
14305,63457,0
14434,63586,0
14329,63481,0
14190,63342,0
14311,63463,0
14434,63586,0
14394,63546,0
14437,63589,0
14208,63360,0
14359,63511,0
14238,63390,0
14258,63410,0
14451,63603,0
14290,63442,0
14336,63488,0
14362,63514,0
14293,63445,0
14372,63524,0
14334,63486,0
14257,63409,0
14396,63548,0
14084,63236,0
14279,63431,0
14343,63495,0
14310,63462,0
14289,63441,0
14433,63585,0
14295,63447,0
14298,63450,0
14239,63391,0
14191,63343,0
14533,63685,0
14385,63537,0
14420,63572,0
14244,63396,0
14158,63310,0
14247,63399,0
14274,63426,0
14398,63550,0
14226,63378,0
14238,63390,0
14394,63546,0
14215,63367,0
14254,63406,0
14375,63527,0
14381,63533,0
14212,63364,0
14393,63545,0
14249,63401,0
14633,63785,0
14202,63354,0
14342,63494,0
14300,63452,0
14083,63235,0
14218,63370,0
14234,63386,0
14427,63579,0
14430,63582,0
14356,63508,0
14404,63556,0
14362,63514,0
14409,63561,0
14460,63612,0
14318,63470,0
14503,63655,0
14082,63234,0
14392,63544,0
14179,63331,0
14427,63579,0
14520,63672,0
14226,63378,0
14140,63292,0
14306,63458,0
14488,63640,0
14380,63532,0
14449,63601,0
14382,63534,0
14446,63598,0
14363,63515,0
14472,63624,0
14271,63423,0
14235,63387,0
14433,63585,0
14367,63519,0
14323,63475,0
14221,63373,0
14213,63365,0
14260,63412,0
14225,63377,0
14319,63471,0
14261,63413,0
14414,63566,0
14441,63593,0
14367,63519,0
14271,63423,0
14171,63323,0
14349,63501,0
14409,63561,0
14183,63335,0
14315,63467,0
14397,63549,0
14368,63520,0
14362,63514,0
14374,63526,0
14330,63482,0
14214,63366,0
14569,63721,0
14333,63485,0
14157,63309,0
14367,63519,0
14322,63474,0
14289,63441,0
14328,63480,0
14253,63405,0
14238,63390,0
14291,63443,0
14326,63478,0
14452,63604,0
14549,63701,0
14142,63294,0
14369,63521,0
14303,63455,0
14419,63571,0
14209,63361,0
14412,63564,0
14274,63426,0
14280,63432,0
14258,63410,0
14467,63619,0
14330,63482,0
14266,63418,0
14300,63452,0
14205,63357,0
14347,63499,0
14380,63532,0
14528,63680,0
14432,63584,0
14310,63462,0
14348,63500,0
14275,63427,0
14362,63514,0
14285,63437,0
14187,63339,0
14203,63355,0
14204,63356,0
14406,63558,0
14357,63509,0
14575,63727,0
14342,63494,0
14320,63472,0
14329,63481,0
14397,63549,0
14239,63391,0
14465,63617,0
14456,63608,0
14402,63554,0
14290,63442,0
14555,63707,0
14385,63537,0
14189,63341,0
14404,63556,0
14274,63426,0
14243,63395,0
14468,63620,0
14278,63430,0
14420,63572,0
14257,63409,0
14208,63360,0
14183,63335,0
14388,63540,0
14542,63694,0
14447,63599,0
14280,63432,0
14371,63523,0
14297,63449,0
14473,63625,0
14509,63661,0
14488,63640,0
14264,63416,0
14314,63466,0
14297,63449,0
14291,63443,0
14446,63598,0
14383,63535,0
14281,63433,0
14376,63528,0
14328,63480,0
14431,63583,0
14240,63392,0
14428,63580,0
14239,63391,0
14222,63374,0
14259,63411,0
14427,63579,0
14435,63587,0
14349,63501,0
14221,63373,0
14301,63453,0
14353,63505,0
14247,63399,0
14090,63242,0
14224,63376,0
14296,63448,0
14279,63431,0
14288,63440,0
14281,63433,0
14417,63569,0
14340,63492,0
14463,63615,0
14286,63438,0
14357,63509,0
14379,63531,0
14301,63453,0
14355,63507,0
14430,63582,0
14330,63482,0
14287,63439,0
14280,63432,0
14272,63424,0
14359,63511,0
14255,63407,0
14283,63435,0
14581,63733,0
14462,63614,0
14420,63572,0
14154,63306,0
14335,63487,0
14331,63483,0
14211,63363,0
14446,63598,0
14249,63401,0
14315,63467,0
14352,63504,0
14382,63534,0
14247,63399,0
14340,63492,0
14458,63610,0
14396,63548,0
14368,63520,0
14435,63587,0
14191,63343,0
14228,63380,0
14363,63515,0
14460,63612,0
14461,63613,0
14383,63535,0
14434,63586,0
14304,63456,0
14251,63403,0
14519,63671,0
14242,63394,0
14392,63544,0
14329,63481,0
14317,63469,0
14066,63218,0
14246,63398,0
14340,63492,0
14243,63395,0
14271,63423,0
14309,63461,0
14384,63536,0
14045,63197,0
14137,63289,0
14449,63601,0
14446,63598,0
14325,63477,0
14379,63531,0
14161,63313,0
14316,63468,0
14406,63558,0
14316,63468,0
14092,63244,0
14352,63504,0
14518,63670,0
14307,63459,0
14423,63575,0
14456,63608,0
14453,63605,0
14355,63507,0
14357,63509,0
14124,63276,0
14386,63538,0
14291,63443,0
14302,63454,0
14225,63377,0
14302,63454,0
14204,63356,0
14281,63433,0
14330,63482,0
14489,63641,0
14149,63301,0
14357,63509,0
14350,63502,0
14151,63303,0
14238,63390,0
14354,63506,0
14522,63674,0
14382,63534,0
14351,63503,0
14333,63485,0
14513,63665,0
14441,63593,0
14392,63544,0
14490,63642,0
14187,63339,0
14304,63456,0
14304,63456,0
14234,63386,0
14381,63533,0
14227,63379,0
14405,63557,0
14393,63545,0
14148,63300,0
14306,63458,0
14384,63536,0
14259,63411,0
14482,63634,0
14530,63682,0
14264,63416,0
14272,63424,0
14357,63509,0
14228,63380,0
14254,63406,0
14300,63452,0
14339,63491,0
14583,63735,0
14153,63305,0
14310,63462,0
14467,63619,0
14370,63522,0
14231,63383,0
14464,63616,0
14293,63445,0
14375,63527,0
14565,63717,0
14327,63479,0
14337,63489,0
14339,63491,0
14155,63307,0
14324,63476,0
14403,63555,0
14652,63804,0
14445,63597,0
14283,63435,0
14155,63307,0
14431,63583,0
14374,63526,0
14484,63636,0
14251,63403,0
14516,63668,0
14408,63560,0
14410,63562,0
14273,63425,0
14370,63522,0
14248,63400,0
14310,63462,0
14355,63507,0
14455,63607,0
14395,63547,0
14294,63446,0
14299,63451,0
14339,63491,0
14186,63338,0
14431,63583,0
14310,63462,0
14445,63597,0
14159,63311,0
14398,63550,0
14616,63768,0
14101,63253,0
14353,63505,0
14281,63433,0
14260,63412,0
14268,63420,0
14369,63521,0
14245,63397,0
14335,63487,0
14529,63681,0
14274,63426,0
14304,63456,0
14378,63530,0
14362,63514,0
14350,63502,0
14405,63557,0
14349,63501,0
14378,63530,0
14482,63634,0
14326,63478,0
14205,63357,0
14401,63553,0
14233,63385,0
14300,63452,0
14273,63425,0
14353,63505,0
14291,63443,0
14212,63364,0
14192,63344,0
14258,63410,0
14403,63555,0
14377,63529,0
14274,63426,0
14281,63433,0
14169,63321,0
14373,63525,0
14132,63284,0
14241,63393,0
14409,63561,0
14407,63559,0
14296,63448,0
14329,63481,0
14493,63645,0
14327,63479,0
14361,63513,0
14420,63572,0
14448,63600,0
14289,63441,0
14398,63550,0
14493,63645,0
14164,63316,0
14324,63476,0
14293,63445,0
14408,63560,0
14276,63428,0
14317,63469,0
14266,63418,0
14382,63534,0
14254,63406,0
14388,63540,0
14319,63471,0
14296,63448,0
14299,63451,0
14227,63379,0
14397,63549,0
14371,63523,0
14332,63484,0
14213,63365,0
14417,63569,0
14345,63497,0
14226,63378,0
14466,63618,0
14198,63350,0
14378,63530,0
14292,63444,0
14391,63543,0
14459,63611,0
14491,63643,0
14209,63361,0
14261,63413,0
14099,63251,0
14371,63523,0
14184,63336,0
14426,63578,0
14426,63578,0
14191,63343,0
14237,63389,0
14319,63471,0
14217,63369,0
14341,63493,0
14409,63561,0
14487,63639,0
14218,63370,0
14468,63620,0
14165,63317,0
14391,63543,0
14233,63385,0
14222,63374,0
14341,63493,0
14340,63492,0
14407,63559,0
14469,63621,0
14352,63504,0
14309,63461,0
14342,63494,0
14520,63672,0
14408,63560,0
14394,63546,0
14213,63365,0
14156,63308,0
14302,63454,0
14218,63370,0
14380,63532,0
14337,63489,0
14202,63354,0
14314,63466,0
14444,63596,0
14589,63741,0
14391,63543,0
14207,63359,0
14466,63618,0
14374,63526,0
14352,63504,0
14203,63355,0
14429,63581,0
14328,63480,0
14411,63563,0
14235,63387,0
14404,63556,0
14488,63640,0
14085,63237,0
14397,63549,0
14422,63574,0
14424,63576,0
14303,63455,0
14407,63559,0
14239,63391,0
14288,63440,0
14225,63377,0
14505,63657,0
14330,63482,0
14370,63522,0
14113,63265,0
14182,63334,0
14394,63546,0
14415,63567,0
14419,63571,0
14233,63385,0
14172,63324,0
14323,63475,0
14430,63582,0
14195,63347,0
14314,63466,0
14293,63445,0
14377,63529,0
14136,63288,0
14343,63495,0
14282,63434,0
14450,63602,0
14349,63501,0
14346,63498,0
14354,63506,0
14309,63461,0
14364,63516,0
14287,63439,0
14320,63472,0
14329,63481,0
14318,63470,0
14342,63494,0
14308,63460,0
14492,63644,0
14154,63306,0
14209,63361,0
14214,63366,0
14353,63505,0
14538,63690,0
14293,63445,0
14328,63480,0
14363,63515,0
14397,63549,0
14478,63630,0
14242,63394,0
14246,63398,0
14465,63617,0
14245,63397,0
14306,63458,0
14469,63621,0
14467,63619,0
14248,63400,0
14285,63437,0
14150,63302,0
14143,63295,0
14260,63412,0
14300,63452,0
14265,63417,0
14265,63417,0
14269,63421,0
14370,63522,0
14348,63500,0
14369,63521,0
14442,63594,0
14173,63325,0
14316,63468,0
14401,63553,0
14185,63337,0
14234,63386,0
14419,63571,0
14398,63550,0
14317,63469,0
14429,63581,0
14305,63457,0
14262,63414,0
14384,63536,0
14314,63466,0
14315,63467,0
14369,63521,0
14144,63296,0
14436,63588,0
14394,63546,0
14342,63494,0
14415,63567,0
14217,63369,0
14229,63381,0
14172,63324,0
14337,63489,0
14305,63457,0
14501,63653,0
14219,63371,0
14182,63334,0
14396,63548,0
14303,63455,0
14239,63391,0
14325,63477,0
14352,63504,0
14308,63460,0
14340,63492,0
14405,63557,0
14437,63589,0
14403,63555,0
14221,63373,0
14197,63349,0
14239,63391,0
14435,63587,0
14400,63552,0
14285,63437,0
14236,63388,0
14398,63550,0
14490,63642,0
14210,63362,0
14361,63513,0
14283,63435,0
14318,63470,0
14385,63537,0
14371,63523,0
14387,63539,0
14136,63288,0
14311,63463,0
14372,63524,0
14386,63538,0
14304,63456,0
14235,63387,0
14432,63584,0
14257,63409,0
14255,63407,0
14435,63587,0
14431,63583,0
14230,63382,0
14245,63397,0
14397,63549,0
14340,63492,0
14288,63440,0
14339,63491,0
14336,63488,0
14268,63420,0
14395,63547,0
14288,63440,0
14353,63505,0
14381,63533,0
14433,63585,0
14336,63488,0
14257,63409,0
14264,63416,0
14375,63527,0
14184,63336,0
14350,63502,0
14381,63533,0
14265,63417,0
14132,63284,0
14272,63424,0
14341,63493,0
14322,63474,0
14361,63513,0
14335,63487,0
14370,63522,0
14322,63474,0
14384,63536,0
14213,63365,0
14568,63720,0
14418,63570,0
14309,63461,0
14391,63543,0
14194,63346,0
14233,63385,0
14299,63451,0
14387,63539,0
14506,63658,0
14351,63503,0
14428,63580,0
14464,63616,0
14245,63397,0
14236,63388,0
14394,63546,0
14357,63509,0
14315,63467,0
14471,63623,0
14321,63473,0
14324,63476,0
14289,63441,0
14417,63569,0
14351,63503,0
14359,63511,0
14266,63418,0
14268,63420,0
14449,63601,0
14324,63476,0
14325,63477,0
14323,63475,0
14516,63668,0
14125,63277,0
14208,63360,0
14199,63351,0
14245,63397,0
14284,63436,0
14322,63474,0
14367,63519,0
14362,63514,0
14352,63504,0
13991,63143,0
14338,63490,0
14268,63420,0
14352,63504,0
14402,63554,0
14303,63455,0
14443,63595,0
14427,63579,0
14273,63425,0
14588,63740,0
14433,63585,0
14386,63538,0
14501,63653,0
14453,63605,0
14290,63442,0
14403,63555,0
14226,63378,0
14259,63411,0
14332,63484,0
14528,63680,0
14514,63666,0
14301,63453,0
14470,63622,0
14460,63612,0
14487,63639,0
14401,63553,0
14295,63447,0
14307,63459,0
14344,63496,0
14266,63418,0
14467,63619,0
14275,63427,0
14300,63452,0
14307,63459,0
14348,63500,0
14407,63559,0
14398,63550,0
14490,63642,0
14286,63438,0
14317,63469,0
14277,63429,0
14152,63304,0
14492,63644,0
14280,63432,0
14405,63557,0
14479,63631,0
14533,63685,0
14174,63326,0
14425,63577,0
14137,63289,0
14395,63547,0
14383,63535,0
14443,63595,0
14340,63492,0
14340,63492,0
14194,63346,0
14495,63647,0
14330,63482,0
14436,63588,0
14359,63511,0
14400,63552,0
14296,63448,0
14303,63455,0
14448,63600,0
14138,63290,0
14314,63466,0
14333,63485,0
14369,63521,0
14562,63714,0
14314,63466,0
14469,63621,0
14235,63387,0
14135,63287,0
14417,63569,0
14363,63515,0
14464,63616,0
14366,63518,0
14312,63464,0
14341,63493,0
14288,63440,0
14247,63399,0
14338,63490,0
14328,63480,0
14397,63549,0
14562,63714,0
14231,63383,0
14317,63469,0
14267,63419,0
14390,63542,0
14149,63301,0
14232,63384,0
14362,63514,0
14217,63369,0
14405,63557,0
14178,63330,0
14076,63228,0
14394,63546,0
14283,63435,0
14297,63449,0
14402,63554,0
14229,63381,0
14376,63528,0
14168,63320,0
14167,63319,0
14298,63450,0
14303,63455,0
14311,63463,0
14407,63559,0
14310,63462,0
14299,63451,0
14343,63495,0
14518,63670,0
14427,63579,0
14353,63505,0
14407,63559,0
14350,63502,0
14461,63613,0
14341,63493,0
14273,63425,0
14270,63422,0
14216,63368,0
14270,63422,0
14444,63596,0
14443,63595,0
14272,63424,0
14503,63655,0
14230,63382,0
14390,63542,0
14214,63366,0
14432,63584,0
14485,63637,0
14356,63508,0
14497,63649,0
14315,63467,0
14297,63449,0
14366,63518,0
14473,63625,0
14431,63583,0
14254,63406,0
14323,63475,0
14395,63547,0
14369,63521,0
14257,63409,0
14200,63352,0
14347,63499,0
14481,63633,0
14171,63323,0
14477,63629,0
14334,63486,0
14555,63707,0
14319,63471,0
14452,63604,0
14224,63376,0
14268,63420,0
14186,63338,0
14287,63439,0
14379,63531,0
14380,63532,0
14305,63457,0
14393,63545,0
14325,63477,0
14234,63386,0
14370,63522,0
14434,63586,0
14451,63603,0
14242,63394,0
14387,63539,0
14292,63444,0
14332,63484,0
14389,63541,0
14423,63575,0
14542,63694,0
14306,63458,0
14237,63389,0
14312,63464,0
14356,63508,0
14220,63372,0
14424,63576,0
14280,63432,0
14415,63567,0
14341,63493,0
14377,63529,0
14305,63457,0
14237,63389,0
14252,63404,0
14406,63558,0
14401,63553,0
14357,63509,0
14506,63658,0
14337,63489,0
14337,63489,0
14186,63338,0
14400,63552,0
14306,63458,0
14396,63548,0
14197,63349,0
14585,63737,0
14411,63563,0
14193,63345,0
14520,63672,0
14261,63413,0
14124,63276,0
14367,63519,0
14328,63480,0
14372,63524,0
14511,63663,0
14297,63449,0
14283,63435,0
14393,63545,0
14391,63543,0
14145,63297,0
14389,63541,0
14415,63567,0
14229,63381,0
14405,63557,0
14334,63486,0
14331,63483,0
14351,63503,0
14290,63442,0
14338,63490,0
14236,63388,0
14521,63673,0
14257,63409,0
14227,63379,0
14419,63571,0
14433,63585,0
14176,63328,0
14257,63409,0
14246,63398,0
14242,63394,0
14371,63523,0
14255,63407,0
14411,63563,0
14207,63359,0
14462,63614,0
14403,63555,0
14235,63387,0
14283,63435,0
14406,63558,0
14365,63517,0
14358,63510,0
14290,63442,0
14430,63582,0
14436,63588,0
14265,63417,0
14338,63490,0
14339,63491,0
14286,63438,0
14351,63503,0
14442,63594,0
14458,63610,0
14317,63469,0
14423,63575,0
14365,63517,0
14363,63515,0
14337,63489,0
14347,63499,0
14392,63544,0
14550,63702,0
14357,63509,0
14310,63462,0
14250,63402,0
14425,63577,0
14262,63414,0
14305,63457,0
14299,63451,0
14249,63401,0
14251,63403,0
14238,63390,0
14299,63451,0
14345,63497,0
14249,63401,0
14366,63518,0
14448,63600,0
14211,63363,0
14354,63506,0
14379,63531,0
14280,63432,0
14517,63669,0
14260,63412,0
14365,63517,0
14346,63498,0
14318,63470,0
14412,63564,0
14424,63576,0
14341,63493,0
14279,63431,0
14280,63432,0
14322,63474,0
14290,63442,0
14302,63454,0
14236,63388,0
14396,63548,0
14181,63333,0
14455,63607,0
14371,63523,0
14316,63468,0
14342,63494,0
14485,63637,0
14439,63591,0
14551,63703,0
14319,63471,0
14537,63689,0
14103,63255,0
14317,63469,0
14346,63498,0
14354,63506,0
14402,63554,0
14293,63445,0
14135,63287,0
14326,63478,0
14321,63473,0
14290,63442,0
14254,63406,0
14399,63551,0
14245,63397,0
14318,63470,0
14441,63593,0
14534,63686,0
14474,63626,0
14521,63673,0
14198,63350,0
14241,63393,0
14318,63470,0
14366,63518,0
14429,63581,0
14367,63519,0
14470,63622,0
14376,63528,0
14210,63362,0
14442,63594,0
14351,63503,0
14308,63460,0
14197,63349,0
14079,63231,0
14359,63511,0
14288,63440,0
14283,63435,0
14443,63595,0
14396,63548,0
14369,63521,0
14289,63441,0
14391,63543,0
14232,63384,0
14373,63525,0
14372,63524,0
14190,63342,0
14242,63394,0
14315,63467,0
14373,63525,0
14299,63451,0
14221,63373,0
14285,63437,0
14257,63409,0
14306,63458,0
14358,63510,0
14496,63648,0
14226,63378,0
14399,63551,0
14413,63565,0
14314,63466,0
14358,63510,0
14304,63456,0
14446,63598,0
14374,63526,0
14304,63456,0
14312,63464,0
14328,63480,0
14299,63451,0
14470,63622,0
14406,63558,0
14286,63438,0
14251,63403,0
14321,63473,0
14479,63631,0
14545,63697,0
14390,63542,0
14281,63433,0
14314,63466,0
14296,63448,0
14227,63379,0
14251,63403,0
14357,63509,0
14170,63322,0
14359,63511,0
14438,63590,0
14228,63380,0
14413,63565,0
14129,63281,0
14462,63614,0
14332,63484,0
14150,63302,0
14209,63361,0
14415,63567,0
14520,63672,0
14306,63458,0
14304,63456,0
14534,63686,0
14240,63392,0
14337,63489,0
14426,63578,0
14353,63505,0
14307,63459,0
14487,63639,0
14282,63434,0
14380,63532,0
14469,63621,0
14402,63554,0
14346,63498,0
14548,63700,0
14301,63453,0
14283,63435,0
14368,63520,0
14327,63479,0
14322,63474,0
14378,63530,0
14327,63479,0
14585,63737,0
14397,63549,0
14376,63528,0
14372,63524,0
14369,63521,0
14287,63439,0
14225,63377,0
14222,63374,0
14460,63612,0
14222,63374,0
14100,63252,0
14385,63537,0
14393,63545,0
14362,63514,0
14353,63505,0
14242,63394,0
14356,63508,0
14387,63539,0
14436,63588,0
14380,63532,0
14326,63478,0
14312,63464,0
14304,63456,0
14358,63510,0
14224,63376,0
14284,63436,0
14473,63625,0
14237,63389,0
14131,63283,0
14248,63400,0
14286,63438,0
14403,63555,0
14500,63652,0
14361,63513,0
14487,63639,0
14365,63517,0
14235,63387,0
14204,63356,0
14510,63662,0
14360,63512,0
14349,63501,0
14460,63612,0
14315,63467,0
14358,63510,0
14363,63515,0
14428,63580,0
14243,63395,0
14343,63495,0
14334,63486,0
14312,63464,0
14172,63324,0
14253,63405,0
14274,63426,0
14455,63607,0
14495,63647,0
14263,63415,0
14285,63437,0
14268,63420,0
14341,63493,0
14414,63566,0
14313,63465,0
14384,63536,0
14444,63596,0
14387,63539,0
14308,63460,0
14332,63484,0
14352,63504,0
14342,63494,0
14284,63436,0
14404,63556,0
14426,63578,0
14383,63535,0
14322,63474,0
14318,63470,0
14275,63427,0
14404,63556,0
14298,63450,0
14340,63492,0
14276,63428,0
14278,63430,0
14280,63432,0
14196,63348,0
14241,63393,0
14534,63686,0
14244,63396,0
14419,63571,0
14145,63297,0
14282,63434,0
14363,63515,0
14446,63598,0
14462,63614,0
14497,63649,0
14324,63476,0
14558,63710,0
14184,63336,0
14542,63694,0
14332,63484,0
14290,63442,0
14276,63428,0
14186,63338,0
14363,63515,0
14124,63276,0
14284,63436,0
14378,63530,0
14425,63577,0
14504,63656,0
14217,63369,0
14184,63336,0
14364,63516,0
14353,63505,0
14325,63477,0
14310,63462,0
14317,63469,0
14457,63609,0
14428,63580,0
14231,63383,0
14420,63572,0
14434,63586,0
14286,63438,0
14345,63497,0
14423,63575,0
14299,63451,0
14082,63234,0
14446,63598,0
14215,63367,0
14416,63568,0
14408,63560,0
14343,63495,0
14426,63578,0
14308,63460,0
14427,63579,0
14431,63583,0
14296,63448,0
14140,63292,0
14167,63319,0
14355,63507,0
14484,63636,0
14317,63469,0
14184,63336,0
14365,63517,0
14234,63386,0
14433,63585,0
14353,63505,0
14274,63426,0
14273,63425,0
14301,63453,0
14310,63462,0
14108,63260,0
14166,63318,0
14305,63457,0
14343,63495,0
14312,63464,0
14327,63479,0
14306,63458,0
14361,63513,0
14273,63425,0
14270,63422,0
14308,63460,0
14234,63386,0
14383,63535,0
14285,63437,0
14156,63308,0
14339,63491,0
14394,63546,0
14455,63607,0
14182,63334,0
14279,63431,0
14220,63372,0
14491,63643,0
14376,63528,0
14181,63333,0
14428,63580,0
14538,63690,0
14473,63625,0
14251,63403,0
14411,63563,0
14286,63438,0
14425,63577,0
14252,63404,0
14388,63540,0
14363,63515,0
14465,63617,0
14667,63819,0
14227,63379,0
14360,63512,0
14212,63364,0
14249,63401,0
14234,63386,0
14358,63510,0
14599,63751,0
14370,63522,0
14333,63485,0
14420,63572,0
14379,63531,0
14450,63602,0
14398,63550,0
14303,63455,0
14372,63524,0
14324,63476,0
14210,63362,0
14372,63524,0
14402,63554,0
14247,63399,0
14389,63541,0
14296,63448,0
14389,63541,0
14329,63481,0
14407,63559,0
3485,3485,1
1845,1845,0
4389,293,1
6782,2686,0
103,57447,0
659,62099,0
6844,60092,0
2987,60331,0
1885,63325,0
5329,58577,0
5012,62356,0
5187,62531,0
2748,60092,0
3044,64484,0
7265,60513,0
3741,61085,0
7997,61245,0
2424,59768,0
928,62368,0
5476,58724,0
4352,61696,0
1271,58615,0
10196,2004,1
3965,65405,0
4724,57972,0
2075,59419,0
9762,1570,0
2667,60011,0
351,61791,0
968,62408,0
7145,56297,0
3432,60776,0
4299,57547,0
3458,60802,0
7501,60749,0
4447,61791,0
4211,61555,0
6589,63933,0
9895,54951,0
3338,56586,0
6188,55340,0
7509,64853,0
7116,64460,0
9096,54152,0
7689,60937,0
4020,57268,0
5867,59115,0
6712,64056,0
1084,58428,0
2311,63751,0
7421,60669,0
8273,53329,0
204,53452,0
2252,63692,0
4249,53401,0
9198,54254,0
3654,56902,0
5134,54286,0
9828,54884,0
612,53860,0
377,61817,0
1949,63389,0
674,62114,0
3739,65179,0
535,61975,0
6151,55303,0
6049,63393,0
10060,55116,0
220,53468,0
5704,54856,0
1873,59217,0
9341,54397,0
8468,61716,0
5734,54886,0
516,53764,0
10055,55111,0
2007,59351,0
3886,65326,0
4229,53381,0
6129,63473,0
6500,63844,0
1580,58924,0
2705,64145,0
4656,57904,0
27,57371,0
10218,55274,0
7398,56550,0
8999,58151,0
9192,62440,0
9080,62328,0
3607,56855,0
5725,54877,0
803,58147,0
5430,58678,0
7855,65199,0
9060,54116,0
8450,61698,0
6054,59302,0
8746,57898,0
9055,62303,0
2917,56165,0
4430,53582,0
6427,63771,0
6194,63538,0
2262,59606,0
2194,63634,0
4135,57383,0
4435,61779,0
8297,53353,0
884,54132,0
1747,63187,0
9807,58959,0
5923,55075,0
4236,61580,0
2531,55779,0
9590,54646,0
8177,57329,0
2411,55659,0
4095,65535,0
5063,58311,0
3323,60667,0
9150,54206,0
8848,62096,0
8225,61473,0
6312,55464,0
5977,63321,0
5888,63232,0
5353,62697,0
2325,55573,0
2299,63739,0
2657,64097,0
10164,55220,0
8518,61766,0
9848,63096,0
4201,53353,0
6398,63742,0
8858,58010,0
8662,61910,0
1797,55045,0
7458,56610,0
977,58321,0
5281,58529,0
1955,59299,0
6912,60160,0
2046,59390,0
8569,53625,0
4097,53249,0
1136,54384,0
6948,60196,0
7406,64750,0
9332,54388,0
9811,63059,0
4521,57769,0
9725,58877,0
4278,57526,0
2108,55356,0
270,61710,0
7576,60824,0
8749,53805,0
4601,57849,0
1683,54931,0
5816,59064,0
4215,61559,0
10224,55280,0
1751,54999,0
5788,54940,0
5685,63029,0
4079,61423,0
5131,58379,0
7803,65147,0
9930,54986,0
6482,59730,0
1045,54293,0
2925,64365,0
3980,65420,0
8061,61309,0
8748,53804,0
602,53850,0
2364,63804,0
4771,53923,0
5663,63007,0
4428,61772,0
3838,61182,0
2746,64186,0
5409,58657,0
6255,63599,0
4329,61673,0
8850,53906,0
8427,61675,0
7803,61051,0
1145,54393,0
3725,65165,0
1354,62794,0
303,61743,0
2677,64117,0
5692,58940,0
2775,60119,0
2786,64226,0
2315,63755,0
4394,57642,0
2794,60138,0
3770,65210,0
445,61885,0
7131,60379,0
1052,58396,0
3234,64674,0
4544,57792,0
6550,63894,0
9771,54827,0
7028,60276,0
6472,63816,0
6814,64158,0
5573,62917,0
366,53614,0
8362,53418,0
3077,60421,0
4301,53453,0
421,57765,0
9525,54581,0
7249,56401,0
6708,64052,0
3011,56259,0
7034,60282,0
5532,62876,0
5189,62533,0
9580,54636,0
5774,59022,0
7719,65063,0
1581,54829,0
7850,61098,0
9127,54183,0
2232,55480,0
3127,64567,0
7914,57066,0
6501,63845,0
10072,55128,0
1141,54389,0
1886,63326,0
8499,57651,0
5555,54707,0
8622,57774,0
7060,60308,0
5344,62688,0
2215,55463,0
1638,63078,0
2531,63971,0
579,62019,0
1850,63290,0
8672,53728,0
4523,53675,0
10290,59442,0
10101,63349,0
10268,63516,0
10442,63690,0
10333,63581,0
10365,63613,0
10411,63659,0
10112,63360,0
10368,63616,0
10170,63418,0
10103,63351,0
10254,63502,0
10429,63677,0
10156,63404,0
10260,63508,0
10288,63536,0
10155,63403,0
10160,63408,0
10260,63508,0
10161,63409,0
10229,63477,0
10204,63452,0
10319,63567,0
10343,63591,0
10167,63415,0
10150,63398,0
10170,63418,0
10247,63495,0
10324,63572,0
10021,63269,0
10394,63642,0
10326,63574,0
10266,63514,0
10085,63333,0
10233,63481,0
10248,63496,0
10180,63428,0
10284,63532,0
10207,63455,0
10246,63494,0
10075,63323,0
10204,63452,0
10303,63551,0
10279,63527,0
10230,63478,0
10432,63680,0
10156,63404,0
10475,63723,0
10166,63414,0
10042,63290,0
10004,63252,0
10200,63448,0
10250,63498,0
10242,63490,0
10245,63493,0
10152,63400,0
10409,63657,0
10162,63410,0
10216,63464,0
10212,63460,0
10361,63609,0
10344,63592,0
10112,63360,0
10180,63428,0
10104,63352,0
10222,63470,0
10409,63657,0
10180,63428,0
10208,63456,0
10112,63360,0
10208,63456,0
10275,63523,0
10332,63580,0
10043,63291,0
10360,63608,0
10137,63385,0
10145,63393,0
10110,63358,0
10187,63435,0
10136,63384,0
10199,63447,0
10237,63485,0
10363,63611,0
10175,63423,0
10118,63366,0
10068,63316,0
10323,63571,0
10139,63387,0
10432,63680,0
10302,63550,0
10479,63727,0
10257,63505,0
10171,63419,0
10252,63500,0
10186,63434,0
10280,63528,0
10277,63525,0
10298,63546,0
10237,63485,0
10284,63532,0
10290,63538,0
10237,63485,0
10269,63517,0
10334,63582,0
10164,63412,0
10184,63432,0
10133,63381,0
10169,63417,0
10373,63621,0
10288,63536,0
10282,63530,0
10314,63562,0
10147,63395,0
10123,63371,0
10368,63616,0
10162,63410,0
10191,63439,0
10468,63716,0
10146,63394,0
10163,63411,0
10318,63566,0
10170,63418,0
10014,63262,0
10269,63517,0
10252,63500,0
10405,63653,0
10254,63502,0
10360,63608,0
10052,63300,0
10337,63585,0
10286,63534,0
10183,63431,0
10282,63530,0
10247,63495,0
10440,63688,0
10159,63407,0
10256,63504,0
10114,63362,0
10343,63591,0
10266,63514,0
10321,63569,0
10305,63553,0
10110,63358,0
10216,63464,0
10000,63248,0
10373,63621,0
10239,63487,0
9980,63228,0
10262,63510,0
10203,63451,0
10268,63516,0
10140,63388,0
10236,63484,0
10254,63502,0
10303,63551,0
10314,63562,0
10425,63673,0
10373,63621,0
10224,63472,0
10110,63358,0
10468,63716,0
10259,63507,0
10168,63416,0
10191,63439,0
10282,63530,0
10250,63498,0
10203,63451,0
10117,63365,0
10371,63619,0
9965,63213,0
10059,63307,0
10189,63437,0
10130,63378,0
9965,63213,0
10362,63610,0
10192,63440,0
10264,63512,0
10232,63480,0
10388,63636,0
10227,63475,0
10154,63402,0
10184,63432,0
10226,63474,0
10183,63431,0
10367,63615,0
10321,63569,0
10098,63346,0
10242,63490,0
10242,63490,0
10496,63744,0
10319,63567,0
10319,63567,0
10081,63329,0
10061,63309,0
10275,63523,0
10150,63398,0
10150,63398,0
10163,63411,0
10283,63531,0
10223,63471,0
10049,63297,0
10228,63476,0
10130,63378,0
10123,63371,0
10320,63568,0
10202,63450,0
10288,63536,0
10287,63535,0
10239,63487,0
10414,63662,0
10165,63413,0
10177,63425,0
10282,63530,0
10130,63378,0
10245,63493,0
10442,63690,0
10165,63413,0
10316,63564,0
10140,63388,0
10204,63452,0
10303,63551,0
10508,63756,0
10514,63762,0
10284,63532,0
10070,63318,0
10263,63511,0
10259,63507,0
10280,63528,0
10211,63459,0
10314,63562,0
10225,63473,0
10338,63586,0
10112,63360,0
10358,63606,0
10325,63573,0
10287,63535,0
10346,63594,0
10218,63466,0
10327,63575,0
10263,63511,0
10430,63678,0
10207,63455,0
10177,63425,0
10157,63405,0
10329,63577,0
10207,63455,0
10304,63552,0
10283,63531,0
10196,63444,0
10170,63418,0
10153,63401,0
10115,63363,0
10050,63298,0
10142,63390,0
10305,63553,0
10156,63404,0
10431,63679,0
10251,63499,0
10175,63423,0
10364,63612,0
10180,63428,0
10179,63427,0
10327,63575,0
10150,63398,0
10106,63354,0
10173,63421,0
10257,63505,0
10177,63425,0
10205,63453,0
10271,63519,0
10404,63652,0
10334,63582,0
10404,63652,0
10103,63351,0
10275,63523,0
10329,63577,0
10071,63319,0
10180,63428,0
10184,63432,0
10409,63657,0
10169,63417,0
10141,63389,0
10312,63560,0
10377,63625,0
10231,63479,0
10129,63377,0
10239,63487,0
10218,63466,0
10417,63665,0
10303,63551,0
10149,63397,0
10355,63603,0
10170,63418,0
10452,63700,0
10495,63743,0
10273,63521,0
10127,63375,0
10172,63420,0
10129,63377,0
10289,63537,0
10268,63516,0
10379,63627,0
10105,63353,0
10209,63457,0
10305,63553,0
10227,63475,0
10222,63470,0
10117,63365,0
10302,63550,0
9998,63246,0
10182,63430,0
10122,63370,0
10219,63467,0
10188,63436,0
10120,63368,0
10072,63320,0
10182,63430,0
10166,63414,0
10293,63541,0
10183,63431,0
10366,63614,0
10256,63504,0
10376,63624,0
10248,63496,0
10265,63513,0
10183,63431,0
10039,63287,0
10231,63479,0
10405,63653,0
10147,63395,0
10257,63505,0
10299,63547,0
10185,63433,0
10234,63482,0
10318,63566,0
10288,63536,0
10324,63572,0
10061,63309,0
