43901,2941,1
41673,713,0
43176,63656,0
41958,62438,0
44747,65227,0
42853,63333,0
42766,63246,0
42431,62911,0
43142,63622,0
43474,63954,0
42370,62850,0
41790,62270,0
45054,65534,0
42157,62637,0
44169,64649,0
42714,63194,0
43864,64344,0
43260,63740,0
42464,62944,0
44064,64544,0
44141,64621,0
44311,64791,0
42747,63227,0
43639,64119,0
42979,63459,0
42073,62553,0
42668,63148,0
44073,64553,0
43034,63514,0
44160,64640,0
42531,63011,0
41585,62065,0
42192,62672,0
42529,63009,0
43058,63538,0
43727,64207,0
44329,64809,0
43884,64364,0
42963,63443,0
42541,63021,0
44412,64892,0
41558,62038,0
41286,61766,0
42047,62527,0
42157,62637,0
43611,64091,0
42383,62863,0
42912,63392,0
43662,64142,0
43302,63782,0
44590,65070,0
42408,62888,0
42170,62650,0
41803,62283,0
42577,63057,0
42051,62531,0
44453,64933,0
43852,64332,0
44458,64938,0
43099,63579,0
42349,62829,0
42515,62995,0
41934,62414,0
42930,63410,0
41769,62249,0
45054,65534,0
43165,63645,0
44426,64906,0
44144,64624,0
43355,63835,0
43838,64318,0
43503,63983,0
41983,62463,0
43579,64059,0
41714,62194,0
44065,64545,0
42754,63234,0
43243,63723,0
44824,65304,0
42039,62519,0
43932,64412,0
43929,64409,0
43506,63986,0
44142,64622,0
45004,65484,0
44195,64675,0
41159,61639,0
41818,62298,0
42809,63289,0
41038,61518,0
41547,62027,0
42734,63214,0
41306,61786,0
42163,62643,0
43537,64017,0
43648,64128,0
44468,64948,0
43335,63815,0
41055,61535,0
43765,64245,0
42788,63268,0
42531,63011,0
41782,62262,0
41160,61640,0
44472,64952,0
43970,64450,0
41951,62431,0
42974,63454,0
45054,65534,0
42370,62850,0
43130,63610,0
43973,64453,0
42357,62837,0
41464,61944,0
43736,64216,0
43916,64396,0
43525,64005,0
41885,62365,0
41956,62436,0
42104,62584,0
41866,62346,0
45054,65534,0
41320,61800,0
43309,63789,0
43765,64245,0
42805,63285,0
43298,63778,0
42022,62502,0
41995,62475,0
43177,63657,0
43019,63499,0
44549,65029,0
42445,62925,0
42184,62664,0
41355,61835,0
44263,64743,0
40961,61441,0
42580,63060,0
44602,65082,0
42242,62722,0
42675,63155,0
42565,63045,0
43907,64387,0
43203,63683,0
42922,63402,0
43352,63832,0
43595,64075,0
42062,62542,0
41854,62334,0
41437,61917,0
42170,62650,0
42965,63445,0
43208,63688,0
45054,65534,0
42897,63377,0
42803,63283,0
43167,63647,0
42139,62619,0
42896,63376,0
43711,64191,0
43060,63540,0
43270,63750,0
42737,63217,0
43825,64305,0
43320,63800,0
43314,63794,0
43143,63623,0
43508,63988,0
41959,62439,0
41811,62291,0
43217,63697,0
42227,62707,0
43936,64416,0
43928,64408,0
43882,64362,0
43471,63951,0
43931,64411,0
43312,63792,0
44098,64578,0
43603,64083,0
43561,64041,0
42691,63171,0
43241,63721,0
43588,64068,0
44855,65335,0
43329,63809,0
42881,63361,0
42067,62547,0
44024,64504,0
43647,64127,0
42445,62925,0
43544,64024,0
41472,61952,0
41874,62354,0
42457,62937,0
40961,61441,0
42457,62937,0
44135,64615,0
44004,64484,0
43928,64408,0
43490,63970,0
43726,64206,0
42060,62540,0
44589,65069,0
41300,61780,0
43252,63732,0
42217,62697,0
43667,64147,0
42599,63079,0
42575,63055,0
43643,64123,0
44651,65131,0
44824,65304,0
41200,61680,0
42483,62963,0
41793,62273,0
43540,64020,0
42092,62572,0
42190,62670,0
43028,63508,0
44408,64888,0
45054,65534,0
43557,64037,0
40961,61441,0
43370,63850,0
43896,64376,0
44388,64868,0
44273,64753,0
42414,62894,0
43541,64021,0
43126,63606,0
40961,61441,0
43908,64388,0
42961,63441,0
42478,62958,0
41440,61920,0
42017,62497,0
41697,62177,0
42985,63465,0
43190,63670,0
43928,64408,0
42598,63078,0
42802,63282,0
41858,62338,0
42335,62815,0
41018,61498,0
43262,63742,0
44253,64733,0
41870,62350,0
43610,64090,0
42870,63350,0
43452,63932,0
44522,65002,0
42444,62924,0
44810,65290,0
42626,63106,0
43647,64127,0
44351,64831,0
44376,64856,0
44113,64593,0
43048,63528,0
42062,62542,0
44193,64673,0
43451,63931,0
41891,62371,0
43335,63815,0
43568,64048,0
42781,63261,0
43740,64220,0
43637,64117,0
41632,62112,0
44318,64798,0
43285,63765,0
44086,64566,0
42353,62833,0
43983,64463,0
43238,63718,0
42714,63194,0
42601,63081,0
40961,61441,0
42498,62978,0
43773,64253,0
42983,63463,0
44262,64742,0
44051,64531,0
43379,63859,0
40961,61441,0
42833,63313,0
44678,65158,0
43416,63896,0
44881,65361,0
42020,62500,0
43337,63817,0
44388,64868,0
42791,63271,0
43265,63745,0
42930,63410,0
42063,62543,0
44246,64726,0
43500,63980,0
42830,63310,0
44337,64817,0
43864,64344,0
44015,64495,0
43978,64458,0
43570,64050,0
43323,63803,0
42858,63338,0
42653,63133,0
42563,63043,0
41405,61885,0
44347,64827,0
43327,63807,0
42319,62799,0
44295,64775,0
43204,63684,0
44511,64991,0
42934,63414,0
41343,61823,0
43794,64274,0
43061,63541,0
43381,63861,0
41839,62319,0
43424,63904,0
44090,64570,0
41924,62404,0
42799,63279,0
41916,62396,0
42038,62518,0
42715,63195,0
44688,65168,0
41904,62384,0
43335,63815,0
43567,64047,0
43420,63900,0
43530,64010,0
44322,64802,0
42407,62887,0
43787,64267,0
42479,62959,0
42722,63202,0
40961,61441,0
42538,63018,0
43046,63526,0
42368,62848,0
41964,62444,0
40961,61441,0
42521,63001,0
40961,61441,0
42312,62792,0
42373,62853,0
43009,63489,0
42532,63012,0
43335,63815,0
44040,64520,0
43792,64272,0
42486,62966,0
42673,63153,0
42751,63231,0
43813,64293,0
43140,63620,0
42643,63123,0
42779,63259,0
44301,64781,0
42697,63177,0
42445,62925,0
43922,64402,0
44120,64600,0
42896,63376,0
42400,62880,0
41877,62357,0
42253,62733,0
43693,64173,0
43469,63949,0
44256,64736,0
44071,64551,0
42186,62666,0
42970,63450,0
43537,64017,0
41060,61540,0
43564,64044,0
42928,63408,0
41046,61526,0
42723,63203,0
43814,64294,0
43394,63874,0
42026,62506,0
42833,63313,0
42685,63165,0
43046,63526,0
43257,63737,0
42875,63355,0
43847,64327,0
42208,62688,0
42622,63102,0
42252,62732,0
45054,65534,0
44195,64675,0
41253,61733,0
43966,64446,0
43022,63502,0
43032,63512,0
42495,62975,0
43523,64003,0
44471,64951,0
41621,62101,0
40961,61441,0
41738,62218,0
42865,63345,0
42529,63009,0
43292,63772,0
45054,65534,0
41545,62025,0
43730,64210,0
42728,63208,0
42416,62896,0
44151,64631,0
41732,62212,0
44743,65223,0
42176,62656,0
43635,64115,0
42703,63183,0
43465,63945,0
42440,62920,0
41861,62341,0
43531,64011,0
42163,62643,0
42884,63364,0
43575,64055,0
44323,64803,0
42131,62611,0
44331,64811,0
41875,62355,0
41946,62426,0
43457,63937,0
44813,65293,0
40961,61441,0
42404,62884,0
42525,63005,0
44569,65049,0
41029,61509,0
43047,63527,0
45054,65534,0
42473,62953,0
43716,64196,0
42795,63275,0
42977,63457,0
42396,62876,0
43829,64309,0
43567,64047,0
44812,65292,0
45054,65534,0
43119,63599,0
41603,62083,0
42894,63374,0
41782,62262,0
41918,62398,0
41577,62057,0
43341,63821,0
42693,63173,0
41794,62274,0
42371,62851,0
41131,61611,0
43919,64399,0
43306,63786,0
41853,62333,0
43892,64372,0
42646,63126,0
42447,62927,0
42279,62759,0
42508,62988,0
43273,63753,0
42359,62839,0
41713,62193,0
43621,64101,0
44410,64890,0
45054,65534,0
43246,63726,0
41778,62258,0
43476,63956,0
41460,61940,0
42874,63354,0
41491,61971,0
43809,64289,0
41644,62124,0
43165,63645,0
45054,65534,0
41683,62163,0
42878,63358,0
44445,64925,0
43609,64089,0
43311,63791,0
43196,63676,0
43048,63528,0
43915,64395,0
42143,62623,0
43155,63635,0
43276,63756,0
42079,62559,0
41600,62080,0
44298,64778,0
42745,63225,0
41899,62379,0
42546,63026,0
44986,65466,0
45041,65521,0
44741,65221,0
42902,63382,0
43181,63661,0
44240,64720,0
42563,63043,0
42888,63368,0
43239,63719,0
43597,64077,0
41743,62223,0
41954,62434,0
43695,64175,0
43188,63668,0
43303,63783,0
43674,64154,0
41694,62174,0
43999,64479,0
41771,62251,0
43617,64097,0
42933,63413,0
44251,64731,0
41874,62354,0
44149,64629,0
42576,63056,0
44837,65317,0
43788,64268,0
42778,63258,0
41980,62460,0
42323,62803,0
42221,62701,0
42877,63357,0
40961,61441,0
42550,63030,0
43951,64431,0
43031,63511,0
44613,65093,0
42779,63259,0
42647,63127,0
43914,64394,0
42951,63431,0
43188,63668,0
42651,63131,0
43114,63594,0
40961,61441,0
42961,63441,0
42966,63446,0
44345,64825,0
42315,62795,0
42693,63173,0
41666,62146,0
44560,65040,0
42339,62819,0
43896,64376,0
42077,62557,0
43390,63870,0
41956,62436,0
43924,64404,0
44937,65417,0
44129,64609,0
41836,62316,0
42937,63417,0
40961,61441,0
42704,63184,0
42547,63027,0
43932,64412,0
43123,63603,0
43150,63630,0
42189,62669,0
43710,64190,0
43118,63598,0
43179,63659,0
43860,64340,0
43038,63518,0
43700,64180,0
42898,63378,0
43639,64119,0
43257,63737,0
41789,62269,0
42439,62919,0
42758,63238,0
44850,65330,0
41552,62032,0
42542,63022,0
43801,64281,0
43224,63704,0
42720,63200,0
44108,64588,0
42784,63264,0
42742,63222,0
42168,62648,0
44154,64634,0
42807,63287,0
42578,63058,0
43696,64176,0
42149,62629,0
41907,62387,0
43070,63550,0
43519,63999,0
43559,64039,0
42163,62643,0
45054,65534,0
44136,64616,0
44689,65169,0
41577,62057,0
41934,62414,0
43676,64156,0
41936,62416,0
42998,63478,0
42259,62739,0
41263,61743,0
41763,62243,0
43718,64198,0
40961,61441,0
43288,63768,0
42825,63305,0
42816,63296,0
43258,63738,0
44597,65077,0
43337,63817,0
43075,63555,0
43105,63585,0
42193,62673,0
42793,63273,0
43548,64028,0
42874,63354,0
43063,63543,0
42271,62751,0
44828,65308,0
42534,63014,0
44146,64626,0
43266,63746,0
43998,64478,0
42090,62570,0
41446,61926,0
43109,63589,0
44207,64687,0
42447,62927,0
43992,64472,0
41625,62105,0
44483,64963,0
45054,65534,0
43354,63834,0
43363,63843,0
42236,62716,0
43506,63986,0
42758,63238,0
41245,61725,0
44907,65387,0
44314,64794,0
44699,65179,0
45054,65534,0
43530,64010,0
42807,63287,0
43586,64066,0
43190,63670,0
42428,62908,0
42934,63414,0
42876,63356,0
41393,61873,0
43755,64235,0
42891,63371,0
44688,65168,0
44426,64906,0
42638,63118,0
43091,63571,0
43156,63636,0
43070,63550,0
42184,62664,0
43885,64365,0
44596,65076,0
43584,64064,0
43573,64053,0
42694,63174,0
40961,61441,0
41521,62001,0
43007,63487,0
41851,62331,0
42396,62876,0
44596,65076,0
43005,63485,0
41608,62088,0
42551,63031,0
44699,65179,0
42158,62638,0
41275,61755,0
42265,62745,0
44511,64991,0
44917,65397,0
44660,65140,0
43203,63683,0
43330,63810,0
42733,63213,0
42795,63275,0
44518,64998,0
44279,64759,0
42078,62558,0
43507,63987,0
42767,63247,0
41524,62004,0
44009,64489,0
42478,62958,0
44863,65343,0
42293,62773,0
43556,64036,0
43123,63603,0
41042,61522,0
42469,62949,0
44340,64820,0
44668,65148,0
43002,63482,0
43571,64051,0
43929,64409,0
42383,62863,0
43302,63782,0
43607,64087,0
42365,62845,0
44111,64591,0
42981,63461,0
41961,62441,0
44031,64511,0
43480,63960,0
43934,64414,0
42518,62998,0
42641,63121,0
44201,64681,0
44759,65239,0
43062,63542,0
43192,63672,0
44282,64762,0
40961,61441,0
42199,62679,0
44448,64928,0
42608,63088,0
43109,63589,0
43127,63607,0
41159,61639,0
43550,64030,0
41082,61562,0
43509,63989,0
44058,64538,0
41977,62457,0
42235,62715,0
43036,63516,0
43584,64064,0
44964,65444,0
43956,64436,0
41761,62241,0
42564,63044,0
43005,63485,0
43051,63531,0
42391,62871,0
41893,62373,0
43724,64204,0
41971,62451,0
43580,64060,0
42913,63393,0
42524,63004,0
42141,62621,0
43134,63614,0
42611,63091,0
41856,62336,0
43470,63950,0
43559,64039,0
41718,62198,0
44014,64494,0
45054,65534,0
43820,64300,0
41520,62000,0
42974,63454,0
43303,63783,0
42979,63459,0
43646,64126,0
44062,64542,0
42603,63083,0
42199,62679,0
41998,62478,0
44462,64942,0
42873,63353,0
43672,64152,0
43289,63769,0
43408,63888,0
44461,64941,0
42542,63022,0
42758,63238,0
43734,64214,0
42491,62971,0
42181,62661,0
42811,63291,0
42656,63136,0
43750,64230,0
42835,63315,0
41430,61910,0
43174,63654,0
42735,63215,0
42839,63319,0
43236,63716,0
44718,65198,0
42445,62925,0
42700,63180,0
45054,65534,0
45054,65534,0
42090,62570,0
42692,63172,0
43363,63843,0
43176,63656,0
43964,64444,0
45054,65534,0
43084,63564,0
43306,63786,0
43980,64460,0
41795,62275,0
43357,63837,0
45045,65525,0
43009,63489,0
43183,63663,0
42360,62840,0
43076,63556,0
41978,62458,0
43204,63684,0
43688,64168,0
42168,62648,0
41825,62305,0
44650,65130,0
44185,64665,0
42038,62518,0
42504,62984,0
43224,63704,0
42001,62481,0
41165,61645,0
42139,62619,0
43210,63690,0
42035,62515,0
43986,64466,0
43530,64010,0
42724,63204,0
43406,63886,0
42838,63318,0
43512,63992,0
42573,63053,0
44932,65412,0
43111,63591,0
45054,65534,0
44234,64714,0
43397,63877,0
44397,64877,0
42263,62743,0
44373,64853,0
42023,62503,0
44721,65201,0
42404,62884,0
42131,62611,0
42607,63087,0
42927,63407,0
42474,62954,0
43860,64340,0
41895,62375,0
42966,63446,0
43253,63733,0
43211,63691,0
42287,62767,0
44613,65093,0
41888,62368,0
43268,63748,0
42609,63089,0
43608,64088,0
43180,63660,0
42085,62565,0
44081,64561,0
43605,64085,0
43994,64474,0
42875,63355,0
41359,61839,0
43496,63976,0
44388,64868,0
43037,63517,0
45054,65534,0
42393,62873,0
43186,63666,0
41613,62093,0
44100,64580,0
43783,64263,0
42519,62999,0
41801,62281,0
43385,63865,0
42765,63245,0
42276,62756,0
43203,63683,0
41944,62424,0
42877,63357,0
42515,62995,0
43295,63775,0
43816,64296,0
43727,64207,0
43185,63665,0
42394,62874,0
43658,64138,0
43505,63985,0
41366,61846,0
40961,61441,0
41245,61725,0
43105,63585,0
42214,62694,0
42901,63381,0
43823,64303,0
44285,64765,0
42451,62931,0
42062,62542,0
42057,62537,0
43755,64235,0
42784,63264,0
42624,63104,0
43665,64145,0
42139,62619,0
43998,64478,0
41819,62299,0
41335,61815,0
43385,63865,0
41958,62438,0
43061,63541,0
41883,62363,0
42915,63395,0
42445,62925,0
43420,63900,0
43935,64415,0
42297,62777,0
43677,64157,0
42212,62692,0
42553,63033,0
43075,63555,0
43282,63762,0
40977,61457,0
42121,62601,0
42433,62913,0
42436,62916,0
44954,65434,0
43406,63886,0
41751,62231,0
44091,64571,0
44291,64771,0
43712,64192,0
42452,62932,0
42316,62796,0
42031,62511,0
42850,63330,0
42608,63088,0
45054,65534,0
45054,65534,0
42267,62747,0
44885,65365,0
43323,63803,0
43859,64339,0
43579,64059,0
44366,64846,0
43733,64213,0
41284,61764,0
43133,63613,0
42522,63002,0
43783,64263,0
42713,63193,0
42665,63145,0
42971,63451,0
42400,62880,0
43323,63803,0
45054,65534,0
42189,62669,0
43500,63980,0
43644,64124,0
43560,64040,0
43189,63669,0
41400,61880,0
43783,64263,0
42270,62750,0
42370,62850,0
43082,63562,0
42376,62856,0
44466,64946,0
41954,62434,0
43016,63496,0
43223,63703,0
43467,63947,0
41839,62319,0
43300,63780,0
41680,62160,0
44071,64551,0
43061,63541,0
41096,61576,0
40961,61441,0
43377,63857,0
45054,65534,0
42886,63366,0
44214,64694,0
42799,63279,0
44803,65283,0
45054,65534,0
42078,62558,0
43014,63494,0
44025,64505,0
41890,62370,0
43848,64328,0
43736,64216,0
43149,63629,0
44441,64921,0
43464,63944,0
43983,64463,0
42226,62706,0
42565,63045,0
43022,63502,0
43358,63838,0
44171,64651,0
44877,65357,0
43584,64064,0
43825,64305,0
45054,65534,0
44890,65370,0
42492,62972,0
43400,63880,0
43510,63990,0
42317,62797,0
43646,64126,0
44172,64652,0
41815,62295,0
43956,64436,0
43389,63869,0
43818,64298,0
42372,62852,0
42585,63065,0
42918,63398,0
41598,62078,0
42865,63345,0
42568,63048,0
42311,62791,0
43316,63796,0
43459,63939,0
41766,62246,0
42559,63039,0
41685,62165,0
42901,63381,0
41005,61485,0
43634,64114,0
42859,63339,0
44427,64907,0
43410,63890,0
41795,62275,0
42048,62528,0
43798,64278,0
43740,64220,0
42299,62779,0
41594,62074,0
43327,63807,0
42893,63373,0
43551,64031,0
41178,61658,0
42497,62977,0
42487,62967,0
43891,64371,0
42804,63284,0
40961,61441,0
43217,63697,0
43386,63866,0
43482,63962,0
44687,65167,0
44474,64954,0
43535,64015,0
40961,61441,0
41918,62398,0
