5774
5794
5888
5838
6613
6298
6423
5927
6516
5508
6459
5768
5799
6148
5984
6332
6514
5756
6140
6890
6285
6296
6795
6608
5913
5483
6263
5703
6256
6143
6491
6311
6267
6204
5505
5663
6113
6434
5981
6120
6436
6346
6638
6582
6125
5869
6604
5979
6295
5882
6315
6981
6224
6111
6027
7042
6355
6161
6289
5680
6001
5978
5883
6071
6257
6457
6064
5786
6568
5635
6472
5485
6207
6417
6568
6111
6388
6316
5945
6400
6437
5564
6089
6403
5704
6323
7100
6454
6002
5746
6318
6150
5720
6317
6656
6666
6614
6311
5752
5821
5966
5995
5470
6034
5999
5975
5605
5782
5663
6318
6169
5775
6482
6577
5786
6085
6258
5921
5246
6299
6030
5927
5867
6377
6291
6461
6632
6392
6551
6956
6689
6387
6591
6505
6205
6629
6279
5701
6539
5122
5758
6989
6370
6137
6787
6046
6244
6564
6753
6958
6015
6226
5688
6861
6181
6071
6196
5793
6099
6659
6187
6297
6302
5466
5760
5530
5332
5402
6958
6364
6183
5993
6413
6352
5605
6707
6541
5707
6287
6343
5736
6346
5905
5972
5568
5853
6749
6457
5966
5669
6875
5262
6512
6609
6046
6232
5391
6100
6392
5594
6826
5807
5831
5547
5481
6310
6096
5882
6428
6113
6067
6272
6650
6507
5960
6116
5568
6082
6480
6085
6454
5292
6016
6039
6428
6712
6449
6217
6241
5660
6170
5416
5650
6986
6447
6610
6357
5925
6548
5674
6386
5711
6397
6652
6245
6499
5859
6205
5942
6563
5733
5270
6974
5835
6326
6057
5722
5977
6200
5407
6562
5963
5906
6335
6649
6235
5781
6093
5836
5562
6119
6232
5565
5800
6438
6523
5539
6446
5950
5986
7004
6936
6224
5766
7013
5998
6314
5979
6283
6450
5596
6177
6397
6782
6448
5934
6737
5390
6271
5484
6214
6156
6033
6405
6173
6183
5375
6386
5888
6181
6894
6217
5912
5958
5884
5639
5930
7030
6580
6963
5732
5990
6329
5955
5552
5880
6910
6096
5999
5759
6316
5464
6199
6218
6020
6052
5718
6522
6354
5630
5062
6147
5872
5432
5488
5662
6939
5994
5596
5237
5666
6031
6449
6412
6060
6003
5458
6386
5120
6012
6062
5590
6901
6407
5538
5379
5851
6478
6323
6559
6465
6315
6124
6302
5698
6340
5243
6444
6552
6201
6351
6601
6106
6216
6495
5769
6280
5358
5049
5661
5967
6488
5559
5152
6700
5935
6464
6141
5946
6022
5909
6884
6353
6542
6769
6656
5546
6198
6215
6354
6720
6124
6098
6679
5875
6287
6544
6065
6423
5679
6509
5710
6288
6504
6503
6431
5883
5853
6895
5749
6563
6040
6212
5616
5973
5474
6129
6380
6538
5886
6617
6314
6715
5871
5632
5574
6557
6452
5038
5695
6039
6482
6626
6476
5436
6281
6051
5453
6509
5803
5984
6576
6603
6741
6657
6583
6224
5851
6108
6334
6385
6188
5934
5910
6289
6040
6425
5859
6596
6733
5563
6523
5798
6233
6155
6074
5630
5625
5856
6045
6429
5904
6205
5794
5526
6499
6268
5989
5926
7093
6844
6801
7131
6463
6150
6110
6013
6440
6130
6113
6405
6039
6276
5477
6404
6026
5482
5690
6266
7061
5723
6087
5885
5981
6197
6504
6239
6644
5994
6062
5626
5676
5984
5618
6087
5901
5584
6298
6515
6032
6266
6197
6742
6435
5825
6220
6739
5606
5948
5905
6408
6318
5596
6894
6017
6423
6453
5390
6117
5948
6711
5714
7201
6209
6107
6467
6470
5399
6845
5981
5690
5659
6301
5981
5809
6030
6123
5910
6016
6309
6176
6673
6186
5928
6012
5640
5923
5848
5869
6610
6604
6700
5467
6010
6503
6251
6093
6571
6566
6425
5769
5830
6176
6449
6197
5784
6950
6110
5967
6084
6480
6076
6164
6245
6383
6201
5866
6269
5924
5997
6279
6757
6285
5949
6435
5811
6179
5893
5787
5972
5515
5433
6222
5971
5739
6374
6507
5189
6257
6387
6548
6555
6574
6648
6049
6652
6553
6664
5883
6661
6093
6310
5781
5666
6499
5623
6248
5500
6409
5881
6434
6628
6688
5999
6191
6246
6360
6158
6065
5913
6352
5739
6091
5878
6902
5434
6359
6856
5608
6542
5555
6688
5959
6062
6013
6428
6284
6336
5539
6361
6034
6222
6179
5776
5835
5928
6279
6351
5766
6186
5669
6388
6162
6117
5979
6616
5946
6481
6096
5960
6300
6040
5477
5719
6494
6622
6314
6448
6260
6710
6356
6281
6009
5835
5940
5595
6070
6285
6337
6131
6482
5991
5526
6643
6382
6559
6182
5753
5159
5509
6062
6119
6024
6047
6346
6358
6333
6353
6378
6318
6081
6535
6251
6195
6349
6463
6093
7007
6284
5849
6232
6582
6183
6348
5752
5876
6136
6306
6396
6187
6629
5980
5854
6804
5830
5680
5884
6266
6048
6723
6538
5741
5638
5641
6592
5668
5710
5683
6048
6270
5549
5833
6209
5436
5014
6504
6218
5659
5700
5684
6225
6038
6311
5559
6080
6006
6348
6292
6677
6266
6189
6602
5899
6411
6331
6208
5995
6756
5702
6379
5786
6112
6355
6170
6340
5360
6188
5574
6252
6183
6310
5302
6088
5834
6917
6576
6100
5963
5882
5161
5675
5947
5864
6503
5519
5878
6194
6389
5457
5753
6504
6540
5627
6256
6450
5514
6154
6009
6617
6187
6113
6887
6480
5960
6000
6554
6164
6538
6100
6241
6009
6412
5392
6145
5842
6003
6522
6226
6103
6032
6163
6368
6248
6721
6254
6693
5551
6141
6428
6576
6051
5749
5922
6535
5783
6266
6358
5948
6219
6050
5925
6090
5872
6380
5739
6429
6508
5950
6103
6391
5914
5674
5981
5980
6010
6328
6046
5853
6254
5755
5525
6916
6245
5609
5957
6130
6256
6148
6230
6021
6422
6206
6439
6067
6774
5950
6423
6063
6852
6120
6029
6693
6307
6956
6206
6457
6162
6285
6006
5943
6046
6188
6172
6174
6364
6082
6426
6038
6450
5884
5930
6072
6548
6148
6135
5937
5208
6140
5527
5592
6048
5720
6577
6043
6198
6163
7296
6185
6352
5776
6738
5895
5905
6078
6018
6047
6590
6031
6630
5915
5414
6279
5858
5739
6527
6295
6709
6248
5829
6771
6271
6948
6393
6183
6053
6005
5336
5899
6488
5616
6278
6799
6092
5772
5977
6248
6553
5917
6032
6274
6653
6212
5649
6472
5519
6390
6908
6645
6256
6748
7301
6018
6035
6404
6310
6158
6510
6000
5664
6260
5906
6123
6390
6543
6208
6606
5961
6164
5863
6265
6215
5927
6456
5860
5753
5397
5980
5802
6034
6673
5797
6034
5899
6669
6013
6087
5976
6443
6996
6725
6293
6656
5681
6509
6411
6384
6116
6368
6079
6088
5805
6136
5240
6061
6494
6249
5990
6633
5960
6156
6748
5774
5900
5997
6914
6459
6380
5873
5789
6003
6439
6780
5852
6530
5289
6447
6647
5534
5695
6011
6294
5974
7085
6326
6423
5951
6113
6165
5793
6041
6149
5447
6632
6989
5928
5697
6195
5692
6034
6665
6143
5754
6795
6491
6092
6392
6023
6479
5853
6489
6618
5518
5865
6244
7028
6491
5398
6121
6109
6693
6437
6706
7112
6589
6153
6165
6182
5543
6890
6152
6391
5707
6608
6007
6347
5544
5900
5833
6325
5752
5960
6620
6712
5912
6245
6414
6136
7408
6289
7077
6660
5651
5990
6420
6624
6029
6174
6483
7034
6770
5280
6247
6363
6163
5955
5863
5878
6395
5924
5853
6133
6333
5777
6657
6345
6167
6530
5907
6750
5769
5891
6616
5381
5941
6240
5252
6629
5485
6430
6434
5565
6558
5921
6203
5774
5896
5503
5859
6301
6986
6244
6506
5902
6280
6522
6403
6440
6283
5459
6025
5545
5951
6112
7109
6458
6480
5992
6061
6216
5928
5953
6656
7030
5754
6115
6078
5921
5962
5878
6044
6467
6698
5766
6632
6278
5944
5532
6667
5240
6398
6493
5849
6624
6198
6006
6229
6736
5239
5538
6664
6217
6131
6345
5625
5905
6340
6275
5804
6100
6081
7209
6076
5957
5547
5317
6109
5766
6135
6238
6624
6160
5631
6548
6300
5656
6436
5955
5618
6094
6047
6169
6753
6763
5876
6414
6941
6096
6271
7231
6051
6428
6288
6160
6678
5656
5994
6166
6232
5495
6124
6186
5914
6433
6375
5964
5641
6204
6066
6007
6087
6630
6011
5724
5891
5581
5733
6188
5795
5343
6087
5695
5604
5535
6753
6647
6633
6311
6425
6690
5919
6989
6311
6034
5984
5844
6024
5784
6504
5772
6562
6702
5637
5785
5659
5257
6695
5546
6058
6517
5581
6180
6625
6085
6281
6134
5830
6012
5739
5895
6338
5584
6252
6920
5880
6285
6154
6148
5763
5798
6615
6178
5914
6204
5939
7100
6059
6265
5809
5611
5316
6206
6347
6501
5951
5959
6280
6635
6920
6107
6248
6047
6661
5838
6084
5778
5860
6088
6731
6292
6229
6568
5645
6578
6051
6129
5950
6050
5580
5657
6150
6715
5909
6360
6703
5838
6781
6363
5872
6058
6664
6558
5256
6474
6475
6684
6017
6376
6008
5918
6821
6401
5933
5700
6069
6628
6408
6313
6397
5687
6395
5154
6002
5357
6459
6174
7100
5860
5700
6055
6185
6024
6618
6266
6171
7111
6439
5875
6109
6514
5451
5550
6335
6103
6335
6434
6462
6139
5790
5842
6574
6435
6665
5906
5843
6522
6420
6607
6963
5956
6158
5777
6503
7064
6225
5248
6104
6322
6253
6218
6048
5618
5601
6484
5776
6645
6723
5836
6000
6146
6429
6310
6916
6316
6425
6250
6101
6743
6312
6480
6063
6384
7234
6143
6488
6434
6496
5551
5896
5970
6335
6008
6478
6399
6524
6077
5351
6639
5764
6949
6010
6385
6063
5737
6350
5706
5842
6392
6313
5817
6020
6464
6174
6766
6287
6501
6590
5572
6074
6240
6395
6375
6273
6599
6363
5698
6810
6489
7072
5560
5392
5203
6053
5069
6142
5955
6436
5317
6424
5701
5454
6284
6913
6003
7055
6254
5878
6222
5841
6217
6486
6131
5909
5963
5963
6531
5361
5917
6043
5608
6002
6311
5667
6438
5644
5979
6326
6235
6525
5859
7138
6658
6337
6784
6117
6297
6870
5751
5946
5448
6151
6303
6105
5796
5730
6012
6679
6765
6007
6883
6499
6119
6010
6271
6188
5644
6380
6544
5940
6062
6174
6310
6523
5739
6166
7220
6686
6166
6059
6688
5826
5973
6718
6477
6884
5859
6499
6327
6350
5908
6188
5747
6789
6045
6292
6643
6162
5890
5700
6773
5558
5906
6034
6254
7070
5693
6153
5359
6242
6120
6055
6526
5972
6728
6723
6437
5726
5368
6125
5393
5466
6854
6089
6470
6304
6717
6795
6667
6119
5847
6032
5626
5822
6816
6055
6306
6551
5631
5806
6002
6086
5884
6138
5613
5644
5726
5805
5821
5726
6450
5867
5921
6860
6007
6197
6151
6170
5750
6176
5539
6455
5557
6396
6580
6396
5838
6937
6042
5970
6270
6169
5957
6207
6584
6493
6754
5882
6749
5585
5082
5611
6232
6758
5857
5624
6038
6426
5643
6238
6160
5657
5465
5840
6145
6495
6060
6502
6539
6008
5991
5868
6559
5709
5809
5935
5522
6050
5937
6977
5708
6425
5581
6295
6357
5528
5728
6728
6060
6093
5809
6072
6580
6192
6096
6086
6028
6447
6106
5830
5863
6765
6947
6547
6740
6518
6130
6056
5849
5876
6622
6236
6698
7423
6494
6357
6979
6357
5710
5896
6433
6412
6080
6622
5514
5872
6702
6225
5749
5811
6143
6259
6070
5415
5860
6245
6317
6587
6385
6834
6732
5910
6514
6022
5924
6250
5842
6184
6072
6769
7146
6565
5434
6507
6588
6617
5642
6677
5455
5896
6130
6119
6515
5899
7154
6158
6191
6420
6243
5502
5814
5940
6486
6770
5612
6272
6539
5999
6101
6407
6219
5926
5601
5610
5767
6158
6207
6173
5497
6279
5411
6118
6328
6990
5906
6728
6374
5265
6172
6018
6389
5959
6290
5946
6124
6287
6141
5453
5695
6718
6746
5141
6582
5317
5904
5635
5263
6435
5968
5805
6790
6109
5912
5853
6108
6195
5966
5999
5922
6031
5480
5744
5951
5671
5425
6491
6354
6042
6215
6915
6123
5223
6604
5845
6649
5760
7277
5677
6198
6429
6225
5857
6942
6718
6185
6242
6437
5807
5578
6075
6490
6999
6172
6462
5681
6889
5937
5760
6529
5828
5981
5860
5723
5842
5956
6019
6592
6247
6637
5802
6199
6571
6332
5742
6211
5207
6618
6644
6135
6597
5877
6250
5938
6974
6395
6263
5845
5544
6282
6292
6748
6398
6116
6189
6786
6169
6139
5719
6205
5972
6354
5932
6400
6024
6018
5536
6352
5721
5754
6439
6747
6174
5844
6128
5859
5994
6258
6893
6129
6062
6312
6214
5840
5946
5909
5799
5945
5925
5984
6190
6047
6199
6389
6552
6528
6288
6163
6588
6912
5927
6585
5855
5760
6209
6366
6076
5949
6247
6071
5846
6650
6297
6356
6060
5575
6680
6220
6049
6220
7223
5788
6396
6819
6102
5890
6181
6795
6935
6384
6028
5735
6014
6850
5470
5826
6165
6150
6227
5490
6695
6443
6341
6322
5595
5857
6665
6433
6589
5865
6224
5803
6144
7180
6010
6040
6178
6426
5961
6421
5851
5646
6635
5948
5889
5667
6156
6038
6280
6149
5816
6837
7224
6726
6061
6560
6117
5384
6534
5942
5891
6595
5456
6093
6527
6474
6074
5611
6194
5969
6884
6425
6371
5809
5769
5856
5831
6281
5702
6716
6365
6268
5243
6072
6580
5665
5991
5795
6362
6224
6737
5583
6160
5862
6285
6470
5600
5914
6440
6323
6390
6234
5901
6421
6047
5257
6064
6640
6289
5672
6513
6431
6969
5751
6246
6486
6074
6500
6332
5840
6082
5909
5255
5603
6318
6263
6227
6216
6972
5721
6551
6515
5834
6572
6312
6323
6398
5647
6742
6956
5585
6148
5574
6664
6937
5430
6511
6689
5683
6300
6741
6011
6004
5936
6576
6114
6627
6361
5630
5422
5341
5857
6228
6577
6047
5683
6133
6415
6238
6075
6223
5979
5948
5942
6299
6276
7007
5678
6170
6669
5851
5760
6123
5262
7440
5785
5227
5609
5634
6036
6476
6312
5789
6313
6397
6611
6145
6750
5789
6539
6115
5682
6527
6808
6258
5622
6709
6436
6231
5633
6514
6647
5948
5198
5884
6024
5863
6720
6172
6500
6140
5773
6503
6490
6095
5932
6269
5910
6281
6062
6238
5728
6152
5614
6344
6300
6559
5929
6523
6308
5781
7142
5484
5610
5898
6755
5717
5862
6478
6181
5688
6649
5230
6008
6122
6271
5949
6352
6157
6078
6332
6262
5902
5763
6609
6325
6119
5961
6293
6468
5814
6411
5487
6129
6431
6037
5605
6400
5663
5783
5760
6118
6116
5951
6095
6405
6577
6197
6044
5592
5971
7037
6130
5302
6353
6652
5775
6149
6883
6011
5933
6150
5982
6563
6229
6085
5775
6003
6306
5656
6650
6036
6101
6164
6973
6451
6214
5508
5630
6549
5515
6219
6405
5793
5464
6684
6318
6196
6209
6500
6433
6733
6031
6077
6451
6753
6384
5744
6157
6688
6174
6429
5775
5956
6632
6405
5810
6484
6097
6395
5706
6292
6326
6069
5680
6129
5640
6834
5809
6189
5885
5944
6353
6138
6133
6583
5589
6282
6319
5878
6150
6391
5857
6111
5987
5964
5865
6246
5462
6203
6448
5728
6152
6275
6376
6379
6924
6921
6516
6021
6177
6053
6097
6500
5943
6117
5761
6200
6185
6199
5999
6428
6157
6190
6300
6058
6272
6702
5069
6099
6662
6203
6727
6799
5924
5896
6421
6680
6257
6070
6608
6103
6058
5995
5971
5888
6281
6575
6759
6600
6490
5796
5971
6470
6342
5411
6186
5737
5933
7159
6393
7328
6567
5888
6518
5862
6014
6670
5785
5946
5731
6520
5843
6489
5662
6625
6523
6156
5946
6629
6319
5593
5789
5840
6172
6507
6480
6232
5645
5650
5978
6253
6161
5646
5735
6525
6189
5938
6689
6209
6021
5885
5635
5731
5733
6471
5920
5829
6387
6057
5744
6479
6019
6028
5778
6305
6478
6256
6638
5849
6326
5710
6518
6719
6373
5891
6704
5719
5954
6354
6504
6571
5847
6534
5835
6442
6210
5839
6204
6936
5662
5826
6291
5939
5495
5639
6634
5721
5985
6189
5841
6625
6035
6175
6610
6169
5670
5955
6271
6768
6539
6339
6056
5918
6459
6492
6943
6515
6059
6183
6837
6579
5905
5742
6301
6583
6171
6311
5796
6517
6184
6757
5817
5728
6885
5488
5810
6153
6012
6036
6554
5871
5775
5761
6047
6648
6076
6067
6562
6570
6184
5609
5575
6578
6552
5835
6333
6263
5896
6196
6204
6734
6393
5972
6093
6180
5852
6701
6701
5822
6342
6514
6338
6060
6037
6304
6225
5797
5783
6126
6124
5937
5970
5811
5488
6282
5867
6309
5574
5799
6091
5869
5880
6432
5914
5804
5969
7392
6542
5706
5898
5816
5506
6291
6511
6912
6562
6195
6757
6324
5726
6097
5650
6616
6004
6821
6821
6317
6064
5821
5891
6498
6472
6082
6402
6518
6589
5856
6702
6081
5890
6178
6270
6145
6360
5818
5697
5779
6491
6025
5833
6538
6316
6389
6056
6401
5402
5502
5862
6113
5983
6358
6019
5343
6391
6202
6251
6101
6298
6120
6780
6415
6441
5264
6551
6332
5594
5978
6163
6048
6502
6389
6497
5918
6469
6424
6302
5934
6127
7167
6700
6802
6690
6171
5801
6311
5923
5840
5826
6668
6688
6051
5567
6097
6492
6588
6383
6285
5993
5953
5976
6245
5634
6661
5928
6111
5936
5932
5687
6214
6174
5876
5038
5463
5549
6336
6251
5533
5761
6599
6082
6254
6667
6382
6499
6275
6209
6144
6427
5449
5823
6540
5620
6022
5992
5619
5831
6186
5991
6343
5825
6594
6326
5745
6190
6479
6043
7162
6425
5819
5737
6421
6257
6256
5871
6522
6156
5869
5728
6346
5517
5931
6223
6377
6372
6051
6252
5976
5913
6361
6118
5613
7235
6348
6468
5832
5733
6286
6262
6125
6773
6284
6695
6685
5806
6058
6047
6514
5752
6254
6581
6028
6659
6833
5845
6252
6539
5935
6357
6483
6207
5960
5864
6119
6491
6417
5967
5670
6541
6612
6624
6301
6141
5796
6834
5791
5972
6231
6041
5899
6525
5828
6066
6377
5995
6188
5905
6378
5981
6043
6205
5900
5511
5840
6618
6848
6432
6187
6222
5349
5903
6378
5805
6705
5663
6238
6477
6134
6877
6465
6218
6090
6852
6343
5856
6007
6256
6576
6484
5804
6667
6224
6483
6135
5985
6512
5815
6277
6114
6026
6786
6181
6289
6352
6089
5957
6676
5589
5671
5259
5765
5593
6319
6029
6694
6235
5716
6426
5919
6043
6034
5988
5616
6241
6356
6154
5706
6069
6210
5743
5686
6285
6143
6542
6047
5850
5845
6007
5988
6472
6446
6248
6474
5744
5886
5789
6807
5797
6634
5674
5486
5926
6181
6332
6333
7095
5271
6134
5263
5811
6820
6245
5755
5843
5686
6098
6438
6085
6363
6329
6242
5707
6555
6016
6439
6326
6431
5763
5893
6027
6313
6260
6490
5924
6042
6787
6297
5841
6566
5774
6104
5621
6100
5474
5608
6459
5759
5675
5893
6076
5911
5412
6231
5314
5638
7160
6588
5431
6550
6272
6732
5980
5325
6359
5810
6522
6198
6660
5751
6236
6627
6720
6478
6663
6215
5604
6304
5672
6360
5342
5238
5714
5589
6690
5874
5902
6506
6323
6093
6079
6078
5834
6881
5740
5980
6345
5874
5783
6829
6558
5869
6012
6290
5640
5367
6005
6117
6689
5656
6012
6411
5930
6459
6667
6648
6754
6178
5970
6579
6218
5802
6388
6982
6097
5621
6025
6209
5484
6136
6138
5451
6486
5953
6181
6418
6411
6194
6383
6589
5595
6745
5727
5266
6000
6309
5663
5980
5560
6362
6296
5554
6405
6187
6196
6109
6632
5253
5043
5173
6571
6465
6028
5899
6620
6694
6742
5914
6576
6417
6174
5711
6599
6335
5964
6799
6732
6630
6107
6303
6369
6104
6079
6344
6197
5431
6359
6232
5827
6201
6112
6120
6279
6793
5871
6016
6197
6682
6542
6181
6821
6194
6509
5844
5528
5881
5698
5900
5261
5131
5563
5868
5813
5818
6161
5371
6029
5415
6549
6776
6637
5958
5944
6287
6372
6810
6129
6525
5582
5562
6750
6344
5569
6247
5585
6453
6080
6497
6562
6933
5901
5532
6005
6038
5800
5711
6252
5898
6753
6638
6836
6528
5570
5334
6071
6274
6228
5813
6708
6291
6065
5659
5955
6409
6500
7024
6426
6223
6285
5839
6282
6713
6459
5523
6193
6513
5841
5235
5680
5739
6069
5983
6493
5750
5588
6026
6161
5949
5884
6571
6421
5363
6585
6622
5467
6143
6582
6144
6079
6542
5719
5634
6450
5980
6264
6501
5975
6997
6320
6305
5029
6386
5559
6285
5935
6066
6480
6094
5821
5855
6544
5773
6189
6311
6018
6444
5793
5964
6981
6609
5281
6304
6081
5248
6091
6499
6083
6382
5944
5912
6774
6030
6087
5415
5355
6436
6692
6206
6223
5343
6298
6744
5565
5800
5577
5325
6144
6530
6536
6685
6203
6189
6482
6473
6397
6101
5750
6526
6289
6638
5431
6028
5765
5871
6030
5226
6115
6108
6735
6086
5351
5766
6059
6113
6493
6307
5795
6261
6244
5685
6576
6463
6390
6320
6292
5430
5977
6167
5532
6507
6153
6073
6397
6440
6328
5971
6118
6159
6319
5837
5808
5930
6209
6730
5963
6058
6229
5489
5963
5874
6036
5541
5770
6916
6284
5516
5648
6117
6202
6654
5411
6086
5668
6741
6128
6159
5896
6257
6124
6033
6180
6830
6815
6003
6758
6580
6087
5939
6767
5613
6125
6206
6692
5402
6089
6132
5482
6307
6542
6066
6008
6190
6752
5448
6601
6271
6063
5312
6457
5417
6465
6251
6431
5496
6262
6265
6489
5378
6744
6451
6188
5645
5797
6429
6341
5646
6120
5492
5941
5903
5524
5472
5839
6157
5972
5827
6538
6085
6251
5383
5940
6449
5732
6154
5972
5921
6770
6557
5859
5528
6845
5650
6289
6666
7008
5342
7020
5969
6194
6804
5431
6687
5979
6561
6633
5925
6490
5792
6547
6444
6380
6509
6495
6673
6527
6618
5821
6517
6108
5932
5855
5929
6656
6370
6460
5999
5544
5672
5300
6254
6789
6058
6210
5505
6299
6128
6451
6706
5895
6353
6260
5442
5938
6291
6666
6056
6304
6421
5794
6029
6237
5536
6361
6557
6253
6638
5911
5471
6689
6240
6182
7015
5443
6759
6010
7201
5461
6275
5811
5866
6078
5797
6444
5983
6066
6149
5850
6718
6933
5755
6333
5928
6352
5631
6650
5768
6749
5878
6687
5424
6381
5594
6092
6772
6029
6560
6229
6054
6113
5915
5988
6214
6097
5741
6245
6571
5122
6525
6300
6740
5532
6704
6071
6828
6453
6118
6196
6096
5940
5762
5694
6160
6364
5674
6162
6005
5883
6392
6127
6230
5490
5939
6128
6303
6831
5909
5874
7091
6298
5926
6426
703
16690
66
17002
4969
8323
768
9679
17228
9870
14721
6577
10099
1798
16752
13665
13519
7267
6124
22479
15982
6780
16892
4990
17000
20034
20619
8139
18582
10186
14183
1390
5280
13331
5277
19012
3416
22000
22295
22122
22188
22625
23511
23121
21814
22492
22663
22830
21873
22740
22827
23416
22432
22455
22840
22578
22477
22359
21664
22622
22650
22170
22556
22290
22577
23301
22731
22837
22439
22853
22470
22785
22314
22089
22607
23127
21785
22251
22519
22176
22628
22813
22831
22175
23254
22359
22678
22658
22319
22481
21766
22142
22642
22821
21568
22469
22965
22989
22315
22996
22357
22916
22536
22978
22903
22494
22934
22459
22061
22526
22624
22819
22527
22764
22390
22033
22537
21934
22731
22730
22080
22726
23291
22229
22803
22534
21874
22521
22908
22829
22904
22714
22520
22218
22994
22621
22885
22509
22400
23216
22537
22731
22159
22370
23153
22953
22554
22071
22782
22604
22629
22756
22219
22143
22136
22139
22526
22441
22669
22306
21759
22518
22917
22864
22798
22313
22667
22040
22829
22142
22004
21723
22223
22835
21998
23261
22409
22395
22720
22370
22303
23013
22580
22289
22678
22553
22273
22412
22441
22586
21884
22280
23213
22831
22556
22440
22325
22201
22317
22327
22823
22553
22141
22399
22825
21706
22541
22886
22446
22467
21839
22208
22756
22541
22290
22358
22268
22248
21931
22367
22113
22375
22690
22593
23540
22386
22355
22346
22282
22722
23150
22837
22200
22531
22308
22427
22712
23060
22345
22594
22380
23027
22519
22201
22016
22342
22357
22539
22643
23070
22234
22628
23206
22249
22534
22893
22585
23065
22233
21586
22137
22712
23080
21879
22963
22255
22223
22764
23122
22433
22040
22884
22641
22740
22267
22862
23181
23087
22738
22011
22438
22691
22207
23055
21480
22991
22881
22476
22980
22835
22171
22459
22394
22578
22387
21998
22379
22752
22618
22960
22491
22586
22295
22521
22279
23023
22409
22207
23040
22271
22676
22501
22627
22727
22362
23100
22647
22529
22736
22392
22595
22596
22873
23050
22594
22553
22265
22961
22437
22189
22349
21807
22151
22532
22840
22087
22750
22646
22641
22527
22810
21894
22662
22544
22335
22760
22669
22523
22080
22510
22911
22862
22724
21666
22544
22647
22030
22691
21866
22181
22595
22178
22375
22246
23184
22569
23269
22382
22838
22447
22448
22546
22413
23276
23411
22834
22890
22603
22258
22465
22275
23098
21612
23037
22514
22807
22719
22790
22777
22511
22098
23018
22384
22995
22941
22414
22591
23349
23192
22549
22710
22148
22727
22654
23336
22335
22460
22707
22789
22990
22736
22543
22459
22326
22511
23120
22312
23068
22735
23068
22510
22451
22673
21964
23407
22534
22730
22869
22293
21992
22511
22893
23422
22707
23232
23195
22059
21985
22672
22312
22435
22268
22674
22977
22345
22432
22703
22549
22888
22321
22015
22450
22179
22441
22882
23091
22284
22559
22183
22667
22041
22970
22129
21555
22677
23221
22595
22625
22528
22518
22412
22888
22434
22862
21729
21662
21201
22792
22003
22834
22397
22973
22701
22651
22044
23118
22602
23096
22357
22804
22292
23514
22588
22796
22451
22577
22431
22437
22381
22321
22120
22178
22153
22234
22829
22165
22359
21932
22140
23016
22294
22825
22299
22522
22861
23257
21787
22325
22930
22310
23117
22388
22587
23085
22372
22480
21828
21974
22331
22201
22287
23247
22220
23089
22125
21871
22350
22298
22859
22715
22954
22787
22337
22805
22502
22348
22037
22597
22242
22221
22959
22582
22101
22715
22371
22541
22930
22426
23777
22771
22737
22580
22475
21874
22548
22757
23072
23345
22040
23294
22449
23071
22638
22575
22467
22868
23192
23019
22621
22498
22904
22965
22385
22855
22462
22825
21912
22566
22583
22220
22074
22025
22918
22379
22602
23371
22005
22550
22659
22405
21313
22244
23035
22802
22608
22713
22431
22513
22429
22615
22360
22543
22695
22838
22681
22762
22109
22168
22784
22060
22475
22809
23258
22997
22719
22760
22294
22387
23115
22921
22684
22446
22828
22369
22695
23303
22669
23359
22797
22762
23044
22680
22498
22546
22803
22327
22351
22296
23023
22513
22499
21935
22097
22524
22519
21973
22344
22330
23021
22863
22993
22649
22156
22150
22937
22652
23479
22803
23162
21739
23270
22511
22852
22845
22643
22926
23013
22637
22822
22382
23139
23120
21329
21897
23229
22448
22285
22856
22712
22567
22385
23027
22812
22370
22655
22889
22341
23378
22802
22538
22779
22341
22749
21876
21668
23249
23286
22444
23590
22873
22633
23149
22408
22534
22912
22786
22601
22749
22389
22283
22708
23173
22489
23027
22875
22504
22086
22506
22799
22254
23272
22436
22389
22762
22529
22707
22589
22902
22461
22826
21772
22576
22582
22615
23364
22936
22580
22586
21424
22160
23183
23178
22449
23428
22154
23310
22929
22853
22213
23310
21828
22637
22187
22435
21810
22514
22862
22604
22426
22324
22498
23000
23025
22501
22945
22934
22216
22520
22949
23225
22720
22258
21818
22424
22480
22434
22904
22859
22393
22524
21930
22968
22463
22595
21513
22335
22615
22659
22732
22651
22503
22720
22182
22887
22305
21695
22009
22311
22201
22754
21916
22482
22695
22722
22227
21920
22657
22390
22266
23192
22600
22781
22787
22090
22855
22660
21793
21994
22132
22227
22344
22413
22708
22815
22389
23005
22527
22157
22737
23108
22057
22652
22190
22704
22956
22734
22470
22430
22327
22220
22717
22344
22022
22464
22856
22715
21793
23030
22052
22728
22839
23102
22795
22465
22813
23139
22512
22436
22597
21916
22159
22764
22359
23480
22134
22811
22214
22756
22152
22085
22170
22305
23053
22985
23521
22206
23193
22688
21579
22606
22934
22850
23083
23003
22256
22275
22603
22426
23145
22567
22516
22076
23054
22078
22905
21861
22224
22178
21905
22510
22209
22997
22141
22117
22391
22658
22694
22885
22615
22274
22239
22361
22689
22559
23006
22919
22694
22753
22801
23020
21950
22323
22876
22548
22738
22496
22703
22291
22245
22433
22908
22700
22391
22370
22156
22485
22146
22472
22516
22902
22374
22291
22547
22325
22216
22280
22445
22760
21699
22558
21450
22205
22175
22398
22648
22890
22593
22828
21724
22905
22407
23020
22059
22148
22279
22750
22642
21846
22856
22046
22857
22055
23264
22651
23011
23006
22401
22925
23011
22659
22120
22243
23134
22915
22392
22655
22693
22793
22947
22502
22271
22580
23035
22935
22524
22446
22465
22532
22708
22538
22926
22573
22799
22348
22842
22104
22531
21854
22419
22601
21952
22768
22263
22226
22270
22956
22016
22748
22570
22517
22542
23163
22863
23093
22953
22600
22771
22137
21698
22556
22616
23274
22292
22727
22952
22269
22261
22613
22188
23180
23296
22288
22862
22481
23179
22302
22174
22596
22754
23107
22445
23002
22920
22542
21926
22907
22384
22136
22390
22364
22249
22396
23458
22705
22285
22344
23212
22111
21692
22944
22406
22580
22535
22974
22676
22982
22668
22529
22307
22021
22691
22982
22520
22815
22214
21982
21955
22445
21781
22814
21971
22502
22260
22878
22456
22312
22288
22432
22264
22199
22253
22195
22286
22125
22524
21717
22993
21997
22863
22611
22223
22187
22451
22789
22699
22548
22192
23061
22790
22903
23288
22080
22538
22193
23036
22335
21638
21947
22079
21692
22059
22433
21713
22049
22836
22714
22932
22911
22595
22081
22906
22660
22545
22498
22983
22167
22948
21972
22312
22638
22254
21981
22608
23048
21891
22851
22878
22229
22641
22809
22766
22141
22573
23284
22226
22665
23034
22894
22595
22876
22777
22515
22254
22689
22288
22860
22296
22493
22488
22829
23030
22293
22137
22943
22603
22354
22564
22478
22526
22543
22802
22672
22299
22301
22701
22400
22401
22467
22501
22989
22923
22623
22006
22959
22233
22553
22228
22166
22188
22512
23012
22183
22617
22511
22779
22853
22171
23152
22529
22590
22652
21851
22543
22805
21872
22421
22105
22652
22817
22567
23223
22503
21987
22889
22571
22830
22246
22638
21794
21884
22158
22074
23293
22235
22940
22579
22494
22696
21953
22738
22532
23102
22571
22420
22316
22332
22636
22654
22592
22282
22560
21848
23040
22907
22416
22431
22430
22528
23092
22931
22579
21912
21869
21814
22636
21815
21931
22497
22937
23374
22158
22330
21984
22291
22623
22248
22276
23040
22278
22484
21639
22710
22331
22331
22208
22224
21985
22474
22199
22533
22546
22563
21550
22597
22629
21814
22966
22100
22092
22338
22229
21686
22761
22913
22152
22435
22845
23212
22477
22290
23055
22831
21762
22584
22808
22616
22992
22607
22724
22819
22601
22688
22134
22217
22410
22368
22223
22088
22174
22407
22629
22507
22632
23175
22475
22396
22639
22332
21883
22242
22488
22308
22661
22620
22450
22358
22362
23138
22905
22305
22468
22821
22273
22595
22520
23386
22423
22005
21959
23017
22239
22044
22764
23386
22426
22127
23452
23147
22886
23010
22480
22942
22280
22461
21822
22840
22705
22809
22308
22744
22643
22374
21803
22515
22959
22090
22881
22218
22930
22176
22054
22272
22953
22426
22631
22630
22387
22406
22541
22077
22848
22320
22428
21733
21949
22308
22144
22778
22276
22826
22792
22535
22404
22868
22331
23345
22901
22173
22595
22797
21627
22425
22273
22820
22836
22835
21994
22879
22852
22327
22985
22136
22955
22377
22719
22350
23334
23388
22797
23155
21893
22190
21563
21720
22945
22921
22400
22754
22760
22239
22179
22713
22579
22128
23524
22515
21869
22428
22158
22369
22281
22727
22868
22690
22130
21890
22563
21771
22470
22722
22670
22087
22466
22555
22690
22610
23388
22676
22616
22776
22328
22586
22079
22934
22978
22691
22964
22784
22992
22907
22660
22948
22802
22929
22472
22858
22440
23106
22666
22762
22538
22314
22928
21528
22257
22499
22233
23007
23107
22272
21600
22403
22220
22162
23234
22265
23198
22149
22529
22976
22433
21985
23448
22507
22957
23189
22881
21975
23347
22576
22961
22448
22788
22491
23114
22637
21914
22728
22310
22920
22613
22822
22988
22619
23097
22445
22569
22682
22838
22241
22443
22787
22241
22137
22417
22702
22095
22372
22664
23151
22635
22603
22663
22531
22582
22547
22865
23190
22682
22146
22028
22071
22255
22897
22868
22981
22097
21393
22335
22991
22567
23164
22692
22554
22179
22520
22622
22431
22833
23540
22230
22462
22555
22304
22743
22923
22318
22341
22338
23069
22031
22549
21781
22063
22636
22066
22338
22474
22655
22593
22405
22542
22906
22248
22458
22399
22523
22241
22642
23130
22391
23130
23246
23386
22307
22194
22657
21795
22817
22898
22078
21674
22607
22974
22141
23258
22906
21753
22395
22209
22000
21786
22225
22546
23116
22129
22007
22445
21745
22883
22953
22962
22068
22971
22268
22154
22412
22400
22673
22243
22207
22215
23098
22515
22321
22208
22657
22100
21972
22537
22785
22484
22599
22532
22362
22817
22029
22479
22897
22792
22769
22739
23052
22507
22210
22869
22132
22643
22554
22248
22458
22307
21676
22383
21822
23056
22870
22789
22416
22594
21765
22426
22785
22907
22569
22682
23003
22096
23359
22934
22207
23385
22582
22063
22277
22342
22463
22326
22072
22457
22522
22390
22619
22362
22655
23013
22732
22478
22364
22629
22962
23077
22852
22357
22819
22098
21699
22667
22708
22445
22110
22472
23536
22733
23202
22129
22141
22478
22899
22961
22841
23255
22323
22526
23585
22987
22759
23053
23165
22183
22269
22281
22514
22722
22644
23242
22962
22284
22234
22336
22440
22939
23089
22134
22846
22625
22890
22555
22412
22901
22419
22565
22468
22585
22021
22515
23066
22207
21970
22426
21844
21998
22849
22314
22273
22324
22739
22437
22016
22258
22964
22371
22537
21715
23379
22397
22130
23023
22285
22481
22474
22698
22201
22148
22372
22661
22534
22802
23124
22399
22855
22741
23087
22296
22025
22111
22457
22708
22205
22369
22676
22655
21803
22809
21798
23096
22739
22289
22451
22952
22888
21858
22693
22520
22026
22366
22568
22916
22878
22668
22125
21719
22544
22447
22234
22879
22502
22827
23336
22079
23211
22164
22677
22899
23141
22879
22257
22956
23381
22947
22942
22555
22816
22891
22216
22195
22504
22335
23356
22606
22162
22114
21647
22129
22458
22701
22564
22743
22473
21366
22347
22316
22854
21970
22592
22422
22799
21596
21453
22381
22671
22630
21592
22966
21805
22978
23168
22909
22454
22835
22194
22407
21954
22939
21757
21731
22627
22621
22989
22807
22789
22385
22228
22606
22716
23114
22126
22916
22523
23104
22229
22879
22096
22187
22797
22121
22348
22735
22856
22086
22651
22932
23208
22880
22224
22628
21927
23165
22705
22536
22260
23012
22099
22419
22159
22499
23073
22699
22358
22168
22434
21978
22950
22439
22398
22512
22196
22190
23099
22578
22138
22391
22381
22372
22255
22614
22957
22258
22766
22660
22210
21648
22486
22956
22616
22111
22955
22752
22253
22917
22382
22133
22576
23391
22201
22736
22586
22460
21759
22279
22225
22769
22611
22632
23046
22271
22244
22198
23278
22758
21861
22646
21712
22306
22985
23292
23089
22485
22558
23007
22498
22292
23143
23007
22331
22913
22502
22781
22605
22268
22945
22408
22283
22324
22448
22667
22591
22612
22459
22484
21981
23222
23260
22014
22716
22293
22506
23046
22012
22509
22250
23084
23073
22259
21872
22560
21818
22951
22262
22372
22468
22864
23189
22340
22599
22346
22239
22485
22732
23052
22303
22122
22116
22989
22430
21948
21878
23023
22836
22647
22131
22012
22445
23031
22851
22376
22731
23022
22729
22056
22474
22444
22759
22645
23199
22104
22216
22911
22792
22680
22792
21900
22466
22683
23321
22566
22602
22365
23061
22557
23021
22435
22823
22648
22312
23299
22431
22067
23069
22379
22513
22410
22259
22361
21564
22333
22293
21769
22387
22432
22341
23186
23162
23226
22504
21922
22548
23427
22489
22393
21951
22595
22510
22429
22996
22136
21910
22631
22004
22660
22658
22273
22304
22583
23242
22657
21913
22351
22340
22763
22558
22208
22417
21348
22795
23104
22468
22857
22587
23148
22262
22241
22366
22573
22790
22291
22431
22462
22261
22933
22969
23164
21391
22025
22353
22676
22182
22674
22547
21795
22096
21874
22309
22190
22426
22840
22697
22241
22464
22665
22916
22283
22621
21971
21960
22339
21972
22417
22816
22864
22322
22808
22174
23061
22806
22778
21562
22549
22890
22499
22980
22165
21688
23168
23010
22881
22895
22462
22225
22854
22293
22163
22106
22586
22717
23169
22505
22318
22861
21729
23228
22984
22236
21988
22156
22494
22239
23249
22328
22815
22731
22394
22551
22757
22180
23188
22988
22586
22637
22479
23435
22316
23861
23008
22958
23124
22576
22501
22477
22411
22249
22684
22760
22515
22354
23619
22393
22544
22106
22584
22644
22067
22683
22826
23148
22762
23326
22789
22691
22494
22338
22422
22923
23171
21402
23119
22758
21804
22114
22238
24091
21914
22386
22977
22601
21984
22473
23089
22284
22671
22915
22819
22487
22698
22631
22061
22928
21872
21965
22340
22541
22233
22443
22278
22790
22930
22070
23067
22856
21762
22497
23044
22282
22039
22518
22168
22743
22432
22856
21932
22204
22117
22685
22634
22615
22141
21645
22402
22272
22217
22487
22194
21788
22235
21340
22227
22570
22394
22752
23024
22564
22475
22022
22426
22263
22677
22036
21912
22407
22040
22587
22476
22580
22828
22972
22646
22564
23500
22572
22534
23354
22606
22740
22113
22656
22377
22884
22242
22359
23118
22495
22200
21655
22269
22244
22574
22749
22726
22878
22293
22472
21792
22615
23283
22589
23225
22464
22001
21886
22497
22191
22852
22938
23381
22140
23060
22592
22761
22504
23073
22334
22690
22424
22531
22777
22908
22373
22777
21678
23085
22798
22938
22510
22770
22758
22888
22819
21874
21645
22202
22559
22443
22248
22962
22379
22841
22581
22726
23341
22593
22568
22302
22728
21942
22410
22855
22421
22152
21690
23198
22555
22812
22573
23333
22417
22494
23286
22667
22363
22703
22525
22175
22698
22823
22318
23123
21948
22024
22409
22529
22197
22637
22803
22087
22150
22164
21990
22419
21785
23136
22898
22734
22089
22291
21840
22474
22300
22017
22754
22496
23019
22360
22264
23206
22064
21446
22266
21907
22280
22959
22914
22727
21972
22700
23281
22727
23143
21405
21681
21984
22611
22212
22656
22677
22323
23105
22352
22081
23542
22339
22947
22801
21996
22617
22588
22552
22606
22688
22625
22559
22425
22281
23031
22972
23865
22251
22108
22718
22533
22508
22429
23201
22501
22514
22831
23464
22813
22763
22786
22525
22290
22568
23069
22231
22415
22084
22423
22456
22342
22151
22685
22506
22599
22469
21691
22227
22611
22044
23259
21102
22803
22113
22527
22526
22861
22397
22568
22705
22986
22757
22761
22240
22679
22766
22219
21977
22739
23363
22755
22325
22603
22481
21724
22025
22884
23081
23015
23151
22607
22487
22573
21915
22794
22608
23150
22519
22403
22771
22346
22713
22385
23278
22285
22474
22290
22640
23165
22093
22331
21854
22068
22413
22453
22724
22206
22119
22292
23060
22859
23035
22422
22243
22605
22901
22861
22706
22625
22780
22640
22570
22527
21159
22063
22171
22731
22791
22527
22863
22679
22613
22909
22027
22904
22505
21844
21903
22155
22763
23147
22313
22137
22362
21974
22687
22761
22641
22541
22533
22662
22223
22237
23192
22244
22827
22456
23350
22363
23170
21821
22162
23014
22557
22708
21929
20946
22447
22483
22609
22990
22573
22313
22041
22591
22294
23206
22316
22546
22406
22522
22338
22077
22843
21941
22159
22570
22446
22283
22516
23127
22632
22446
23016
22923
22091
22388
22278
22631
22040
22681
21517
22102
21944
22634
21952
23501
22173
22916
22725
22814
21388
22350
23146
22094
22379
23215
22593
21936
22816
22500
22429
22621
22920
22479
22605
21799
22600
23123
22691
23127
22845
22319
22752
22520
22284
22073
22758
22770
22269
22802
22672
23256
22762
22930
22189
22455
22496
22404
21886
22696
21580
22716
22235
22076
22231
22363
22667
23285
22093
22538
22245
23454
22335
22415
22445
22040
22601
22683
22572
22413
22801
23009
22861
22353
22424
22642
22432
22423
22200
22439
21915
22139
22241
22866
22540
22579
22940
22513
22765
21530
22007
22097
23044
22856
22660
22700
22299
22941
22357
22100
23254
22090
22346
22280
22238
21996
22396
22854
22268
23023
23293
22843
22832
21925
22544
21940
22755
21961
22698
22468
22754
22612
22575
22300
22611
21286
22199
22421
22387
22085
22010
22657
22652
22352
22487
22427
22311
22910
22480
22340
22236
22361
22849
22207
22416
22759
22559
21915
23382
22033
21837
23299
22443
21893
22490
22648
22918
22740
22328
22698
23132
22638
22652
22801
22316
22438
22737
22379
22120
22531
23084
22876
22781
22434
22700
21662
22453
22699
22335
22432
22851
22794
22238
22338
22544
23044
22534
22094
22496
22681
22887
22387
22608
22138
22772
23059
22378
22972
22896
22629
21909
22115
22615
22379
22671
22467
23325
22551
22730
22389
22985
22853
21904
22431
22144
22117
22309
22022
22545
22239
22483
22835
22818
22250
22863
22033
21601
23007
23133
22564
23448
22567
21985
22196
23032
22318
22499
21626
22805
22312
22443
22402
23217
22524
22126
22667
22485
21860
22248
22811
22047
22468
22868
22300
23032
22806
23037
22171
21488
22273
23047
22733
22292
22355
22491
21846
22746
22840
22382
22828
22611
22742
22077
22308
22718
22811
22342
22450
22798
22731
22654
22138
23388
22446
22976
22421
22053
21457
22589
22326
22039
22068
22053
22348
22736
22094
22546
22879
22716
22737
21784
22588
22834
23064
22694
22755
22212
23037
22543
22515
22619
22679
22539
22349
22455
22316
22823
22622
22444
22283
22407
22408
22457
23046
23108
22853
21657
22117
22667
22991
22255
22816
22877
22405
22805
22278
23286
22622
22599
22106
22286
22770
22980
23009
22907
22274
22307
22555
22453
22040
22016
22979
22769
22597
22636
22173
22531
22327
22769
22518
23005
23268
22434
22416
22341
21928
22635
21970
22782
23104
22487
21318
22182
21651
22782
22399
22606
22022
22611
21944
22671
22329
21808
21709
22504
21837
22673
23227
22644
22518
21498
22282
22271
21981
22644
22052
22802
21962
22024
23134
22706
22444
22395
21916
21667
22365
22410
22422
23294
22101
22820
22610
22343
23127
22620
23176
22317
22937
22233
22872
22505
22519
23516
21837
22827
22508
22887
21900
21965
22557
23922
22462
23066
22314
22206
22240
22836
22385
22508
22346
22649
22779
22473
22900
21860
21748
22603
21804
22460
22163
22150
22453
22372
22452
22197
22416
22100
22340
22418
23109
22672
23475
22249
22369
22400
23161
22994
21916
23252
22436
22811
22745
21893
22679
22549
22794
22776
22398
22464
22319
22221
22795
22869
22316
22296
22687
22707
22905
22369
22911
22641
22447
21905
22523
22194
22988
22152
22301
22387
22443
22081
22947
22767
22132
22396
22583
22511
21872
22324
23018
22719
22950
22669
22416
22744
22119
22237
23085
22252
22304
22496
22735
21820
22514
22641
22759
23011
22593
22151
22436
22563
21966
23432
23186
22615
23135
22976
22669
21888
22549
22581
22753
22387
22467
22972
22316
22459
23322
22672
22235
22476
22993
22510
22199
22530
22262
23102
21728
22430
23128
22857
22111
23125
22813
22960
22292
22581
22784
22699
22381
22532
23015
21907
22393
22777
22199
22169
23241
22778
22509
22187
22481
22000
22498
22158
22148
22047
22172
22466
22648
22754
22122
22035
22880
22067
21733
22724
22103
21648
21971
22568
23041
22062
22842
23029
22531
22086
22381
22916
21887
22160
22113
23218
22273
22367
22906
22274
22370
23158
22975
21794
22923
22290
22408
22735
22818
22850
22568
22592
22389
22173
22169
22324
22434
22532
22208
22249
22334
21451
22289
22583
22829
21928
22406
22645
22917
22629
22502
22076
22128
22793
22045
23029
23325
22414
22573
22651
22352
22364
22331
21981
22152
22049
22863
22460
22761
22479
22949
22574
22165
22800
22632
22740
22499
22556
22828
22120
22831
22843
23119
22587
22215
22916
22273
22159
22520
22504
22028
22192
22706
23204
22894
22100
22695
23445
22589
21922
22344
23178
22706
22750
22512
21852
22110
22436
22261
22476
22862
22656
22337
22356
22116
22798
22650
22881
22903
22353
23067
21861
22717
22636
22464
22181
21988
21918
22065
22445
22341
23078
22588
21951
22636
22615
23088
23169
22464
22842
22039
22580
22627
22106
23012
22014
21769
22833
23341
22702
22519
22655
22582
21910
22860
22638
22983
22175
22160
22731
22854
22748
22283
22511
21945
21915
22672
22526
21840
22290
23308
22175
22884
22371
23281
22435
22387
21891
22001
23503
22084
22150
22090
23130
21694
21971
22850
22188
23048
23234
22417
23015
22412
22512
21536
22808
22578
22462
22388
22826
22461
22078
22255
22182
23047
23110
22285
22050
22711
23089
22269
22374
22394
22530
23001
22699
22290
23390
22745
22076
22438
22741
22333
21972
22288
22631
22742
22418
22190
6751
15430
6340
4084
13328
4774
8433
17935
4350
5402
6004
15229
766
2616
3306
7241
14040
3314
8048
3144
6467
17346
9962
11675
711
2057
4898
1396
4119
16348
1953
4061
140
3992
8287
2401
18581
18917
18084
19012
18702
18388
18713
18345
18886
18515
18630
18214
17992
18431
17930
18477
18296
18261
18399
17952
18338
18321
18388
18491
18762
18124
18920
19445
18522
19022
18937
17661
18405
18101
18975
19229
18415
18738
18396
17965
18491
18636
18823
18665
18829
17993
18840
17487
18423
18094
18408
18640
18775
18452
18864
17904
18370
18644
17763
18330
18584
17719
18788
18485
18236
18362
17925
18470
19421
18657
18038
17762
18140
18520
18350
18494
19279
18072
18625
18519
18320
18632
18828
18239
18883
18516
18931
17474
18806
17733
18735
18498
17980
18323
18145
18947
18250
18179
18569
17879
18144
17864
18254
18803
18253
17943
18844
18425
18233
18571
18267
18401
19181
18960
18634
19202
18744
18472
19060
18617
18430
18089
18733
18464
17935
19364
18261
18381
18490
17861
18386
18657
17806
17896
18711
17924
18761
18308
18939
17761
18337
18475
18357
18871
18635
18779
18567
18138
18024
18203
18535
17806
19145
18381
18025
17993
17847
18583
18124
18451
18580
18290
17804
18518
18599
18829
18493
18760
19232
17875
18761
18274
17960
17807
19352
18461
18948
17710
18191
18329
17488
17565
18708
17842
18758
19240
18646
18727
17773
18090
18876
18027
18027
18977
18576
18336
18883
18707
18779
18792
17914
18470
18394
18003
18115
17427
18061
18837
18477
18085
19037
18510
19028
18184
18299
18954
18976
18066
18109
18361
18721
18485
18366
18209
18389
18200
18396
18805
18856
18785
17883
18742
18472
18539
18563
18157
18185
18093
18735
18077
17930
18226
18177
18359
18583
18472
18552
18259
18769
18867
18386
18599
18250
18318
18963
18616
18028
18823
18536
18163
18534
18481
18575
18528
19031
18339
18259
18808
18782
18133
18271
18396
17871
18895
18734
17998
18066
17917
18470
17830
18265
18896
18525
18938
18538
18434
18737
17989
18090
18425
18455
18221
18903
18877
18000
18664
17745
17896
18488
18444
18568
19110
18698
18789
18195
18930
18726
18409
18448
18576
18845
17831
18248
19724
17874
19110
18388
19051
18306
18086
18791
19258
18019
18570
18408
18558
18066
18740
18811
18811
18300
18157
18096
17857
18657
18535
18457
19006
18563
18721
18295
18026
18120
17852
18258
18092
18385
18728
18131
17436
18203
18016
18497
18260
18433
18277
19004
18091
18348
18090
18855
18315
18689
17644
19129
18336
18081
18543
18807
18750
18489
18418
18119
18845
18457
18747
18613
18729
18634
18733
18929
18586
17680
18535
18377
18647
18977
18398
17970
18193
17614
18808
18672
18704
18885
18131
18342
18843
18694
18855
18549
17996
18156
18249
17762
18646
18464
18080
18363
18023
18854
18439
18638
18191
18457
18146
18458
18310
17691
18183
18247
18367
18348
17934
18712
18382
17723
18580
18382
18357
18062
17823
18446
18930
18811
17610
19151
18475
18520
18651
18456
17948
18469
18775
18434
18459
18541
18940
17932
17995
18641
18523
18615
17964
19339
19078
17972
18342
18113
18660
18217
18817
19176
18351
18620
17577
18889
18237
18381
18336
18928
17995
18611
18675
18528
18635
18225
18485
18470
18549
18385
18135
18503
17959
18427
18463
18614
18618
17875
18885
18281
17568
18067
17764
17897
18617
18309
19146
18646
17872
18268
17781
18124
18654
18678
18914
18178
18849
18741
18404
18192
18147
18935
18911
18069
18328
18827
18442
18456
18636
18445
18451
18039
18701
17840
18321
19058
18326
18436
18416
19269
18232
17668
18779
18803
18160
18531
18252
18205
18455
18082
18620
18864
18549
18544
18303
18324
18994
18313
18799
17989
18277
18163
18517
18693
18862
17992
17758
17565
18568
18700
18481
19837
17288
18528
18243
17923
18116
17787
17537
18138
18892
18695
18616
17944
18322
18598
17714
18609
17937
18246
18736
17901
18416
19227
19280
18113
18895
18787
18768
17685
18226
18633
18380
18320
18308
18711
17834
18232
18556
18135
17921
18399
18556
18379
18233
17794
18837
18722
18831
18594
18317
18257
18370
19025
18703
18271
18128
18800
18689
18121
18664
18823
18067
17913
19253
19283
18286
18891
18152
18140
18763
18248
17224
18897
18613
18690
18803
18834
17862
18224
19052
18215
18565
18568
18840
19349
18856
18598
18550
18740
18132
18865
17986
19025
18352
18388
18379
18895
17909
17827
18399
18892
18841
18816
18405
18468
19231
18183
19425
18189
18330
18296
18093
18147
18239
17925
18289
18694
18539
18089
18269
19179
18592
18276
18688
18528
18986
18207
18827
18412
18205
17935
18950
19284
18633
18491
18502
18328
18591
18358
18768
18185
18526
18647
18360
18105
18413
18690
17714
18999
18737
18483
18111
18032
18797
18853
19136
17972
18791
18377
18320
18558
18833
18661
19082
18986
18906
18370
19092
18503
18706
18638
18300
18844
18914
18021
18360
18249
18301
18795
18390
18140
18467
18520
18193
18059
18781
17967
17374
18361
18013
18176
18121
18808
17944
19113
18621
18203
18055
17822
19304
18932
18454
18338
18833
18888
18555
18053
18414
17375
19016
18502
18206
18655
17671
18274
18462
18015
18234
18423
18818
18821
18408
17948
18161
18069
18872
17858
18198
18435
18851
18178
18194
17606
18799
18699
17941
17821
18591
18355
18659
17867
18638
18742
18515
18094
17818
18466
17778
18303
18753
17656
19161
18429
18009
18443
18442
18347
18497
18384
18419
18892
18337
18650
18238
17923
18246
18677
18761
18071
19251
18885
18279
17654
18639
17862
18906
18034
17994
18291
19232
18537
18655
18319
18672
18671
18330
19307
17810
18540
19188
17844
18027
17691
17931
17582
18425
18398
18425
17744
19562
18468
18690
18724
18424
18851
18045
18766
17540
18512
17844
18229
18682
18329
18534
18577
18351
18812
19366
18397
17989
18211
18659
18713
18358
18943
17977
18052
18686
18979
17340
18927
18193
18804
18921
18812
18638
17913
18090
17993
17893
18560
18089
18791
18839
19210
17909
18255
17899
19230
18482
18327
18711
18757
18317
18201
17908
18324
17847
18979
18838
18916
18533
18441
19034
18365
19026
18359
19481
18256
18536
19020
18129
18765
18675
18574
18540
18221
18719
18409
18005
19143
18925
18909
18347
18358
18524
18959
18771
17974
18661
18034
18880
18321
18765
19013
18705
19126
18469
17790
18463
18390
18137
18552
18577
18218
17275
18552
18254
18584
18302
18918
17943
18479
18927
18290
18705
19636
18930
17750
17815
18456
18925
18807
18299
18136
17966
18502
19282
19067
19236
18542
18201
17970
18444
17443
18429
17647
18370
18386
18893
18697
18029
18598
18425
18040
17852
18541
18715
17966
18188
18259
19000
18405
17761
18190
19156
18420
18274
18330
18633
18732
18423
18323
18658
19230
18169
18125
18183
17983
18532
18644
17765
18022
18158
18320
17869
18669
18587
18445
17884
17603
17955
18269
18368
18524
18622
18333
18827
17697
18726
18586
18419
18282
17940
18247
17641
18485
18648
18059
18471
18490
18395
18099
18481
18273
18377
18551
18320
18240
18097
18823
18643
17943
18549
18853
18791
18564
17730
18589
18139
18372
18127
18272
18002
18820
18184
18167
18635
19321
17886
18175
18526
18414
18292
19022
19152
18304
18497
18108
18615
19045
18213
18695
17990
17658
18219
18509
18512
18476
18165
18318
18727
18517
18405
18054
17945
19410
19292
18190
18488
18679
18232
19097
18416
18248
18595
18283
18712
17899
18410
18198
18532
18230
18628
18475
18652
18743
18897
18195
17932
18465
18122
18451
18290
18127
19341
19316
18721
17832
18251
18482
18558
17922
18299
18389
18587
18524
18904
17846
18876
18253
17997
18326
18930
17822
18213
18811
18446
18006
18818
17999
19078
17747
18191
18077
17783
18416
19001
17348
18640
18245
18747
19170
18134
17993
19098
18820
18144
18707
18244
18972
18956
18756
18549
19304
18443
18672
19020
18037
17995
18596
18327
18211
18387
18411
18330
18771
18707
18658
18303
18268
18635
18582
18237
17957
18293
18827
18317
17953
18168
18954
18351
18695
18606
18212
18881
18607
19559
18444
19155
18152
18201
18927
17637
18062
17861
17774
18951
19097
18670
19385
18510
18070
17528
18038
18625
18153
18347
17960
17705
18017
18500
18660
18294
18889
18894
17933
17730
18737
18229
18697
17871
18831
18581
19070
19496
18718
18580
19045
18739
18317
18882
17828
18740
18782
18612
18314
17619
18120
18393
18147
18168
17955
18438
18703
18464
18413
18200
18573
18468
17975
18075
18002
18202
18857
18460
18558
18375
17740
17926
17691
18205
18290
18132
17782
18217
19379
18700
18258
17912
18169
18244
18685
18355
18152
18650
18768
18177
18630
18950
18183
18802
18243
17717
17999
18928
17599
18624
17807
18340
18825
18905
18925
18636
18280
17897
18019
18505
17984
19318
17981
18259
18386
18689
19055
18993
18178
18313
18348
17463
17668
18648
17894
18309
18616
18517
18353
19116
19051
19035
18326
18719
18478
18471
18485
18717
18170
18451
18172
18739
18238
18430
17539
17698
18675
18731
18858
18201
19224
19390
18097
18762
18314
18527
18129
18757
18455
18003
18002
18298
18481
18023
18659
18666
18096
17663
19186
18202
18967
19143
18409
18782
18171
19010
19050
18286
18633
18506
19387
18538
18325
19446
18524
18492
18525
17937
17796
18499
19418
18673
18554
18719
18668
18566
18894
18332
18755
18524
18577
17962
18274
18392
18066
18601
18814
18544
17136
18961
18940
19032
18418
18639
19240
18850
18837
18636
19355
18335
19216
18550
19034
18886
19282
19008
18613
18661
17877
18052
18496
18431
18841
18516
18691
18978
17816
17977
17910
18376
19155
18106
18412
18671
18807
18484
18457
18526
17756
19050
18144
18028
18488
18650
19054
17970
18754
18578
18437
18020
18605
18205
18893
18760
18899
18667
18290
18753
17781
18746
18690
18181
18674
18577
18640
17761
18597
18996
19142
18088
18303
18213
18508
17716
18799
18707
18560
18350
18060
18461
18390
17600
18592
18511
18002
18705
18371
18787
18636
18358
18545
19310
18004
17859
18826
18839
18571
18482
18874
19000
18428
18170
18674
17865
18286
18610
18743
18269
18822
18219
18301
18438
18207
18022
17934
18607
17504
18212
18475
18633
18575
19105
18483
18340
18638
18496
18776
18458
18756
18445
18156
17880
17864
18436
18253
18380
18853
18468
18791
18478
18094
18667
18719
18692
18757
18442
18547
17788
18526
18428
18213
18024
18488
18876
18272
18114
17806
17987
18140
18183
18235
19284
17992
17926
18472
17932
18050
18390
18128
18347
18491
18001
18720
18538
19047
19032
18377
18216
19384
18179
17751
17801
18808
18203
18721
18672
18248
18758
18306
17824
19121
18065
17852
18171
17889
18951
18228
18439
19014
17532
18258
17671
18435
18316
18931
18721
18251
17651
18767
18206
18006
18017
18810
18161
18156
18710
18881
19289
18222
18675
18550
18459
18684
18840
18056
18354
17683
18423
17518
18089
18895
18342
18680
18332
18667
18160
17594
17878
18646
18569
18977
17927
18836
18326
18320
19032
18478
18678
18777
18393
18010
18540
17799
18498
18519
18107
18572
18423
18756
18178
18456
18353
17618
19177
18041
18210
17745
17834
18872
19034
19457
17677
18637
18582
18255
18899
18013
18312
18735
18646
18765
18375
18519
18132
18412
19402
18381
19173
18445
19080
17746
18831
18357
18133
18674
18425
18489
18575
18083
18616
19237
17831
19012
18608
18272
17826
18910
17752
18212
18614
18567
18570
17918
19266
18441
17916
19264
18324
17843
18081
18399
18659
17832
18546
18765
18273
18694
18162
18786
17920
18431
17837
18043
18712
18193
18424
19092
17720
18705
18618
17893
18382
18201
19026
18319
17941
18047
18138
18766
18194
18636
18560
19087
17927
18444
18565
18156
17987
18028
19094
18461
19170
18442
19706
19261
18809
18176
17795
18467
18712
18861
18579
18604
18421
18546
18794
19340
19199
17876
18409
18391
18855
18390
18010
19231
17805
17589
17621
18077
18643
18279
18307
18184
18477
18818
19193
18239
19277
18311
18716
19600
18663
18686
18859
17970
18091
18198
18850
17965
18216
18822
18164
18613
18654
19100
17857
18513
18455
18773
18083
18379
18193
18538
18836
17928
17745
17973
18707
17448
19309
18445
18873
18667
18779
18215
18063
17921
18064
18344
18557
18920
18784
17903
17629
18706
18903
18833
18222
18424
18385
17492
18155
18601
18381
18744
18056
19573
18096
18627
18835
18104
18165
18830
18529
18544
18617
18221
17953
18137
18798
18556
18439
18112
18342
18149
18844
18181
18441
18570
19416
18956
19153
18494
18871
18547
18164
18779
18013
18265
18436
18068
18517
18384
18682
18533
18942
18062
18597
18322
17914
18233
18657
18186
18580
18540
18409
18639
18964
18748
19019
19093
18680
18033
18588
18465
18750
18846
18269
18448
18270
18436
18447
19263
18479
18123
18709
18990
18855
18489
18749
17993
18388
17813
18542
17757
18848
18544
19177
18385
19428
18872
18652
18203
18705
18770
18667
18230
18029
18521
18474
18385
18558
18216
18641
18174
18463
17851
19037
18744
18793
18018
18128
18560
17624
19554
18047
17864
18104
18809
18567
18738
18126
18992
18091
18868
18838
18554
18036
18650
18664
18534
18044
18840
19302
18075
18514
18669
18124
18771
17970
18376
18516
17830
17900
18167
17764
18510
18069
18275
18632
18346
18442
19232
17561
18343
18106
19106
17876
18524
19027
18000
18794
18088
18036
18697
18573
18097
18915
18871
18309
18014
18304
17978
18070
18527
18142
18222
18447
18288
19071
18715
18508
17963
18713
18560
18050
18642
17805
18546
17835
18483
18895
17779
17866
18856
18135
18191
18962
18358
18049
19060
18166
18371
17668
18048
18175
17679
18390
18005
17971
18710
18728
18315
18064
18559
18492
18423
18550
18566
18994
17941
18378
18509
18284
18844
17900
19211
17810
19052
18634
18000
18371
18239
18753
18819
18717
19245
18610
18159
18640
17929
18407
19297
18681
17942
18701
18827
18519
19095
18179
18459
18838
18507
18619
18425
18042
18261
18918
18251
18158
19139
18764
18675
18339
17026
18157
17969
18318
19073
18156
18085
18809
18040
18487
18050
18405
18504
18608
18361
18116
18351
19164
18652
18234
18684
18221
17842
18286
17803
18352
19045
19182
18969
18877
18482
18014
18025
17538
17823
18707
17372
17987
17534
18523
19272
18237
18152
17898
18758
18350
18949
17739
18090
18175
18519
18910
18392
18568
19204
18539
18131
17768
18808
19180
19072
18995
18505
18167
18363
18742
19007
18548
18274
18608
19114
18798
19062
19037
18205
18505
17792
19067
18091
18380
18768
18440
18657
18331
18310
18281
18671
18049
18121
18913
18137
18957
18189
18102
18683
18189
17960
17695
18284
18571
18377
18727
18465
19298
18185
18248
18345
18692
17325
18377
18005
19088
18064
19108
17310
18622
18061
18982
18497
18829
18921
17942
17863
17830
18225
18836
18347
18375
18525
17987
18637
18890
18282
18458
19135
18321
18506
18065
18364
18423
18521
18359
18149
18593
17801
18921
17869
18476
18527
18734
18274
18640
18479
18488
18623
18240
18525
17989
18110
18148
19060
18716
18373
18524
18826
18275
18829
18545
18619
17851
18736
18641
18314
17621
18270
18053
18785
18538
18624
18445
18304
18671
18201
17766
19007
18493
18651
18977
18784
18821
18230
18304
18056
18113
17842
17716
18515
18824
18425
18331
18393
18449
18584
17993
18592
18662
18804
19239
18697
18306
18119
19084
18677
18546
17982
18398
18525
17551
18154
18356
18064
18244
18017
18520
18600
18666
18005
18480
18280
18363
18140
18738
18638
18355
18733
18342
18464
18692
18804
18578
18238
17884
18694
18398
18239
18822
18442
17861
18202
18740
18746
18844
18806
18554
17309
17937
17252
18398
18315
18326
19465
18411
18371
18320
18787
18676
17794
18018
18220
18958
18652
18606
18263
18627
18847
18224
18344
18597
17595
18405
19102
18147
18669
18493
18342
18927
18420
18404
18493
17809
18630
18068
18006
19341
18506
18680
18406
18474
18013
18514
18502
18361
17821
18312
18537
18677
18809
18689
18287
17803
18206
17889
18278
18472
18282
18949
18452
17970
18059
18411
17535
18816
18490
18372
18514
18497
19028
18636
18908
18778
18523
18510
18237
18290
17485
19014
18315
18708
18506
18874
18184
18161
18443
17576
18762
18365
18237
18470
18553
18560
18272
17967
17918
17429
18762
18960
18123
18317
18742
18429
18104
18527
18770
18679
18261
18379
18545
18535
18110
18068
18762
18791
18693
18807
19224
18840
18794
18172
18316
18156
18716
18382
18572
18433
18681
18354
18827
17835
18259
18477
19180
18500
18087
18248
18705
18817
17663
17914
18573
18474
19597
17956
17581
18918
18049
18703
18421
18403
18689
18749
19337
18752
18164
18644
18694
19166
19013
18466
17658
18805
18656
18510
18144
17850
18404
18534
17996
18410
18020
18633
19115
18412
17926
18558
18500
17810
18261
18973
18783
18378
18241
18923
19308
18790
18674
18503
17996
18379
18108
17954
19296
18503
19000
18380
18706
18641
17996
18608
18432
17550
19430
19199
18619
18587
18409
18676
18572
17627
19062
18399
18005
17997
18201
18108
18154
18182
18814
18791
18707
18645
18340
17643
18157
18831
18225
18343
18291
18424
18389
18665
18698
18807
19151
18599
18387
18179
17914
18676
18725
18650
18335
18685
18088
17503
18684
19016
18512
18822
19035
18304
18060
18110
17518
19155
18075
18528
18158
18872
17662
17505
18565
18327
18656
18661
18285
17534
18235
18784
18037
18695
17752
18129
19083
17769
19088
18723
18092
18832
18416
17748
18624
19515
18624
18114
18244
18217
18439
18265
18472
18380
18049
18341
17410
18859
18752
18838
19135
19105
17533
18319
18250
18527
18727
18050
18488
18442
19357
18180
18318
18176
19268
18344
18571
17988
18055
18835
18005
18454
18090
19298
18258
18188
18313
18938
18387
17790
18820
18677
18576
18471
18298
18114
18421
18113
18512
18364
18276
17782
19086
18370
18386
18481
18671
18406
18706
17562
18414
18121
18998
18581
18644
18885
18277
18724
18395
18807
18376
17219
18808
18916
18439
18829
18992
19044
18594
18658
18967
18211
18447
18737
18188
18506
18580
19110
17734
18975
18008
17813
19864
18337
18617
17907
18954
18527
17504
18556
18634
17626
18480
19045
18205
18249
18379
18520
18243
18445
18907
18555
18689
18410
18693
18315
18723
18878
18530
18294
18300
18378
18994
18324
18226
18278
17798
18267
17694
18343
17821
18170
18187
18391
18125
18681
18418
18207
18398
18339
18553
18410
18483
18790
18506
18869
18585
17681
18520
17853
17725
18384
18678
18627
18829
18408
18007
18698
19389
18007
18219
18215
18857
18142
18219
18649
18442
18124
18820
18674
18274
18018
17962
18771
18476
18679
18177
19041
18201
18738
18624
17934
17806
18231
18609
17951
18315
18281
19125
17864
18474
18936
17605
18467
18451
19009
18158
18884
17770
18579
18830
18036
18084
17613
19153
18672
18883
18460
18559
17637
18851
18823
17794
18745
17985
18590
17993
18392
18366
18630
17864
18834
18744
19320
18484
18928
18062
18720
18195
18366
18336
18331
17905
18695
18310
17989
18851
17938
17838
18614
18173
18468
18747
18630
18333
18319
18636
18535
18920
18836
18767
18918
18550
18419
19233
18885
18750
18378
18237
18228
18493
17758
18247
18359
18197
18557
18183
17685
17612
18245
18119
18265
18736
18054
18775
18089
18014
18631
18506
17625
18159
18129
18366
18152
18863
18581
18787
18118
18178
18594
19083
18454
18629
18991
18837
18169
18349
18785
18423
17940
18466
18734
17945
18115
18542
17498
18162
18425
18480
18138
18696
18455
18543
18800
18094
17693
17907
18435
19102
18517
19073
19078
18453
18230
18094
18415
19239
18098
18511
19098
18136
18609
19278
18532
17824
18283
19156
18555
17154
18600
18467
18559
18383
18253
18332
18643
18802
17430
18189
19121
18698
18983
18374
18444
18134
18191
18557
18306
17603
18151
18287
18261
18748
17260
18662
18262
18276
18615
18768
18793
18579
18264
18955
18552
18498
18739
18699
18366
18037
18691
18418
18585
17965
18289
18690
18611
18191
18296
18630
18674
17987
17787
18102
18662
18528
18942
18008
18848
17829
18063
18784
18850
18195
18329
18058
18901
18070
17666
18499
18443
18233
17968
18207
18667
18391
18902
17989
18719
17773
19297
18282
18600
18885
18693
17363
17967
18282
18100
18589
19113
18135
18146
18010
17890
18649
18195
18122
17870
18527
18694
18477
18156
18197
18632
19012
17947
18833
18355
19713
18564
19115
18397
18502
17776
18174
17788
18179
18857
18243
18154
18724
18276
18406
18186
18737
18123
18637
18510
18614
18065
18624
18166
18385
18334
18368
18090
18164
18328
19113
18319
18549
18498
19127
18336
18535
18482
18149
17452
18877
18306
18354
19549
18855
19188
18240
18429
18333
18497
18715
18028
18586
18552
18707
17670
18115
18923
18100
18845
19165
18501
18092
18129
18551
19183
18515
17808
18527
18799
19143
17989
19018
18128
18216
18448
18737
18704
18046
18303
17773
18096
18581
17903
18624
19030
18141
18892
18936
18247
19100
18276
18376
18931
18560
18006
18152
18513
19190
18193
18704
18407
18419
18686
18636
18511
18700
18898
18740
19196
19042
18111
17223
18159
18336
18605
18318
18822
18361
18140
18248
18394
18041
18634
18477
18528
18550
18158
18704
19135
18366
18705
18259
18849
18718
18118
18834
19104
18089
18058
18424
18332
17720
18569
18892
17823
18600
18017
18364
18169
18646
19226
18043
18418
18391
18034
18550
18510
18492
18495
19066
18523
18490
18257
18667
18503
18454
18796
18428
19373
18173
18146
18213
19009
18622
18499
18600
19123
18510
18766
18313
18979
19234
19130
18033
18012
18881
19418
18487
18525
18676
18696
18362
17750
18377
18320
18661
18276
18436
19264
18729
18138
17594
18370
18431
18723
18221
18154
18272
18883
18729
18272
18588
18375
18275
18240
18900
18843
17963
18733
18181
18452
18290
18782
18255
17883
17588
18871
18766
18444
17916
18020
18698
19125
19742
18644
18314
18172
18631
18704
18719
18832
17884
18581
18443
18058
19484
17860
18657
18310
18398
18540
18300
18895
18268
18535
18786
19001
18514
18285
18719
18884
18099
19255
18238
18263
19198
18604
19045
18917
18357
18184
18026
18894
19058
18636
17833
18424
18614
17870
18224
18495
17288
18099
18481
18318
18063
17783
18576
18796
18798
18511
18703
18853
18458
18673
18213
18478
18756
17877
18247
18352
18300
18903
18773
18616
18430
18122
19308
17858
18952
19280
18919
18587
18563
13297
9069
14011
20517
14192
15669
18457
1087
13760
18626
13472
4776
607
9682
20096
2589
1521
5367
5325
1572
17265
16658
18358
10490
879
7798
5869
14887
10687
9473
6968
2198
3107
12397
6134
21500
22398
22672
22548
22749
22537
22085
22463
22414
22128
22686
22167
22596
22860
22459
22668
23043
22346
22941
22672
22485
22502
22765
22190
22427
22512
22154
22377
22386
22139
22317
22500
22466
22907
22660
22523
23272
22007
23161
22892
22655
22325
21870
22751
23183
21828
22161
21922
22785
22286
22334
22600
22228
21685
23345
22643
21956
21546
23074
22610
22607
22595
21979
22393
23029
22421
22522
22596
23125
22484
22340
21921
22054
22467
22426
22402
23054
22798
23280
22601
22535
23020
21871
22471
22363
23238
22175
22707
22064
22368
22615
22796
22593
22469
22678
22882
22425
22271
22533
22695
22910
22305
22313
21926
22824
22439
22520
22293
22411
22232
23247
22251
21951
22501
22502
22191
22172
21915
22828
22424
22682
22416
22830
22354
22277
23210
22495
22220
22478
22662
22913
22618
22104
22416
22638
23346
22941
22155
23088
21694
22926
22297
22273
22563
22967
22629
23396
22894
22158
22455
22053
22435
22978
22830
22555
22834
22856
23181
22829
22162
22430
22839
22674
22708
23038
22570
22590
22151
22977
22032
22473
22348
22278
22807
22818
22394
21998
22250
22407
22413
22770
21887
22003
22868
22396
22626
22915
22306
22710
22218
22540
22804
23374
22377
22663
22373
21809
22460
23420
22333
21585
22398
22884
22975
22259
22600
22488
22610
22364
23007
21998
22328
22917
22421
22423
22288
22834
22649
22733
22654
22353
22927
23574
22044
21718
22228
21952
22806
23286
22462
22909
22327
22195
22553
22668
22383
23412
22511
22269
21830
22985
22641
22645
22367
22396
22457
22012
22731
22735
22487
22297
22687
22136
22666
21757
22356
22507
22376
21705
22495
23175
22628
22875
22583
22646
22700
22940
22631
22325
22705
22433
22520
22887
22860
22969
23156
21887
22276
22144
22570
21545
23013
22767
22574
22888
21815
22738
22122
22325
22753
22325
22293
22023
22763
22119
22304
22273
22117
22316
21584
23066
22658
22801
23128
23161
23404
22452
22845
21936
22000
22970
22072
22903
22089
22378
22651
22439
22773
22803
21773
23126
22702
22397
21979
22698
22669
22781
22797
22392
22985
22182
23607
22708
22598
22289
22066
22882
22218
22978
22818
22540
22831
22653
22023
21931
22862
22324
23237
22765
22819
22475
22252
22370
23037
22416
22121
22298
22363
22628
22363
22865
23172
23132
22084
22494
22554
22781
22208
22314
22708
22284
22851
22917
21957
22888
22427
22461
22113
23279
22138
22602
22759
22502
22883
22610
23338
22186
22227
22248
21901
22671
21612
22209
22517
23207
22190
23050
22621
22020
22764
22317
22440
22500
22430
22588
22791
22916
21805
22449
21892
22517
22244
22546
22502
22180
22501
22457
22728
22609
22294
22248
21729
23051
22865
22036
22466
22932
22412
22964
21923
22497
22921
22389
22503
22018
22853
21695
22669
22788
22264
22958
23164
23126
23116
22850
22759
22674
22551
22523
22490
21567
22501
22525
22252
22775
21885
23369
22823
22771
22663
22700
23462
22684
22713
23001
23399
22424
21833
22385
22693
22138
23428
22655
21684
22669
23448
22034
22762
22455
22281
22844
22875
22502
21619
22470
22983
23112
22781
22993
22295
22190
22880
23052
23941
22526
22398
22362
22510
22422
22883
22679
21845
22559
22032
22593
22017
23012
22239
22815
22154
23477
22271
22276
22183
22224
22155
22432
22899
22754
22347
22719
23168
22431
21910
21872
22687
22465
22192
22837
22187
22432
22433
22840
22787
22421
22310
22377
22558
22980
22458
22453
4371
7726
10952
11709
15566
18791
18230
18826
18505
18664
17920
18163
18588
18992
18553
19167
18334
18181
18298
17915
18088
18302
18345
18140
18380
18987
18205
17633
19392
17873
18276
18613
18445
17411
17984
18675
19100
18343
18311
18141
18904
18670
18499
18167
18022
18833
18530
17896
19217
17797
18451
18554
18785
18981
18504
18420
18118
18324
18547
18254
18815
18957
18477
18790
18620
17763
18960
18896
17920
18183
18387
18012
18481
18728
18506
17820
17926
17693
18999
18351
18825
19293
18467
18276
18595
18693
18008
18792
17969
18412
17515
18594
18009
18352
18615
18827
18942
18820
17955
18605
17363
18635
18273
18647
18228
18613
18531
18366
18629
18417
19358
18752
18738
18747
18791
18226
18848
18347
18461
18796
18914
17973
18396
18468
18259
18902
18599
18963
17266
18709
18444
18365
18104
18985
18128
18171
18192
18305
18554
18688
18191
18702
18652
18744
18128
18731
18672
18325
18187
18864
18171
18003
18238
18607
18801
19087
19139
18194
18550
19139
18129
18306
18120
17991
18819
18221
18383
18080
18122
18989
18329
18451
18414
19269
18226
18234
18431
18603
18796
18158
18264
18666
18915
18485
18675
18175
18294
18330
18785
18643
19100
19713
18739
19020
18277
18345
18002
17526
19183
17809
17172
18994
18822
18044
17958
18617
18359
18415
17837
18665
19558
18010
17775
18324
18067
18446
19149
17874
18101
18754
18320
18324
18096
18697
17773
17893
18770
18449
18308
17715
19050
18686
18631
18526
18788
19169
18593
18416
18493
18706
19068
18383
17932
17484
18119
18583
17886
18553
18074
19124
18408
17949
18692
18486
18954
18762
18785
19045
18434
18451
18297
18190
17892
18238
17654
18393
18604
17893
18407
18692
18542
18897
19187
18629
17679
17720
18818
18825
18538
18538
17915
18463
18254
18511
18418
18333
18030
18602
18157
18096
18050
19177
18194
18137
18713
18345
19050
18215
17728
18941
17992
18472
18687
18336
18056
18206
18725
18390
18046
18383
18204
18059
18107
18222
18957
18423
18831
18498
18697
18555
18616
18402
18207
19708
18324
18191
18966
18161
18133
18818
18797
18863
18139
18734
18516
18100
18464
19183
18789
18554
18212
18531
18507
18484
18344
19565
19076
18824
18284
18675
18564
18195
18327
18371
18858
19086
18892
18129
18418
18656
18581
18150
18431
17868
18617
18165
18438
18208
18526
17702
18392
18588
17774
18294
18341
18577
18235
18417
18397
18510
18949
18019
18412
18714
18011
18366
19422
18468
18644
18545
18947
17066
19627
18743
18547
18643
18258
19086
18585
18437
18411
17610
18340
18453
18540
18619
18658
17595
18616
18977
18405
18319
17747
17803
18722
18818
17919
18406
19008
18980
18217
18588
17912
18627
18279
19000
18562
18734
18553
18659
18761
18079
18570
18542
18567
17835
19088
18890
19019
18392
18429
17583
18675
18751
18511
19103
18432
18734
18659
17829
18757
18336
19050
17955
18503
18482
18637
18071
18336
17975
18392
18631
18809
18698
18515
18901
18894
18461
18785
19317
18650
18532
18564
18745
18277
18261
18738
17840
18617
18440
18014
17781
18553
18605
18634
18131
18967
17953
18662
19075
19302
18188
18625
17400
18758
18421
18905
18826
18674
18733
18138
18098
18496
19263
19150
18563
18950
18567
18375
18271
18703
18879
18373
18157
18516
18522
18531
17929
18484
19178
18889
18164
18399
19200
18194
18302
18895
18575
18168
18037
18751
18737
18243
18745
18775
17828
18800
18081
18944
18922
18775
18401
18115
17806
18357
18531
18534
18410
18455
18493
18235
17813
18874
18322
18294
18610
17564
18288
19342
18065
18944
18135
18659
17952
18416
17865
18756
17960
18833
18241
17799
18864
19070
18193
18691
18653
18448
19110
18116
18369
18389
18680
17870
18194
18020
18918
18614
18811
18053
18604
18609
18818
17859
18089
18362
18623
18878
18436
18653
17964
18802
19165
18991
18845
18218
18536
18927
18560
18312
18649
19074
17754
18485
18808
18583
18427
17877
18760
18606
18679
17838
18899
18072
18861
18197
18691
18568
17909
18338
17548
17829
18072
18708
18099
19115
17982
17707
18647
18700
18513
18391
18350
18668
18237
18931
18238
18660
18229
18411
18451
18403
18591
18279
18774
18609
17738
19085
18893
18686
18267
18542
18623
18385
18330
17338
18251
18222
18474
17899
19205
18033
18813
18423
18827
18185
18430
18588
18581
18579
18961
18379
19469
18231
18355
18297
18355
18695
18428
18646
17792
18307
18071
18911
17830
18678
18820
18977
18989
18681
18723
17867
18502
17736
18488
18827
19002
18627
19014
18852
18604
18448
18165
18457
18710
18478
18684
18184
18299
18618
18438
17747
18653
18883
18398
17937
18362
18245
18898
18339
17627
18389
18538
17799
18909
18061
18475
17945
18419
18439
18356
17188
17981
18896
17237
18350
18564
17752
18501
18735
19007
18314
18903
18393
17713
18417
18707
17629
18207
18619
18618
17837
17794
18451
18372
18809
19090
18519
17962
17717
18691
18445
19460
18518
18796
18488
18568
18420
18546
18166
17729
18487
18804
18009
18478
18470
18765
18314
17806
18082
18624
18444
18251
18402
18986
18474
17846
18705
17859
18817
18645
18588
17905
18735
18984
17904
18656
18145
18590
18904
17996
18688
18539
18742
18731
18069
18723
18354
18306
18742
18740
18437
18172
18985
18691
18527
17157
18483
18222
18735
17826
3897
324
5494
5368
4241
2500
1956
747
6037
6275
6199
6616
6658
5724
5817
6398
6270
5933
6647
6106
5621
6472
6296
6576
6265
5618
5901
6149
6265
6056
6065
5690
4999
6210
5912
6334
6635
5633
5674
5873
6316
5635
5635
6778
6549
5598
6486
6151
5676
6381
5968
6402
6856
5537
5797
6104
5605
5564
5725
5867
6724
5426
6906
5252
7149
6148
6454
6527
6177
5812
6390
6460
6305
6547
6193
6232
5673
6485
5700
5996
6654
5201
6172
5787
6043
5915
6755
5777
5084
6032
6719
5911
6472
6277
6254
5503
6378
4963
6037
6584
6111
5514
6367
6398
6575
6060
7003
6717
5799
5905
5927
6874
5604
6939
6140
6463
6408
6555
5901
5925
6116
5859
6106
5706
5810
5931
6755
6255
6792
5622
6123
6156
6003
5962
5868
6573
5819
6580
6594
6486
6870
6247
6386
5556
5985
6496
5573
6006
6594
5834
6288
6516
6460
6939
5969
7168
6276
5493
6184
6222
5978
6320
6656
5933
6563
6732
6023
5719
5808
5806
6215
6866
5559
5952
5742
6490
6604
6703
6127
6404
6286
6318
5661
5529
6047
5930
6179
5640
6118
5759
5902
6052
6744
6226
6215
6290
6934
7150
6128
5827
5880
6317
6091
6528
6962
6629
6451
6180
6231
6837
6750
6046
6694
6098
6172
6613
6441
6463
5954
5877
6303
6207
6228
6556
6420
5848
6275
6004
6461
6188
6340
6646
5852
6412
5875
5305
6028
6100
6367
5569
6472
5214
5609
6508
5982
6952
5696
5741
6274
6312
6715
5740
5865
6364
6864
6840
6084
6483
6652
6216
5877
6849
6393
6719
6141
6103
5680
5550
6062
5831
5697
6464
6659
5929
6402
5686
6623
5913
6377
5943
5871
6207
5589
6965
6168
5876
7028
6321
6112
6340
5941
6284
6416
6415
6495
5895
6057
6207
5725
6325
6593
6349
5873
5455
6116
5553
6116
6431
6226
6476
6511
6171
6069
5515
6139
6119
6549
6355
6119
6493
6193
6236
6259
6260
5966
5436
6631
5598
6730
6617
6128
5953
5896
5690
5908
5576
6187
6376
5604
5847
5941
6465
6168
5825
6483
5597
6017
6115
5588
5986
6760
6690
6184
6103
6751
5911
7660
5820
6237
6328
6318
5868
5864
6376
6600
6260
5619
6353
5622
6316
6179
5886
6647
6366
5999
6045
6044
5484
5666
5715
6543
5824
6248
5566
6723
6038
6016
6499
6043
6004
5957
6434
6184
6125
5873
5921
5971
6120
6260
6191
6647
5604
5585
6907
6253
6797
5373
5828
5802
6609
5935
5740
6705
5884
5437
5618
6181
6412
6396
5857
5892
5418
5952
6379
6272
5773
5793
6112
6326
6424
5701
5836
6476
6131
6321
5603
6249
6264
5984
5591
6227
6321
6812
6319
5700
6239
6728
6261
6116
6214
6022
6241
6001
6062
5901
5930
6160
6548
5803
6433
6659
6091
5956
6029
5963
5218
6314
5765
6222
6394
6578
5471
5768
6289
6084
6304
5617
6731
5679
6101
6387
7022
5317
6333
6142
6378
6423
6030
5165
6455
5807
6372
6223
6661
5897
5680
6110
6313
6609
5782
6027
5896
6962
6220
5789
6683
5641
6496
5792
5929
6024
6004
6198
6087
5785
6542
6282
5934
5791
5550
6100
5958
6334
5839
6522
6434
6432
5819
6349
6537
6150
6079
6134
6366
6190
5902
6422
5973
6392
6135
6394
6034
5684
6368
6060
6391
5946
6705
5943
6087
5819
5858
5885
5852
6185
5896
5645
6428
5806
6688
6109
6650
6070
6036
6087
6320
5866
5774
6190
6003
7273
6318
6029
5964
6560
6224
6607
6027
6294
6629
6066
6718
6102
6194
6262
5772
6699
6144
6293
6105
5449
6190
6542
6835
6318
5995
6391
5690
5978
6547
6196
6482
6277
6352
6681
5967
5934
6379
5600
6062
5931
5986
5866
5952
6221
6410
6164
6838
6766
5397
6602
6294
6591
6423
5964
5938
7004
5960
6882
5925
5699
5906
6194
5883
6538
5943
5992
6384
6101
6890
6018
6260
6326
6025
6603
5870
6088
5547
5956
6303
6066
5911
6062
6722
5602
6036
5858
6576
5847
5899
6091
6517
6578
6011
5116
6497
6524
5540
5881
6318
6493
5983
6760
6070
5323
6089
6160
6595
5190
6536
6656
6099
6758
7303
5913
5664
6461
6221
6150
6406
6135
6158
5849
6667
6243
5595
5692
6186
5932
5860
5598
6122
5889
5954
6178
5926
6459
6256
5560
6259
5661
6453
6191
6082
5808
6065
6163
6549
5907
6854
6304
5954
6435
6265
6192
5564
6398
5420
5541
6123
6638
6236
5660
6392
6383
6007
6545
6801
5790
6423
6202
6003
6737
6334
6297
5837
6098
5828
6296
6715
5978
6447
6418
7119
5880
6308
6242
6288
6264
6246
5586
6260
5905
5973
6435
6025
6109
6020
5883
5625
5808
5891
6043
6504
5922
6126
6040
6269
7012
6354
6402
6267
5316
6576
6559
6220
5803
6110
5973
6127
6324
5706
6022
6070
6435
5248
6349
6269
5913
5595
5480
6063
7105
5511
6220
6238
6226
5318
5906
5799
5202
6717
5370
6828
6321
6205
5474
6444
6301
6267
5795
5662
6255
6490
5735
5997
6048
6850
6128
6249
6106
6688
6374
6184
5978
6475
5877
5530
6623
6522
6199
6019
5891
6090
6370
5844
7011
5861
6362
5830
6199
6016
6189
6298
6490
6257
6124
6451
6393
6056
6288
6847
5820
6151
6385
6018
6735
6498
6302
6556
6285
6214
6594
6781
6060
6063
6104
6626
6251
5981
6389
5994
5977
6194
6059
5938
6220
5311
6498
6198
6162
6172
5484
6316
6400
5709
6486
6155
6043
5909
6314
6345
6084
6399
5811
6943
5633
6422
6712
6633
5959
6000
6088
6352
6222
6535
6506
5892
6274
6163
6344
6866
6919
5699
5952
6090
6556
6386
5287
5843
6327
7116
6107
6076
6052
6145
6593
6807
6819
6220
6595
6534
5920
5860
6606
6953
6470
6445
6983
6135
7004
6330
6449
5816
5905
6085
6297
6337
6557
6585
5975
6266
6588
6136
5885
6657
5723
6053
6383
6457
6906
5476
6287
6873
6539
6609
7128
5958
6553
7738
6100
6921
6053
5732
6143
5611
6597
5853
6804
6488
6565
5627
5134
6472
5851
6490
5715
6177
6136
5316
6564
5542
6517
5776
5744
6571
4867
5544
5938
6379
5683
5872
5971
6088
6553
6122
5753
5465
6154
6123
5887
6308
5369
6184
6266
6422
6575
5698
6035
5932
6644
5267
5972
6247
6541
5653
5525
5697
6858
6714
5707
5862
5825
5600
5745
6049
5920
6987
6375
5958
6383
5761
6455
5963
6720
5919
6425
5844
6408
6342
6983
6013
5451
6145
6228
5862
6448
5906
5952
6542
6138
5704
5592
6668
6403
5549
6821
5653
6050
5742
6034
6946
5700
5590
6261
6117
6186
6160
5617
5996
6333
6108
5735
6325
6406
6180
6396
6056
6025
6179
6463
6664
6349
6614
6084
6229
6023
6013
6217
6295
6403
5788
5669
6313
6250
6624
5978
5512
5832
6132
6560
5916
6592
6654
6252
5788
5886
6006
5991
6439
5251
6094
6585
5370
6501
5670
7064
6248
5582
6274
5465
6564
6646
6560
6130
6403
6244
5943
6462
6312
5762
6177
6522
5509
5826
6302
5510
5882
5421
6245
5926
6266
6499
6341
6928
6095
6391
6728
5680
5818
6628
5495
6468
5995
6698
6122
6175
6047
6384
5908
6004
6132
6377
7292
5719
6425
6641
6829
6769
6347
5569
6091
6503
5793
5906
6683
6177
5372
5963
6300
6117
6282
6906
6494
5370
6570
6472
5888
6218
5854
6466
6305
6192
6374
6140
6510
6467
6345
5940
6983
5688
6233
6739
5917
6150
6545
6747
6740
6888
6352
6126
6633
6233
5574
6776
6144
6323
5471
6497
5666
5158
6264
5837
6492
6092
6329
5889
5955
6163
6045
6597
5967
6640
6789
5660
6932
7145
6192
6327
6231
5825
5854
5651
6082
6479
5926
6684
6261
5735
5912
5751
6378
6133
5950
5940
6674
6789
6763
6765
5866
6252
6059
6540
6115
6587
6385
6066
6755
6126
6122
6656
6308
6191
6895
5723
6521
6458
6451
6210
6249
6999
6391
5734
6213
5899
6355
6186
5984
6029
6400
6245
6270
6321
5799
5705
6069
6248
6237
5384
5854
6151
5900
6127
6312
6219
5781
5785
6416
6251
5962
5462
5742
6698
6251
5347
6064
6271
5828
5658
5525
6610
5682
6347
6371
6796
6425
6304
6352
6765
5846
6268
5520
6375
6637
5874
5674
6471
6066
6466
6533
5654
6017
5608
6115
5680
6127
5903
7001
6449
6334
6339
6538
5643
6340
6475
6079
6151
6799
6044
6382
6559
6796
5921
6144
5705
6796
6317
6389
6006
5999
5869
5635
6017
6113
6429
6133
6439
6041
6061
6036
7075
6016
5818
5183
6801
6409
6332
6219
6633
5885
5522
6093
5816
6259
5981
5660
6163
6259
5667
6673
6165
5771
6125
6317
6381
6204
6395
5824
5205
5726
6723
6251
6838
6518
6121
6265
6959
5998
5891
5860
5959
5951
6059
6329
5883
6649
5925
5769
6425
6112
5967
6694
6070
6048
6150
6009
5715
6231
5156
4858
6274
6491
6255
6742
6529
5932
5531
6231
6211
5978
6517
7317
6201
6443
6594
5437
6114
6425
5814
5927
5820
6963
6176
6460
6216
5320
5761
5652
6919
6200
5666
5332
6212
6364
5741
5724
6475
5641
5848
6504
6352
5883
6379
6209
6539
5742
6363
5859
5759
6344
6251
6092
6485
6123
6684
6276
6770
6386
5609
6408
6546
6452
6252
5306
6439
5492
6492
6196
6346
5761
6014
6088
5774
6658
6030
5774
6182
5877
6159
5900
4917
5924
6790
6497
6196
6017
6630
6171
6319
6116
5548
6294
6910
6497
5644
6879
6533
6485
6183
5556
5774
5879
6373
5808
6180
5804
5905
6170
6239
6471
6647
5810
6532
6272
5893
7156
6507
6207
6287
6612
5593
6543
6018
6115
5753
5739
6475
6351
5663
6309
5855
6210
7443
6422
5548
6468
5903
6279
6107
6453
5981
5539
6329
5635
5353
5822
5944
7109
5858
6137
6978
5832
5871
6137
6658
6042
5739
7072
6196
5989
6588
5520
6368
6995
6387
6737
6527
6083
6492
5663
6054
6367
6149
6257
6328
6590
5043
6159
5829
6370
6119
5823
5543
5625
5805
6242
5820
5601
5983
6190
6124
5455
6676
5804
6116
6834
5741
6853
6716
6208
5993
6440
5487
5566
6089
6228
6351
6393
5874
6656
6424
5676
6561
5801
6109
6167
6469
7071
6524
5944
6332
5104
6041
6533
6192
6166
5801
5991
6362
6911
5961
6912
5929
5988
6107
6005
6017
6331
6770
6002
5963
6289
6149
6373
5601
6126
6180
6279
5810
6481
6007
5813
6233
5479
6411
6435
6468
5895
6474
5555
5454
6688
5933
6728
6843
5643
5812
6229
6124
6152
5520
6611
6174
6290
6746
6152
5726
6474
5486
6292
6599
6068
6367
6218
7171
6557
7410
6275
5704
6520
6629
5898
5998
6297
6734
5913
6047
5691
6639
6645
6185
6737
6038
6275
6384
6217
6263
5630
6094
5404
6576
5760
5804
7375
6475
6420
6333
6140
5881
6888
6175
6037
6771
6754
5948
6153
6040
6307
6428
6243
6343
6424
6281
6375
6207
6525
5340
5704
5931
6115
5897
5689
5959
6971
6177
5716
6234
6444
6117
6309
5924
5776
6097
6591
6212
5810
6285
5796
6394
5955
6518
5963
6610
6186
5848
6048
6088
6103
5644
6019
6213
6590
6004
5919
6636
5753
6175
6290
6368
6313
6255
6096
6432
6387
5752
5879
6605
6523
5846
5594
5967
7056
6018
5315
5951
6054
6349
6729
5774
5912
5931
6026
6233
5829
6192
5724
6264
6332
6439
6487
6096
6386
6427
5675
6005
5852
5664
5619
6318
6132
6465
5959
6626
6355
5817
5769
5285
5847
5908
5772
6459
6566
5906
6079
6311
7196
6291
6351
6258
5922
5744
6704
6621
6170
5650
6397
5481
6402
5817
6280
5312
5825
6013
5574
6376
5582
6599
6068
6041
6046
6138
5865
5552
6052
5362
6477
6468
6660
5918
6942
6311
6271
6376
6810
6468
6334
6259
5574
6833
6580
6301
5718
6228
6108
5706
5894
6128
6082
6289
5799
6427
6343
6072
6140
5353
6930
6033
6407
5757
5891
6518
6007
5645
6498
6196
6406
6358
5993
5698
5979
6232
5942
5811
6080
6227
5482
6360
6839
6593
6806
6425
6216
5349
6267
6119
5940
5845
6724
6420
5612
5991
5575
5921
6670
6155
5257
6137
6170
6534
6051
6288
6208
6670
6263
5735
6308
6703
6101
5974
6417
6118
6479
6214
6207
5487
6176
5981
6175
6192
6543
6079
5910
4936
6139
5953
6150
5906
5855
5342
5823
6167
5623
5457
6136
6134
5784
6398
6466
6576
6132
5687
6703
5835
5882
6177
6184
6026
5914
6384
6036
6252
6125
6844
5943
6378
6173
5821
5587
6357
5887
6178
6162
5552
6204
5706
6427
5167
6363
6311
5591
6291
6300
5788
6052
6666
5448
6585
6064
7242
5955
5632
5209
6779
5758
5167
6351
6453
5612
6393
6176
6319
6886
6602
5844
6580
6785
5750
6370
6168
5714
5984
5810
6632
6670
6105
6689
6069
6021
5742
6816
6305
6025
6274
5488
6143
6155
6408
5992
6299
6135
5576
6117
6026
6283
6460
6301
6354
5544
6325
6523
6213
5883
5544
6283
6207
5899
5826
6100
6498
5816
6428
6817
6003
5635
6738
6065
6067
7212
6254
5911
5438
6944
6444
5892
6761
5789
6389
5673
5947
5850
6201
5714
6900
5724
6305
6171
5391
5986
6280
6391
6288
6626
6725
5640
6342
6248
5762
5639
6158
6591
5340
6311
5900
5956
5902
6563
5585
6163
5766
6044
5930
6209
6514
5317
6011
5898
6048
7071
6279
6134
5909
6683
5070
6635
5989
5212
5948
6156
6090
6362
5993
6554
6717
6236
6594
6743
6451
5371
5603
5690
5516
4948
6148
5778
6194
5997
5961
6184
6084
5803
6280
6471
6371
6013
5982
5653
6225
6007
6559
6088
5483
5580
5669
5919
6084
5535
6082
6527
5820
6446
5953
6127
5981
6135
6143
6003
5641
6041
5746
6150
5932
6117
5999
6291
6867
5771
6202
6112
5890
5431
6812
6102
6662
6147
6257
5815
6538
5925
5615
5919
6252
6272
6408
6177
6861
6103
6609
6095
6107
6550
6494
6234
6111
6177
6769
5591
6523
6313
6048
5317
5863
6441
6761
5858
6661
5932
5908
6304
6951
5867
6717
5357
6092
6682
5468
5715
6558
6467
6086
5510
5653
6064
6637
6399
5370
5989
5807
6516
5962
5621
6123
5892
5904
5790
6328
6202
6307
5605
7304
5785
6498
5354
6021
6334
7147
6411
6566
5876
6147
5967
6523
5888
5712
5973
5727
6232
6536
6447
5822
5593
6710
6610
5882
5908
6390
5662
5815
6252
6025
6323
6113
5782
5893
6268
6275
5763
6160
6591
5149
6607
6217
5966
5613
6868
6120
6220
6017
6416
6365
6364
6047
6219
6906
6143
6294
5858
5777
6768
5952
6818
5173
5439
6000
5902
5866
5451
5534
6175
5350
6434
6223
6785
5646
6423
6144
6347
6116
7193
6261
6713
6249
5566
6024
7120
5567
5283
5842
6090
5870
6621
6202
6084
6293
6273
6603
6457
6542
6436
5905
5493
6423
5796
6371
6114
6203
5695
5980
6418
6014
5956
6065
6240
5607
6152
6790
5867
6244
6399
6165
6598
6136
6129
6446
6358
6287
6378
5860
5679
6138
5845
5604
6397
5990
6649
5915
6144
6646
5963
6449
5538
5605
5811
5699
5789
6391
6091
6373
6441
5902
5413
5623
6413
6216
6177
6489
6019
5713
5798
6411
5620
6010
5965
6273
5613
6997
6869
6496
6387
6388
6109
5667
6901
6265
6157
6509
6370
6340
6282
6201
5433
6216
6474
6213
6286
5441
6907
5855
6220
6228
6564
6873
6468
6112
6101
5718
6202
6208
5922
6254
5997
5585
5651
6297
6161
6533
6101
5916
5969
6782
6407
6382
6236
6150
5500
6098
6006
5740
6303
5846
5664
6447
5683
6580
6449
6320
6055
5832
6490
6150
6922
6126
6000
6618
5851
6157
5981
5868
5829
5924
6052
6037
6040
5797
5306
5713
5947
5934
6370
5691
6381
6191
5803
6606
6250
6680
6580
5674
5746
5992
5774
6142
6808
6088
6739
6082
6218
6705
5740
5369
6446
5710
6372
5548
6258
6218
7183
6780
6627
5835
5878
5969
6362
7425
6453
7010
6144
6630
6452
5855
6507
6262
6014
6237
5936
6248
5529
6164
6654
6332
6026
6256
6244
5820
5824
6353
6452
5592
6330
6106
6590
5887
5752
5902
5765
5886
5529
6144
6136
6676
7055
5840
7194
6385
6103
5717
6253
5167
5890
5795
6500
5533
6335
6165
6209
6104
6477
6255
5842
5378
6468
6263
7105
6722
6069
6751
5971
6216
5975
6143
5874
6364
5821
6196
5960
6280
6167
6505
5491
6188
6099
6396
6000
5322
5728
6511
6364
5866
6059
5716
6267
6459
5858
6561
6353
6024
5677
6462
5397
5949
5996
6193
6363
6254
6066
5685
6203
5749
6539
6024
6394
6114
6545
5724
5312
5944
6415
5538
6218
6377
6177
5717
5941
6762
5913
5429
6042
6948
6835
6760
6251
6755
5897
6034
6049
5151
6842
6043
6858
6265
5893
5957
5693
6016
6146
6156
6869
6576
5844
6206
5934
6111
6160
6743
5826
7007
6336
6108
6101
6426
5396
5940
6266
6051
6094
6070
6361
6714
6783
6320
5569
5889
6735
6635
6659
5979
5371
5800
6023
6022
6529
5704
6412
6045
5025
6219
5634
5820
5613
6372
6416
6077
5616
5918
5969
6390
7543
6324
5805
6339
6530
6476
6190
5689
6288
6088
6330
5980
6452
5866
5854
5566
5434
6467
6220
6378
6532
6548
6948
5899
5825
5511
5964
6736
6104
5678
5689
6684
6033
6369
5989
6103
6026
6103
5790
5761
6280
6628
6116
6335
6386
5919
6294
6690
5563
6435
6248
6052
6362
5735
6535
6864
6222
5796
5555
6431
5578
7019
5507
6209
5127
6716
6645
6659
6116
6197
7267
6134
6483
5736
6231
6033
5574
6457
6205
6449
5431
5683
5378
5990
5528
6028
6624
6236
6363
6632
6385
6120
6229
5834
7264
5883
5923
6200
5897
5495
6622
5929
6263
5782
5191
6322
5960
5945
6563
6118
6091
4960
5994
7152
6180
6973
5525
6570
6086
5596
6510
6075
7013
6530
6250
5913
5634
6532
6059
6646
5976
6320
5573
6375
6206
6438
5894
6349
6460
6661
5927
5993
6333
6360
6810
6036
6028
5901
5962
6549
5955
6338
6250
6378
5650
5171
6258
6931
5746
6313
6050
5197
6126
5633
6044
6988
5863
6507
5430
6217
6378
5270
6421
5846
6482
6314
5733
6597
6185
6135
6531
5846
6875
5785
5902
5564
5260
5440
5942
5859
5952
6136
6152
6621
5872
6385
6212
6812
5688
6122
6010
6137
6138
5690
5549
6236
6530
7232
6406
6058
6517
6839
5962
6303
5809
6132
6092
6106
6254
5792
6319
6029
6279
6321
5939
5751
6724
5731
6353
5587
5878
6217
5730
6669
6400
6283
6457
5920
5678
6379
6041
6230
6216
6222
6181
6735
6653
6144
6092
6431
6443
6343
5903
6554
5939
5897
6032
6530
6419
6423
5782
4457
1022
1527
3932
2140
3664
6649
636
4465
8108
5158
9513
7450
930
2178
7147
653
5465
875
798
8367
4039
1959
8313
492
1021
7838
9744
2904
9335
6148

