9668,1476,1
10639,2447,0
9797,63045,0
11239,64487,0
11184,64432,0
9955,63203,0
8863,62111,0
9462,62710,0
9568,62816,0
11375,64623,0
9402,62650,0
10706,63954,0
10485,63733,0
9920,63168,0
10184,63432,0
9520,62768,0
9704,62952,0
8833,62081,0
9466,62714,0
9768,63016,0
9902,63150,0
10401,63649,0
9625,62873,0
8839,62087,0
10205,63453,0
10153,63401,0
11370,64618,0
10342,63590,0
12286,65534,0
9294,62542,0
10147,63395,0
9864,63112,0
9694,62942,0
10337,63585,0
10941,64189,0
10215,63463,0
10275,63523,0
10753,64001,0
9710,62958,0
10524,63772,0
10924,64172,0
9992,63240,0
10049,63297,0
8509,61757,0
9368,62616,0
10834,64082,0
9273,62521,0
11653,64901,0
10557,63805,0
10770,64018,0
10478,63726,0
10544,63792,0
10730,63978,0
10684,63932,0
11730,64978,0
10873,64121,0
9369,62617,0
9145,62393,0
10266,63514,0
10213,63461,0
9343,62591,0
10212,63460,0
11196,64444,0
10087,63335,0
9736,62984,0
10455,63703,0
10441,63689,0
11021,64269,0
10311,63559,0
10730,63978,0
10892,64140,0
9704,62952,0
10842,64090,0
11995,65243,0
9764,63012,0
10369,63617,0
9504,62752,0
10508,63756,0
9889,63137,0
9524,62772,0
10443,63691,0
10031,63279,0
10948,64196,0
11578,64826,0
10034,63282,0
9151,62399,0
11741,64989,0
11174,64422,0
10083,63331,0
11015,64263,0
10714,63962,0
9990,63238,0
10676,63924,0
10005,63253,0
10980,64228,0
10902,64150,0
10685,63933,0
10539,63787,0
9976,63224,0
10464,63712,0
10733,63981,0
11061,64309,0
11038,64286,0
10590,63838,0
9738,62986,0
10411,63659,0
11869,65117,0
9872,63120,0
10310,63558,0
10645,63893,0
9319,62567,0
10174,63422,0
11625,64873,0
9990,63238,0
11358,64606,0
9789,63037,0
10557,63805,0
10307,63555,0
11414,64662,0
9333,62581,0
10973,64221,0
10683,63931,0
10048,63296,0
10204,63452,0
9648,62896,0
8432,61680,0
10295,63543,0
10431,63679,0
10588,63836,0
10380,63628,0
8848,62096,0
10818,64066,0
9645,62893,0
10445,63693,0
9815,63063,0
10846,64094,0
10060,63308,0
11404,64652,0
10349,63597,0
10131,63379,0
10598,63846,0
10930,64178,0
10084,63332,0
10445,63693,0
10014,63262,0
10802,64050,0
10036,63284,0
12216,65464,0
10184,63432,0
10517,63765,0
10512,63760,0
9172,62420,0
11062,64310,0
9569,62817,0
9218,62466,0
11710,64958,0
10949,64197,0
10572,63820,0
9628,62876,0
10668,63916,0
10262,63510,0
8488,61736,0
9645,62893,0
11694,64942,0
10831,64079,0
10074,63322,0
10403,63651,0
9878,63126,0
10960,64208,0
10090,63338,0
10253,63501,0
11735,64983,0
10798,64046,0
9870,63118,0
12286,65534,0
9623,62871,0
11489,64737,0
9194,62442,0
11262,64510,0
8748,61996,0
10211,63459,0
10764,64012,0
10948,64196,0
10728,63976,0
9419,62667,0
9956,63204,0
10218,63466,0
9903,63151,0
10434,63682,0
9794,63042,0
9766,63014,0
10006,63254,0
9453,62701,0
9834,63082,0
9896,63144,0
11001,64249,0
11138,64386,0
9645,62893,0
9474,62722,0
9460,62708,0
9718,62966,0
10206,63454,0
9630,62878,0
10406,63654,0
10302,63550,0
10482,63730,0
10539,63787,0
10226,63474,0
10527,63775,0
11009,64257,0
10573,63821,0
10739,63987,0
9439,62687,0
10781,64029,0
9685,62933,0
10120,63368,0
9895,63143,0
9729,62977,0
9929,63177,0
9997,63245,0
9986,63234,0
11750,64998,0
10136,63384,0
9843,63091,0
10518,63766,0
9874,63122,0
10330,63578,0
10749,63997,0
10698,63946,0
8912,62160,0
10328,63576,0
9818,63066,0
11331,64579,0
9779,63027,0
10157,63405,0
9699,62947,0
9767,63015,0
9332,62580,0
10339,63587,0
10248,63496,0
9297,62545,0
9869,63117,0
10130,63378,0
9286,62534,0
10098,63346,0
9481,62729,0
9368,62616,0
10928,64176,0
10306,63554,0
9777,63025,0
9295,62543,0
10829,64077,0
9505,62753,0
10031,63279,0
10804,64052,0
11395,64643,0
9078,62326,0
11287,64535,0
10571,63819,0
9856,63104,0
10673,63921,0
10512,63760,0
10881,64129,0
10377,63625,0
11355,64603,0
10889,64137,0
11884,65132,0
11224,64472,0
9888,63136,0
8969,62217,0
9905,63153,0
10989,64237,0
10082,63330,0
8764,62012,0
11390,64638,0
10353,63601,0
10175,63423,0
10020,63268,0
10071,63319,0
10501,63749,0
10808,64056,0
10267,63515,0
10019,63267,0
10442,63690,0
10960,64208,0
10459,63707,0
10351,63599,0
8520,61768,0
10580,63828,0
11100,64348,0
10473,63721,0
10013,63261,0
10317,63565,0
11098,64346,0
10147,63395,0
9817,63065,0
11134,64382,0
10484,63732,0
10879,64127,0
10292,63540,0
10317,63565,0
8565,61813,0
9489,62737,0
10385,63633,0
9789,63037,0
11447,64695,0
10094,63342,0
10981,64229,0
9734,62982,0
9254,62502,0
10184,63432,0
9422,62670,0
10274,63522,0
10523,63771,0
10102,63350,0
10787,64035,0
10038,63286,0
10348,63596,0
11441,64689,0
10397,63645,0
10496,63744,0
11416,64664,0
10305,63553,0
9707,62955,0
8810,62058,0
10638,63886,0
9285,62533,0
9524,62772,0
9638,62886,0
9339,62587,0
9931,63179,0
9735,62983,0
9589,62837,0
10580,63828,0
10221,63469,0
10498,63746,0
10629,63877,0
10380,63628,0
10272,63520,0
9227,62475,0
8461,61709,0
10675,63923,0
10035,63283,0
9697,62945,0
11665,64913,0
8933,62181,0
10543,63791,0
9577,62825,0
11122,64370,0
9613,62861,0
9369,62617,0
10133,63381,0
11167,64415,0
11570,64818,0
11587,64835,0
11595,64843,0
10439,63687,0
9087,62335,0
9240,62488,0
9372,62620,0
10054,63302,0
9802,63050,0
10058,63306,0
9323,62571,0
9894,63142,0
9715,62963,0
11139,64387,0
10659,63907,0
12286,65534,0
11066,64314,0
10279,63527,0
10318,63566,0
10077,63325,0
11144,64392,0
10284,63532,0
11118,64366,0
9896,63144,0
9931,63179,0
10403,63651,0
11203,64451,0
10545,63793,0
11462,64710,0
10292,63540,0
10122,63370,0
9395,62643,0
8599,61847,0
10276,63524,0
9513,62761,0
8707,61955,0
10779,64027,0
9970,63218,0
10268,63516,0
9700,62948,0
9162,62410,0
10156,63404,0
10934,64182,0
10455,63703,0
10355,63603,0
10245,63493,0
9948,63196,0
12286,65534,0
9093,62341,0
9499,62747,0
10018,63266,0
9988,63236,0
10945,64193,0
10033,63281,0
8598,61846,0
9226,62474,0
11386,64634,0
10897,64145,0
10101,63349,0
10970,64218,0
9907,63155,0
9409,62657,0
10837,64085,0
10489,63737,0
10262,63510,0
9954,63202,0
10966,64214,0
10161,63409,0
9663,62911,0
9950,63198,0
9555,62803,0
9789,63037,0
11035,64283,0
11138,64386,0
9705,62953,0
9290,62538,0
10743,63991,0
9547,62795,0
10211,63459,0
9727,62975,0
10647,63895,0
11534,64782,0
10973,64221,0
11760,65008,0
10164,63412,0
9537,62785,0
9981,63229,0
8851,62099,0
10160,63408,0
10654,63902,0
9233,62481,0
11029,64277,0
9929,63177,0
11029,64277,0
10809,64057,0
10451,63699,0
9864,63112,0
10123,63371,0
10520,63768,0
9687,62935,0
9640,62888,0
11869,65117,0
9741,62989,0
10072,63320,0
11250,64498,0
9472,62720,0
11006,64254,0
11233,64481,0
9217,62465,0
10899,64147,0
10644,63892,0
9812,63060,0
8975,62223,0
9462,62710,0
10798,64046,0
9818,63066,0
10089,63337,0
10613,63861,0
10393,63641,0
8896,62144,0
11042,64290,0
9927,63175,0
10256,63504,0
10362,63610,0
10306,63554,0
10587,63835,0
8329,61577,0
10158,63406,0
11053,64301,0
11097,64345,0
9812,63060,0
10263,63511,0
9463,62711,0
11476,64724,0
9043,62291,0
9722,62970,0
9528,62776,0
10401,63649,0
10769,64017,0
10893,64141,0
9129,62377,0
11658,64906,0
9586,62834,0
9665,62913,0
9160,62408,0
10662,63910,0
10432,63680,0
10745,63993,0
9995,63243,0
10119,63367,0
8890,62138,0
9890,63138,0
10798,64046,0
9948,63196,0
10639,63887,0
10053,63301,0
12028,65276,0
9375,62623,0
11574,64822,0
9872,63120,0
11220,64468,0
10463,63711,0
8804,62052,0
11063,64311,0
10295,63543,0
10663,63911,0
10001,63249,0
8952,62200,0
10088,63336,0
9164,62412,0
9069,62317,0
10343,63591,0
11160,64408,0
10548,63796,0
11460,64708,0
10770,64018,0
10301,63549,0
11289,64537,0
9434,62682,0
12093,65341,0
10155,63403,0
9734,62982,0
10718,63966,0
10324,63572,0
8999,62247,0
9439,62687,0
9964,63212,0
11021,64269,0
11102,64350,0
10492,63740,0
10785,64033,0
11238,64486,0
11106,64354,0
9892,63140,0
10309,63557,0
10683,63931,0
9497,62745,0
11631,64879,0
11577,64825,0
9586,62834,0
9715,62963,0
10417,63665,0
9936,63184,0
10127,63375,0
11331,64579,0
10523,63771,0
11036,64284,0
11323,64571,0
11133,64381,0
10131,63379,0
10506,63754,0
11272,64520,0
10058,63306,0
9110,62358,0
10289,63537,0
9687,62935,0
10900,64148,0
10944,64192,0
10839,64087,0
10010,63258,0
10993,64241,0
9481,62729,0
11004,64252,0
10602,63850,0
10165,63413,0
8466,61714,0
10677,63925,0
11328,64576,0
8379,61627,0
9623,62871,0
10832,64080,0
10458,63706,0
10295,63543,0
8723,61971,0
9138,62386,0
10793,64041,0
10688,63936,0
10572,63820,0
9467,62715,0
11262,64510,0
10446,63694,0
10041,63289,0
10378,63626,0
9077,62325,0
10249,63497,0
10308,63556,0
10650,63898,0
9996,63244,0
9640,62888,0
10472,63720,0
9464,62712,0
9042,62290,0
11073,64321,0
10751,63999,0
10299,63547,0
9452,62700,0
9755,63003,0
11454,64702,0
10842,64090,0
10247,63495,0
9820,63068,0
10946,64194,0
9805,63053,0
10888,64136,0
12093,65341,0
10188,63436,0
12116,65364,0
9610,62858,0
10257,63505,0
10284,63532,0
9706,62954,0
9648,62896,0
9099,62347,0
10717,63965,0
10213,63461,0
11386,64634,0
10011,63259,0
11215,64463,0
9738,62986,0
11048,64296,0
9909,63157,0
8811,62059,0
9220,62468,0
11203,64451,0
11572,64820,0
10146,63394,0
10896,64144,0
9963,63211,0
10318,63566,0
11574,64822,0
9507,62755,0
9839,63087,0
9855,63103,0
9811,63059,0
10761,64009,0
9639,62887,0
10995,64243,0
10084,63332,0
10082,63330,0
9925,63173,0
10951,64199,0
10909,64157,0
10826,64074,0
10091,63339,0
9408,62656,0
9646,62894,0
10717,63965,0
10308,63556,0
11125,64373,0
10940,64188,0
9062,62310,0
9435,62683,0
10056,63304,0
9004,62252,0
11220,64468,0
9740,62988,0
10756,64004,0
10705,63953,0
10112,63360,0
10158,63406,0
10191,63439,0
10181,63429,0
11415,64663,0
9829,63077,0
10520,63768,0
9989,63237,0
9753,63001,0
10870,64118,0
10902,64150,0
10335,63583,0
9761,63009,0
10564,63812,0
10023,63271,0
11283,64531,0
10094,63342,0
9672,62920,0
10021,63269,0
10393,63641,0
10225,63473,0
10451,63699,0
9835,63083,0
9877,63125,0
10783,64031,0
9752,63000,0
10293,63541,0
10061,63309,0
9707,62955,0
10360,63608,0
11482,64730,0
12010,65258,0
10943,64191,0
9266,62514,0
9629,62877,0
10961,64209,0
10438,63686,0
9332,62580,0
10753,64001,0
9626,62874,0
9272,62520,0
9888,63136,0
8848,62096,0
10622,63870,0
9950,63198,0
9498,62746,0
10208,63456,0
11570,64818,0
10073,63321,0
11209,64457,0
10008,63256,0
10824,64072,0
9884,63132,0
10027,63275,0
9381,62629,0
10043,63291,0
9850,63098,0
8193,61441,0
10286,63534,0
9592,62840,0
8755,62003,0
10592,63840,0
10208,63456,0
10131,63379,0
10446,63694,0
10670,63918,0
11493,64741,0
10744,63992,0
10085,63333,0
9978,63226,0
9900,63148,0
9697,62945,0
11601,64849,0
11009,64257,0
9832,63080,0
9275,62523,0
11031,64279,0
9645,62893,0
9326,62574,0
10764,64012,0
10448,63696,0
9164,62412,0
9756,63004,0
9704,62952,0
10448,63696,0
9606,62854,0
10277,63525,0
11115,64363,0
11428,64676,0
11403,64651,0
8795,62043,0
9912,63160,0
9946,63194,0
10186,63434,0
9556,62804,0
11392,64640,0
8243,61491,0
9900,63148,0
10862,64110,0
9693,62941,0
9438,62686,0
10038,63286,0
10320,63568,0
10905,64153,0
10584,63832,0
11181,64429,0
9193,62441,0
10243,63491,0
9953,63201,0
9496,62744,0
10555,63803,0
11149,64397,0
10923,64171,0
11262,64510,0
9310,62558,0
8572,61820,0
10669,63917,0
10129,63377,0
11158,64406,0
9963,63211,0
11283,64531,0
11005,64253,0
9608,62856,0
9243,62491,0
9985,63233,0
8821,62069,0
10462,63710,0
10436,63684,0
11526,64774,0
9683,62931,0
11557,64805,0
10067,63315,0
10661,63909,0
10292,63540,0
9797,63045,0
9733,62981,0
9312,62560,0
10463,63711,0
10801,64049,0
10576,63824,0
11203,64451,0
10101,63349,0
11270,64518,0
10596,63844,0
10494,63742,0
9225,62473,0
11168,64416,0
11837,65085,0
10111,63359,0
8659,61907,0
10876,64124,0
9664,62912,0
10112,63360,0
10960,64208,0
10183,63431,0
10048,63296,0
10978,64226,0
9233,62481,0
11202,64450,0
10407,63655,0
10261,63509,0
10160,63408,0
11571,64819,0
10252,63500,0
9706,62954,0
11335,64583,0
11018,64266,0
9622,62870,0
12026,65274,0
9736,62984,0
9365,62613,0
9685,62933,0
8763,62011,0
9223,62471,0
9711,62959,0
8228,61476,0
10290,63538,0
10225,63473,0
9608,62856,0
8904,62152,0
8518,61766,0
10478,63726,0
10190,63438,0
9917,63165,0
9960,63208,0
10693,63941,0
10119,63367,0
10530,63778,0
9966,63214,0
11494,64742,0
10562,63810,0
10535,63783,0
9747,62995,0
9960,63208,0
10238,63486,0
11385,64633,0
9390,62638,0
9511,62759,0
9713,62961,0
9583,62831,0
9754,63002,0
10405,63653,0
10339,63587,0
10473,63721,0
10062,63310,0
10125,63373,0
10499,63747,0
9872,63120,0
10809,64057,0
9684,62932,0
10297,63545,0
10868,64116,0
11130,64378,0
8830,62078,0
10410,63658,0
10151,63399,0
10802,64050,0
9307,62555,0
10069,63317,0
9112,62360,0
10903,64151,0
9449,62697,0
10875,64123,0
10601,63849,0
10228,63476,0
10890,64138,0
9900,63148,0
10063,63311,0
10732,63980,0
12286,65534,0
9585,62833,0
11214,64462,0
10049,63297,0
10043,63291,0
10047,63295,0
10699,63947,0
10096,63344,0
11180,64428,0
10482,63730,0
10384,63632,0
11443,64691,0
10097,63345,0
10235,63483,0
9514,62762,0
9759,63007,0
10213,63461,0
9888,63136,0
10191,63439,0
11446,64694,0
9243,62491,0
9707,62955,0
10057,63305,0
10349,63597,0
10151,63399,0
9758,63006,0
10232,63480,0
9988,63236,0
10121,63369,0
9978,63226,0
8734,61982,0
9144,62392,0
10893,64141,0
9917,63165,0
11309,64557,0
10411,63659,0
9865,63113,0
10324,63572,0
10519,63767,0
10050,63298,0
10315,63563,0
11345,64593,0
9461,62709,0
8538,61786,0
10204,63452,0
9206,62454,0
10370,63618,0
10878,64126,0
10676,63924,0
10397,63645,0
11284,64532,0
10206,63454,0
11651,64899,0
10599,63847,0
10078,63326,0
10842,64090,0
10454,63702,0
11295,64543,0
9040,62288,0
10772,64020,0
11248,64496,0
10400,63648,0
10588,63836,0
9400,62648,0
10858,64106,0
9676,62924,0
10362,63610,0
9956,63204,0
9870,63118,0
9384,62632,0
10210,63458,0
11177,64425,0
10722,63970,0
10037,63285,0
9232,62480,0
10484,63732,0
10275,63523,0
11397,64645,0
9178,62426,0
10643,63891,0
9727,62975,0
9935,63183,0
9910,63158,0
11529,64777,0
11194,64442,0
9309,62557,0
10669,63917,0
10780,64028,0
11179,64427,0
11256,64504,0
10104,63352,0
10225,63473,0
9539,62787,0
11165,64413,0
10583,63831,0
11471,64719,0
9609,62857,0
11392,64640,0
11087,64335,0
10351,63599,0
9774,63022,0
10127,63375,0
9858,63106,0
10085,63333,0
10491,63739,0
10359,63607,0
9630,62878,0
9848,63096,0
9723,62971,0
10502,63750,0
11053,64301,0
10478,63726,0
10042,63290,0
10500,63748,0
10068,63316,0
9787,63035,0
9961,63209,0
10901,64149,0
10610,63858,0
9187,62435,0
10224,63472,0
10301,63549,0
9138,62386,0
11119,64367,0
10239,63487,0
11585,64833,0
9443,62691,0
9543,62791,0
10431,63679,0
9680,62928,0
10680,63928,0
9491,62739,0
9923,63171,0
10634,63882,0
10601,63849,0
10626,63874,0
11773,65021,0
9859,63107,0
10173,63421,0
9675,62923,0
9948,63196,0
11994,65242,0
10628,63876,0
10088,63336,0
9991,63239,0
9435,62683,0
10627,63875,0
10144,63392,0
11014,64262,0
11802,65050,0
11161,64409,0
8894,62142,0
11044,64292,0
8589,61837,0
10582,63830,0
8896,62144,0
10243,63491,0
11583,64831,0
11514,64762,0
10661,63909,0
9123,62371,0
9391,62639,0
10489,63737,0
10638,63886,0
10559,63807,0
9785,63033,0
9703,62951,0
9998,63246,0
8692,61940,0
12036,65284,0
9868,63116,0
10214,63462,0
9687,62935,0
10292,63540,0
11035,64283,0
10263,63511,0
9358,62606,0
9885,63133,0
10279,63527,0
10469,63717,0
10213,63461,0
10898,64146,0
9707,62955,0
8742,61990,0
10458,63706,0
8978,62226,0
9788,63036,0
9815,63063,0
10334,63582,0
9771,63019,0
9639,62887,0
9851,63099,0
10481,63729,0
9919,63167,0
11304,64552,0
9716,62964,0
10915,64163,0
9203,62451,0
10993,64241,0
10112,63360,0
9882,63130,0
11037,64285,0
9423,62671,0
10432,63680,0
10034,63282,0
10859,64107,0
9473,62721,0
9650,62898,0
9438,62686,0
10311,63559,0
8890,62138,0
9653,62901,0
10401,63649,0
9116,62364,0
9766,63014,0
11278,64526,0
10798,64046,0
9447,62695,0
10909,64157,0
10564,63812,0
10625,63873,0
9896,63144,0
10310,63558,0
10252,63500,0
11140,64388,0
10143,63391,0
9770,63018,0
9917,63165,0
8450,61698,0
10520,63768,0
10213,63461,0
10962,64210,0
11567,64815,0
10889,64137,0
9337,62585,0
10229,63477,0
9948,63196,0
9940,63188,0
10430,63678,0
10255,63503,0
9689,62937,0
10508,63756,0
10927,64175,0
11160,64408,0
10389,63637,0
9843,63091,0
10882,64130,0
11341,64589,0
10596,63844,0
10574,63822,0
10685,63933,0
10610,63858,0
9436,62684,0
10855,64103,0
10344,63592,0
11410,64658,0
10770,64018,0
11284,64532,0
9767,63015,0
10549,63797,0
10176,63424,0
10124,63372,0
10820,64068,0
9601,62849,0
10493,63741,0
10940,64188,0
10435,63683,0
9617,62865,0
11220,64468,0
10058,63306,0
10372,63620,0
9360,62608,0
8647,61895,0
10371,63619,0
9907,63155,0
10275,63523,0
9954,63202,0
9833,63081,0
10443,63691,0
9961,63209,0
10170,63418,0
10832,64080,0
9604,62852,0
8980,62228,0
9723,62971,0
10204,63452,0
10938,64186,0
10422,63670,0
10534,63782,0
10710,63958,0
12219,65467,0
10842,64090,0
10160,63408,0
9716,62964,0
11573,64821,0
8232,61480,0
9973,63221,0
10335,63583,0
9255,62503,0
9461,62709,0
9571,62819,0
10147,63395,0
9756,63004,0
10628,63876,0
8437,61685,0
10060,63308,0
11403,64651,0
9742,62990,0
10197,63445,0
11032,64280,0
10819,64067,0
11250,64498,0
10078,63326,0
10912,64160,0
9852,63100,0
10330,63578,0
9612,62860,0
9682,62930,0
10403,63651,0
10017,63265,0
10181,63429,0
11082,64330,0
10388,63636,0
10620,63868,0
8912,62160,0
10812,64060,0
10366,63614,0
10896,64144,0
10362,63610,0
10170,63418,0
10291,63539,0
10303,63551,0
9633,62881,0
11104,64352,0
10675,63923,0
9798,63046,0
10439,63687,0
10766,64014,0
10042,63290,0
9601,62849,0
10666,63914,0
10098,63346,0
9853,63101,0
9807,63055,0
9230,62478,0
9581,62829,0
10950,64198,0
10002,63250,0
9940,63188,0
10628,63876,0
10927,64175,0
10598,63846,0
11156,64404,0
10789,64037,0
9905,63153,0
9542,62790,0
10887,64135,0
10548,63796,0
9461,62709,0
10020,63268,0
11271,64519,0
9679,62927,0
10025,63273,0
10144,63392,0
10164,63412,0
10376,63624,0
10373,63621,0
9827,63075,0
10086,63334,0
10549,63797,0
9764,63012,0
9806,63054,0
9559,62807,0
9617,62865,0
10137,63385,0
9798,63046,0
10481,63729,0
9380,62628,0
9558,62806,0
9538,62786,0
9500,62748,0
10822,64070,0
9854,63102,0
10793,64041,0
11268,64516,0
10441,63689,0
10030,63278,0
10674,63922,0
10526,63774,0
9844,63092,0
10241,63489,0
10164,63412,0
9143,62391,0
10693,63941,0
8777,62025,0
9752,63000,0
10595,63843,0
10009,63257,0
10991,64239,0
9307,62555,0
10350,63598,0
10337,63585,0
10718,63966,0
10319,63567,0
10820,64068,0
8602,61850,0
10471,63719,0
11077,64325,0
9367,62615,0
11442,64690,0
9642,62890,0
10215,63463,0
9956,63204,0
9382,62630,0
9655,62903,0
9944,63192,0
9394,62642,0
10792,64040,0
9843,63091,0
10911,64159,0
10510,63758,0
11404,64652,0
10098,63346,0
10915,64163,0
10042,63290,0
9132,62380,0
10299,63547,0
10537,63785,0
10114,63362,0
9507,62755,0
10417,63665,0
11117,64365,0
10499,63747,0
10053,63301,0
8658,61906,0
10395,63643,0
10180,63428,0
9041,62289,0
8501,61749,0
10071,63319,0
9916,63164,0
9503,62751,0
9687,62935,0
10549,63797,0
10043,63291,0
9256,62504,0
10885,64133,0
10691,63939,0
10852,64100,0
10987,64235,0
9810,63058,0
10929,64177,0
9719,62967,0
10559,63807,0
10462,63710,0
10931,64179,0
10256,63504,0
11192,64440,0
10004,63252,0
10177,63425,0
10470,63718,0
9588,62836,0
9941,63189,0
10125,63373,0
10478,63726,0
10231,63479,0
9584,62832,0
10586,63834,0
10939,64187,0
8812,62060,0
10384,63632,0
10337,63585,0
9853,63101,0
10085,63333,0
9893,63141,0
9826,63074,0
9620,62868,0
10161,63409,0
10593,63841,0
10707,63955,0
11745,64993,0
9405,62653,0
9257,62505,0
9718,62966,0
9369,62617,0
10071,63319,0
10568,63816,0
11887,65135,0
10834,64082,0
11558,64806,0
9355,62603,0
10551,63799,0
12009,65257,0
11761,65009,0
8781,62029,0
10818,64066,0
10958,64206,0
10520,63768,0
10638,63886,0
10121,63369,0
9748,62996,0
9881,63129,0
9639,62887,0
8817,62065,0
9886,63134,0
9378,62626,0
10806,64054,0
9621,62869,0
10816,64064,0
9892,63140,0
9952,63200,0
10772,64020,0
9738,62986,0
10784,64032,0
9953,63201,0
9569,62817,0
10302,63550,0
10574,63822,0
10452,63700,0
8709,61957,0
11492,64740,0
9584,62832,0
9094,62342,0
9553,62801,0
10382,63630,0
10558,63806,0
10355,63603,0
10142,63390,0
10578,63826,0
10541,63789,0
11078,64326,0
10876,64124,0
10759,64007,0
10196,63444,0
9202,62450,0
9394,62642,0
10009,63257,0
10497,63745,0
8818,62066,0
10703,63951,0
9934,63182,0
10797,64045,0
10237,63485,0
9381,62629,0
10295,63543,0
9259,62507,0
10321,63569,0
10158,63406,0
11087,64335,0
10284,63532,0
10156,63404,0
10455,63703,0
10411,63659,0
10580,63828,0
11072,64320,0
9259,62507,0
9999,63247,0
10956,64204,0
10242,63490,0
10510,63758,0
10885,64133,0
9478,62726,0
10249,63497,0
9488,62736,0
9689,62937,0
10275,63523,0
11149,64397,0
10040,63288,0
11497,64745,0
10990,64238,0
9678,62926,0
10334,63582,0
10252,63500,0
8907,62155,0
9995,63243,0
9415,62663,0
10815,64063,0
9257,62505,0
8938,62186,0
10427,63675,0
9498,62746,0
9604,62852,0
11016,64264,0
9633,62881,0
9667,62915,0
10691,63939,0
9747,62995,0
10358,63606,0
11137,64385,0
10652,63900,0
11487,64735,0
10775,64023,0
11004,64252,0
10768,64016,0
10923,64171,0
10316,63564,0
10813,64061,0
11733,64981,0
9406,62654,0
10810,64058,0
9726,62974,0
10091,63339,0
10565,63813,0
10259,63507,0
10400,63648,0
10331,63579,0
9995,63243,0
9988,63236,0
10905,64153,0
10378,63626,0
8905,62153,0
9770,63018,0
10796,64044,0
10020,63268,0
9302,62550,0
10106,63354,0
10259,63507,0
10664,63912,0
9264,62512,0
10155,63403,0
9253,62501,0
10648,63896,0
10193,63441,0
10348,63596,0
10721,63969,0
10108,63356,0
10576,63824,0
9411,62659,0
11881,65129,0
10424,63672,0
10678,63926,0
9825,63073,0
9784,63032,0
8881,62129,0
10594,63842,0
9144,62392,0
9829,63077,0
10932,64180,0
12210,65458,0
11022,64270,0
9965,63213,0
9205,62453,0
9882,63130,0
9006,62254,0
10082,63330,0
8750,61998,0
9755,63003,0
8882,62130,0
11504,64752,0
9097,62345,0
9243,62491,0
9364,62612,0
10828,64076,0
10623,63871,0
10281,63529,0
9508,62756,0
10003,63251,0
9499,62747,0
9089,62337,0
9528,62776,0
9949,63197,0
10224,63472,0
11542,64790,0
11244,64492,0
11189,64437,0
9350,62598,0
10103,63351,0
9847,63095,0
11433,64681,0
10913,64161,0
10714,63962,0
10786,64034,0
11108,64356,0
9104,62352,0
10565,63813,0
10667,63915,0
10158,63406,0
10112,63360,0
9058,62306,0
10795,64043,0
10138,63386,0
10025,63273,0
10290,63538,0
9748,62996,0
11054,64302,0
11203,64451,0
10375,63623,0
10266,63514,0
8921,62169,0
9904,63152,0
10615,63863,0
10477,63725,0
9733,62981,0
10832,64080,0
9052,62300,0
11196,64444,0
9447,62695,0
10601,63849,0
11909,65157,0
9244,62492,0
10486,63734,0
10641,63889,0
10242,63490,0
10822,64070,0
9286,62534,0
8973,62221,0
11309,64557,0
10626,63874,0
10918,64166,0
9566,62814,0
10047,63295,0
10588,63836,0
10836,64084,0
10926,64174,0
9533,62781,0
10593,63841,0
8877,62125,0
10948,64196,0
10080,63328,0
10410,63658,0
9290,62538,0
9822,63070,0
11177,64425,0
10011,63259,0
10180,63428,0
10337,63585,0
10548,63796,0
10233,63481,0
9065,62313,0
10405,63653,0
10263,63511,0
10320,63568,0
10507,63755,0
9481,62729,0
10193,63441,0
10640,63888,0
9477,62725,0
9638,62886,0
10657,63905,0
10668,63916,0
10891,64139,0
10544,63792,0
10342,63590,0
10593,63841,0
10392,63640,0
10268,63516,0
10609,63857,0
10275,63523,0
10737,63985,0
10244,63492,0
10027,63275,0
10880,64128,0
10313,63561,0
10074,63322,0
10445,63693,0
11107,64355,0
10294,63542,0
9308,62556,0
8986,62234,0
9482,62730,0
10240,63488,0
9046,62294,0
9125,62373,0
10425,63673,0
10065,63313,0
9467,62715,0
10998,64246,0
11516,64764,0
11587,64835,0
9883,63131,0
10419,63667,0
10427,63675,0
10054,63302,0
10247,63495,0
9348,62596,0
10829,64077,0
10073,63321,0
10622,63870,0
10619,63867,0
11228,64476,0
11355,64603,0
10185,63433,0
9365,62613,0
10438,63686,0
9772,63020,0
10439,63687,0
10570,63818,0
11267,64515,0
10180,63428,0
10253,63501,0
10535,63783,0
10557,63805,0
9901,63149,0
11042,64290,0
10155,63403,0
9604,62852,0
10403,63651,0
10452,63700,0
10135,63383,0
9388,62636,0
10518,63766,0
9560,62808,0
10030,63278,0
9622,62870,0
10224,63472,0
9057,62305,0
10224,63472,0
10212,63460,0
10351,63599,0
10727,63975,0
9130,62378,0
11017,64265,0
10009,63257,0
10129,63377,0
9178,62426,0
10962,64210,0
9408,62656,0
10024,63272,0
8996,62244,0
10264,63512,0
10967,64215,0
9788,63036,0
10026,63274,0
10881,64129,0
9712,62960,0
10868,64116,0
10160,63408,0
10713,63961,0
11138,64386,0
9872,63120,0
11772,65020,0
10774,64022,0
10644,63892,0
11175,64423,0
9523,62771,0
9295,62543,0
11289,64537,0
9759,63007,0
9514,62762,0
10379,63627,0
10929,64177,0
8595,61843,0
9766,63014,0
9714,62962,0
9315,62563,0
10292,63540,0
9003,62251,0
10045,63293,0
8866,62114,0
10628,63876,0
9690,62938,0
11013,64261,0
9998,63246,0
10995,64243,0
11303,64551,0
9722,62970,0
11457,64705,0
11058,64306,0
10805,64053,0
8755,62003,0
10403,63651,0
10725,63973,0
9541,62789,0
10391,63639,0
10871,64119,0
10475,63723,0
11006,64254,0
10041,63289,0
12020,65268,0
11180,64428,0
8951,62199,0
10596,63844,0
11422,64670,0
10760,64008,0
10963,64211,0
9886,63134,0
10331,63579,0
11535,64783,0
11068,64316,0
9995,63243,0
9740,62988,0
11048,64296,0
10683,63931,0
9806,63054,0
9110,62358,0
10638,63886,0
11087,64335,0
10442,63690,0
9718,62966,0
9880,63128,0
9034,62282,0
8730,61978,0
10019,63267,0
9944,63192,0
11020,64268,0
9584,62832,0
8689,61937,0
11036,64284,0
9727,62975,0
9652,62900,0
10084,63332,0
10204,63452,0
10137,63385,0
10378,63626,0
10566,63814,0
10285,63533,0
10566,63814,0
10535,63783,0
10064,63312,0
10424,63672,0
9964,63212,0
10776,64024,0
9709,62957,0
9736,62984,0
9634,62882,0
10578,63826,0
8986,62234,0
9944,63192,0
10282,63530,0
10190,63438,0
9981,63229,0
11195,64443,0
11906,65154,0
11415,64663,0
9519,62767,0
9910,63158,0
10743,63991,0
9770,63018,0
10288,63536,0
11420,64668,0
10593,63841,0
11215,64463,0
9983,63231,0
9558,62806,0
10383,63631,0
9368,62616,0
9838,63086,0
8733,61981,0
10971,64219,0
8917,62165,0
9782,63030,0
9865,63113,0
10133,63381,0
10141,63389,0
10373,63621,0
10613,63861,0
10885,64133,0
10362,63610,0
9646,62894,0
9384,62632,0
10653,63901,0
9503,62751,0
10722,63970,0
9536,62784,0
9899,63147,0
9923,63171,0
10878,64126,0
10697,63945,0
10102,63350,0
11701,64949,0
11154,64402,0
11955,65203,0
10193,63441,0
9698,62946,0
9545,62793,0
9650,62898,0
10011,63259,0
9985,63233,0
11353,64601,0
8572,61820,0
10140,63388,0
9465,62713,0
10222,63470,0
10491,63739,0
9602,62850,0
10063,63311,0
10443,63691,0
10582,63830,0
9670,62918,0
9327,62575,0
10628,63876,0
10592,63840,0
10033,63281,0
10315,63563,0
9270,62518,0
8653,61901,0
10547,63795,0
10156,63404,0
9994,63242,0
9062,62310,0
9466,62714,0
11422,64670,0
10115,63363,0
11277,64525,0
11077,64325,0
10379,63627,0
9614,62862,0
9853,63101,0
10576,63824,0
11124,64372,0
10258,63506,0
9301,62549,0
10905,64153,0
9837,63085,0
10312,63560,0
10356,63604,0
9820,63068,0
10771,64019,0
9978,63226,0
10045,63293,0
9571,62819,0
9396,62644,0
10986,64234,0
10838,64086,0
10032,63280,0
9461,62709,0
9911,63159,0
11405,64653,0
9130,62378,0
9209,62457,0
10156,63404,0
9384,62632,0
10748,63996,0
11181,64429,0
10283,63531,0
10280,63528,0
9876,63124,0
9886,63134,0
10517,63765,0
9829,63077,0
9317,62565,0
9651,62899,0
11013,64261,0
10405,63653,0
10434,63682,0
9685,62933,0
10503,63751,0
10991,64239,0
10818,64066,0
10044,63292,0
10421,63669,0
11260,64508,0
9808,63056,0
8720,61968,0
8625,61873,0
10750,63998,0
9810,63058,0
10408,63656,0
9622,62870,0
9465,62713,0
10380,63628,0
10464,63712,0
9742,62990,0
10936,64184,0
10399,63647,0
10229,63477,0
8289,61537,0
10533,63781,0
10652,63900,0
9611,62859,0
9077,62325,0
10791,64039,0
10269,63517,0
11422,64670,0
10755,64003,0
11426,64674,0
9230,62478,0
11060,64308,0
11395,64643,0
10951,64199,0
9368,62616,0
10408,63656,0
11091,64339,0
10575,63823,0
9676,62924,0
10856,64104,0
11662,64910,0
10652,63900,0
9797,63045,0
10138,63386,0
9289,62537,0
10633,63881,0
9740,62988,0
9674,62922,0
8712,61960,0
10252,63500,0
9848,63096,0
10226,63474,0
10143,63391,0
10058,63306,0
10361,63609,0
9080,62328,0
11087,64335,0
9670,62918,0
10975,64223,0
10118,63366,0
10159,63407,0
9667,62915,0
11542,64790,0
9527,62775,0
9866,63114,0
11199,64447,0
10077,63325,0
11390,64638,0
10595,63843,0
10323,63571,0
10284,63532,0
10309,63557,0
11345,64593,0
9601,62849,0
9638,62886,0
10571,63819,0
9117,62365,0
10352,63600,0
9035,62283,0
10478,63726,0
9397,62645,0
9610,62858,0
9481,62729,0
10302,63550,0
10898,64146,0
9644,62892,0
9589,62837,0
10308,63556,0
9208,62456,0
8860,62108,0
9851,63099,0
10316,63564,0
10766,64014,0
10104,63352,0
10932,64180,0
10003,63251,0
9884,63132,0
10228,63476,0
10431,63679,0
9605,62853,0
10344,63592,0
8854,62102,0
10030,63278,0
11051,64299,0
9538,62786,0
9879,63127,0
10076,63324,0
10164,63412,0
9463,62711,0
10917,64165,0
11010,64258,0
10455,63703,0
9805,63053,0
10482,63730,0
11732,64980,0
10324,63572,0
10256,63504,0
10344,63592,0
11486,64734,0
9812,63060,0
11270,64518,0
10739,63987,0
9696,62944,0
9673,62921,0
10666,63914,0
9477,62725,0
9935,63183,0
10333,63581,0
10084,63332,0
10123,63371,0
9860,63108,0
11495,64743,0
10909,64157,0
9003,62251,0
10707,63955,0
11640,64888,0
9388,62636,0
9250,62498,0
10462,63710,0
9341,62589,0
10258,63506,0
9631,62879,0
10308,63556,0
9825,63073,0
9770,63018,0
10021,63269,0
11389,64637,0
9993,63241,0
10453,63701,0
10559,63807,0
10414,63662,0
9916,63164,0
11021,64269,0
10606,63854,0
9806,63054,0
10403,63651,0
10108,63356,0
9887,63135,0
11156,64404,0
9103,62351,0
9944,63192,0
10266,63514,0
11343,64591,0
10518,63766,0
11041,64289,0
10006,63254,0
9919,63167,0
10306,63554,0
10651,63899,0
10341,63589,0
10855,64103,0
11294,64542,0
11051,64299,0
9868,63116,0
10283,63531,0
9524,62772,0
11075,64323,0
11011,64259,0
9704,62952,0
10362,63610,0
9993,63241,0
11501,64749,0
9886,63134,0
10904,64152,0
10908,64156,0
9984,63232,0
11424,64672,0
9360,62608,0
11087,64335,0
10130,63378,0
9950,63198,0
10426,63674,0
10260,63508,0
10333,63581,0
9023,62271,0
9651,62899,0
9216,62464,0
10473,63721,0
11212,64460,0
10028,63276,0
10452,63700,0
10581,63829,0
9956,63204,0
9382,62630,0
9342,62590,0
10671,63919,0
9766,63014,0
10424,63672,0
10420,63668,0
10007,63255,0
9774,63022,0
11491,64739,0
10281,63529,0
10341,63589,0
9430,62678,0
10041,63289,0
10293,63541,0
10520,63768,0
11131,64379,0
9949,63197,0
10743,63991,0
11075,64323,0
9528,62776,0
9758,63006,0
9674,62922,0
10510,63758,0
10192,63440,0
10428,63676,0
10200,63448,0
10932,64180,0
10238,63486,0
10474,63722,0
9049,62297,0
10974,64222,0
10723,63971,0
10183,63431,0
10095,63343,0
10077,63325,0
10694,63942,0
10756,64004,0
10654,63902,0
9309,62557,0
10150,63398,0
9914,63162,0
10863,64111,0
10230,63478,0
10082,63330,0
11074,64322,0
10595,63843,0
10758,64006,0
9116,62364,0
9511,62759,0
8940,62188,0
9728,62976,0
9990,63238,0
10779,64027,0
9713,62961,0
10714,63962,0
11003,64251,0
10236,63484,0
9521,62769,0
9781,63029,0
9327,62575,0
10012,63260,0
10439,63687,0
9458,62706,0
9630,62878,0
9962,63210,0
10174,63422,0
10907,64155,0
10323,63571,0
9875,63123,0
10547,63795,0
10492,63740,0
9288,62536,0
9041,62289,0
10010,63258,0
10296,63544,0
10852,64100,0
10766,64014,0
10197,63445,0
11069,64317,0
10696,63944,0
10095,63343,0
10100,63348,0
10747,63995,0
11211,64459,0
10682,63930,0
9842,63090,0
9111,62359,0
10813,64061,0
10049,63297,0
10415,63663,0
9380,62628,0
10623,63871,0
10994,64242,0
11176,64424,0
10299,63547,0
9259,62507,0
10447,63695,0
10983,64231,0
10669,63917,0
10176,63424,0
10715,63963,0
9334,62582,0
10339,63587,0
11540,64788,0
9689,62937,0
10479,63727,0
11101,64349,0
10926,64174,0
9619,62867,0
10279,63527,0
9240,62488,0
9601,62849,0
10046,63294,0
10224,63472,0
8877,62125,0
11432,64680,0
10342,63590,0
9703,62951,0
9662,62910,0
8606,61854,0
10058,63306,0
9843,63091,0
10548,63796,0
9512,62760,0
9750,62998,0
12147,65395,0
10841,64089,0
10896,64144,0
10184,63432,0
10618,63866,0
10830,64078,0
9260,62508,0
9424,62672,0
10531,63779,0
10042,63290,0
10070,63318,0
10869,64117,0
9949,63197,0
10062,63310,0
10247,63495,0
11075,64323,0
9323,62571,0
11451,64699,0
8960,62208,0
9638,62886,0
10589,63837,0
8873,62121,0
10710,63958,0
9833,63081,0
11902,65150,0
11168,64416,0
9250,62498,0
9823,63071,0
8193,61441,0
9748,62996,0
10899,64147,0
10131,63379,0
10555,63803,0
9739,62987,0
9788,63036,0
9186,62434,0
10449,63697,0
9801,63049,0
10428,63676,0
9461,62709,0
10967,64215,0
10494,63742,0
10189,63437,0
9855,63103,0
11319,64567,0
10759,64007,0
10658,63906,0
10337,63585,0
10093,63341,0
11020,64268,0
10096,63344,0
11345,64593,0
9397,62645,0
10028,63276,0
11360,64608,0
11060,64308,0
9652,62900,0
9467,62715,0
10427,63675,0
10161,63409,0
9286,62534,0
10220,63468,0
11025,64273,0
10185,63433,0
10927,64175,0
10558,63806,0
10981,64229,0
9528,62776,0
10124,63372,0
10442,63690,0
11112,64360,0
10434,63682,0
9744,62992,0
10754,64002,0
9760,63008,0
10794,64042,0
10641,63889,0
10323,63571,0
9581,62829,0
10735,63983,0
11327,64575,0
9066,62314,0
10951,64199,0
10874,64122,0
10576,63824,0
10084,63332,0
10597,63845,0
10475,63723,0
9072,62320,0
9372,62620,0
8204,61452,0
9439,62687,0
9840,63088,0
10338,63586,0
10074,63322,0
10900,64148,0
10861,64109,0
10396,63644,0
10361,63609,0
9310,62558,0
9372,62620,0
11276,64524,0
10518,63766,0
10445,63693,0
10480,63728,0
9975,63223,0
10327,63575,0
9791,63039,0
10212,63460,0
11446,64694,0
9927,63175,0
9241,62489,0
10345,63593,0
10803,64051,0
10693,63941,0
10543,63791,0
9913,63161,0
10268,63516,0
10288,63536,0
10770,64018,0
8832,62080,0
10574,63822,0
9003,62251,0
11216,64464,0
9741,62989,0
10314,63562,0
10334,63582,0
10407,63655,0
11294,64542,0
10606,63854,0
11135,64383,0
9798,63046,0
10035,63283,0
9461,62709,0
9607,62855,0
9872,63120,0
9793,63041,0
10693,63941,0
10233,63481,0
8193,61441,0
8578,61826,0
10142,63390,0
9961,63209,0
10146,63394,0
9743,62991,0
10685,63933,0
10517,63765,0
10071,63319,0
9809,63057,0
11376,64624,0
9671,62919,0
10702,63950,0
10735,63983,0
9193,62441,0
10485,63733,0
11005,64253,0
9573,62821,0
10505,63753,0
10141,63389,0
9444,62692,0
9030,62278,0
10905,64153,0
10647,63895,0
9583,62831,0
10609,63857,0
9558,62806,0
10516,63764,0
10903,64151,0
9773,63021,0
10511,63759,0
9530,62778,0
10524,63772,0
9881,63129,0
9679,62927,0
9404,62652,0
8752,62000,0
9399,62647,0
10898,64146,0
9574,62822,0
10893,64141,0
10018,63266,0
10092,63340,0
8994,62242,0
9733,62981,0
9734,62982,0
10745,63993,0
11258,64506,0
10194,63442,0
10649,63897,0
10916,64164,0
11686,64934,0
11607,64855,0
11160,64408,0
9737,62985,0
9903,63151,0
10981,64229,0
10698,63946,0
9958,63206,0
10657,63905,0
11028,64276,0
11016,64264,0
9398,62646,0
9955,63203,0
10934,64182,0
10854,64102,0
10087,63335,0
11867,65115,0
10281,63529,0
12026,65274,0
10149,63397,0
10284,63532,0
9997,63245,0
9643,62891,0
11607,64855,0
10045,63293,0
10366,63614,0
10055,63303,0
8891,62139,0
10687,63935,0
10119,63367,0
10168,63416,0
9075,62323,0
9429,62677,0
10562,63810,0
11872,65120,0
10706,63954,0
10725,63973,0
11275,64523,0
9617,62865,0
10032,63280,0
11373,64621,0
9576,62824,0
9473,62721,0
9287,62535,0
9857,63105,0
9500,62748,0
10316,63564,0
9105,62353,0
10216,63464,0
9970,63218,0
10761,64009,0
10762,64010,0
10291,63539,0
10827,64075,0
9589,62837,0
10313,63561,0
10689,63937,0
9193,62441,0
10141,63389,0
10164,63412,0
9862,63110,0
11251,64499,0
9137,62385,0
8811,62059,0
10515,63763,0
9955,63203,0
11065,64313,0
9377,62625,0
10739,63987,0
10652,63900,0
9785,63033,0
11133,64381,0
10917,64165,0
10505,63753,0
11037,64285,0
9228,62476,0
10592,63840,0
9788,63036,0
9949,63197,0
12089,65337,0
10149,63397,0
10017,63265,0
10810,64058,0
8450,61698,0
10447,63695,0
10438,63686,0
10357,63605,0
10651,63899,0
10964,64212,0
10947,64195,0
10998,64246,0
11064,64312,0
11260,64508,0
10422,63670,0
10486,63734,0
9952,63200,0
9788,63036,0
9794,63042,0
10463,63711,0
9549,62797,0
10037,63285,0
10127,63375,0
10374,63622,0
9766,63014,0
9959,63207,0
11096,64344,0
11315,64563,0
11333,64581,0
10946,64194,0
11008,64256,0
10154,63402,0
10251,63499,0
9781,63029,0
8794,62042,0
8983,62231,0
8701,61949,0
10766,64014,0
9575,62823,0
9812,63060,0
8982,62230,0
11363,64611,0
10214,63462,0
10497,63745,0
11195,64443,0
9893,63141,0
10475,63723,0
9922,63170,0
8924,62172,0
11001,64249,0
11005,64253,0
8679,61927,0
8911,62159,0
9493,62741,0
11145,64393,0
10115,63363,0
9758,63006,0
8335,61583,0
11142,64390,0
11492,64740,0
11258,64506,0
9569,62817,0
9043,62291,0
9179,62427,0
9966,63214,0
10146,63394,0
12286,65534,0
11058,64306,0
10627,63875,0
11355,64603,0
10104,63352,0
11178,64426,0
10543,63791,0
11449,64697,0
9598,62846,0
10103,63351,0
9949,63197,0
10091,63339,0
10852,64100,0
10712,63960,0
11222,64470,0
9812,63060,0
9807,63055,0
10652,63900,0
11122,64370,0
10526,63774,0
10762,64010,0
10049,63297,0
11745,64993,0
10582,63830,0
10902,64150,0
10019,63267,0
10631,63879,0
11655,64903,0
11066,64314,0
10426,63674,0
10550,63798,0
10135,63383,0
11133,64381,0
10635,63883,0
10490,63738,0
10089,63337,0
10904,64152,0
10169,63417,0
11688,64936,0
11685,64933,0
10806,64054,0
10726,63974,0
10812,64060,0
9724,62972,0
9850,63098,0
9221,62469,0
10932,64180,0
10388,63636,0
10725,63973,0
11078,64326,0
9563,62811,0
10422,63670,0
11171,64419,0
9443,62691,0
9658,62906,0
10070,63318,0
9765,63013,0
8653,61901,0
11154,64402,0
10300,63548,0
10875,64123,0
11420,64668,0
10502,63750,0
9802,63050,0
9843,63091,0
11173,64421,0
11048,64296,0
9142,62390,0
9863,63111,0
9975,63223,0
11069,64317,0
10629,63877,0
9410,62658,0
11413,64661,0
11688,64936,0
10613,63861,0
9987,63235,0
10757,64005,0
9866,63114,0
11129,64377,0
9221,62469,0
10465,63713,0
9333,62581,0
10042,63290,0
9068,62316,0
11226,64474,0
9665,62913,0
9841,63089,0
10854,64102,0
10986,64234,0
10657,63905,0
9835,63083,0
10013,63261,0
9664,62912,0
9434,62682,0
10946,64194,0
9835,63083,0
10883,64131,0
10795,64043,0
10723,63971,0
10618,63866,0
11164,64412,0
9588,62836,0
8969,62217,0
9648,62896,0
10981,64229,0
11468,64716,0
9374,62622,0
10022,63270,0
10473,63721,0
10542,63790,0
10369,63617,0
10459,63707,0
10614,63862,0
10037,63285,0
10774,64022,0
10740,63988,0
10475,63723,0
9751,62999,0
9971,63219,0
10042,63290,0
10177,63425,0
9673,62921,0
11257,64505,0
10645,63893,0
10234,63482,0
10602,63850,0
10285,63533,0
9620,62868,0
10698,63946,0
10597,63845,0
10351,63599,0
10131,63379,0
9231,62479,0
9307,62555,0
11483,64731,0
9581,62829,0
10869,64117,0
10438,63686,0
10877,64125,0
10060,63308,0
9508,62756,0
9972,63220,0
10305,63553,0
9535,62783,0
10480,63728,0
11140,64388,0
10071,63319,0
10580,63828,0
11192,64440,0
9642,62890,0
8563,61811,0
10374,63622,0
9819,63067,0
11084,64332,0
9626,62874,0
10081,63329,0
10012,63260,0
10209,63457,0
9549,62797,0
9949,63197,0
9311,62559,0
10160,63408,0
9747,62995,0
10870,64118,0
10971,64219,0
9262,62510,0
8792,62040,0
10201,63449,0
9275,62523,0
10936,64184,0
10676,63924,0
8944,62192,0
9888,63136,0
9506,62754,0
9723,62971,0
9973,63221,0
10333,63581,0
11482,64730,0
8555,61803,0
11032,64280,0
9597,62845,0
11095,64343,0
10072,63320,0
10812,64060,0
8568,61816,0
11512,64760,0
11194,64442,0
9992,63240,0
9415,62663,0
12245,65493,0
10559,63807,0
10434,63682,0
10947,64195,0
9590,62838,0
12286,65534,0
10524,63772,0
9578,62826,0
10685,63933,0
9904,63152,0
9705,62953,0
11009,64257,0
11559,64807,0
10942,64190,0
10099,63347,0
10091,63339,0
9539,62787,0
10398,63646,0
9156,62404,0
10569,63817,0
9925,63173,0
9667,62915,0
11050,64298,0
10569,63817,0
10182,63430,0
10500,63748,0
9914,63162,0
9133,62381,0
9717,62965,0
10933,64181,0
9966,63214,0
9959,63207,0
10886,64134,0
9292,62540,0
9300,62548,0
10422,63670,0
11407,64655,0
11360,64608,0
10715,63963,0
10644,63892,0
10453,63701,0
9973,63221,0
11184,64432,0
10943,64191,0
11270,64518,0
11032,64280,0
11438,64686,0
10905,64153,0
9585,62833,0
9759,63007,0
11143,64391,0
10021,63269,0
10326,63574,0
10448,63696,0
11339,64587,0
9912,63160,0
9993,63241,0
9620,62868,0
9245,62493,0
10106,63354,0
10292,63540,0
9921,63169,0
10669,63917,0
11030,64278,0
9882,63130,0
11579,64827,0
11514,64762,0
11889,65137,0
9360,62608,0
11758,65006,0
9468,62716,0
10165,63413,0
9392,62640,0
10324,63572,0
10265,63513,0
9613,62861,0
11222,64470,0
10471,63719,0
10446,63694,0
10594,63842,0
10354,63602,0
9993,63241,0
9085,62333,0
10892,64140,0
10415,63663,0
10574,63822,0
11591,64839,0
10463,63711,0
10218,63466,0
9622,62870,0
10665,63913,0
11414,64662,0
10583,63831,0
10694,63942,0
10662,63910,0
9669,62917,0
10536,63784,0
10362,63610,0
9421,62669,0
9578,62826,0
10258,63506,0
11349,64597,0
11304,64552,0
9238,62486,0
10078,63326,0
10658,63906,0
9739,62987,0
10543,63791,0
10384,63632,0
10210,63458,0
10970,64218,0
9464,62712,0
9822,63070,0
10920,64168,0
10109,63357,0
10276,63524,0
10308,63556,0
10646,63894,0
10004,63252,0
9919,63167,0
10122,63370,0
9839,63087,0
10462,63710,0
9531,62779,0
9593,62841,0
10252,63500,0
9835,63083,0
9524,62772,0
10190,63438,0
10375,63623,0
9346,62594,0
10112,63360,0
9606,62854,0
10726,63974,0
11458,64706,0
10822,64070,0
9353,62601,0
10062,63310,0
9841,63089,0
9443,62691,0
10290,63538,0
9951,63199,0
9566,62814,0
10231,63479,0
9025,62273,0
10773,64021,0
8363,61611,0
11459,64707,0
11137,64385,0
9932,63180,0
10359,63607,0
10534,63782,0
10217,63465,0
10071,63319,0
11184,64432,0
11015,64263,0
10020,63268,0
9132,62380,0
11346,64594,0
12158,65406,0
9760,63008,0
9954,63202,0
10160,63408,0
9890,63138,0
11105,64353,0
9764,63012,0
10444,63692,0
8797,62045,0
10311,63559,0
9631,62879,0
10588,63836,0
9747,62995,0
10077,63325,0
9438,62686,0
11240,64488,0
10026,63274,0
10204,63452,0
10708,63956,0
8494,61742,0
11260,64508,0
11489,64737,0
9976,63224,0
10002,63250,0
10762,64010,0
10783,64031,0
10101,63349,0
9999,63247,0
10134,63382,0
10604,63852,0
10244,63492,0
11106,64354,0
9825,63073,0
11112,64360,0
10208,63456,0
10773,64021,0
10315,63563,0
9611,62859,0
9377,62625,0
10118,63366,0
9381,62629,0
10263,63511,0
11213,64461,0
10399,63647,0
10881,64129,0
9280,62528,0
10313,63561,0
10176,63424,0
11019,64267,0
10003,63251,0
10431,63679,0
11287,64535,0
10379,63627,0
10493,63741,0
10668,63916,0
10880,64128,0
11495,64743,0
10511,63759,0
11339,64587,0
10703,63951,0
10206,63454,0
9925,63173,0
10754,64002,0
10589,63837,0
9092,62340,0
9595,62843,0
10871,64119,0
10044,63292,0
10550,63798,0
8808,62056,0
10918,64166,0
10490,63738,0
9804,63052,0
9893,63141,0
9144,62392,0
10525,63773,0
9784,63032,0
9316,62564,0
9867,63115,0
10754,64002,0
9385,62633,0
10886,64134,0
10539,63787,0
9012,62260,0
12283,65531,0
9392,62640,0
9702,62950,0
10188,63436,0
9717,62965,0
9248,62496,0
8920,62168,0
9543,62791,0
10525,63773,0
10213,63461,0
10859,64107,0
10978,64226,0
9950,63198,0
9740,62988,0
10276,63524,0
10002,63250,0
10901,64149,0
10497,63745,0
10326,63574,0
9541,62789,0
8518,61766,0
10501,63749,0
10782,64030,0
10072,63320,0
10067,63315,0
11106,64354,0
10182,63430,0
9688,62936,0
9624,62872,0
9600,62848,0
10658,63906,0
10720,63968,0
10311,63559,0
9974,63222,0
9050,62298,0
10335,63583,0
9482,62730,0
9902,63150,0
8502,61750,0
10966,64214,0
10340,63588,0
10978,64226,0
10363,63611,0
9975,63223,0
10452,63700,0
10311,63559,0
10929,64177,0
10507,63755,0
10690,63938,0
9698,62946,0
10427,63675,0
10477,63725,0
9695,62943,0
12286,65534,0
10030,63278,0
10603,63851,0
9464,62712,0
9658,62906,0
10243,63491,0
10509,63757,0
10848,64096,0
11771,65019,0
10688,63936,0
9611,62859,0
10044,63292,0
11362,64610,0
8193,61441,0
10031,63279,0
9833,63081,0
10161,63409,0
10031,63279,0
9146,62394,0
10255,63503,0
10613,63861,0
10381,63629,0
9668,62916,0
10436,63684,0
10215,63463,0
9176,62424,0
11522,64770,0
11026,64274,0
10925,64173,0
8484,61732,0
10539,63787,0
10337,63585,0
10311,63559,0
11156,64404,0
10246,63494,0
10136,63384,0
10288,63536,0
9896,63144,0
10209,63457,0
10724,63972,0
9405,62653,0
10556,63804,0
9941,63189,0
10129,63377,0
11040,64288,0
9774,63022,0
9999,63247,0
10792,64040,0
9680,62928,0
10393,63641,0
10424,63672,0
10864,64112,0
9616,62864,0
10676,63924,0
10681,63929,0
10912,64160,0
9841,63089,0
10601,63849,0
10640,63888,0
10116,63364,0
10255,63503,0
9859,63107,0
11447,64695,0
10023,63271,0
9413,62661,0
10778,64026,0
9176,62424,0
10017,63265,0
10759,64007,0
10536,63784,0
9707,62955,0
11473,64721,0
9754,63002,0
8831,62079,0
8753,62001,0
10850,64098,0
9302,62550,0
10701,63949,0
8771,62019,0
11591,64839,0
10564,63812,0
9668,62916,0
10234,63482,0
9712,62960,0
9541,62789,0
11817,65065,0
8753,62001,0
9386,62634,0
11177,64425,0
10016,63264,0
10201,63449,0
10943,64191,0
11514,64762,0
10750,63998,0
9319,62567,0
9874,63122,0
9990,63238,0
9684,62932,0
9945,63193,0
10605,63853,0
10646,63894,0
9796,63044,0
11060,64308,0
10042,63290,0
9733,62981,0
12005,65253,0
10125,63373,0
10570,63818,0
9375,62623,0
8792,62040,0
10365,63613,0
10474,63722,0
11051,64299,0
10152,63400,0
9392,62640,0
11160,64408,0
10187,63435,0
10721,63969,0
10224,63472,0
10225,63473,0
9581,62829,0
9816,63064,0
8900,62148,0
9924,63172,0
9979,63227,0
10320,63568,0
8679,61927,0
10768,64016,0
8946,62194,0
11263,64511,0
11377,64625,0
9704,62952,0
12063,65311,0
10663,63911,0
8950,62198,0
10314,63562,0
10332,63580,0
9746,62994,0
9520,62768,0
10303,63551,0
10500,63748,0
9595,62843,0
10724,63972,0
9566,62814,0
10176,63424,0
10553,63801,0
9126,62374,0
10083,63331,0
9618,62866,0
9309,62557,0
10201,63449,0
9782,63030,0
9267,62515,0
9443,62691,0
9265,62513,0
9953,63201,0
9459,62707,0
10454,63702,0
10263,63511,0
10575,63823,0
10226,63474,0
10270,63518,0
10418,63666,0
11577,64825,0
8593,61841,0
9929,63177,0
9849,63097,0
9231,62479,0
10105,63353,0
8447,61695,0
10412,63660,0
9284,62532,0
9991,63239,0
9986,63234,0
9281,62529,0
11640,64888,0
10706,63954,0
11154,64402,0
10665,63913,0
10422,63670,0
10025,63273,0
10097,63345,0
9381,62629,0
11294,64542,0
9935,63183,0
9593,62841,0
9665,62913,0
10495,63743,0
10212,63460,0
10358,63606,0
9907,63155,0
10733,63981,0
10665,63913,0
9224,62472,0
9955,63203,0
10655,63903,0
9108,62356,0
10040,63288,0
9505,62753,0
10557,63805,0
9502,62750,0
10112,63360,0
9520,62768,0
9922,63170,0
9022,62270,0
10434,63682,0
11735,64983,0
9261,62509,0
11221,64469,0
9128,62376,0
10410,63658,0
11601,64849,0
10438,63686,0
10711,63959,0
11431,64679,0
9502,62750,0
10717,63965,0
9371,62619,0
10533,63781,0
9696,62944,0
9687,62935,0
9266,62514,0
9938,63186,0
9840,63088,0
9396,62644,0
10970,64218,0
12284,65532,0
10573,63821,0
10698,63946,0
11764,65012,0
10735,63983,0
9929,63177,0
11258,64506,0
11399,64647,0
9568,62816,0
9315,62563,0
9460,62708,0
9927,63175,0
9594,62842,0
11140,64388,0
10456,63704,0
9046,62294,0
9676,62924,0
10760,64008,0
11163,64411,0
10795,64043,0
10196,63444,0
9749,62997,0
10495,63743,0
10385,63633,0
10127,63375,0
11046,64294,0
10431,63679,0
10712,63960,0
10052,63300,0
12286,65534,0
10601,63849,0
10901,64149,0
9554,62802,0
10576,63824,0
11394,64642,0
9646,62894,0
11337,64585,0
10471,63719,0
11268,64516,0
10115,63363,0
10165,63413,0
11257,64505,0
10537,63785,0
11054,64302,0
9686,62934,0
10015,63263,0
10857,64105,0
11612,64860,0
9834,63082,0
11104,64352,0
10259,63507,0
10527,63775,0
10077,63325,0
10674,63922,0
9894,63142,0
8731,61979,0
9133,62381,0
10843,64091,0
10312,63560,0
9876,63124,0
9785,63033,0
10680,63928,0
11060,64308,0
11678,64926,0
10800,64048,0
9333,62581,0
9475,62723,0
10356,63604,0
11280,64528,0
9113,62361,0
10869,64117,0
10984,64232,0
9387,62635,0
9850,63098,0
9923,63171,0
9545,62793,0
10903,64151,0
10083,63331,0
10355,63603,0
10278,63526,0
9655,62903,0
9843,63091,0
10011,63259,0
10124,63372,0
10975,64223,0
11198,64446,0
10302,63550,0
10054,63302,0
9737,62985,0
10134,63382,0
9629,62877,0
187,187,1
694,694,0
749,62189,0
756,62196,0
1965,63405,0
1193,62633,0
43,61483,0
1037,62477,0
432,61872,0
120,61560,0
979,62419,0
382,61822,0
108,61548,0
153,61593,0
164,61604,0
746,62186,0
1992,63432,0
1472,62912,0
246,61686,0
1715,63155,0
1392,62832,0
1452,62892,0
1890,63330,0
1800,63240,0
1663,63103,0
348,61788,0
314,61754,0
830,62270,0
986,62426,0
1170,62610,0
297,61737,0
830,62270,0
0,61440,0
288,61728,0
1855,63295,0
1883,63323,0
185,61625,0
1870,63310,0
136,61576,0
1827,63267,0
401,61841,0
1390,62830,0
1088,62528,0
561,62001,0
1789,63229,0
1605,63045,0
370,61810,0
1262,62702,0
270,61710,0
993,62433,0
1839,63279,0
194,61634,0
783,62223,0
1154,62594,0
90,61530,0
1567,63007,0
788,62228,0
54,61494,0
923,62363,0
115,61555,0
1576,63016,0
629,62069,0
1420,62860,0
235,61675,0
1641,63081,0
43,61483,0
1968,63408,0
1717,63157,0
1451,62891,0
793,62233,0
854,62294,0
72,61512,0
1623,63063,0
19,61459,0
1476,62916,0
1038,62478,0
1581,63021,0
1788,63228,0
1441,62881,0
840,62280,0
971,62411,0
715,62155,0
715,62155,0
1019,62459,0
1448,62888,0
1827,63267,0
255,61695,0
1594,63034,0
567,62007,0
694,62134,0
1151,62591,0
661,62101,0
658,62098,0
1832,63272,0
86,61526,0
1349,62789,0
838,62278,0
1228,62668,0
1871,63311,0
1030,62470,0
1738,63178,0
718,62158,0
146,61586,0
1954,63394,0
1244,62684,0
656,62096,0
206,61646,0
150,61590,0
767,62207,0
1859,63299,0
1555,62995,0
686,62126,0
1375,62815,0
913,62353,0
1860,63300,0
683,62123,0
1156,62596,0
1485,62925,0
475,61915,0
1669,63109,0
229,61669,0
1346,62786,0
1404,62844,0
918,62358,0
1709,63149,0
51,61491,0
365,61805,0
1619,63059,0
1571,63011,0
418,61858,0
802,62242,0
1937,63377,0
825,62265,0
1082,62522,0
1427,62867,0
117,61557,0
1692,63132,0
214,61654,0
182,61622,0
1525,62965,0
945,62385,0
1488,62928,0
1707,63147,0
2045,63485,0
548,61988,0
1092,62532,0
1446,62886,0
1180,62620,0
1191,62631,0
1554,62994,0
642,62082,0
638,62078,0
1237,62677,0
1997,63437,0
403,61843,0
1855,63295,0
409,61849,0
57,61497,0
1970,63410,0
974,62414,0
826,62266,0
1338,62778,0
2029,63469,0
558,61998,0
517,61957,0
1063,62503,0
1063,62503,0
705,62145,0
658,62098,0
1201,62641,0
614,62054,0
236,61676,0
44,61484,0
175,61615,0
283,61723,0
1407,62847,0
1745,63185,0
519,61959,0
288,61728,0
996,62436,0
63,61503,0
982,62422,0
1399,62839,0
1429,62869,0
1578,63018,0
181,61621,0
679,62119,0
1907,63347,0
1751,63191,0
819,62259,0
1523,62963,0
528,61968,0
1759,63199,0
1807,63247,0
1899,63339,0
1515,62955,0
693,62133,0
1115,62555,0
1660,63100,0
1710,63150,0
1050,62490,0
1740,63180,0
1359,62799,0
2030,63470,0
103,61543,0
1964,63404,0
921,62361,0
526,61966,0
10,61450,0
2019,63459,0
914,62354,0
547,61987,0
1423,62863,0
1281,62721,0
1527,62967,0
650,62090,0
1750,63190,0
1257,62697,0
1472,62912,0
937,62377,0
276,61716,0
954,62394,0
100,61540,0
791,62231,0
981,62421,0
1008,62448,0
1382,62822,0
306,61746,0
1845,63285,0
795,62235,0
981,62421,0
85,61525,0
1249,62689,0
1146,62586,0
170,61610,0
768,62208,0
1697,63137,0
264,61704,0
195,61635,0
360,61800,0
1393,62833,0
1573,63013,0
1998,63438,0
170,61610,0
503,61943,0
972,62412,0
1723,63163,0
65,61505,0
208,61648,0
419,61859,0
1150,62590,0
1461,62901,0
892,62332,0
1792,63232,0
644,62084,0
1638,63078,0
1295,62735,0
453,61893,0
1794,63234,0
564,62004,0
318,61758,0
1733,63173,0
774,62214,0
1931,63371,0
13,61453,0
1581,63021,0
1040,62480,0
1992,63432,0
1339,62779,0
1246,62686,0
662,62102,0
1064,62504,0
684,62124,0
257,61697,0
715,62155,0
253,61693,0
1665,63105,0
1223,62663,0
19,61459,0
1152,62592,0
1240,62680,0
294,61734,0
956,62396,0
1231,62671,0
1600,63040,0
206,61646,0
1028,62468,0
1153,62593,0
1671,63111,0
509,61949,0
1816,63256,0
334,61774,0
173,61613,0
833,62273,0
1971,63411,0
912,62352,0
1086,62526,0
1746,63186,0
1535,62975,0
605,62045,0
916,62356,0
