16382
15279
16275
16171
15635
15645
15612
14658
16382
15929
15703
14337
15063
15421
15932
15260
16373
15822
15445
15093
16257
15677
16248
16382
15945
14337
16382
14337
14337
14931
15664
14592
15119
15658
14337
14337
14337
16382
14337
14337
14814
15603
16382
15081
14337
16318
15847
16333
16382
14680
16382
15369
14847
15745
15499
15456
14337
14621
14337
15784
14337
15243
15678
14843
14383
14337
14933
16382
14506
15464
16382
16382
14337
15955
15381
16382
15542
15289
15111
14337
14337
14582
16339
15872
14894
14634
14337
14337
14337
16382
16012
14337
16382
14468
16382
15272
16382
14337
14337
16006
15958
16382
14854
14337
15954
14536
14337
15729
14337
16382
14618
15009
15599
16382
14337
14337
15790
14708
14337
16382
14926
14934
14337
15531
14994
15001
16382
14879
14337
14924
14966
15115
14337
16382
16382
15587
16382
14337
16048
16382
14337
16382
16382
14811
15673
14337
14337
14984
14337
14903
15932
14815
16109
15751
14337
16223
16005
16382
16382
14531
14355
16023
14813
14337
14477
15950
15170
16382
15060
15472
14337
15023
14730
16382
15126
16311
14337
16247
14337
15326
16328
16382
16382
14437
15827
16382
14337
16382
16382
14737
15376
16382
16382
16382
14337
16382
16382
14337
14569
14419
16382
15745
14446
15033
15666
16382
16382
14711
15533
15620
15009
16382
14337
15233
15375
16149
16382
16382
14337
14337
16382
14337
14619
14337
16382
16287
15473
14947
16203
15657
16382
16382
15626
15162
16382
14337
14337
14758
15251
16014
16065
15522
15604
16382
14904
15600
14962
15173
16129
16382
15667
15803
16042
14337
14337
15770
14337
14489
16382
15304
16077
15067
14337
16154
15885
14820
14922
16382
14337
14337
16382
15839
14337
14913
16379
14479
14913
15860
15291
14337
16382
16382
16382
14337
15283
14404
15104
14937
14949
16382
16382
14986
14452
15335
14337
14337
15023
15498
15980
14337
15897
16181
14337
15575
14337
14337
15246
14337
16194
16368
14337
14917
14963
15621
15467
16382
15672
16382
15230
16382
16382
15272
16382
15622
16382
14688
15279
14868
14864
15245
16382
14337
16382
15609
15487
16337
15827
16166
14337
15949
14475
14337
15446
14699
14582
14337
14337
14977
14620
16382
15433
14616
14337
14992
15318
14528
15508
16382
14733
14938
14980
15525
14337
16382
16382
14627
15893
16382
14722
14337
15122
15797
14337
14337
16261
14337
16382
16382
15904
15680
15496
14541
16382
14871
16282
14822
16382
16382
15307
16382
15425
16175
15962
14966
16025
14337
14337
14684
15831
16206
15939
14337
14337
16382
14831
16382
16382
16382
15399
14674
15759
15282
15193
14337
16382
16022
15311
16382
16126
15858
14337
16150
14337
15471
14983
15861
14337
14580
16382
15521
14542
14963
14606
14337
14337
16382
14337
16382
14337
14621
16307
16382
16382
14666
14337
16382
16382
14337
16382
16136
16197
16382
14337
15285
14599
16125
16382
15363
14864
16382
16382
15680
16263
16382
14981
14337
15985
15229
14519
16382
14597
14356
15308
15940
14337
15606
16243
15881
14337
14337
15843
16382
14877
16106
14450
15489
16382
15362
16266
14337
16382
16234
14337
15856
14672
16354
16382
14975
16382
14337
14611
14337
14337
15339
14746
15082
14668
15681
16382
16382
15567
15301
15891
15500
14733
15011
15991
16382
14899
15592
14337
14938
16382
16382
16382
16236
16382
15835
14715
14818
14825
14337
14337
15067
16382
16382
15270
14582
14614
14775
16382
16382
14759
14337
14337
15541
15554
14789
15772
14337
15662
14337
15633
15748
15480
16382
16382
15706
15678
16382
16038
14337
16382
14897
14661
14565
15445
14337
14337
15993
16382
16382
14337
15162
15305
16163
16382
15237
16382
14337
14360
16253
14407
15859
14337
14337
14619
14689
14337
16382
14337
16382
14337
16382
16382
16382
14551
15572
14758
14337
15234
16382
16382
15247
16382
14337
16020
15328
15483
16052
14694
16382
14337
15560
14337
14587
16382
14337
14337
15980
16355
16382
14337
14519
16382
16382
15615
16008
14337
15940
15245
16382
16382
16382
14839
14976
14337
16382
16382
14462
15366
15634
15807
15295
16382
16382
14337
16362
16382
16231
14337
15439
14337
15960
15497
14982
14737
16382
15526
14337
14337
14546
15506
16382
14969
14337
16382
16382
14337
15420
16061
16346
14337
14337
16191
15200
14337
14337
15987
14337
14445
16382
14834
16382
16382
16382
15166
14354
14337
16382
16048
14337
16382
14337
14337
16080
16382
15654
14337
14337
14792
15766
15004
15145
16382
14527
15942
16241
16382
16333
15773
14337
14337
15917
14337
16382
14806
14630
15542
15738
15518
15921
15118
16382
15486
16226
16002
16032
16382
16382
14971
14933
15762
16141
15296
14337
15416
15872
16382
14337
15841
14731
16382
14357
15351
15590
15633
15551
15483
15415
14337
15207
14337
14337
14337
14406
16279
14337
16382
14337
14337
14337
15168
15250
14337
14766
14824
16382
16382
14337
14907
16269
16382
14337
15903
15563
16382
15793
14337
14930
16382
14337
14930
14337
14744
16382
15294
14407
16382
15191
15080
16382
15288
14542
14337
15696
15891
14337
16382
14337
14497
16382
15927
15516
14337
15568
15818
16382
15228
14915
14337
15313
16382
14337
15826
16337
14337
15256
14494
15340
16382
16382
15634
16278
15122
16239
15471
14337
15441
16382
16382
14337
14992
15238
15386
14337
14401
14337
16382
15771
14337
14953
15099
16382
14337
15954
15940
16382
15713
15144
16382
15766
16382
14337
14512
15656
16230
16382
14650
15318
14337
16165
14337
14337
14508
16382
14337
16382
14387
15582
7349
9892
8971
15358
6630
9762
12472
14858
18567
18665
19358
18433
18753
18433
20296
18433
18433
20478
19261
19645
18433
20322
20478
20478
20478
20478
20478
20478
20478
18433
19076
18779
19195
19935
20478
19942
19735
18433
18433
18523
19672
18433
19155
19733
20091
18595
18448
18433
18433
18433
19799
18654
18815
19650
19412
18433
20478
20366
20478
19734
20478
18811
18975
19675
19585
18433
19864
19222
18528
19358
20306
18433
18433
20478
20478
19130
19555
20478
18831
18462
18642
18433
18897
18433
18784
20478
20478
19632
20478
18433
20432
18433
20178
18627
19244
19310
18433
18840
18433
18772
19661
20353
20478
18433
20290
18672
18433
18903
20478
20253
20478
18433
19384
19066
19862
19809
18978
20145
19516
18433
18433
18642
19456
18433
18938
19186
18433
18433
19179
19345
19609
18433
20478
18433
20478
19062
18433
18433
19758
18433
18433
20478
18433
19397
18993
20398
19266
19144
19725
20478
20478
19544
20478
19986
18433
18433
19066
18433
19196
20478
18433
19503
19183
20478
20478
18433
20232
19847
20072
19515
19258
18434
18433
18514
19085
19143
19742
19601
18978
20478
19767
20403
19466
20478
20478
18433
18433
20039
20478
19654
18886
19653
20478
20298
19262
18433
19288
20171
20478
18433
19329
18970
18500
19490
20183
18433
18720
18770
19842
18564
18495
18433
19083
19787
19307
18433
19451
20478
19127
20478
18739
20478
19487
19092
20257
18936
18440
19033
20392
18433
18621
20011
20427
20359
19474
19872
18433
20043
20411
20478
18433
19219
20478
20178
19372
20469
20478
20159
19643
20359
18433
20478
18433
18834
18646
19631
19678
20478
19326
19350
18433
18433
19324
18433
18433
20066
19667
19409
20478
18931
20478
20427
18433
18433
18433
20478
20478
19543
19694
20145
19792
19031
18433
19828
20478
20478
18433
20478
20478
18710
19360
19443
19728
19395
19683
20478
19645
18931
18433
20478
18433
19621
18433
18433
19733
18433
19271
20478
19217
19579
19944
19001
19399
18433
20101
20401
20478
19750
19170
19679
18433
19887
20478
18983
19931
19517
19480
18654
19866
19022
20478
20010
20384
20478
20177
18433
20478
20478
18433
19222
20478
19890
18633
20231
18433
19993
18546
20149
18433
18433
18796
20311
19058
20269
20478
20478
20190
18433
18433
18433
20478
19937
18659
19991
18433
20478
19937
20254
20457
18433
20478
18956
20433
18881
19677
20478
20478
19297
18433
20478
20478
19355
20276
19226
20016
18927
19471
20472
20478
19842
19830
20407
19882
19145
18786
20478
20478
19624
18994
19895
18433
20478
19027
19347
19759
19740
19594
20191
20478
19404
19855
19478
18433
19005
19574
18433
19908
18973
20478
19845
19569
19735
18433
19030
19154
18433
20386
18433
18433
20478
18433
20478
20478
19141
18433
20097
20478
18433
18541
18499
19748
18433
19716
19931
19421
20478
20478
18433
18433
18738
19074
19463
19706
18466
20478
20478
19743
19850
19339
19672
20155
20478
20478
19660
18433
19858
20478
20478
20251
19059
20478
20478
18433
20478
19086
20405
20435
19375
20413
18433
18433
20478
20478
20478
19709
19527
20478
18433
18920
20478
18434
20478
18433
18433
18433
19271
18433
19014
18433
20478
20478
20478
20478
18836
18433
20478
19973
19049
18433
20478
18433
18565
19515
18780
18433
18433
20478
18433
18433
20478
19460
19417
19146
19463
19149
20478
20056
20345
20478
19408
20115
20478
20478
18433
18991
19875
19259
19223
19060
18853
20478
19441
20478
19016
20446
18577
18433
18949
20478
20478
20201
19088
20478
19138
19431
20415
20478
18806
19415
19207
18433
19256
18433
20478
19336
18433
19832
18433
20478
19075
20478
18453
20478
19421
18433
18480
20478
18931
19058
19864
18626
20478
19369
19293
18433
18433
19763
20478
18433
18670
19815
20478
19065
18433
18866
20478
18786
18745
19802
19332
20478
20478
19117
19358
20478
20478
19580
18679
19331
19366
18874
20478
19001
18433
19414
20478
19929
18433
19842
20478
18433
19016
18433
18838
18980
19820
19578
18433
18433
20342
18759
20478
18433
18433
20478
19740
19484
20478
20478
20478
18443
20214
18610
20478
18433
18917
18433
20478
18433
19440
18433
19980
18433
18433
18864
19903
19592
20201
19953
20478
19827
20478
18433
20079
20478
18573
18433
20350
20477
18533
20478
20478
19739
20327
18668
18967
18433
20478
20478
20478
20478
20478
18433
18433
19964
19178
20478
19069
19599
19973
18721
20478
18815
20364
20341
18433
19409
19659
20478
18750
20478
20235
19728
19499
18433
20385
19277
18661
18831
20478
18870
20478
20478
20398
18433
18480
19459
19136
19702
18433
20478
18433
19679
20478
20403
18822
18433
18433
20478
20478
18433
18433
20478
18433
19375
18433
18433
18433
20478
20478
18433
18865
20338
19819
19257
20478
18433
19363
20478
18433
19404
20478
20223
19883
20262
20478
20478
20385
20478
18433
19117
19593
19562
18433
18433
20292
18433
19733
18458
18919
20171
18433
18433
19496
19518
18443
20478
19702
20478
18506
18919
19750
18433
19889
20359
18433
18433
19307
18433
20478
18433
20360
20125
18433
19774
19936
18433
19255
19145
20478
20186
19970
18433
19475
20420
18433
19282
18641
20435
20478
18815
20478
20478
19165
18730
19140
20478
19275
19058
18542
20306
18956
18433
18433
18433
20136
20478
18433
20478
18433
19494
19919
18433
19688
20171
19694
20478
19043
18433
19443
19462
18433
18927
18433
19660
19488
19264
19095
20293
19730
19680
18433
19721
19172
20478
18833
20022
20194
19020
19062
18433
18433
18433
20478
20372
20478
20478
18433
19338
18635
19632
18595
20478
18433
18967
20478
19245
20230
18777
19201
19165
20478
20478
20478
20478
19754
20478
19673
20478
18433
20022
19117
20478
20478
20478
18433
19576
20070
19079
20296
20478
19226
20478
20478
20478
20478
20478
18470
18433
20470
19450
20478
18433
19772
19819
18433
19522
19384
19074
18433
19023
18724
19524
19607
18433
18433
19308
20427
20478
18433
20478
18433
19462
20011
18433
20131
18433
18794
19154
19583
20478
20478
18998
19993
20400
20478
18433
18604
20250
18433
19465
18433
18433
20037
18433
19771
19316
18699
18819
20478
18433
18433
18495
19990
18783
20478
18433
19619
19583
18433
20478
18433
20074
20478
20478
20478
19201
20057
18433
20478
18433
20301
18433
18433
18512
20420
18433
20478
18726
20478
20478
20478
20478
19122
18433
18799
19563
18433
19588
20478
20009
19145
18884
20015
18433
20478
18433
20478
19723
18433
20478
18433
19107
20478
18790
18636
18770
18433
20002
20368
20478
19467
20478
19228
20478
18433
18977
18919
19655
20478
19110
20135
20478
18440
20377
20478
19345
19108
20478
20405
18433
18925
18433
19908
20369
18433
18733
20186
18433
20478
18712
19945
19274
20478
18998
20076
18988
20478
18745
20478
20478
19992
20094
18823
18703
18433
18433
20478
18671
19285
18433
19221
20478
19410
18533
20478
19361
19641
18433
19525
20169
19146
20478
18433
19881
18988
19942
19755
20043
20138
18433
18433
20478
20130
20478
19702
19052
19424
20478
19251
20478
20478
20478
20044
20222
20478
19470
18433
18433
20035
20478
19156
19124
18930
20375
18433
20478
18717
20357
20051
20478
19988
20377
19740
19503
20315
20325
18852
18588
18433
20478
19037
19980
18478
18809
20478
20478
20478
19691
19021
18584
18433
20171
18433
20478
20245
18433
19598
20478
20296
19810
20302
18644
18878
20478
19509
20478
18433
20478
18899
19833
20240
20478
19961
18612
20478
18433
20478
18704
20478
19388
20478
19873
18433
19249
20478
19416
126
391
518
374
780
118
110
508
861
990
1021
976
2013
962
1444
1529
1
1
1678
1273
1375
134
524
2046
2046
1
1
1
612
1
828
1777
1783
1414
1
1
2046
871
2046
1663
2046
1
1
859
1091
86
1274
1844
2046
2046
1056
2046
1878
1
1
689
221
804
1
1
1
1835
889
192
1065
165
607
986
293
1475
632
442
2046
2046
2046
1
1002
317
1
513
2046
1175
1
1515
1772
1
1
1
1617
1191
1280
1225
1865
2046
2046
1225
1442
1
2046
1352
1067
1863
594
2046
1
262
1652
1
2046
2046
2046
290
751
583
1005
88
1
795
1316
2046
1
1311
1
2046
1
1525
1
400
1892
1784
845
338
286
226
732
1242
2046
2046
130
1
301
1
2046
407
2046
2046
358
1962
2046
1
2046
2046
236
453
1
485
2046
2046
415
2046
262
1
2030
1
2046
50
1114
390
1
1059
2046
1
2046
1307
1223
1093
688
595
2046
1337
1
2046
1
409
1
1167
1238
1
1727
2046
1
1
1257
430
357
1
491
349
2046
1
1179
578
1430
1076
999
432
153
1
948
364
640
859
1
264
1373
1
2046
1200
1007
1675
1854
1
858
1566
994
444
978
2046
1
1068
2046
2046
151
1514
2046
1
1644
1
1643
1039
1783
486
2046
2046
1
2046
2046
1
1
589
1
2046
2046
2046
2046
1
1942
2046
2046
1
470
842
1021
2046
336
549
2046
2046
1132
380
866
1148
899
1906
1725
699
1
1
1
1
1941
1600
1
1108
1
1257
1921
1134
2046
2046
2046
1
4
2046
152
1
1046
1302
2040
448
208
1160
2046
813
432
624
1205
1781
1
712
2046
1531
1502
2046
1730
2046
1
2046
1
2046
1887
1
74
2046
1031
1
887
2046
1549
1
2046
1820
1
1527
2046
2046
1752
1693
1300
1552
2046
712
1229
2046
2034
461
1383
1365
1666
1622
2046
1070
207
1862
1
976
1334
1966
558
1543
1701
2046
1826
1073
486
2022
1
1055
2046
1632
717
2046
536
2046
1
980
793
2046
357
557
2046
1352
1094
1468
1421
2002
1501
1618
835
1130
387
1
115
1211
1727
40
1152
2046
1378
1
1102
2046
1622
1
2046
616
999
884
975
1
549
1
1
754
658
1
1567
1
572
156
1242
1136
1376
291
1562
1465
1487
293
2046
1470
2046
1
1
730
2046
1378
702
2046
321
2046
1
1
57
2046
1
1658
631
522
1
2046
1
1
1
211
2046
788
322
1
1
1758
308
274
1484
217
293
356
865
558
1276
523
1311
738
1
1725
464
450
2046
961
182
1
2046
282
103
492
1
272
1056
1
1
599
881
890
2046
1
2046
1336
608
1972
1338
1275
2046
1
2046
1214
1883
1848
1636
361
1852
909
407
290
1
2046
2046
1713
2046
1205
1715
1415
316
2046
1918
1798
1161
62
2046
934
2046
1626
2046
1
2046
815
1
1
2046
333
1470
147
1633
1885
2022
1009
1588
2046
489
1449
1187
2046
790
631
420
911
2046
2046
1
1699
2046
865
383
217
2046
1354
2046
2046
1995
2046
2046
1
1768
1793
1
652
1410
48
1
2046
1627
1
2046
2046
2046
733
643
1
1370
1
1
1
1
1461
628
1610
1753
2046
1
1085
247
720
1235
1
851
1336
1588
1096
2046
659
2046
1722
1926
1
2046
2046
1
2046
1
453
2046
1660
71
223
2046
1
2046
1180
357
1
885
1071
1
1617
2046
1
434
281
1
366
1
1448
926
2046
1
2046
2046
873
1
456
1575
1
591
2046
953
509
846
2046
1468
2046
2046
845
79
1
1804
1919
931
1560
1
1
551
320
1
1
106
722
2046
535
1521
348
1
1382
567
787
938
766
1
71
39
1
690
1
1
1
2046
1645
1545
793
1030
1923
558
1
1
1
2046
2046
1171
611
890
2019
1386
1867
1
739
350
1
733
1676
1
1
2046
1282
2046
2046
251
459
2046
1918
2046
1360
2046
421
573
616
1
1167
564
1199
6
2046
248
661
458
70
1941
1667
1124
587
2046
387
644
2046
2046
1689
2046
627
875
1119
1
433
303
1
2046
1
378
1142
1
1665
2046
658
1
1
108
1067
2046
1101
1193
1618
448
1097
1
1
993
2046
706
1
1534
2046
815
293
784
1
1041
960
1163
1
1627
2046
375
998
1
2046
1652
1428
1762
1
2046
830
727
2046
1417
1
1
1
2046
1
1280
146
963
2046
1
1
2046
1
1443
2046
207
1
1209
2046
1253
1785
1042
2046
945
1972
128
1081
857
1
1049
1790
1
1
1823
967
836
1699
1701
314
572
769
542
949
167
2046
1151
2046
1441
6251
2556
5500
1946
5742
1341
864
5502
4053
6145
7580
7296
8190
7945
7793
6295
8190
7122
8190
6145
6212
6145
7939
7709
8061
8190
7701
6553
8190
7146
7737
7184
8190
6468
7618
7708
8190
7788
7079
6461
8190
6145
6462
6145
7894
8190
6145
6145
8059
6145
7284
8190
7791
7277
6624
7787
6145
7515
6145
8190
6296
8190
6145
6794
8190
6270
8190
6887
7505
6145
7711
8190
8137
7678
8190
7671
6802
6640
6145
7979
7083
8190
6222
8190
6747
6673
7346
8190
6145
6145
7903
7241
6145
7088
6887
7613
8190
8190
6406
8190
7040
7364
8190
6162
8190
7942
8190
6145
6700
7375
8190
6145
6700
6145
6369
6359
7320
8190
6145
6483
6145
8190
6145
8094
6145
6145
8190
8190
7789
7687
6145
6449
6567
7717
8190
6790
6688
8190
8190
7554
8190
6145
6790
6145
6145
7740
6145
6904
6773
8190
6586
6533
6145
8190
6145
8190
6585
6451
8190
8190
6857
7704
8190
7233
8190
6803
7527
8190
7647
6145
6610
6786
8190
6550
7993
8190
7544
6712
7776
6172
6145
7823
7321
7041
8190
6697
6145
6145
8190
8190
6823
6145
7177
6145
7755
8190
6145
8190
7002
6467
6837
6708
6145
7450
6145
6145
8019
6145
8190
6145
6586
6544
8190
6339
7556
7745
7484
8190
7729
8190
8190
7283
6534
6416
8095
7312
8190
6437
6351
7741
6839
7305
8190
6988
8066
8190
6907
7368
6313
7842
6145
7580
7439
8190
6922
7771
6145
8190
6195
8190
8190
8190
6551
7557
6910
8190
6145
6145
8190
8190
6145
7355
7348
8190
6145
6145
6145
8190
8190
6145
7898
6145
8190
6145
8190
6145
6145
6823
6505
6145
6555
6145
7532
8190
6354
8190
8190
7822
6145
6145
7055
6916
7956
7931
7183
7847
6793
6606
6145
6253
8190
6808
7264
7198
7628
8190
7386
7349
6703
6282
6450
7421
6145
6437
7740
6145
6843
7470
7428
6439
7153
7591
7942
7549
6145
6510
7766
8190
6145
6145
8042
8190
7722
7162
6145
6145
7666
6145
8017
6145
6830
6145
8190
6287
6145
8190
7529
7724
7418
8190
8098
6145
8190
8190
8056
6640
6145
8190
7285
8154
8190
7334
6145
7730
6338
7850
8190
7831
7410
7600
6145
7864
6145
6630
6145
6145
8190
8190
7644
8190
8095
8190
7732
6145
6599
6219
8190
7579
6145
6918
7674
6145
8190
6384
6419
6145
6790
6145
6145
6145
7397
6145
6145
7452
8190
6334
6929
6267
6982
7146
6289
8190
7277
6556
8190
7463
7118
6931
8190
8190
6145
8190
8190
6145
6525
7208
6894
8190
6145
7106
8190
8190
7118
7915
7446
8077
8190
8190
7698
6145
6424
7389
7723
6521
8190
7839
6145
7753
7273
8172
7455
7335
6610
6727
7623
6532
8190
7303
6145
7052
7831
6631
8173
6274
6145
6922
7004
6145
6145
7257
7368
8190
8190
8190
7741
7341
7026
6145
7573
6410
7704
7311
6145
7065
8165
8190
6145
7274
7047
6145
7358
7584
8190
6145
8190
6145
8190
6205
8190
7650
7490
7162
7299
8190
6145
6574
7189
6513
6752
6145
8190
8015
6145
6145
6145
7557
7067
6145
6726
8190
7054
7583
8004
7258
7228
7350
7365
6145
8158
8146
6145
6145
8190
6145
8190
8014
8190
7310
6145
6145
7286
7681
7134
7170
6145
6893
6145
8190
6723
8190
6736
6145
6486
7016
6897
6145
8190
8084
8190
8181
8190
7010
7641
7631
8190
8190
8190
6145
6237
8190
7128
7481
8190
7370
8190
7212
7076
7034
7590
7143
6263
7009
7677
7439
6393
6145
7188
6544
8190
6825
8190
7604
6631
6557
7231
7091
8190
7880
7805
6145
6145
6145
8190
6145
6145
7280
8190
8177
6145
6158
7983
6145
6611
6145
8190
8190
8190
6145
6889
8190
8190
7418
6410
7021
6257
6145
7678
6145
7952
8190
6332
6237
6186
6740
6996
7503
8190
8190
7140
6953
6145
6145
7380
6490
8078
6971
6488
6617
7353
6995
6145
8067
7060
8190
6145
6635
7030
7343
7229
8190
8190
7616
7035
8181
7584
6145
6870
6578
8190
7330
7673
6930
6822
8169
6816
7696
8140
7034
6145
7146
6647
6549
8190
6161
6386
6934
8038
6954
8190
8190
6467
8190
6145
7513
8018
8190
8075
7866
6903
7476
7666
8132
7337
7392
7948
6764
8190
6700
6735
6145
8190
7264
7941
6145
8190
7375
7135
7073
8190
8190
6145
7249
6594
7627
7467
8190
8190
8190
6145
8190
6145
8190
7161
6819
7660
8190
7217
8190
6370
6145
6178
7841
7826
8190
7932
7906
8190
6225
7333
6145
8190
6145
8190
6145
6809
6586
6970
7325
6782
7663
8155
7121
6145
7939
6145
6145
8190
7518
6311
7850
6145
6708
7717
6230
8128
7163
6247
8146
8190
6813
7196
8190
6715
8024
7412
8024
6145
7954
6904
7423
6278
8190
7631
6145
8190
6145
7103
6145
7129
8190
6739
6922
6758
7219
6145
6843
8190
7540
6469
7068
8190
6145
7086
6963
7797
6609
6226
8190
8190
6367
7804
7577
8190
8190
8190
8190
7470
6145
7570
8190
7258
8190
6145
7880
8190
6624
6145
6153
8012
7050
8190
7386
6280
6145
6686
7613
8190
6145
6615
7610
7759
6685
6145
6145
6145
8190
7604
7749
6639
8190
7628
6885
6442
6145
6470
7044
6797
6145
6956
6145
6731
7046
7347
8190
6800
8101
8190
7274
7859
6906
6648
8190
7963
8190
7695
8190
7946
7389
7603
7810
6145
8190
7029
6798
6145
7420
6706
6711
6671
6835
6145
6145
8078
6145
6392
6327
6804
7849
8190
8190
7524
8190
6741
8190
6163
7072
8190
6676
6262
6439
6304
6913
8190
6684
6145
7047
7816
7842
6145
6669
6145
6361
8190
7171
6145
6997
6733
8190
8190
6682
6145
7402
6751
6145
6145
7482
8190
6145
7892
8190
6145
7692
8190
6145
6746
6624
7308
6571
8190
7948
6145
6656
8190
8190
8190
6155
6145
7866
6912
6145
6254
7390
6875
7695
6600
8190
8190
6145
6393
6497
8190
8190
7177
6145
7316
6790
6145
7718
7061
8190
7100
8190
6145
8190
8190
6145
8190
8190
7752
6662
7873
6931
7506
7992
7472
8190
7450
7517
8190
6145
6145
8145
7885
6145
7668
7524
6898
8190
6240
6145
8190
6901
6145
6145
6145
7232
7233
7646
6984
8190
8190
8190
8190
8190
6154
6437
7004
6145
7553
6439
7235
6145
7395
6145
6457
8190
6145
6637
6145
7043
8190
8190
6145
7548
7995
6756
7001
6145
6393
6743
8190
6642
6145
6998
6806
7665
6145
7130
8190
8190
6203
7822
6663
7434
7816
7232
6555
8190
6508
6713
7836
8190
7003
7483
8190
6166
8190
6145
6145
7488
8190
8190
6689
7867
8190
7497
8190
7604
6519
6145
6192
8190
7432
6200
8190
7167
8190
6342
6145
8190
6386
7489
6667
8064
6590
8004
7638
6713
8190
6668
8190
7125
6871
6863
7294
6145
8121
6676
6671
6681
8078
8190
8190
6145
6799
8190
6258
6524
6493
8190
6145
8190
8190
6917
6583
8190
7360
6604
6158
7051
6630
8111
8190
8190
6168
6932
7306
7113
6555
6468
7184
7080
6145
7068
6145
8026
6145
7693
6810
8087
6835
8190
8190
6145
7487
6145
7585
6145
8190
8190
6406
6478
6145
8190
6461
8065
8190
6302
6674
7125
6145
6145
6605
8190
6145
7145
8190
6145
7646
8190
8190
6145
6145
6145
8190
7810
8168
7799
8190
7929
6145
6255
7025
8190
6375
7186
6145
8190
7660
8008
6145
6260
7741
8190
8190
8190
6427
6145
7366
8190
7425
8190
8190
6145
6256
8190
7081
6145
6440
7204
6145
6145
6145
6145
6680
8190
8190
6145
6145
6145
6769
6550
6416
6180
6145
8190
8190
6145
6145
6145
6145
6145
6145
8104
7538
7683
7226
6604
6874
6145
8190
6145
8190
7077
6656
6145
6409
6767
6268
7080
6627
6145
6145
7774
8190
7652
6145
8190
8190
7545
6145
8190
7344
6145
7385
8190
6145
6145
7218
6145
7935
8190
6145
6145
7661
6471
6145
6145
7512
8085
8172
6985
7748
6355
8190
6814
4106
9151
9048
8627
3940
2341
7123
10770
4965
544
2822
8398
8370
10714
11429
12286
12286
12286
10328
11327
12286
10241
10241
10241
10241
12286
12286
11205
12286
12286
11196
12161
10889
10241
10241
11869
12286
12286
12286
12286
10241
11970
11455
10640
10865
12286
10241
11647
10241
10500
12286
11483
11461
12286
10241
11410
10241
11023
12286
11465
10685
12286
10241
12286
10557
10241
11433
10241
11034
11483
10241
10241
11937
11568
10241
12286
12286
11256
10275
12286
11608
10241
11514
11564
12245
11306
11946
10338
10978
10823
10569
12195
12286
12286
10241
10241
10548
11845
11618
12286
10292
11082
11685
10856
12286
12286
10241
12286
11248
10241
10825
11651
10241
12286
10241
10241
11341
11199
11804
12286
10241
10521
12247
10241
10241
10671
12107
12286
12286
10982
10780
12286
10659
12286
11332
10241
11365
12286
12016
10241
12286
11172
11726
10967
11261
11440
10241
12245
10909
11660
12191
10519
11413
10695
12286
12286
10241
10241
10524
10241
11903
11526
11403
11769
12286
10389
12286
11735
10241
12286
12286
11306
10241
10304
10241
12286
11703
12286
11595
12286
11625
12286
10628
12123
11017
12286
11558
12286
11062
12286
12006
12217
10914
10241
11158
11160
10241
10241
10773
10241
12286
10972
10241
10784
11599
10241
12286
12164
12286
11093
10506
12286
10629
10241
10612
10988
12199
10645
10241
11853
11574
10503
11420
12286
11498
11695
12286
10241
11424
12286
10241
12286
11105
10241
10673
12286
10864
10444
12164
11790
12286
11014
11125
12286
10241
10241
11515
11163
12286
11113
11835
12068
11411
12286
11923
10777
11259
10698
10958
10866
10363
11456
12286
10241
10453
10241
10319
10561
10241
11845
10876
11532
12035
10727
10629
11909
10241
11764
11129
10747
10241
11868
10835
10672
10241
10243
10335
10241
11508
10241
12286
10241
10652
12223
10798
12286
10241
10241
12286
10241
10241
12286
10261
10588
10241
10241
12175
11717
11462
12101
10241
10241
10241
11397
12286
12255
11542
10241
11332
11502
11616
10417
12286
10241
10241
10880
10241
12286
11281
11284
12286
10241
10241
11245
11503
10891
10241
10241
11274
11560
10786
12286
10241
11467
10637
10241
12286
10806
12286
10617
11438
10713
12286
10248
12286
11002
11329
11555
11341
12286
11921
10891
11120
10398
12125
11140
10425
12286
11519
12286
11094
12286
10665
10241
12286
11861
11805
11263
10648
10760
11011
11601
10496
12286
10241
10241
12286
10242
11970
10241
11607
10241
10495
12286
10492
10553
10241
12286
11507
12009
10642
11004
11325
11833
10241
11603
10241
12286
11625
11847
12286
12286
12286
10624
12040
11478
11080
11103
10241
11981
10241
11338
10824
10241
10994
12286
12286
11013
12285
12286
11174
12252
11031
12073
10871
10382
10771
10241
12062
12026
11211
10921
11584
10241
10241
10241
12286
10241
10241
10241
12286
12286
11867
10995
12286
10241
11186
11245
10241
11636
12286
11345
10241
11466
11877
10241
10924
10241
12286
12258
11892
10742
11175
12286
11703
12286
12286
10241
11476
12286
11795
10644
11023
10241
11773
12286
10241
12286
12286
10241
11901
10241
10872
11040
10241
10241
11634
10613
11835
12286
11997
11021
11479
11480
11897
12242
11348
12286
10317
11693
12128
11332
12286
11875
11534
11004
10838
10477
12286
10979
10290
12286
12286
11566
12286
11246
11444
11594
10241
11091
12286
12286
11736
10241
10490
11108
12286
10701
10826
10241
10592
10260
10892
12188
12286
12286
10241
12286
11218
12286
10241
12286
11325
10241
10241
11738
11981
12286
10280
11743
10721
11800
11117
10241
11306
12069
12286
12286
10854
10540
10241
11988
12286
10359
10241
10862
10647
12286
12286
12286
12286
10812
10700
10324
10417
12286
12286
11667
12286
10241
11279
10241
12286
12286
11805
12232
11679
11407
11347
11087
10745
12286
10241
11014
12286
11913
11951
11110
11541
12286
12103
12286
12131
10908
10241
11351
11011
11473
11623
11832
10754
11168
10268
10241
11819
10317
10241
11414
12098
12220
11323
11169
11494
10241
12286
12163
11959
10241
10241
12060
10241
12286
11940
12167
12286
12286
11141
10241
10241
12286
10241
12286
10241
10241
10241
11599
11285
10241
12286
11175
12286
12286
11741
11228
10241
10241
11513
10336
10530
11826
10241
10241
12139
12286
11803
12286
12009
10956
10690
10241
11726
11234
10878
12286
12286
12286
12286
11580
10241
10848
12286
11401
12115
11902
11867
12286
11066
11525
10241
11267
10367
10241
10241
12286
11934
12286
12286
12286
12286
11987
12286
12286
10241
11404
11755
11065
12286
11039
11538
11383
10241
10241
12281
10241
10241
10594
11341
11726
11246
10665
10241
10241
12286
12286
10241
11492
10631
11969
11185
12286
10607
10397
12286
12286
12137
10303
10596
10531
10241
12286
10241
10241
10827
12286
11527
11502
10390
10241
10241
12286
10241
10570
12231
10241
10241
12286
11220
10695
10241
12286
11945
11342
10241
11699
10980
10241
12286
10241
12286
11224
10749
10803
10241
11402
10734
11714
10243
10241
10241
10241
10241
12286
10241
10241
12286
10241
10241
11082
12286
11771
10241
11704
12286
11233
10768
11101
10241
12286
10241
12286
12286
10241
10241
11581
10241
10805
10241
12098
10525
10313
11529
10299
6155
725
1570
10491
8566
3802
6890
14337
15183
14337
14337
15132
14366
14829
15747
15806
14337
15823
15364
14633
15050
15907
16382
15347
16192
16382
15763
15401
15607
14420
16382
14879
14337
16382
14337
14337
14337
16378
16382
14655
16382
16382
15509
15642
14937
16382
14337
14337
14836
15865
16382
14337
16382
14664
16382
16382
14610
15652
14337
15218
14337
14337
16382
16031
15559
15633
16382
15675
15161
15602
15932
16382
14431
16382
15711
15670
15436
14337
15056
14337
15846
16083
16382
16382
14506
14337
15654
16382
15998
14746
16382
16382
15431
14337
14337
14337
16095
14541
16270
16382
14460
15782
14337
15085
16382
14337
16382
14604
14888
14985
14337
14551
16382
15246
14391
14337
15099
15890
16382
14974
14337
14701
15200
16382
14337
15155
15024
15474
14374
16305
14873
14337
14337
14337
15056
15283
16078
16382
14685
14337
15339
16060
14337
15078
16276
14337
16060
14337
14469
14337
14337
14763
14337
14614
14337
15175
15073
15152
16382
14754
16339
16382
14725
16382
15799
16382
14884
16382
14337
14751
14337
14337
15991
15534
15371
16181
15953
15263
14337
14337
14987
16382
14434
16382
14337
15991
16382
15923
15822
16382
15729
16382
15161
16224
14337
14847
15390
16370
15952
16382
16382
14359
16382
14337
15351
15140
15804
15539
16382
14337
14337
16382
14878
16258
15329
16382
15286
14337
14557
14612
16382
15801
15108
14337
14582
14598
14646
15331
14908
16382
14968
16303
15906
16382
14337
15034
16382
15336
15270
15340
14337
16382
14337
15070
16382
14393
16382
14767
14445
15282
15462
14337
14337
15873
15219
16382
15164
15428
16044
14337
16382
16382
16382
16014
14503
14551
14337
16382
16081
14642
14337
14337
16382
15846
14572
15363
14337
15607
14337
14389
15639
14337
14337
14536
14913
14337
15443
15149
14949
14531
15177
14634
14337
16234
15984
14519
14337
15898
15790
14337
15930
15876
15520
14337
14337
14337
16382
16382
14337
14337
15797
14407
16382
14337
14765
15568
14337
14337
14588
15160
16382
14337
16382
16382
14337
14709
15954
16110
14764
15087
15574
15801
16382
16382
16382
15957
16092
16382
15057
16252
14504
15707
14337
15536
15041
14337
14337
16322
14775
15832
14809
14666
16382
16382
16382
14337
15855
16382
16382
14626
14337
16382
15475
16382
15080
14337
14958
15256
16217
16382
15855
15369
15785
16382
16382
16372
16243
15886
16044
14337
14337
15302
15379
16382
14569
14738
14337
15877
16382
15899
14337
15464
16382
16228
15133
14337
14956
15148
14337
16382
14337
15324
15763
16351
15915
14675
15962
14926
15119
14337
14337
16382
15287
16382
16382
14337
15201
15760
14337
15977
16382
15922
16238
15205
16382
14924
15917
16382
15944
15641
14446
14337
14337
16139
14793
16022
14337
14879
14337
14337
16382
14337
16382
16382
16382
16224
15123
15908
15789
16053
14337
15258
14691
16382
16209
16382
14410
16148
16382
14922
14337
15078
14337
15262
15955
15106
14631
16000
15871
14337
14337
14386
14337
15696
15887
14337
14688
15271
14572
14777
14963
14937
15724
16382
15022
16382
14337
15914
15918
15527
14577
14387
16382
14337
16179
14760
15068
15436
15334
14337
16382
14337
16382
16382
15875
15253
16382
16324
14394
15888
14593
16382
14337
15783
16376
15989
15466
16382
15493
14337
16382
15914
15241
16115
15292
15886
16382
15648
15634
14776
14337
15150
14513
15066
15257
14337
16368
16382
14337
16382
14710
15419
16262
16382
14337
14471
16382
15936
14337
15610
14337
15399
16382
14641
14499
16343
16382
15252
14337
14337
16382
14337
16237
15323
14337
14337
16382
15470
16140
16382
16382
16382
14337
16375
16130
16382
16382
14423
14821
14337
15577
14337
15153
15074
14337
14692
15529
14337
15198
14337
15258
14360
14337
16382
15553
14337
14337
14872
15954
14337
16382
14693
15890
14337
14337
15388
14509
14337
14337
16382
14882
15425
14938
14339
16382
14780
16382
16119
16382
16382
14337
14337
14337
14337
14337
15044
14337
16382
16060
16382
14912
15122
14337
14337
15203
16382
16382
14706
16382
14337
14897
16382
15570
14337
16369
14337
14337
14541
16382
16382
14337
14337
14351
16382
14337
16123
15767
15622
14811
14988
16368
16382
15819
14337
16382
16278
15802
16038
14337
16382
15505
16382
15448
14650
14337
14337
16382
16037
14337
14337
16382
15568
14337
14986
14337
14337
14741
16045
16382
15712
14718
15982
15840
15800
14337
14337
15419
15756
15989
16382
14674
15279
15166
16382
16150
14337
14788
16382
16382
16173
16073
15838
16382
16382
15629
14802
14337
16382
16071
14630
16382
16382
15224
14337
14337
16382
16382
15720
15403
14457
15081
16382
14337
15914
16382
15870
16382
14495
14337
15707
16021
16382
16382
15587
16382
14337
16024
16382
15218
15438
16382
14716
16382
16382
16382
14337
15142
14337
15553
16382
14337
16382
14337
16382
14705
15537
16141
16298
14337
15174
16382
15519
16382
14778
14981
14608
16382
16382
16382
14337
16109
16382
14941
15502
16179
15233
16382
15311
14337
15532
14337
14337
16382
14337
15358
14964
16382
15137
14947
14337
14337
16382
15919
15039
15743
15240
14337
16382
14974
15086
15471
15221
16382
14337
16382
15159
14764
14337
15157
16008
15454
14337
15359
14487
16056
15323
14337
16382
14337
14337
14337
14337
16382
15395
15269
14337
14590
15758
16353
15469
15176
15385
14337
14469
14598
15931
16382
15187
14441
14337
16382
14685
15494
16382
14497
16382
14943
15977
14984
14337
15182
16382
15964
15746
15760
15764
14337
14337
15736
14677
14337
14512
14337
15888
16382
14337
15666
16382
16382
16236
14651
14337
15817
15638
14923
16382
14958
15977
14337
14432
14337
16382
15039
14337
15836
14337
16382
14337
16382
16382
14337
15820
16181
16382
15921
14337
14337
14573
14337
16382
15546
14337
16382
14996
15536
15323
16382
16382
14337
16226
16382
16015
14337
14772
14657
16382
16382
14904
14337
15723
14759
14337
14585
15347
16382
16382
14337
15306
15238
15177
14953
15478
15386
14573
15151
16382
16147
15485
15122
16064
14522
14747
15111
15773
14970
15090
15905
16382
14912
14770
14759
15270
16326
15053
14337
14337
14952
14394
16055
16382
16382
15594
14337
16001
14337
15020
15134
14770
16382
16382
16382
16004
14337
16382
14337
16382
16382
14352
16146
14554
15596
15499
15281
16382
16234
16059
14431
15436
15553
14337
15689
14404
15304
16382
14337
14524
15851
15113
16382
15862
14687
14337
15998
16382
15546
15842
14470
14337
14337
15310
14337
14681
14337
16382
14337
15166
14337
15807
16382
16244
15857
15699
16382
14337
16382
16382
14337
14337
15337
14337
14337
14337
15822
16382
15182
16382
15021
14538
14672
14337
14661
14357
15928
16320
14802
16196
15481
14337
15172
14337
15071
15505
14337
15205
14337
16382
14939
16382
14374
15892
14540
16382
15583
14337
14337
16382
16382
16105
16382
15622
14603
14645
14337
15227
14419
16382
16382
14337
16382
15512
14337
14337
16382
14868
16382
15387
16382
16382
16382
16382
15877
16382
14533
16296
16382
14337
14337
14337
14679
15461
16382
16382
16253
14765
14337
14337
15557
14922
15645
15372
15878
14868
16382
16382
15863
16382
14337
15765
14337
16382
16382
16382
15695
15592
15491
16024
15784
14337
16382
15257
14337
16382
16382
16143
14337
14337
16069
15821
14337
14337
14337
15247
15426
15816
14824
15992
16382
15619
15107
14337
16382
14350
14404
15714
14337
16382
14913
15388
15875
14920
16382
14337
16382
14337
16382
14337
15549
14337
14645
16382
16382
14906
16382
15155
15971
15681
16199
14337
15863
16382
15313
16382
14337
16382
15125
16382
14337
15425
15685
15165
16216
16382
15622
15180
15790
14337
15950
14550
14337
16241
16382
15459
16382
14337
15213
16382
15805
14337
16020
16020
14627
14661
14632
14337
14337
15616
14337
16382
14882
15485
14337
15014
14337
16160
16333
16382
14337
14566
14337
16382
14337
14337
16382
16312
14897
14514
14337
14337
16382
16382
15753
14969
15019
14352
14337
16177
15527
14337
16382
14337
16382
16382
15717
15349
15326
14814
14337
16287
14657
15019
14674
14571
15178
15861
16135
14337
16340
15408
14337
14953
15093
16382
16382
14337
15145
15687
14337
15195
14337
14387
14337
15736
15305
16382
15124
14337
14337
15813
15225
14337
15697
15310
16132
16382
15670
14337
14420
16382
16382
16382
15281
14602
16382
14919
16382
16382
14352
14844
15670
14482
14337
14337
14337
14337
16382
16382
15370
16382
16382
14337
14803
14337
15952
15239
16382
14668
14337
14646
16287
16022
15024
15246
14337
15898
16382
16382
15956
14473
16140
14337
8695
12077
10085
11021
2327
9171
3889
4472
458
1506
8547
5063
1893
7380
12289
14334
14334
14334
14334
12289
12971
13193
14334
12289
14334
12289
14279
12355
12289
14334
13795
12289
12336
13025
14334
12289
13727
12841
14089
14026
14334
13581
14334
14228
13082
14259
14045
13316
12439
14334
12289
12289
12685
13390
14075
14334
12547
12289
14334
14054
12289
12289
13962
12918
13996
12670
12612
12959
14040
13107
14334
12289
13499
13975
12927
14248
14334
14220
12289
14334
12289
12289
13274
12634
12289
14334
14334
13881
13915
13569
14334
13082
13685
13946
13648
14062
12289
13728
13888
13772
12289
13066
12764
14334
14106
12875
12289
14251
14073
12782
12289
14334
14334
14334
12867
12289
12289
12289
13485
14133
12289
12845
14334
13263
14111
13639
12632
13989
12944
14334
14323
14148
12419
13530
14334
13091
13194
14332
12289
13924
13973
13934
12289
13211
13550
14334
13619
14334
13858
14334
14334
12367
13267
13471
12994
14334
12296
14334
12289
14254
14334
12289
14334
12851
13201
12289
12289
14334
12289
13173
12289
14334
13369
14334
14334
13606
12289
13087
13881
12918
12955
14334
13441
14334
13448
12289
14334
13990
14334
13810
13925
14222
13617
12289
14334
13807
12289
13858
12289
14334
13824
14334
13138
14334
12289
12289
13144
12653
12289
14334
12712
14334
12289
12452
14334
13094
12644
13061
13360
13347
14334
12289
12959
12525
13226
13423
13631
14065
13915
13984
13549
12289
12289
13526
14334
13584
13049
13165
13286
14334
12289
14334
14334
14309
12999
13148
13367
13083
12644
14334
14334
12289
13893
13833
13309
14334
14024
14334
12289
13803
14334
12387
12774
14334
13751
13452
12289
12636
13898
12776
12822
13851
12289
14334
12289
14334
14334
12763
14334
12289
12379
14334
12693
12289
12289
12289
12289
13422
12344
13192
14334
12570
14175
12289
14334
13514
14334
14334
14153
12289
12353
12289
12289
14334
14334
14127
13175
14334
14334
12800
14334
12289
13601
12550
12289
14334
14334
13530
14334
12830
13885
14334
13196
12757
12580
12842
14292
12289
14334
12777
13345
14212
14334
13232
12289
14334
12621
12289
12289
12289
12759
12289
12289
12289
13417
13404
13912
12289
14334
12289
13247
12808
12586
12289
14334
13912
12289
13928
12289
14334
12289
12370
12461
12679
12289
14153
13135
12291
13898
12289
13012
13717
13798
12704
14334
14334
14078
12289
12289
12289
12289
12289
12582
12861
12341
12865
12475
14334
12297
12289
14334
14334
12289
12289
14209
13283
12373
12456
13554
12758
13871
12475
13987
12289
12289
12526
13842
13849
14183
12289
13050
13445
12609
13027
12289
13669
13020
13937
13178
13010
12289
13957
13381
13697
12488
12363
14334
14334
13810
13160
12799
14334
13376
13146
14334
14334
14334
12289
14334
14334
13520
14334
12941
12420
14334
13973
14334
12745
14297
12289
13961
14260
12289
13096
14219
13741
14334
14334
12289
12289
12802
13846
12388
14051
12289
12541
13721
12289
14334
13315
13600
12289
14000
13714
13597
12289
13883
12555
13773
13760
12501
14160
13612
13815
12726
12403
12301
12343
13244
13441
13846
12915
13193
12289
12289
12289
12856
14334
13012
12544
14334
13067
13091
14334
12289
14334
14334
13762
12725
12405
12742
14334
13605
13437
12289
14334
12289
14334
14278
12289
14334
12844
12857
13537
14334
14334
12725
12918
12289
12564
13563
12378
14102
13588
12810
14038
14319
14334
12417
14182
14295
12539
14140
12883
12332
12289
12289
12634
13852
14334
12289
13761
12779
13432
14148
14030
14094
14236
14334
13229
14119
12289
14334
14334
12596
12289
14334
12289
12289
12465
14115
14334
12339
12289
14334
14055
14334
12911
14334
13384
13240
14334
14334
14203
12289
13232
13260
13634
14334
12615
12289
12289
12527
13724
12977
13441
12483
12289
13297
12289
13628
12827
13084
13182
13936
14334
12978
12289
12885
12453
14334
14324
13567
14027
12488
13844
12289
12455
13462
12289
12404
12857
14334
13779
12581
12289
12289
13277
14040
13196
13767
13473
14334
13269
14122
12386
12517
12563
13239
12289
14334
12604
12691
14334
14334
13875
13813
12289
13747
12289
13935
14334
12289
13949
13139
13794
13885
12399
12476
12289
13169
12289
13245
12289
12289
14334
12289
13388
12289
13686
13350
12928
14334
13114
14093
14334
14334
12990
14077
13704
13074
12289
12289
14334
14334
13345
13678
14334
13666
14334
14113
12289
14334
13318
13577
12670
12595
13473
13648
14334
13143
14334
12289
14334
13259
12289
12865
12736
13437
12857
14334
14334
12809
14334
12419
13063
13978
13648
12289
14330
13389
12289
12289
14334
12289
14334
13412
13013
12289
12289
12858
12412
14334
12289
13191
13562
13139
14334
12289
14334
14334
13073
14241
13974
14334
12289
14334
13400
13091
12289
14180
13443
13732
14334
12289
13489
13824
12289
12289
13368
12552
13738
14334
13238
13706
12686
12289
14334
13080
12289
12859
12871
14334
13970
12289
12743
14334
13186
12289
13945
13115
13713
12963
13250
12289
13423
13429
13908
13447
12693
13950
14334
12289
14300
14334
14334
13034
13161
12671
12640
12289
12289
12995
12289
13991
12355
12429
12289
14334
14328
14334
14334
13425
12289
13497
13469
13688
14334
14334
14261
14284
13182
14334
13199
12289
12827
13983
13587
13089
14334
14334
13234
13133
14334
12701
14004
13372
12289
12289
12483
13327
14334
13808
12289
13761
12289
13787
14334
12679
13997
13139
12289
14334
14334
14334
13217
14334
12289
14125
13748
13533
12289
14184
12289
12289
13799
12289
14334
13666
12289
12289
14330
12289
786
5556
16314
17329
5837
3320
4733
10209
16248
20195
19507
18498
20478
18433
20478
19600
19180
19531
19957
20478
18433
18819
19930
19529
18433
20478
20478
20478
19368
20478
18433
20478
20478
20478
18883
19509
19980
19858
19747
19536
19470
20478
20223
18892
20415
18891
19363
20277
19036
18433
20068
19171
20038
18979
20478
20113
18433
20478
19415
20478
19402
20309
18433
18433
18433
20478
18433
20478
20478
20478
20028
18433
18592
18433
20363
20258
18579
18433
20478
19566
18433
19958
18438
18433
19119
18433
18433
19475
18433
20478
19924
19912
19237
18897
18896
20478
18492
18649
20478
19155
19690
20233
20478
18986
19409
18433
20238
18959
20478
18433
19104
18836
19325
18433
20478
20478
19495
20478
18433
19084
20478
19033
19623
19461
20478
19037
19862
18827
18867
19581
18433
18433
18433
18580
19245
20478
19352
19113
20478
18433
18433
18433
19531
20478
20379
20478
20478
20478
19005
18433
20238
20478
18433
20478
18433
20478
20478
18433
20478
18433
19718
20478
19160
20478
19649
20095
19749
19757
20449
20478
19787
19677
20478
18433
20142
18433
20212
18433
19701
20478
20354
20478
18433
19884
19624
18433
18433
18614
19854
19497
20478
20238
18433
18433
19396
19125
19970
20478
19366
20478
18433
19367
18433
19811
18545
18433
20478
20478
19828
18433
19735
19267
20313
19729
20478
20037
18641
20478
19748
20478
19489
18433
20166
18596
19147
20478
20478
20478
19004
18433
18433
18433
18897
20478
19441
20478
19824
18945
18433
19122
19774
18433
19500
19673
19592
20478
20478
20478
18433
20006
19893
18433
18433
18433
18433
20323
20478
20478
18433
18433
20478
18887
20114
20478
20123
19371
18433
19609
19039
20478
18985
18852
18999
20478
18433
20478
18728
20478
18433
18433
19558
20478
18433
18433
18433
19779
20138
20478
18433
18433
20478
18523
19539
20075
19353
20456
18964
19350
18433
18433
20478
20478
19857
20071
20478
19827
20478
18569
18446
18433
18433
19784
18433
18433
18433
18433
18830
18433
18433
18433
18433
18433
20039
18433
18433
19259
18888
18433
20478
20478
18433
18433
18433
18433
20478
18433
20478
20478
20478
19162
18433
20478
18778
19593
18784
19518
19453
18433
19755
20478
20244
20319
18433
20478
19110
19360
19543
20478
19840
19770
19865
19630
18974
19199
19265
18433
20065
19080
18433
18630
20478
18433
20478
20057
18433
20478
18953
18433
19549
19014
20478
20025
18433
20226
18435
20478
19789
18433
20478
20478
18671
20478
20478
18433
19771
19333
18433
20478
20478
19043
18433
18952
20478
18433
20379
20478
18938
20478
20478
20478
19374
18836
19962
18617
19093
19329
20410
20478
19351
19442
20074
20478
20005
18433
18433
20478
18433
18681
20042
19392
18995
19425
18433
20093
18884
20478
20478
20478
20478
19984
20248
20478
18433
18433
20478
20478
18921
20478
18869
19616
19739
18433
18433
18972
18433
18791
20122
18433
20121
18930
18433
18728
20396
20055
18433
20478
18433
19544
20478
20478
18560
18555
18433
19771
20356
18433
20478
20194
20117
19948
20035
19665
20269
19232
20254
19556
19226
18433
19814
18997
19644
18433
18837
19909
20478
18433
20251
18442
20478
18433
18433
19671
18433
18433
19783
18433
19784
18433
19152
20478
20478
18433
19729
20185
20138
18777
20013
20478
19855
20478
20363
20478
19785
20478
20294
19896
19734
20478
18433
20003
20211
20478
20478
20203
18433
19050
19259
20006
19746
20014
20478
19756
18433
20478
20478
19048
18960
18788
19196
20299
19702
19549
19945
20246
18725
19428
20099
20478
19644
20347
20098
18433
20478
19131
18433
19491
19911
18433
18433
20237
18636
19622
19047
20478
18433
19838
19473
20228
20162
20478
19226
18869
19477
18433
18433
19798
19700
18433
18433
18433
18638
20478
19056
18433
19337
20478
18631
19908
20061
18448
20440
18433
18433
19542
18433
18433
20478
18433
20002
18898
18832
20478
19110
20478
20478
19303
20361
20478
18433
20195
19569
20170
19826
18554
18781
18529
20478
19857
20478
18433
18576
19668
19685
18690
20097
20478
20046
19186
20478
18433
20478
18880
19271
20478
19598
18433
18433
19941
20478
18433
18722
18925
20478
20478
18433
20478
20026
19788
19430
19910
20478
18433
18948
20478
20317
19075
20200
18676
20478
19292
18433
20478
18433
19434
18644
18433
19606
18757
20478
20069
18701
19928
18856
19580
19571
20043
18895
19774
19885
18433
18979
20478
19782
18433
20280
20456
20339
20337
20078
20478
18433
18528
20298
18645
18433
20478
19942
18616
19078
18433
20046
19159
20478
20449
19625
20212
20478
20478
18559
19035
19212
19009
18433
20478
19690
19059
18433
20478
18433
20478
20478
18534
20478
18433
18858
18964
19628
18433
18480
19593
18433
20101
18996
20478
19963
19059
18433
18574
18433
19428
18645
18433
18580
19985
18433
20177
18624
19524
20478
19731
18433
20478
20478
18433
19614
20478
18433
18556
20478
19214
18433
20478
19220
19546
19400
18813
20478
20478
20478
18433
19182
18716
19111
18433
18595
19023
19368
20478
19566
18689
19399
20198
18435
20478
18433
20478
19156
20478
20478
18801
20322
19811
18433
20264
18433
19840
19691
20478
18433
18702
20478
19955
18433
19101
19939
19465
19936
20478
18515
20334
19998
20079
20478
20478
20038
20478
20478
19211
20382
20478
20478
19305
19326
19418
18433
18433
18462
18433
20088
20346
20050
19116
19450
19614
18433
19517
20478
19259
19829
20478
18794
18433
19621
20478
20478
20478
18433
19589
20478
18527
18433
20478
18723
18979
18433
18940
18433
18433
19840
19666
20478
18433
19181
18433
20478
20478
20478
20478
20193
18433
19382
18977
18925
19089
20391
18669
18650
18433
20297
20134
19331
20478
19645
19458
19873
19688
20478
19184
18433
18433
20478
18908
20478
20478
18433
18433
18903
20478
19533
20478
20305
19491
18656
20478
20443
18897
19450
18433
20478
20478
18433
18433
20478
19326
18942
19328
18433
20144
18896
19223
18548
19055
19523
19653
20478
19635
20478
19614
20478
19570
19626
18433
19232
20478
18636
20478
18639
19369
19598
20478
18433
20478
20478
18433
20478
20053
19884
19216
18506
19331
20478
20478
20478
19227
19435
20112
19429
20478
20146
19543
18433
19955
18696
20478
19765
20478
20478
19180
20114
20478
18807
20266
20478
20478
18433
18433
20451
18433
18846
20119
20478
20478
18433
20422
20083
18943
19627
18433
20200
18433
18433
20143
20478
18433
20478
18433
20478
20478
19984
20214
18433
20478
20478
20381
20478
19381
20478
20403
19960
19134
18818
18433
18433
20478
19429
18433
18740
20478
18433
20235
19402
18433
18433
18433
20478
20308
19936
18433
18850
19304
18433
20478
20075
18433
18433
20478
18860
20026
18730
18433
18807
20478
18654
18830
19780
18433
19440
19074
19791
19707
18433
20478
20478
20478
19866
20478
19751
20478
18493
20478
19536
20478
18433
19090
20478
18433
20478
20042
18528
19125
18433
20338
20478
20478
18995
18433
20478
20478
20478
19817
20478
20478
19043
18674
20163
18433
20169
18915
18433
18433
19438
18795
18433
20478
19740
19290
19451
18565
19236
20068
18433
20478
20478
19204
19224
20234
18433
20478
20478
20335
20478
18433
19949
18433
20478
19690
18433
19062
20443
18433
18605
18433
20478
18433
20478
18493
19359
19304
19790
20312
20478
18433
20478
20478
18929
20478
19475
20478
19717
20478
20478
20041
19889
18433
19383
18880
19306
19590
19798
18433
19283
19464
20353
18433
20299
18433
18433
20119
20128
19700
20478
18433
20478
20478
19466
20478
18433
18769
20478
18922
18433
19089
19647
20055
18713
19151
18433
20422
18433
18433
19214
18433
19830
19552
20478
19320
19958
18433
20478
18441
19005
20070
20074
20087
19612
20478
19727
20199
18433
19866
20478
18772
20478
19195
19432
20408
19114
20402
20089
18661
20478
18779
20478
20478
19475
18966
20406
19571
19885
18433
19204
20063
18883
18433
18843
20478
18433
20478
20478
20478
18433
18433
19316
20478
18433
19506
18860
20478
18433
18433
18433
19457
20478
19526
20478
20478
20478
18433
18433
18433
18433
20478
18433
20478
18859
18433
20062
20478
18433
18452
18691
20478
18774
18433
19906
19848
20478
20478
18621
18585
19273
18735
18433
19064
20478
19301
18698
18433
20199
20478
20478
18433
19710
19301
18433
19552
18433
18433
20478
19921
18687
18433
18433
20213
18433
18433
18433
18835
20383
19256
19250
19208
20478
20103
18433
19215
19267
18967
19247
19907
18963
20478
20259
20478
18433
18878
19478
20478
20478
18727
20055
20478
18981
20478
18766
20478
19594
19456
19326
18433
19402
19707
20478
18903
20478
18936
20478
20366
20430
19858
20310
20002
19814
20478
20478
19532
18433
18433
19115
20478
19473
20478
18433
19655
20478
18433
20478
18650
20478
18433
18433
18433
19056
18550
19027
20478
18433
20478
20478
20138
19245
18433
18433
19760
18645
19337
20478
18799
18433
20027
18433
20478
18444
18433
19414
20478
19910
18720
18433
19120
18433
19634
19191
18433
18754
18898
19383
20478
20478
19965
20070
20478
20478
20268
19169
19690
19726
20142
18433
20478
20478
19508
19237
19046
19961
18433
18433
18867
20316
18433
18689
18441
18433
18433
20478
20478
19195
18433
20478
18923
20478
19047
19712
20478
20154
18765
20308
19979
19741
20478
20478
19944
20070
20478
19306
18433
18433
20478
19734
18433
20478
18433
20478
20164
18433
18982
18820
18433
19096
18433
20478
20478
20478
20314
20213
20478
19838
19252
19988
19466
19245
19421
18433
18433
19713
20478
18968
19575
20478
20276
18433
19646
19027
20478
18433
20478
20478
18433
18433
20478
18433
19672
20478
20231
18433
20478
18433
18433
19500
18916
18433
18723
18433
18865
18433
20146
20254
18433
20478
20321
18433
19849
18821
18969
19678
19468
20362
20478
18665
19358
20176
19867
18433
19414
20478
18915
18433
20478
20478
20201
19060
19734
20127
19888
18433
19886
18433
19688
20478
19202
20412
20478
20478
18433
18995
19561
20217
20478
20478
18453
18433
20478
19621
19639
20478
18433
19139
20478
19759
20478
18433
18871
19170
18845
19754
18433
20285
18903
19910
20478
20082
18925
20419
19733
20478
18833
18433
20069
18433
19602
19402
18851
18941
19841
20478
19536
20478
18433
19955
20009
20231
20159
18471
20478
18730
19787
20478
18433
20478
19792
18924
19344
18849
20268
18433
19691
18852
19370
20372
19016
20478
20478
20307
19269
20042
18943
18459
18433
18433
20478
18433
18433
19691
20478
20478
18930
18433
18433
20277
20478
20478
18433
19048
20478
18851
18433
20478
19705
20478
20262
19341
19695
19323
19372
20478
18790
19161
20040
18433
18433
20478
18433
18433
19141
18433
20478
19230
20478
20478
20478
19467
19607
18433
18433
19726
18608
18433
20106
20478
18433
18433
20478
20478
18433
18622
20478
19206
18451
18433
18433
18433
19696
18433
20288
19506
19826
20478
20285
20121
18889
18433
18433
19197
20297
19791
19596
18433
20478
19602
20478
20478
19269
20415
18731
18433
20000
20478
18487
18433
19444
19288
20312
20478
19897
19183
19531
19104
18433
19527
20478
18433
19526
20018
20478
19818
19794
20207
18433
18433
19464
20100
20450
19062
19104
18433
19195
18433
18507
20139
18433
20478
18500
18433
20344
18433
19499
19837
18433
18433
20478
18433
18433
20478
19488
20478
19608
19659
20478
20478
20478
18833
20478
20478
18433
18433
18433
20478
20403
18433
18433
18661
20478
18433
20478
19281
20478
20410
19516
18433
18433
18722
18433
18794
20478
18879
18434
18433
20478
20478
18724
18964
20478
19242
19409
18433
19735
20478
20478
20478
18433
18761
19271
18433
19924
18433
19209
20478
18433
20478
19715
20135
20478
20478
19501
20478
20478
18433
19834
19284
19196
20040
20175
19433
20282
18433
18433
19895
18433
18433
19056
19465
20077
18469
18860
18433
20478
18433
18556
18433
20478
18700
18972
18991
18433
20478
19242
18433
18433
18671
19657
20478
18433
19353
19502
20478
18433
19462
19239
20478
20478
18561
18433
19780
18433
19994
19761
19480
19977
20478
20478
20478
18839
18433
19696
18433
18433
18433
18433
20478
20478
19318
20289
18433
18433
18433
19740
19580
19909
18433
18433
19515
18951
19494
20315
19465
18805
20478
20195
18433
20127
19480
20351
19679
18433
20478
20233
20050
19909
20478
18433
18943
20478
18433
19134
20026
18686
20138
19368
18433
19815
19209
18741
18446
20478
20478
19594
19833
19019
19833
20478
19353
20232
20478
20401
18448
18433
19874
18433
19274
19824
20478
19931
19654
19502
18940
19800
20478
20259
20478
19712
20478
18433
19416
20047
20478
18433
20478
18433
19829
18433
20478
19280
18923
20478
18958
5409
9882
7533
5577
1001
2101
11545
1710
3837
1331
12495
2381
8413
2404
10974
10790
5295
799
4965
6133
14334
13052
13582
12289
12550
13006
13778
14082
12289
13969
12289
12289
14104
14334
12289
14334
12289
14334
13723
12796
12530
13612
13122
13890
14334
12289
14334
12914
13735
13074
14334
12764
12289
14133
12289
14334
12289
13183
14011
12708
14334
12337
13541
12995
14334
12289
14334
13947
12571
13080
13588
13121
12289
12289
13644
13079
13166
13948
13532
13674
13891
13859
14334
12555
14211
13179
12430
12980
12306
14101
14334
14204
13822
12289
14334
13829
14334
14213
14334
13586
12618
12877
12395
14207
14334
14334
14334
12891
13341
13976
14334
14334
14073
14334
14334
13586
13721
13377
12289
12965
14334
14334
12289
12813
12683
12289
12289
13978
14334
13554
14334
13104
13500
13570
13264
13769
14334
13998
12783
13025
14334
12886
13285
14334
12874
14334
13297
13163
13278
12289
12289
12289
12289
12289
13769
13388
13198
14334
12300
12289
12289
14334
14304
12731
14325
13769
12289
14334
12289
14334
14334
12939
12289
14334
14294
12289
13018
12463
12310
12289
12289
12368
12289
13210
13558
12695
13703
14005
12926
14334
13817
14334
13371
12916
13426
12561
12289
12866
14246
13875
12531
12289
12289
13743
12289
12289
12695
13138
14334
14334
14047
12289
12633
13057
14334
14334
14123
13490
12289
13057
14195
12289
14334
13139
13359
14334
14328
13934
12526
12669
12998
14334
13976
14334
13590
14334
14038
12289
14334
12289
14034
14334
14334
14334
12289
14334
12595
13547
12289
12289
13201
14334
14334
13384
14094
13341
12641
14334
14334
13551
13280
13926
12289
13831
12289
14334
14334
14334
14334
14334
14334
12476
14088
12351
13113
13835
13191
12289
12289
13127
12360
14334
12289
12289
12289
12722
12483
12598
12289
14123
14334
12289
13133
12758
12651
12547
12289
12710
14334
12441
14334
12289
12704
12465
12350
13012
13251
14334
14334
13407
12944
13744
12289
14334
13329
14334
14334
14044
14334
13559
13411
12657
13303
13103
12415
12289
14334
14334
13376
13862
13247
12807
14334
13067
14334
13932
12289
14334
12506
13260
14297
13333
13384
12382
13024
14307
12742
13128
13535
12305
14261
13421
13961
13529
12289
13346
13380
12400
13735
13496
12289
13569
12289
12981
14334
14334
13145
13085
13621
14334
14334
14334
12527
12289
12289
12289
12289
14334
12289
13160
13399
12289
14334
12289
13686
14211
13927
13105
14334
14155
12289
13871
14334
13234
12485
12688
14075
13833
13351
14152
12476
13833
13313
13107
12904
13210
12289
13232
12624
13980
14334
13924
14154
14334
14031
12927
13847
14334
13640
13179
14334
13529
13164
13218
14334
14334
12847
13718
12289
13700
12289
14334
12289
13747
13459
14090
12289
12596
13155
13606
14135
12289
13843
12772
13096
14125
12586
13156
13280
14334
14334
14334
12289
12537
12530
14334
13140
13841
12666
14334
12289
12289
12289
13766
12289
13941
12932
12289
14334
12289
13297
12289
12652
14146
13926
12830
14334
14112
13552
12289
14328
14334
14082
12964
14334
12289
13835
13503
12289
12289
13201
14334
13518
14015
13334
14334
14334
12621
12289
12794
12289
12990
13210
14031
13339
12289
14334
13931
12289
13848
12877
14334
12289
13978
13615
14170
13454
12948
12289
14334
13479
12586
12384
14334
13574
12420
13266
12289
13102
13803
12518
12289
12289
13507
14334
12425
12737
14018
12289
12636
14334
12289
13503
12289
12289
12289
12289
12289
12463
13141
14334
13676
14334
12289
12844
14233
12289
14334
12831
14002
13970
12726
14334
12289
12289
14334
13636
12651
13087
12289
12289
12289
12289
13269
12896
14288
14334
14334
13579
14334
13096
13198
14334
12655
13518
12289
12998
14334
12289
14334
12947
13131
14334
12289
14154
12289
12754
14334
14334
14334
12289
12678
12289
12289
13780
13431
14334
13065
13218
14334
14334
14194
13290
12289
14334
12440
12289
12918
12883
13314
12393
13710
12650
12289
14334
12372
14334
13853
13460
12289
13523
12414
12843
12752
13081
12289
13987
13107
13266
12289
13330
12289
12289
14315
14334
13943
14334
12289
13086
13885
14225
12835
13156
12303
14334
12289
12999
12581
12301
12289
14334
12289
13298
14334
13628
14334
12433
12447
12289
12289
12289
13813
13219
14128
13506
14334
14334
13731
13015
14334
14334
13621
14063
14334
13585
14334
12289
13017
13349
14334
14334
12289
13658
14168
14334
14334
14334
14334
12553
13243
12289
13804
12289
14334
12289
13844
12289
12289
14334
12289
12920
12289
12615
13357
13497
12837
12289
13581
13809
13450
12289
12982
13997
14193
14334
12289
13022
14334
12876
14334
14106
14334
13547
12289
13529
12638
14334
13645
12324
13815
13032
12566
13259
14334
13477
12289
14334
12289
12289
14273
12801
12289
12552
14081
13681
12289
12289
12289
13148
14334
12531
12880
12289
13036
12314
13506
14334
12289
14334
13613
14334
14234
12610
12395
12289
14334
12375
12569
13245
13843
12497
12624
12289
13483
13478
12289
13020
14334
14334
12654
13055
13312
13413
12671
14334
12502
13510
12289
13180
12620
13676
14315
12289
14334
14334
12289
14334
14213
13016
13793
12355
13700
13872
14008
13901
14334
12289
12289
13230
12779
12289
14334
13795
14334
12289
14057
12289
13737
12289
14334
13557
12544
12289
12289
13630
13745
14334
12610
14334
13717
13359
13590
13732
14259
14334
14334
13100
12472
13271
12289
12398
14334
12289
14195
12408
14334
13687
13533
13207
12289
13148
12289
13710
14334
14334
12289
14334
13844
12637
12703
12902
12821
14334
12289
13790
12903
12858
12357
12720
14334
2242
2327
657
99
1779
380
2732
1839
1692
3709
4094
2049
2884
2189
2049
4094
2891
4094
2388
2274
3229
3592
2049
2085
4094
2980
2999
2528
2832
2049
2083
3797
2429
4094
2049
2067
2839
2728
3080
3762
2752
2642
2377
4094
2635
2049
3331
4094
4094
2852
3106
4094
2049
3455
2988
4094
4051
2312
2345
4094
4094
2291
4094
3762
4083
3891
2790
2591
2477
2049
3868
2049
3960
4094
3822
2049
4094
4094
2426
2204
2901
4094
4094
2049
2049
2671
2907
4094
3382
2049
4094
2049
4094
3337
4094
3407
2049
2328
4094
4094
2049
2049
2734
2049
4056
3971
2151
4091
2385
4094
3172
3138
2642
2049
3248
2999
2597
4094
4094
4094
2049
3432
3253
4094
4094
3086
2168
4094
3504
2453
2243
4094
4094
2999
2049
3729
4094
4045
3443
3921
3317
2543
2049
2953
3503
2049
2595
4089
3224
3727
2049
2940
4094
2049
2049
2049
2529
2569
2049
2049
3324
2896
2049
2539
2049
2049
3683
4094
2049
2049
2936
2049
4094
4058
2358
3200
4094
2456
2683
2777
3759
2390
2387
2610
2621
2049
4094
4094
4094
2049
2981
3223
2849
2259
2500
2049
2049
3860
3186
2049
3747
4094
2049
2219
2485
2634
3515
2049
2049
3042
2335
3446
4094
2049
3121
3171
2049
4094
2049
2049
2049
2049
2049
3679
4094
4094
2049
4094
3278
4094
4094
2402
2049
2049
3086
3890
4094
3768
4094
4094
2049
3779
3110
3998
4094
2049
3099
2970
3319
2747
2177
2188
3806
3662
3115
4094
2529
2977
2476
2893
3162
2183
2049
4094
3597
2049
2049
3341
2049
2185
3988
3354
3046
2562
2049
2550
2049
2049
4094
2534
4094
2049
4094
2049
2922
4094
4094
2554
2049
3938
2841
2049
3193
3825
2049
2995
2049
3073
4094
3276
2282
3379
3156
2626
2049
2998
3771
2049
3104
4094
3778
2890
4094
3991
2049
3789
3531
3813
4084
2484
3195
2049
2297
3069
3228
2761
2049
4094
2497
4094
2515
4094
2637
3651
2839
2623
3797
3988
2049
3030
3625
4094
3310
2049
3628
4094
4094
2049
4094
3348
2718
2558
2486
4007
2803
3741
4094
4094
4094
2049
4094
4094
2049
3721
4094
4094
2049
4094
2049
3511
2907
2845
3095
2049
4094
3060
3817
2209
3128
2829
3110
3127
4094
4094
3451
3032
2049
3481
2049
3947
4094
2049
2049
2049
2481
3892
2049
3872
3752
2049
2049
2049
2049
2379
2049
2049
2049
3673
2049
3753
3879
3137
3894
2181
3264
4094
3186
2049
2981
3504
2049
2906
4094
3460
2291
2049
2814
2049
2049
2049
4094
2380
2448
3390
4094
2092
2082
3647
2577
4094
2390
4034
2501
3797
4094
2049
3987
2049
3458
3739
2821
4094
2049
2627
3298
3078
3492
4094
2049
4094
3610
4094
3394
2569
2049
3955
2484
2049
4051
2049
2745
4094
2289
4094
3271
3546
4094
3897
2049
3209
3522
2049
4094
3376
2689
2049
2049
4094
2097
2049
3143
2049
3427
3685
2049
2459
2200
2529
2839
3421
3740
2049
4094
4094
2646
3534
4094
2836
3705
3800
2301
2049
3730
3480
2280
4094
2049
3370
2049
2049
4094
2049
3753
2049
4094
2205
3146
4094
2066
2206
2049
2049
3770
3091
2563
4019
2990
3168
2049
2337
3547
3711
3852
4094
2049
4054
3467
4094
2091
3383
2501
2049
2939
3996
3979
2049
2049
4094
2712
3825
4094
2838
3779
2790
2049
2049
2049
3842
2049
4094
3193
3805
2049
2851
2233
2792
3145
2049
3946
3444
2049
3496
3090
4094
2122
2049
2049
4094
2532
3112
3023
2049
4094
3989
3928
4094
3014
2049
4094
2672
3966
2049
4094
3235
2862
3792
2049
2049
4094
2049
3638
3381
4094
4094
4092
3688
2049
3026
2984
4094
2049
4094
4058
2879
3051
3950
2206
2368
2588
4094
4094
4094
3809
2703
3725
3910
3638
3775
2049
4094
4094
3205
3760
2049
3316
3317
2049
2610
4094
2477
2049
2379
2892
2049
3981
4070
4046
4094
4094
2622
2049
3880
4017
2049
2633
2049
4094
3765
3770
3179
3499
2096
3922
2496
4094
2049
3784
2253
3978
2067
3462
4094
3788
2049
4094
4094
2049
3112
2049
3928
2049
2049
2049
2072
2342
3553
2695
2570
3029
3387
2049
3986
2211
2049
3376
2178
4094
3364
3392
3030
2049
2049
4094
2370
2274
3741
3994
2970
2049
3052
2049
3923
3321
4094
2182
2049
2049
4094
3567
4094
3496
2783
2745
2822
3818
2049
3979
4094
4094
2049
2049
3607
4094
3517
2049
2693
4094
2695
2507
2972
4094
4094
2113
2693
3047
3278
2049
4073
3645
4094
3378
3274
2389
2049
2049
3368
4094
3380
3954
3509
2049
2527
3787
2520
2049
2049
4094
2999
3780
2466
3115
4094
2120
4094
2256
2628
3201
3971
3836
4094
2049
2049
4094
4094
2897
4094
2049
2721
3079
2049
3428
2049
3073
3763
2049
2431
2049
3215
2181
3988
4094
4094
3966
3180
3721
3366
3948
3226
3063
3905
3187
3725
3831
3354
4094
3676
2525
3392
4094
2049
3410
4094
2531
2870
2137
2993
2161
2680
2049
2282
3704
2961
2094
2338
3231
3589
2049
2049
2049
3732
4094
2090
3096
2982
2049
3710
2872
2755
2418
4094
3698
3096
2252
2564
2049
2049
2318
2158
2049
3632
2049
2049
3627
3841
2049
3075
2893
2757
3909
4094
2223
4094
4051
4094
2049
3446
4094
2430
4094
2049
2049
2474
2049
3641
2070
4094
2171
2049
3339
4089
4094
4094
3696
3699
3065
3539
3566
2373
2049
3827
2393
2049
3810
3797
2049
2963
3793
2099
2049
3437
2049
3593
3529
2049
4094
3814
2518
2049
2605
4033
2442
2049
2085
2582
3155
4094
2049
3749
4094
2049
3961
3434
2049
2772
4094
4094
4094
3089
2049
2844
4094
3497
2489
2763
2049
4094
2049
2049
4094
3140
2871
3877
2049
4094
4094
2049
2728
2469
2459
2537
2049
4094
2356
2154
2514
977
12661
4908
7226
15882
9961
3990
9205
10571
10348

