20481,1,1
24105,3625,0
24228,65188,0
21102,62062,0
23422,64382,0
24118,65078,0
23955,64915,0
22608,63568,0
20540,61500,0
23854,64814,0
24574,65534,0
23239,64199,0
20958,61918,0
22489,63449,0
22560,63520,0
22797,63757,0
22469,63429,0
20889,61849,0
21107,62067,0
23352,64312,0
24496,65456,0
23860,64820,0
23824,64784,0
23410,64370,0
22796,63756,0
24223,65183,0
20481,61441,0
24074,65034,0
24458,65418,0
24085,65045,0
21768,62728,0
23934,64894,0
23043,64003,0
22944,63904,0
24295,65255,0
21903,62863,0
23543,64503,0
21610,62570,0
22609,63569,0
20481,61441,0
22334,63294,0
20481,61441,0
24574,65534,0
23361,64321,0
22081,63041,0
21037,61997,0
23282,64242,0
21779,62739,0
23433,64393,0
23336,64296,0
24574,65534,0
23165,64125,0
23033,63993,0
24574,65534,0
23002,63962,0
21795,62755,0
20747,61707,0
22199,63159,0
20914,61874,0
23083,64043,0
23955,64915,0
22635,63595,0
22633,63593,0
21630,62590,0
21709,62669,0
24182,65142,0
22948,63908,0
21451,62411,0
23983,64943,0
24012,64972,0
22958,63918,0
22825,63785,0
22375,63335,0
21687,62647,0
22187,63147,0
21923,62883,0
24277,65237,0
23912,64872,0
21406,62366,0
22758,63718,0
21627,62587,0
23341,64301,0
22070,63030,0
24431,65391,0
24574,65534,0
23637,64597,0
24461,65421,0
23646,64606,0
21711,62671,0
23630,64590,0
23702,64662,0
21296,62256,0
21743,62703,0
23443,64403,0
21412,62372,0
23162,64122,0
24574,65534,0
21410,62370,0
21664,62624,0
21890,62850,0
22816,63776,0
22876,63836,0
22702,63662,0
22387,63347,0
21990,62950,0
23847,64807,0
24394,65354,0
20769,61729,0
20776,61736,0
24207,65167,0
23145,64105,0
21676,62636,0
23131,64091,0
22069,63029,0
20745,61705,0
21317,62277,0
24574,65534,0
23090,64050,0
21185,62145,0
23964,64924,0
24574,65534,0
24365,65325,0
22420,63380,0
22851,63811,0
20481,61441,0
22204,63164,0
23519,64479,0
23389,64349,0
22073,63033,0
24108,65068,0
22319,63279,0
23535,64495,0
22228,63188,0
22354,63314,0
22760,63720,0
22755,63715,0
22931,63891,0
23618,64578,0
22367,63327,0
24125,65085,0
21770,62730,0
23845,64805,0
20481,61441,0
24574,65534,0
21276,62236,0
23673,64633,0
22717,63677,0
22697,63657,0
23595,64555,0
24019,64979,0
22848,63808,0
21243,62203,0
23036,63996,0
23552,64512,0
21197,62157,0
21420,62380,0
24574,65534,0
22658,63618,0
22766,63726,0
24347,65307,0
22184,63144,0
24428,65388,0
23615,64575,0
24481,65441,0
22838,63798,0
23537,64497,0
24498,65458,0
21774,62734,0
21893,62853,0
20518,61478,0
23855,64815,0
21833,62793,0
22149,63109,0
22125,63085,0
22079,63039,0
20481,61441,0
22821,63781,0
20855,61815,0
23412,64372,0
22955,63915,0
22827,63787,0
22406,63366,0
23325,64285,0
24016,64976,0
23939,64899,0
22555,63515,0
24568,65528,0
21417,62377,0
21187,62147,0
21791,62751,0
22865,63825,0
23137,64097,0
23373,64333,0
21034,61994,0
24525,65485,0
23677,64637,0
21235,62195,0
24574,65534,0
24386,65346,0
23330,64290,0
21291,62251,0
23627,64587,0
21935,62895,0
23931,64891,0
22197,63157,0
23038,63998,0
20481,61441,0
20481,61441,0
22343,63303,0
24574,65534,0
20762,61722,0
23279,64239,0
21158,62118,0
21494,62454,0
22377,63337,0
22444,63404,0
20772,61732,0
20840,61800,0
21440,62400,0
22121,63081,0
23371,64331,0
23220,64180,0
24574,65534,0
23113,64073,0
22625,63585,0
21158,62118,0
23094,64054,0
23982,64942,0
24470,65430,0
22579,63539,0
22781,63741,0
22760,63720,0
22297,63257,0
23557,64517,0
20966,61926,0
21546,62506,0
21905,62865,0
23197,64157,0
23020,63980,0
20736,61696,0
21768,62728,0
22128,63088,0
24067,65027,0
22501,63461,0
24442,65402,0
23060,64020,0
22168,63128,0
20481,61441,0
21613,62573,0
24175,65135,0
20481,61441,0
23107,64067,0
23890,64850,0
23513,64473,0
20481,61441,0
21636,62596,0
24574,65534,0
24533,65493,0
23493,64453,0
24120,65080,0
22199,63159,0
23499,64459,0
22537,63497,0
23429,64389,0
23483,64443,0
22919,63879,0
24023,64983,0
22026,62986,0
22916,63876,0
20481,61441,0
22808,63768,0
21898,62858,0
20481,61441,0
23677,64637,0
20576,61536,0
23535,64495,0
22578,63538,0
23679,64639,0
23576,64536,0
22021,62981,0
23426,64386,0
20481,61441,0
23604,64564,0
21782,62742,0
23563,64523,0
20568,61528,0
22447,63407,0
22752,63712,0
21791,62751,0
22164,63124,0
22658,63618,0
22007,62967,0
23857,64817,0
24574,65534,0
23650,64610,0
21084,62044,0
20862,61822,0
23373,64333,0
20572,61532,0
20481,61441,0
23795,64755,0
22328,63288,0
23771,64731,0
21337,62297,0
20481,61441,0
21886,62846,0
22517,63477,0
22900,63860,0
21034,61994,0
21954,62914,0
22719,63679,0
23397,64357,0
22160,63120,0
20660,61620,0
22114,63074,0
23495,64455,0
22978,63938,0
24153,65113,0
22777,63737,0
22335,63295,0
22265,63225,0
23085,64045,0
22282,63242,0
22139,63099,0
21391,62351,0
22273,63233,0
22707,63667,0
21100,62060,0
23299,64259,0
23022,63982,0
22441,63401,0
23185,64145,0
23222,64182,0
24085,65045,0
23208,64168,0
23584,64544,0
20768,61728,0
21941,62901,0
20481,61441,0
24574,65534,0
22568,63528,0
23762,64722,0
24574,65534,0
22742,63702,0
22965,63925,0
21261,62221,0
20481,61441,0
22287,63247,0
22995,63955,0
21961,62921,0
21087,62047,0
23081,64041,0
23731,64691,0
23073,64033,0
23994,64954,0
22709,63669,0
22648,63608,0
20481,61441,0
21661,62621,0
23470,64430,0
23346,64306,0
21506,62466,0
24051,65011,0
24574,65534,0
22056,63016,0
24067,65027,0
22226,63186,0
24161,65121,0
22237,63197,0
23219,64179,0
21738,62698,0
23145,64105,0
24574,65534,0
22362,63322,0
22149,63109,0
22346,63306,0
22769,63729,0
21585,62545,0
20917,61877,0
21387,62347,0
21482,62442,0
20726,61686,0
24574,65534,0
22143,63103,0
20481,61441,0
22506,63466,0
24388,65348,0
22909,63869,0
22378,63338,0
22050,63010,0
22013,62973,0
21264,62224,0
22902,63862,0
20481,61441,0
21916,62876,0
22721,63681,0
21632,62592,0
22810,63770,0
22908,63868,0
23295,64255,0
22731,63691,0
23042,64002,0
23335,64295,0
24574,65534,0
22537,63497,0
22494,63454,0
23936,64896,0
23804,64764,0
21815,62775,0
23175,64135,0
22290,63250,0
21628,62588,0
23467,64427,0
22735,63695,0
20743,61703,0
24574,65534,0
22636,63596,0
23817,64777,0
22228,63188,0
23601,64561,0
21109,62069,0
24547,65507,0
22864,63824,0
21241,62201,0
22408,63368,0
20850,61810,0
23453,64413,0
22367,63327,0
20481,61441,0
20481,61441,0
23691,64651,0
22331,63291,0
20571,61531,0
23823,64783,0
22134,63094,0
23049,64009,0
22948,63908,0
21981,62941,0
21221,62181,0
22066,63026,0
22492,63452,0
22207,63167,0
23699,64659,0
24256,65216,0
23539,64499,0
24574,65534,0
22775,63735,0
20481,61441,0
21048,62008,0
20962,61922,0
22937,63897,0
22080,63040,0
22273,63233,0
22703,63663,0
22582,63542,0
23139,64099,0
20974,61934,0
20714,61674,0
24574,65534,0
23552,64512,0
22112,63072,0
22012,62972,0
23513,64473,0
23886,64846,0
22950,63910,0
22704,63664,0
20481,61441,0
21853,62813,0
23758,64718,0
23692,64652,0
24216,65176,0
21454,62414,0
22960,63920,0
22361,63321,0
23511,64471,0
21586,62546,0
23403,64363,0
22094,63054,0
20853,61813,0
22659,63619,0
22693,63653,0
22072,63032,0
22730,63690,0
23117,64077,0
24032,64992,0
24251,65211,0
22102,63062,0
21571,62531,0
21820,62780,0
20481,61441,0
22596,63556,0
21637,62597,0
21468,62428,0
24184,65144,0
20634,61594,0
23119,64079,0
22694,63654,0
23552,64512,0
21205,62165,0
22136,63096,0
23900,64860,0
22221,63181,0
24574,65534,0
20685,61645,0
22771,63731,0
23490,64450,0
22496,63456,0
21433,62393,0
22790,63750,0
24113,65073,0
22399,63359,0
21489,62449,0
20481,61441,0
20531,61491,0
22583,63543,0
20673,61633,0
22971,63931,0
22043,63003,0
23930,64890,0
22491,63451,0
20481,61441,0
23240,64200,0
21180,62140,0
20481,61441,0
23779,64739,0
22779,63739,0
22536,63496,0
23083,64043,0
23307,64267,0
22488,63448,0
21398,62358,0
24540,65500,0
23379,64339,0
22069,63029,0
22578,63538,0
21448,62408,0
21687,62647,0
22489,63449,0
23177,64137,0
23020,63980,0
22585,63545,0
23099,64059,0
21267,62227,0
21853,62813,0
22177,63137,0
21489,62449,0
23888,64848,0
20529,61489,0
23097,64057,0
24574,65534,0
21991,62951,0
23026,63986,0
23060,64020,0
22691,63651,0
21237,62197,0
23020,63980,0
20481,61441,0
22809,63769,0
22549,63509,0
22559,63519,0
21274,62234,0
24388,65348,0
20481,61441,0
24574,65534,0
21973,62933,0
23581,64541,0
23670,64630,0
22354,63314,0
23743,64703,0
21783,62743,0
22980,63940,0
22373,63333,0
24574,65534,0
22490,63450,0
24486,65446,0
22524,63484,0
20481,61441,0
23082,64042,0
22342,63302,0
24316,65276,0
23463,64423,0
21342,62302,0
22688,63648,0
20778,61738,0
23808,64768,0
22080,63040,0
24574,65534,0
20864,61824,0
22542,63502,0
22778,63738,0
22497,63457,0
21238,62198,0
23118,64078,0
21548,62508,0
21006,61966,0
21600,62560,0
23323,64283,0
24574,65534,0
21959,62919,0
23198,64158,0
20481,61441,0
23218,64178,0
21505,62465,0
21716,62676,0
23077,64037,0
23618,64578,0
22873,63833,0
23254,64214,0
22847,63807,0
20854,61814,0
24574,65534,0
23719,64679,0
22569,63529,0
22754,63714,0
22209,63169,0
22298,63258,0
22040,63000,0
22886,63846,0
23745,64705,0
20481,61441,0
21981,62941,0
23933,64893,0
24245,65205,0
22340,63300,0
21804,62764,0
21687,62647,0
20871,61831,0
23695,64655,0
20589,61549,0
23247,64207,0
23585,64545,0
23735,64695,0
23156,64116,0
22229,63189,0
22355,63315,0
20708,61668,0
22133,63093,0
21782,62742,0
21706,62666,0
23546,64506,0
23902,64862,0
20641,61601,0
24139,65099,0
20481,61441,0
24574,65534,0
21277,62237,0
23862,64822,0
22184,63144,0
22384,63344,0
22981,63941,0
21749,62709,0
20481,61441,0
22320,63280,0
21294,62254,0
23067,64027,0
21024,61984,0
22585,63545,0
21918,62878,0
21583,62543,0
24098,65058,0
22258,63218,0
21538,62498,0
20756,61716,0
23577,64537,0
22807,63767,0
23133,64093,0
24069,65029,0
23087,64047,0
20989,61949,0
22773,63733,0
21966,62926,0
24030,64990,0
22041,63001,0
22112,63072,0
22762,63722,0
22578,63538,0
22832,63792,0
23053,64013,0
22758,63718,0
24346,65306,0
23034,63994,0
23015,63975,0
24574,65534,0
21068,62028,0
23589,64549,0
23799,64759,0
23987,64947,0
22494,63454,0
21484,62444,0
21086,62046,0
20481,61441,0
22761,63721,0
23560,64520,0
21470,62430,0
22253,63213,0
20481,61441,0
22552,63512,0
23380,64340,0
24574,65534,0
23759,64719,0
20941,61901,0
22125,63085,0
22864,63824,0
21485,62445,0
24574,65534,0
22901,63861,0
22751,63711,0
20935,61895,0
24574,65534,0
22801,63761,0
20990,61950,0
22554,63514,0
20481,61441,0
23368,64328,0
21602,62562,0
23770,64730,0
22526,63486,0
23884,64844,0
21616,62576,0
23666,64626,0
22950,63910,0
22035,62995,0
23337,64297,0
21309,62269,0
21557,62517,0
23431,64391,0
23780,64740,0
20481,61441,0
23322,64282,0
21765,62725,0
23790,64750,0
20620,61580,0
23627,64587,0
24574,65534,0
23218,64178,0
22729,63689,0
22944,63904,0
22837,63797,0
23930,64890,0
24574,65534,0
23707,64667,0
24109,65069,0
22626,63586,0
23159,64119,0
22104,63064,0
20481,61441,0
23087,64047,0
21652,62612,0
22353,63313,0
21888,62848,0
21487,62447,0
22793,63753,0
21537,62497,0
23332,64292,0
23723,64683,0
22090,63050,0
23585,64545,0
24116,65076,0
21901,62861,0
22855,63815,0
22362,63322,0
21635,62595,0
23937,64897,0
22529,63489,0
22518,63478,0
24508,65468,0
22835,63795,0
20481,61441,0
20554,61514,0
20481,61441,0
21722,62682,0
21300,62260,0
21741,62701,0
22805,63765,0
23768,64728,0
22887,63847,0
21188,62148,0
22741,63701,0
21423,62383,0
21882,62842,0
21335,62295,0
21428,62388,0
24078,65038,0
24574,65534,0
24285,65245,0
22391,63351,0
22322,63282,0
24521,65481,0
23298,64258,0
20481,61441,0
22785,63745,0
20481,61441,0
23780,64740,0
21884,62844,0
22463,63423,0
22016,62976,0
20481,61441,0
22339,63299,0
20481,61441,0
20925,61885,0
22649,63609,0
21664,62624,0
20481,61441,0
23802,64762,0
23331,64291,0
20892,61852,0
20481,61441,0
24562,65522,0
23456,64416,0
22118,63078,0
22736,63696,0
20678,61638,0
22905,63865,0
22711,63671,0
21903,62863,0
23313,64273,0
21866,62826,0
21889,62849,0
23769,64729,0
23946,64906,0
24574,65534,0
20732,61692,0
22713,63673,0
21740,62700,0
23125,64085,0
22651,63611,0
20776,61736,0
22314,63274,0
21928,62888,0
22366,63326,0
23276,64236,0
21444,62404,0
22136,63096,0
23874,64834,0
24574,65534,0
22607,63567,0
22168,63128,0
22447,63407,0
22346,63306,0
23253,64213,0
23713,64673,0
21105,62065,0
22112,63072,0
23162,64122,0
22495,63455,0
24574,65534,0
21099,62059,0
23581,64541,0
21493,62453,0
24574,65534,0
21796,62756,0
20798,61758,0
23122,64082,0
24291,65251,0
23183,64143,0
24510,65470,0
24574,65534,0
24075,65035,0
23992,64952,0
23014,63974,0
21002,61962,0
24574,65534,0
24501,65461,0
23200,64160,0
21202,62162,0
21569,62529,0
22214,63174,0
20589,61549,0
22279,63239,0
22724,63684,0
20771,61731,0
23050,64010,0
21914,62874,0
22616,63576,0
21513,62473,0
22030,62990,0
21972,62932,0
24574,65534,0
24104,65064,0
22806,63766,0
23234,64194,0
23484,64444,0
22166,63126,0
21789,62749,0
23879,64839,0
22653,63613,0
22478,63438,0
21289,62249,0
23777,64737,0
20481,61441,0
20534,61494,0
24574,65534,0
20481,61441,0
21159,62119,0
21775,62735,0
23642,64602,0
20807,61767,0
22693,63653,0
22728,63688,0
21956,62916,0
20481,61441,0
21088,62048,0
21822,62782,0
23341,64301,0
22299,63259,0
24574,65534,0
24070,65030,0
21772,62732,0
20481,61441,0
23841,64801,0
21428,62388,0
22355,63315,0
23305,64265,0
22910,63870,0
21907,62867,0
24527,65487,0
21586,62546,0
20481,61441,0
20690,61650,0
21698,62658,0
23159,64119,0
22163,63123,0
22757,63717,0
22169,63129,0
20958,61918,0
20928,61888,0
22761,63721,0
23977,64937,0
21565,62525,0
22879,63839,0
23412,64372,0
20878,61838,0
21740,62700,0
23200,64160,0
24529,65489,0
20840,61800,0
23456,64416,0
21712,62672,0
22098,63058,0
23029,63989,0
23469,64429,0
22266,63226,0
20481,61441,0
24018,64978,0
21556,62516,0
20498,61458,0
23592,64552,0
21118,62078,0
23519,64479,0
20481,61441,0
20817,61777,0
22019,62979,0
23366,64326,0
22577,63537,0
23486,64446,0
24574,65534,0
22221,63181,0
21797,62757,0
21969,62929,0
23678,64638,0
23807,64767,0
20828,61788,0
22333,63293,0
20481,61441,0
22092,63052,0
22585,63545,0
22887,63847,0
24503,65463,0
22993,63953,0
20919,61879,0
24004,64964,0
22226,63186,0
21545,62505,0
23994,64954,0
24026,64986,0
21563,62523,0
20600,61560,0
22926,63886,0
22991,63951,0
20481,61441,0
23095,64055,0
21662,62622,0
22549,63509,0
21888,62848,0
22738,63698,0
22352,63312,0
22728,63688,0
22229,63189,0
24574,65534,0
23074,64034,0
21530,62490,0
22303,63263,0
20899,61859,0
23448,64408,0
22657,63617,0
20481,61441,0
23263,64223,0
22002,62962,0
23005,63965,0
23021,63981,0
21655,62615,0
22058,63018,0
24574,65534,0
23158,64118,0
22943,63903,0
23391,64351,0
22151,63111,0
22399,63359,0
22970,63930,0
23593,64553,0
23152,64112,0
23288,64248,0
21594,62554,0
24574,65534,0
22803,63763,0
21913,62873,0
22193,63153,0
21721,62681,0
23995,64955,0
22130,63090,0
20558,61518,0
22863,63823,0
22448,63408,0
21409,62369,0
22362,63322,0
23353,64313,0
23513,64473,0
20481,61441,0
21891,62851,0
21324,62284,0
23363,64323,0
23461,64421,0
23781,64741,0
21461,62421,0
22113,63073,0
20481,61441,0
22746,63706,0
23365,64325,0
21569,62529,0
23001,63961,0
20555,61515,0
23908,64868,0
20593,61553,0
22323,63283,0
20481,61441,0
21802,62762,0
23625,64585,0
22076,63036,0
20739,61699,0
21281,62241,0
20575,61535,0
22011,62971,0
23695,64655,0
21450,62410,0
22576,63536,0
22310,63270,0
20481,61441,0
22883,63843,0
22198,63158,0
22286,63246,0
22456,63416,0
21975,62935,0
24019,64979,0
24149,65109,0
22137,63097,0
21736,62696,0
23703,64663,0
23079,64039,0
22446,63406,0
24574,65534,0
22433,63393,0
23655,64615,0
21867,62827,0
22533,63493,0
22134,63094,0
24028,64988,0
22187,63147,0
24210,65170,0
23006,63966,0
20481,61441,0
23886,64846,0
23867,64827,0
22546,63506,0
24370,65330,0
23240,64200,0
22096,63056,0
20818,61778,0
22456,63416,0
24082,65042,0
24365,65325,0
23553,64513,0
22236,63196,0
24086,65046,0
20503,61463,0
23860,64820,0
23145,64105,0
22754,63714,0
23472,64432,0
23683,64643,0
23602,64562,0
21750,62710,0
21332,62292,0
21446,62406,0
22626,63586,0
24380,65340,0
23096,64056,0
24574,65534,0
24463,65423,0
23746,64706,0
21803,62763,0
22281,63241,0
22696,63656,0
24485,65445,0
21199,62159,0
23324,64284,0
23487,64447,0
24574,65534,0
21046,62006,0
23190,64150,0
22944,63904,0
20481,61441,0
22114,63074,0
22457,63417,0
22807,63767,0
20481,61441,0
23460,64420,0
23428,64388,0
23574,64534,0
23121,64081,0
21889,62849,0
21245,62205,0
20481,61441,0
22656,63616,0
22810,63770,0
23811,64771,0
23531,64491,0
24574,65534,0
23642,64602,0
23361,64321,0
23196,64156,0
21251,62211,0
23210,64170,0
21905,62865,0
24574,65534,0
21574,62534,0
24120,65080,0
24499,65459,0
24574,65534,0
24574,65534,0
22223,63183,0
22679,63639,0
21009,61969,0
21601,62561,0
21543,62503,0
21554,62514,0
24574,65534,0
20627,61587,0
22230,63190,0
22521,63481,0
24574,65534,0
20518,61478,0
21550,62510,0
21744,62704,0
22647,63607,0
20481,61441,0
22418,63378,0
20481,61441,0
20809,61769,0
24168,65128,0
23940,64900,0
22553,63513,0
23945,64905,0
22569,63529,0
23479,64439,0
22108,63068,0
23716,64676,0
24574,65534,0
22167,63127,0
21745,62705,0
23381,64341,0
22616,63576,0
21778,62738,0
21325,62285,0
23889,64849,0
21510,62470,0
22094,63054,0
23405,64365,0
20481,61441,0
21934,62894,0
22306,63266,0
20607,61567,0
22417,63377,0
23063,64023,0
23634,64594,0
22455,63415,0
24574,65534,0
21878,62838,0
21722,62682,0
21109,62069,0
24485,65445,0
21882,62842,0
21159,62119,0
22876,63836,0
21604,62564,0
24030,64990,0
23324,64284,0
22174,63134,0
24157,65117,0
21961,62921,0
20753,61713,0
24037,64997,0
24574,65534,0
21322,62282,0
21035,61995,0
21061,62021,0
24574,65534,0
23110,64070,0
24109,65069,0
20481,61441,0
21173,62133,0
22330,63290,0
21797,62757,0
20819,61779,0
22471,63431,0
20481,61441,0
21052,62012,0
22227,63187,0
23954,64914,0
24574,65534,0
22214,63174,0
24191,65151,0
22294,63254,0
22950,63910,0
22511,63471,0
20481,61441,0
7867,3771,1
1975,6071,1
1837,5933,0
8398,4302,1
13916,9820,1
6884,2788,0
5608,62952,0
14327,6135,0
7930,61178,0
6187,63531,0
5147,62491,0
6239,63583,0
3297,56545,0
2804,64244,0
1645,63085,0
6581,59829,0
5907,63251,0
3165,60509,0
10105,1913,0
7558,56710,0
5026,62370,0
12434,49298,0
14335,63487,0
10676,55732,0
6963,56115,0
13538,54498,0
11014,56070,0
8607,61855,0
8546,61794,0
4110,53262,0
4509,61853,0
3539,52691,0
10952,56008,0
1577,58921,0
4778,53930,0
3320,60664,0
7413,60661,0
14302,51166,0
6858,60106,0
6842,64186,0
2024,55272,0
8332,49292,0
10035,63283,0
5984,55136,0
3055,56303,0
7448,60696,0
3191,60535,0
10826,55882,0
6728,55880,0
14011,50875,0
6446,59694,0
4566,61910,0
1224,50376,0
6700,59948,0
2800,60144,0
4841,58089,0
3093,60437,0
12967,53927,0
7487,56639,0
7238,64582,0
12071,53031,0
12883,53843,0
2705,51857,0
6888,51944,0
6735,64079,0
1796,59140,0
10917,51877,0
9632,62880,0
13764,50628,0
11967,61119,0
8600,61848,0
4944,50000,0
1646,50798,0
10703,55759,0
6371,55523,0
11649,60801,0
8460,61708,0
5876,59124,0
9084,58236,0
6469,59717,0
10686,59838,0
2003,55251,0
11919,61071,0
3371,60715,0
10074,59226,0
7170,56322,0
3321,56569,0
11651,56707,0
3538,60882,0
7693,56845,0
1032,58376,0
9604,54660,0
13564,50428,0
8282,57434,0
7722,52778,0
1909,51061,0
10754,55810,0
9421,62669,0
335,57679,0
11808,60960,0
9572,62820,0
3849,61193,0
10497,59649,0
3569,60913,0
5824,54976,0
13986,50850,0
9318,50278,0
11827,65075,0
3752,52904,0
5145,50201,0
7699,65043,0
7401,64745,0
1745,59089,0
11595,56651,0
12219,65467,0
4787,53939,0
8740,57892,0
13018,49882,0
14251,63403,0
953,50105,0
11567,56623,0
5676,50732,0
6856,64200,0
4254,61598,0
4306,61650,0
10019,59171,0
8608,61856,0
4428,57676,0
11943,61095,0
3458,56706,0
6989,56141,0
3762,61106,0
1526,62966,0
2788,64228,0
2886,64326,0
12997,49861,0
13583,62735,0
14208,63360,0
12735,61887,0
14771,63923,0
14939,64091,0
13299,62451,0
14189,63341,0
12356,61508,0
15298,64450,0
14486,63638,0
14465,63617,0
14585,63737,0
15319,64471,0
13078,62230,0
16382,65534,0
16008,65160,0
15511,64663,0
14372,63524,0
13587,62739,0
15286,64438,0
14081,63233,0
15049,64201,0
14306,63458,0
15708,64860,0
15959,65111,0
12289,61441,0
13623,62775,0
15024,64176,0
14619,63771,0
12289,61441,0
15884,65036,0
14247,63399,0
14059,63211,0
13685,62837,0
14142,63294,0
13714,62866,0
15951,65103,0
13263,62415,0
13620,62772,0
15064,64216,0
15084,64236,0
15323,64475,0
12995,62147,0
12913,62065,0
15829,64981,0
13885,63037,0
14543,63695,0
14273,63425,0
14489,63641,0
14517,63669,0
12423,61575,0
16382,65534,0
16382,65534,0
14854,64006,0
14357,63509,0
13613,62765,0
12289,61441,0
12908,62060,0
16382,65534,0
15480,64632,0
13299,62451,0
14846,63998,0
15446,64598,0
14188,63340,0
16382,65534,0
15052,64204,0
15980,65132,0
14601,63753,0
14105,63257,0
13715,62867,0
14653,63805,0
14305,63457,0
16382,65534,0
13533,62685,0
13415,62567,0
14796,63948,0
15383,64535,0
14425,63577,0
14616,63768,0
13564,62716,0
13535,62687,0
13798,62950,0
14668,63820,0
14132,63284,0
13661,62813,0
13609,62761,0
12289,61441,0
13083,62235,0
16276,65428,0
15307,64459,0
14420,63572,0
14516,63668,0
15236,64388,0
12289,61441,0
12970,62122,0
15157,64309,0
14383,63535,0
15028,64180,0
15703,64855,0
16005,65157,0
13999,63151,0
16382,65534,0
13798,62950,0
14872,64024,0
14684,63836,0
14620,63772,0
12889,62041,0
12289,61441,0
13733,62885,0
13068,62220,0
14176,63328,0
15447,64599,0
14772,63924,0
12341,61493,0
15931,65083,0
14910,64062,0
13563,62715,0
13296,62448,0
16316,65468,0
13753,62905,0
15539,64691,0
16382,65534,0
13778,62930,0
14141,63293,0
12289,61441,0
14896,64048,0
13064,62216,0
14192,63344,0
14989,64141,0
15471,64623,0
13739,62891,0
13606,62758,0
13758,62910,0
14889,64041,0
14281,63433,0
13212,62364,0
16382,65534,0
14296,63448,0
14557,63709,0
13430,62582,0
15665,64817,0
14079,63231,0
12289,61441,0
13963,63115,0
14294,63446,0
16382,65534,0
13725,62877,0
12289,61441,0
15754,64906,0
13841,62993,0
14505,63657,0
15621,64773,0
15283,64435,0
15792,64944,0
13485,62637,0
13662,62814,0
13875,63027,0
14494,63646,0
15715,64867,0
15995,65147,0
13895,63047,0
15112,64264,0
16382,65534,0
14828,63980,0
16182,65334,0
16134,65286,0
14139,63291,0
16382,65534,0
13378,62530,0
16382,65534,0
14222,63374,0
12289,61441,0
14251,63403,0
14258,63410,0
14474,63626,0
15580,64732,0
12289,61441,0
14659,63811,0
16382,65534,0
15911,65063,0
14788,63940,0
12955,62107,0
13257,62409,0
12884,62036,0
14945,64097,0
15881,65033,0
14786,63938,0
14783,63935,0
16382,65534,0
16382,65534,0
13868,63020,0
13313,62465,0
12639,61791,0
12570,61722,0
15587,64739,0
14143,63295,0
12968,62120,0
13755,62907,0
15317,64469,0
15259,64411,0
13258,62410,0
14033,63185,0
12579,61731,0
15089,64241,0
16382,65534,0
14193,63345,0
13745,62897,0
15834,64986,0
14983,64135,0
12291,61443,0
15523,64675,0
14042,63194,0
15896,65048,0
12289,61441,0
12823,61975,0
13381,62533,0
14822,63974,0
14183,63335,0
12446,61598,0
13519,62671,0
15414,64566,0
14502,63654,0
15905,65057,0
14362,63514,0
15960,65112,0
13556,62708,0
16158,65310,0
14183,63335,0
12735,61887,0
12289,61441,0
14393,63545,0
12289,61441,0
13274,62426,0
16382,65534,0
14776,63928,0
15448,64600,0
13064,62216,0
14783,63935,0
13291,62443,0
15237,64389,0
14565,63717,0
14454,63606,0
14179,63331,0
16160,65312,0
13924,63076,0
13189,62341,0
16382,65534,0
14127,63279,0
13784,62936,0
16382,65534,0
16105,65257,0
14964,64116,0
14309,63461,0
15729,64881,0
13792,62944,0
13020,62172,0
16382,65534,0
16382,65534,0
12319,61471,0
15641,64793,0
15605,64757,0
14713,63865,0
14562,63714,0
14862,64014,0
12289,61441,0
13084,62236,0
15201,64353,0
14186,63338,0
13672,62824,0
12289,61441,0
14063,63215,0
14894,64046,0
16132,65284,0
14593,63745,0
13953,63105,0
14955,64107,0
14604,63756,0
12370,61522,0
15186,64338,0
12631,61783,0
15171,64323,0
16039,65191,0
13665,62817,0
15605,64757,0
13690,62842,0
15064,64216,0
15222,64374,0
12289,61441,0
14911,64063,0
14599,63751,0
12843,61995,0
14926,64078,0
16382,65534,0
13322,62474,0
16382,65534,0
14970,64122,0
15240,64392,0
13483,62635,0
15796,64948,0
15212,64364,0
15728,64880,0
14523,63675,0
14549,63701,0
15459,64611,0
12999,62151,0
13364,62516,0
12662,61814,0
14037,63189,0
13554,62706,0
15342,64494,0
16242,65394,0
15068,64220,0
14708,63860,0
12289,61441,0
15047,64199,0
13464,62616,0
16306,65458,0
14678,63830,0
16126,65278,0
14272,63424,0
13865,63017,0
12289,61441,0
13162,62314,0
12289,61441,0
14315,63467,0
15534,64686,0
15310,64462,0
16188,65340,0
14319,63471,0
12289,61441,0
15380,64532,0
12804,61956,0
13467,62619,0
14831,63983,0
13877,63029,0
14397,63549,0
12812,61964,0
15698,64850,0
12671,61823,0
14171,63323,0
14137,63289,0
16382,65534,0
13246,62398,0
15577,64729,0
15077,64229,0
12289,61441,0
15767,64919,0
16343,65495,0
14337,63489,0
16233,65385,0
14756,63908,0
14363,63515,0
12640,61792,0
13055,62207,0
13642,62794,0
14560,63712,0
12936,62088,0
13612,62764,0
14856,64008,0
15418,64570,0
15737,64889,0
14670,63822,0
14358,63510,0
15078,64230,0
14230,63382,0
14348,63500,0
13090,62242,0
14245,63397,0
15395,64547,0
14741,63893,0
14784,63936,0
14373,63525,0
14506,63658,0
15189,64341,0
13114,62266,0
14306,63458,0
12926,62078,0
14334,63486,0
13717,62869,0
12289,61441,0
12875,62027,0
13640,62792,0
14224,63376,0
14667,63819,0
13484,62636,0
15239,64391,0
14376,63528,0
12289,61441,0
14203,63355,0
14573,63725,0
14566,63718,0
14623,63775,0
12289,61441,0
15746,64898,0
14228,63380,0
13647,62799,0
14134,63286,0
14155,63307,0
15563,64715,0
13243,62395,0
15046,64198,0
14525,63677,0
13995,63147,0
13751,62903,0
14896,64048,0
16382,65534,0
16382,65534,0
12418,61570,0
15558,64710,0
12396,61548,0
15070,64222,0
14328,63480,0
13638,62790,0
13971,63123,0
13888,63040,0
14885,64037,0
14634,63786,0
15096,64248,0
13211,62363,0
14103,63255,0
14595,63747,0
14041,63193,0
15983,65135,0
14525,63677,0
15080,64232,0
12986,62138,0
15130,64282,0
13928,63080,0
15570,64722,0
12289,61441,0
16382,65534,0
14521,63673,0
13552,62704,0
13695,62847,0
12603,61755,0
15576,64728,0
14122,63274,0
12483,61635,0
15375,64527,0
13368,62520,0
14554,63706,0
14441,63593,0
13929,63081,0
14400,63552,0
13640,62792,0
13239,62391,0
13154,62306,0
13965,63117,0
15194,64346,0
12875,62027,0
16071,65223,0
14374,63526,0
15657,64809,0
14326,63478,0
13385,62537,0
15272,64424,0
15729,64881,0
13708,62860,0
13305,62457,0
12797,61949,0
15325,64477,0
16073,65225,0
15348,64500,0
15109,64261,0
13590,62742,0
13674,62826,0
14717,63869,0
