6095
6542
5792
6641
6023
5963
5825
5555
6485
6338
5967
5746
6809
6138
5523
6234
6393
6507
6284
6045
6032
5672
6118
5300
6542
6122
5803
5929
5521
6388
6371
6480
5825
5662
5813
5627
6177
6414
5796
6002
5995
6258
6765
6155
6817
5707
6066
6133
5894
6135
6457
6976
5473
6253
5377
6377
6079
6103
6525
6473
6565
6604
5574
6104
6524
6248
5856
6473
5896
5345
6001
5574
6362
6098
6293
6404
6194
6629
5635
5595
6120
6419
5700
7001
6084
6307
6012
6493
6191
5302
6855
6084
5806
6460
5544
5839
5907
6092
5465
5474
5756
6292
6145
6605
5536
6985
6260
6365
6382
6096
6402
5022
5439
5776
5924
6590
5929
6040
6455
5761
5934
6375
5934
5333
5844
6159
5538
5757
5878
5378
5885
6225
6703
6624
5005
6282
6535
6153
5761
5709
5851
5489
6236
5860
5756
6768
5631
6454
6157
6535
6758
5594
6459
6393
6110
6427
5289
6127
6079
6060
5982
5677
6239
5739
5936
6480
6089
5976
6099
5539
6399
6270
6381
6873
6205
5816
5664
6193
6440
6294
6192
6744
6518
6520
6402
6079
5194
6259
6108
5863
6995
5623
5894
6431
6128
6750
6316
6157
6047
5686
6215
6194
6297
6045
6024
6475
5995
6783
6115
6130
5959
6364
5927
5506
6121
5664
5887
5997
5897
6440
6336
6162
6993
6021
5991
6101
6383
5794
5588
6507
6048
6101
5826
5736
5534
5048
6132
5828
6325
6677
5924
6022
6037
6405
5978
5892
6021
6578
5651
6458
5454
6169
5694
7410
5862
7190
6150
5899
6031
6575
6614
6522
5656
6051
6270
5893
5922
5666
6204
5856
6484
6054
5730
6296
6078
6051
6071
6079
5765
5807
6294
5525
6124
6068
6175
6404
6000
5719
6170
5862
6109
6374
6956
6531
6075
6607
6053
5960
6339
6236
5885
6007
5949
6258
6007
5958
6159
6166
5517
6680
6771
6595
6166
6159
5997
6027
6346
6052
5547
6139
6404
6424
5834
5707
5887
6419
5941
6158
6051
6059
6029
5692
6155
5431
5722
6013
5760
5899
6594
6097
6263
5873
5548
6257
5696
6478
6097
6572
6180
6176
5780
6195
6128
6035
5539
6466
6402
5654
5919
6450
6386
5637
6644
5963
6216
6084
6087
6221
5643
5966
6253
6152
5830
5972
6297
5344
6406
5033
5972
6097
5872
5197
5506
6443
6559
6696
6354
5763
5734
6514
6425
6239
5964
6533
5893
6428
6102
6003
6325
6317
6328
5827
6035
6059
5655
7218
6172
6172
6183
6645
5855
6861
6416
6234
6022
5720
5663
5878
6095
5561
6370
6363
6035
6283
5976
6029
6179
6265
6194
6189
5865
6145
6442
5270
5997
6448
6214
6518
6166
5531
5820
5387
6470
6206
6056
6201
5834
5938
6835
6015
6321
6410
6265
6982
6046
5422
6000
6456
6557
6063
6549
5813
6772
6095
6099
5858
6539
6509
5456
6323
5618
6194
5378
6795
5552
6345
6543
6361
6445
6197
5961
5909
5823
6234
6179
7147
5965
5996
6226
6010
6026
5688
6100
6496
6295
6178
7226
5888
6415
5831
6762
5956
6302
6895
6123
6092
6381
6419
5880
5988
6410
5911
6734
5877
6342
5725
5813
6013
6497
5728
5821
6045
5926
6300
5769
6396
6287
6458
5782
6200
5928
6649
6504
6000
6519
6038
6356
5583
6058
5966
6128
6569
6172
6460
6354
6323
6219
6369
6227
6407
6919
6481
6567
5545
6209
5772
5673
6433
6193
6307
5092
6201
6180
6870
5661
6371
5346
7195
6470
6288
6303
5657
5808
6180
6589
6335
6430
5816
6458
4993
5839
5856
6031
5740
6544
5621
5962
6738
6113
5984
6046
6143
5942
6260
5960
5850
6849
6313
6060
6525
6180
6288
6713
5517
6712
5632
6964
5349
6024
6599
7198
5921
6268
6283
6089
6405
6453
6369
5629
5689
5233
5627
5669
6041
6077
5821
6890
6166
6042
5866
6637
6165
6440
6684
6267
6834
5747
6597
5830
5952
5761
6578
6141
6719
7185
5990
5640
6919
6169
6192
6172
6060
5726
6085
6112
6199
6753
6529
6453
7014
6050
5760
5772
6162
6320
6022
6137
5867
6444
5874
6175
6663
6580
5238
6649
6695
6519
5858
6539
7017
6301
6348
5668
6454
6074
6228
6489
5618
6181
6253
6668
6417
6369
5505
5778
6191
6997
6412
6449
5821
5562
6327
6411
5945
5756
5719
6509
6164
5784
6187
6274
5556
5819
6361
6436
5578
5829
5321
6090
5971
5812
6174
5639
5968
5257
5950
6708
6963
6059
6377
5848
5667
6824
6581
5929
6622
6719
7248
6253
6626
6358
5961
5686
6586
6257
6859
6355
6624
6455
6757
5864
5742
6491
6520
6259
5973
6107
5779
6791
6409
6013
7311
6038
6163
5931
6190
6862
5511
6126
5895
5623
6040
6001
6282
6571
5257
6363
6634
6986
6540
6954
6876
5779
6235
5991
6330
6167
5749
6404
6321
6196
6676
6233
6256
6121
5958
6137
6156
6525
5881
6060
6276
6236
6230
6148
6029
6127
5773
5853
5836
6035
5959
6306
6464
6061
6067
6551
6354
6568
6339
6326
5624
5587
6319
6458
5652
6463
5915
5773
6397
5715
5275
6296
5841
6135
5850
5358
6066
6309
5881
5926
5980
6482
6187
6067
5934
6481
6257
6618
5978
6130
6658
6172
6434
5657
5409
5900
5853
5202
6894
6035
5922
5991
5816
5782
6627
5893
5682
6761
6220
5862
6782
6568
6485
6349
6244
5978
5190
6005
5582
6377
5874
6613
6320
5875
5743
5876
5971
5866
5978
6234
6014
5829
6507
6405
6742
6196
6365
5846
6106
6026
5949
5767
5934
6583
5542
5670
6229
6140
5883
5328
5712
6055
6883
5730
6624
5889
6768
6469
6383
5778
6429
6620
6001
5954
6062
6400
5937
6765
6447
6948
6658
5350
6314
6204
7136
6096
6709
5704
6042
5620
6321
5924
6203
6801
6399
5447
5781
6351
6077
5977
5891
5629
6423
5964
6896
5958
6256
6876
5626
6368
6242
5655
5847
5742
6126
6060
5867
6132
6580
5886
5702
6675
5286
6266
6614
5818
6693
6860
6183
6215
6340
5910
6380
6620
6050
7385
5073
6252
6454
6387
6443
6191
5905
6049
5349
6557
6371
5409
6752
6312
5926
6008
7118
6288
7310
6114
6015
6004
5594
7090
5767
6300
6684
6269
5696
6701
5978
6291
5474
5746
6334
6498
6220
6151
6418
5831
5928
6412
6559
6260
6647
6382
6042
11956
13823
1044
8740
12620
311
7482
7141
12551
8060
15135
14633
14391
14573
14460
14054
14737
14570
13395
13883
14546
15089
14441
14592
14330
14256
14141
14774
14055
14972
14395
14339
15020
13953
13771
13731
14655
15041
13723
14821
13712
14237
14844
14083
13595
14644
13737
14991
14588
14094
14234
14718
14822
14593
14919
14572
14303
14318
14621
14339
14362
14528
14336
14411
14472
14447
14065
14336
14780
13912
14461
14910
14400
14570
13856
14317
15060
14049
13276
13881
14208
14285
13940
14601
14587
13829
14513
14822
14397
14856
14465
14710
14150
15157
14279
13713
14671
14465
13534
14308
14420
14203
14674
14425
14666
13943
14213
14147
14948
14199
13862
14624
14570
14094
14265
13967
14275
14441
14334
14351
14520
14344
14482
14292
13705
14461
14501
14758
14322
14013
13388
14526
14348
14248
14815
14292
14607
15014
13806
14014
14447
13934
13963
14593
14579
14177
14028
14816
13962
14052
13850
14407
14219
14545
14439
14209
14479
14507
14513
14111
13900
14336
14261
14296
14618
14046
13828
14401
14586
14193
14194
14235
13967
14138
14999
14296
14297
13779
14503
13937
14405
13549
14386
14867
14271
14291
14789
14966
14406
14850
14558
14194
14399
14661
14608
14133
14291
14571
14429
15206
13925
13512
13496
14400
14214
14076
14760
13565
14236
14431
14385
14391
14020
14102
14438
14286
14493
14940
14970
14541
14117
14314
14020
14656
13964
14216
13819
14677
14000
13968
14408
13528
13784
14274
14464
14562
14858
14143
14515
13967
14196
14741
14198
14221
14576
14169
13677
14376
14480
13640
14505
14527
14284
14437
14392
13918
14227
13924
14489
14410
13784
14370
14766
14917
14520
14642
14366
14015
14598
14696
14945
14188
14692
14198
14434
13780
14091
14321
14140
14340
13843
14743
13547
13768
13327
14034
14178
14171
14233
14262
14193
15262
15114
14274
14789
14509
14582
14636
14064
14299
14724
14101
14923
14605
14730
14147
14204
14495
14739
14632
15104
15259
14335
13807
14812
13987
13629
14703
14040
14324
13627
14117
14160
14846
14648
14368
14244
14705
14344
15029
14726
15220
14102
14514
14385
13568
14154
14296
14197
14148
14190
13772
14251
14414
14117
14652
14582
14857
14103
14426
14469
14726
14029
14765
15294
13951
14139
14479
14773
14808
14538
14621
15338
14478
14513
14470
14501
14938
14763
14105
14304
14654
14233
13716
14158
14121
13553
13965
14128
14291
14007
14325
14083
14552
14651
13932
14833
13826
14710
14312
14205
14561
14574
14360
14326
14349
13811
13957
14000
14204
14318
14506
14960
14392
15218
14753
15019
14457
14365
14206
15303
14067
13777
15094
14449
14353
14021
13826
13980
13995
13912
14412
14226
14723
13519
14004
14432
14200
13840
14506
13789
14555
14150
14280
13836
14490
14125
15099
14128
14566
14675
14456
14272
14911
14330
14464
14420
14256
14199
14437
14141
14248
14330
14326
13844
14725
13778
14180
14761
14130
14771
14637
13850
15069
14574
14581
13007
13711
14975
14454
14981
14287
14937
13793
14086
13792
14155
13889
14102
14340
14364
15083
14021
14431
13990
13726
13934
14045
13925
14016
13777
14034
14380
14169
13900
13768
14577
14060
14098
14072
13887
14721
14969
14887
14327
14386
14430
14275
14632
14121
14836
13713
14785
13545
14725
14584
14150
13796
13880
14668
13875
14637
14959
13136
14815
14569
15533
13956
14175
14033
14611
14534
14092
15124
13984
15016
14509
13650
14513
13980
14032
14233
13867
14930
14376
14455
14779
14429
14033
14285
13713
14544
14410
14192
14438
14095
13802
14563
14121
14673
14033
14086
14131
14172
14799
14381
14193
14784
14679
13579
14253
14353
14843
13993
13652
14509
14584
14305
14518
13683
14309
14417
14587
14289
13970
14220
13793
14743
14286
14257
14343
14593
14105
14094
14015
14204
14179
14214
14303
14184
14370
13601
14561
14488
14628
14056
13788
14773
14836
14235
13806
14251
15071
14291
14467
14147
14050
14399
13838
14552
13679
14880
14891
14345
14013
13891
13806
14248
14705
14636
14011
14132
13416
13839
13987
13988
14137
14208
14662
15327
14755
14488
14473
13641
14206
14210
14360
14024
14524
14194
14446
13937
14650
14001
14409
14148
14123
14794
14496
14480
14958
14363
13969
14196
14786
14569
14730
14348
14409
14677
14589
14284
14491
14139
14039
14291
14665
14239
13982
14026
14355
14344
14601
14544
14232
14609
14252
13932
14320
14330
14134
14912
14002
14331
13979
14268
13257
14285
14547
14209
13951
14585
14146
14487
14946
13861
13853
14575
14212
14527
14546
14013
14100
15111
14219
14151
13664
14711
14047
13925
14723
14400
14218
14383
14530
14154
14411
13314
14443
14484
14543
14134
14694
14629
14973
13920
14154
14573
14529
14119
14035
14529
14284
14534
14819
14119
14835
14676
14616
14592
14291
14729
14385
14575
14087
13949
15286
14315
14215
14733
14957
14060
14682
13876
14667
14719
15437
14570
13861
14632
14433
15006
14717
15205
14237
14481
14331
14439
14478
14188
14218
14308
14280
14904
14486
13776
14050
14234
13922
14327
14875
14071
14790
14413
14059
14366
14028
14673
14198
14571
13611
14451
14089
14811
15070
14540
14933
14611
15107
14009
14649
14689
14888
14482
14339
14776
14176
13980
13784
14269
13865
14772
14345
15320
13995
15022
14217
14209
13475
14141
15236
13503
13815
13684
15180
14868
14576
13979
13990
14274
14377
13942
14995
14191
14389
14004
13819
13334
14287
14574
14085
14462
14140
14391
14159
14045
13871
13965
14282
14106
14444
14946
14770
14988
14721
14101
14504
14487
15063
14456
13837
14061
14368
13746
13894
14180
15058
14616
14661
14453
14094
14916
14825
14430
15025
14735
14170
13549
14480
13863
13921
13780
14587
14187
15385
14264
14679
14435
14840
14909
13735
13679
14351
13984
13952
14563
13942
14347
13794
14585
14676
14450
15110
14491
14727
13388
13707
14424
13443
14446
13887
14205
14465
14375
13638
13756
14012
13816
13873
14020
14904
14251
14749
14868
14220
14170
13905
14326
14282
14211
13870
13801
14746
14616
14820
14251
14107
14469
14782
14736
13672
14736
14884
13726
14385
13788
14707
14266
14837
14098
13919
14579
14154
14251
14841
15060
14303
14510
13482
14062
14728
14495
14180
13877
14651
14339
14122
13821
14237
13956
14269
14119
14011
14209
14350
14169
14053
13753
13854
14271
14435
13917
14758
14004
14502
14362
14775
13907
14199
14833
13995
15076
14676
14697
14145
13876
14008
14451
14122
13815
14486
14822
14379
14327
14596
14134
14791
14290
14730
14105
14171
14645
14394
13859
15030
14231
13635
14455
14196
14434
14522
14565
14255
13949
13964
13657
14291
13897
15193
14135
14265
14333
15034
14350
13919
14394
13964
13727
13764
13680
13212
14388
14273
14734
14149
14182
14791
14216
14291
13829
14241
13982
14375
13451
14257
14589
14563
14040
14499
13807
14223
14207
14071
14026
14547
13935
14418
14420
14692
14042
13922
13612
13639
14186
14981
14366
13758
14420
14028
13902
13379
14836
14491
14109
14596
13885
15166
14328
14102
14804
13096
13866
14503
13963
14646
13748
13778
14831
14509
14330
13930
14645
14997
14285
14470
13697
14684
14647
15567
14527
13763
14709
14353
14589
13520
13980
14571
13989
14577
14230
14816
14721
15160
14403
14271
14949
13646
14636
14122
14287
14796
14859
15135
14523
14134
14339
14244
13740
14350
14289
14269
14062
14386
15087
14939
14298
14674
14354
13194
14344
14534
15003
14691
14791
14496
15106
13345
14675
14152
14492
14391
14342
14638
14063
14083
14227
14650
14339
14179
14775
14769
15177
14407
14257
14963
14267
14149
14306
13757
14433
14834
14369
13957
13893
15061
13887
14536
14039
14256
13813
14335
14444
14573
14341
14971
13944
14290
14629
13864
14300
14527
14403
14701
14418
14512
14359
14593
14659
14425
14043
13759
14894
14838
13953
14546
14210
14318
14675
14580
13730
14212
14362
14046
14220
14396
14414
14016
14079
13802
14104
13883
14079
14542
13716
13714
14157
14841
14546
14291
14144
13845
14147
13936
14240
13934
14212
14078
13667
14482
14644
14335
15244
14741
14632
13670
14030
14525
13792
14481
14356
14509
14798
14325
14789
13572
14902
14199
14415
14663
13984
14439
14616
13853
14670
14209
14022
14904
14219
14457
14395
14317
14693
14941
13714
14255
14469
13510
14921
14797
15057
14360
14569
13540
14978
14580
14442
14348
14181
14300
15339
14349
14187
13342
13698
14559
13787
14155
14038
14295
14502
14949
14448
13819
14120
14065
14712
14463
13854
14118
14319
14198
14461
14250
15033
14668
15016
14502
14092
14354
14386
14947
13897
13865
14792
14051
15197
14029
13757
13760
14306
14686
14544
13896
14681
14681
14005
14263
14234
14429
14253
14384
14664
14532
13961
14079
14466
14652
14515
14308
14200
14438
14394
13947
14414
14537
14675
14283
14369
15117
14092
14714
13956
13838
14614
13957
14030
14073
14588
14838
14091
14862
13442
14393
14094
14753
14641
15154
14238
13967
14783
14792
14573
14491
14539
14353
14319
13574
14147
14426
14872
14037
14541
14297
14235
13731
14808
14163
13366
13750
14605
13733
13867
15075
13870
13980
13864
15061
13981
14259
14169
14512
14160
14531
14693
13582
14606
13941
13776
13999
14449
13696
14246
14808
14719
14772
13949
14482
14326
14721
14135
13737
14152
13866
14499
13687
14617
14484
14903
14428
14726
14293
14174
14293
14123
14525
14807
14176
14643
14897
13449
14328
14431
14026
15544
14497
14590
14694
13878
14097
14357
14158
14009
14021
14539
14244
14068
14425
14382
14595
14501
14218
13738
14778
14190
14846
14747
14566
14534
14824
14514
13988
14061
13853
14442
14270
14066
15104
14227
13690
14625
14494
14456
13878
14045
14205
13926
14797
14445
14283
15113
14096
14702
14011
14483
14606
14698
14757
15079
14557
14309
14489
14092
14286
14652
13992
14021
14401
13956
14577
14616
14553
14461
14328
14470
13657
14181
14937
14766
13860
13816
13894
14753
14761
14683
14534
14711
14830
14457
13516
14799
14488
14397
13979
14237
14408
14740
14628
14310
14912
13981
14635
13612
14644
14438
14166
13908
14427
14566
14387
14235
13888
13935
14452
14458
14451
14207
14478
13439
14329
14412
14269
14567
14250
14613
14865
14209
14594
14980
14540
14306
13902
14841
14249
14781
14129
14037
14667
14424
14338
14571
14552
14434
15171
15026
13651
14405
13807
13974
14419
14519
13693
14711
14184
14699
13923
14289
14155
15114
14456
13984
14634
14030
14590
14040
13535
13857
14807
14160
15020
14240
13816
14973
13808
14969
14424
13985
14742
13901
13862
14835
14539
14309
14407
13224
14420
14142
14132
14326
14041
14351
15043
14386
14293
14662
14503
14245
14971
14882
14360
14409
14612
14390
14111
14056
14191
14791
14396
14457
14078
15277
13415
14520
14274
13994
14128
14293
14376
13990
13496
13916
14807
14335
14556
14998
14156
14526
14292
14224
14375
14611
14701
13750
14689
14458
14830
13757
14727
13883
14269
14177
13976
13905
14737
14591
14546
14572
14805
14435
15087
14171
14441
14367
13811
14659
14655
14261
14640
14288
14322
14036
14688
14921
14939
14264
14654
14796
14537
14186
13554
15118
14020
15201
14045
14142
14869
14945
14054
15480
12952
14426
14254
14757
14336
14416
14491
14458
14177
14430
14421
14324
13746
14550
14261
15228
14905
14366
14666
13922
14587
14247
14757
14906
13650
13893
14533
13630
13853
14318
14530
14426
14073
14659
14240
14451
15009
13986
14202
13942
15352
14180
14167
13654
14292
14982
14637
14876
14588
14564
13892
14275
14819
13877
14214
14212
13711
13740
14115
13906
14899
15087
14295
14261
14020
13740
14673
14844
13924
14367
14766
14195
14189
14535
13399
14648
14557
14052
14301
14124
14248
14758
14520
13781
14206
14675
13939
14099
13879
14090
13826
13978
14186
14540
14191
13942
13728
13916
13887
14850
14496
14120
13872
14280
14102
14552
14620
14345
13804
14112
14301
14399
14197
14287
14883
14792
14500
14603
14160
14194
14111
14429
14453
15504
14167
15005
14428
14448
14377
14518
14422
14126
14256
14875
14764
14249
13913
14829
14109
14170
13563
13616
14848
13727
14398
14290
14004
14242
14179
14308
14032
14276
14321
13726
14950
14180
14281
13518
14126
14440
15104
14008
14822
14984
14048
14552
13991
14562
14504
14273
14507
14597
14700
14473
14698
15031
14785
13934
14254
14514
14630
14422
14103
14139
13952
14215
14628
14577
14796
14457
14697
14096
14530
14224
13846
14558
14167
14224
14228
14840
13316
14657
14631
13840
14357
14561
14252
14309
13541
14142
14676
13749
13497
14511
14584
14293
14392
14123
13947
14142
13703
3472
16079
8078
14182
7696
1581
13635
3908
14372
6812
12093
2344
11951
13302
7046
9494
3463
10963
13415
2439
18159
18179
18598
18593
18607
18474
18509
18263
18744
17870
18122
18093
18613
18767
18881
18407
18722
18050
18396
17457
18344
18745
18614
18014
18823
18452
18704
18141
18422
17900
18217
18328
17955
18617
18873
18194
18276
18815
18429
17669
19373
18136
17759
18297
18483
18816
18363
18613
17456
18354
18354
18427
18417
18774
18684
18636
17821
19331
18112
18768
18589
18989
18632
17851
18244
19067
18680
19436
18132
19055
18573
18447
18144
18465
17925
18408
18708
19087
18773
19342
18860
18312
18198
19036
18813
18497
18820
18067
18527
18109
19095
18357
17555
18860
18674
18042
18603
17960
18705
18227
18711
18425
18283
17912
17828
19026
18668
18259
18623
18317
18726
18083
18267
18534
18371
18567
18898
18554
18666
18225
17509
18453
18363
18466
19031
19173
18277
18641
18451
18493
18418
18625
18000
18470
18460
18226
18027
17987
18334
17853
18557
18261
18878
18302
18283
18809
19016
18441
19123
18474
18936
18144
18529
18306
18949
18284
18854
18274
18440
18333
18560
17628
18635
18032
17588
18011
18196
18526
18577
17655
18157
18222
18091
18676
18082
18446
19071
18003
18303
18196
19080
18375
18703
18885
17853
18430
18899
18341
17651
18805
18356
18945
18539
18249
17960
19364
18578
18629
19274
18468
18723
19027
18650
18905
18799
18879
18062
18348
18224
18280
18609
18433
18460
18287
17958
18102
19141
18290
19304
18337
18198
18226
17941
18408
19352
18342
18192
18395
18557
18063
18674
18083
18121
18629
18712
18770
18621
19088
18490
18013
18498
18303
18627
18726
17995
18787
18546
18774
18461
18513
18274
18968
18785
19122
18742
17938
18264
18411
18914
18859
18964
18005
17886
18278
19064
19042
19038
17716
18040
19693
18030
18686
18663
18278
18692
18986
18400
18661
18423
18242
17713
18502
19047
17988
18235
18182
18306
18736
18541
18269
18126
18569
18657
17759
19050
18123
18815
17831
18612
18590
18168
18628
19280
18466
18675
17861
18009
17582
18938
17749
18918
18154
19003
18191
18749
18394
18551
18642
18022
18269
18566
18441
18040
18760
18665
18468
19241
19130
18738
18530
18852
18338
18705
19258
18156
19000
18407
18109
18711
18063
18300
19362
18453
18000
18953
18703
17558
18239
18553
18419
18949
18410
18710
19176
17967
18817
18396
17975
17881
18269
18337
18390
18292
18279
18389
18618
18845
18255
19149
18000
19294
18245
18449
18839
19000
18384
19034
18368
18522
18237
18490
18382
18740
17974
18287
17899
18503
18860
18628
18340
17699
19363
18287
18680
17757
18362
18231
18496
18721
18423
18156
17808
18225
17797
18254
18209
18856
19102
18439
18915
18940
18682
17640
18423
18089
19017
18617
17624
18715
17896
18291
18464
18709
18232
18384
18304
18101
18527
18159
17875
19134
17844
18079
18251
18229
17738
18721
18932
17708
18496
19384
18310
18672
17772
18916
18292
18148
18332
18516
18568
18685
18782
18779
18139
18946
18881
18698
18375
18406
18734
18379
18077
18727
18846
18254
18172
18346
19525
19748
18630
18509
18348
16989
18600
18419
18397
18306
18070
18354
17906
18646
18990
18457
18808
19143
18153
18372
18823
18620
18203
18454
18200
19130
18209
18311
18678
18332
18524
18637
17926
18907
19485
18457
18430
18360
18313
18951
18813
18483
18617
17951
17802
18345
18758
19048
18182
18610
18530
18168
18305
18457
17988
18241
18997
17875
18422
18521
18752
18679
18115
18677
17421
18001
17693
18440
17382
18515
17776
18406
18451
18623
18337
18626
18185
17922
17751
18877
18219
18522
18545
18826
17981
18693
17234
18959
18139
18643
18369
18070
18268
18589
18781
18377
18534
17572
18379
18294
18415
18488
18242
18592
18806
18260
18467
18412
18710
19199
18783
17912
18616
17923
18663
17470
17875
18218
18815
18750
18334
18626
17931
19364
18383
17699
18209
18522
17823
18501
18112
18832
17996
18021
17791
18902
18162
17693
18374
19169
18447
18606
18705
18028
18065
18682
18520
17796
17999
18690
18175
18924
18236
17540
18303
18421
19460
18091
17759
17728
18481
18749
18126
18997
18557
18328
18707
18168
19003
17792
18559
18937
18264
18348
18465
18036
18095
18324
18731
18693
18292
18312
18680
19241
18047
18786
18318
18471
18197
18135
18605
18006
18133
18450
18446
18491
19032
18770
19935
18841
18687
18617
18616
18566
18536
18562
18536
18850
19201
18592
18648
18136
18815
18299
18481
18386
18222
18305
19171
18272
18797
18523
18508
18022
18512
18132
18313
18917
17842
18765
18337
18381
18166
18117
18223
18527
18077
18714
17839
18504
18352
18361
18112
18265
18266
17815
19276
18571
19067
18319
18493
18736
19164
18768
18556
18816
18193
18522
17646
18820
18190
18475
18610
18426
18584
17610
18888
18298
17646
18222
19311
18401
17521
18277
18433
18124
19058
18363
18356
18099
18344
17857
18388
18284
18284
18441
17941
18439
18115
18294
18128
18855
18738
18313
18578
18228
18338
18338
18620
18613
18274
19237
18426
18147
18486
18761
17965
18145
17902
18138
18017
18117
18448
18021
18490
18355
17991
18817
18589
18015
18458
18419
18249
18514
18428
18538
18390
18446
18409
18470
18062
18553
18905
18612
18117
18252
19204
18146
18712
18246
18203
18862
18774
18758
17889
17894
18646
18526
18094
18294
18555
18372
18498
19426
18252
18496
18458
17951
18430
18746
17804
17954
18723
18379
17828
18613
18230
17638
18594
18692
17931
18062
18454
18698
18460
18125
18033
17954
17634
18679
17975
18002
18883
18313
18326
18862
18421
18849
17980
19188
17884
18312
17698
18879
18596
19158
18902
18184
18482
18164
18621
18401
18802
17759
18166
18963
18038
18003
17715
19192
18036
18599
18520
18166
18058
17902
18736
18615
18569
17742
18560
19055
19156
18501
18757
18870
17911
17597
18289
18525
18618
19121
18027
18888
18173
19119
18813
18443
18868
18085
17805
18872
18787
19040
18316
18902
18039
18916
18136
17748
18043
18364
18311
18624
19009
18344
17837
18010
18546
18403
17539
18327
18201
19216
18608
18545
18501
18294
18426
18948
19056
18273
18307
18510
17726
18773
18432
17953
18416
19132
18957
18100
18081
18428
18302
18750
18400
18128
18819
17487
18629
18258
18496
18501
17871
19302
18594
18015
18297
19022
19041
18329
18522
19030
19539
19115
18852
18796
18015
18655
18981
18216
18779
18359
18473
18738
17984
18582
18210
18669
18343
18235
19829
18451
18688
18593
18714
18718
18169
18942
18342
18286
18246
18225
18653
18620
18101
18857
18680
18872
18091
18842
19357
18195
19167
18501
17861
18804
18732
18538
18681
17640
17729
18606
18056
19084
18666
17616
18567
18507
18182
18741
18160
18754
18984
18326
17846
18675
18537
18099
18651
17884
18744
18256
18209
18097
19600
18432
17686
18409
18422
18616
17956
17452
18353
18952
18459
17925
17569
18070
18673
17982
18400
18653
18467
18591
18998
19127
18673
19295
18839
18012
18217
18043
17973
18547
18203
18692
19017
18342
18451
18290
18210
18556
18742
18370
18582
18419
18271
18421
18617
18882
18070
18334
17586
18506
18593
18076
18898
19156
17818
18902
18159
17613
18768
18875
18392
18666
19063
18551
18200
17854
18634
18747
18518
18784
18524
18494
18298
18057
18924
18293
18428
18670
18487
19109
18505
19000
19044
18301
18066
17956
18469
18195
17933
18430
18487
18959
18277
18521
18815
18141
19211
17561
17658
18051
19237
18739
18395
18989
19010
18876
18433
18253
18031
18545
18314
18527
17820
17943
18126
18222
18635
18366
18421
18606
18118
17634
18752
18285
18518
18973
18377
17649
18494
18605
18396
17549
17840
18450
18310
19069
18261
18791
18321
17949
18485
19238
18315
19038
18320
18586
18318
18706
18424
18572
18599
18158
17927
18190
18652
18722
18567
18176
18574
18525
18519
17987
18443
18576
17970
18222
19111
18782
17880
18360
18373
18287
17506
18225
18320
19033
18087
18157
17845
17580
18517
18685
18793
19210
17950
18103
19385
18430
18367
18490
18737
18721
18034
19399
18998
18713
18075
17803
18438
18630
18361
17299
18099
18408
18537
18691
18294
18749
18555
18187
18314
18600
17497
18907
18186
18447
18381
18392
18447
18728
18710
19103
18541
18647
18574
18429
18214
18565
17772
18924
18576
18205
18517
18384
18840
19934
18227
18257
17568
18596
19526
18632
18389
19616
18796
17967
19068
18559
18181
18287
18825
18577
19037
19038
18422
18909
18448
18551
18497
18647
18387
18838
18095
18802
18896
17722
18397
18750
18362
18711
18310
18136
18326
18500
18179
18055
18540
17984
18231
18827
18897
17947
18896
18782
18133
18146
18743
18598
18778
17744
18394
18320
18189
18353
18385
18958
17906
18094
18110
18311
19141
18384
18526
18503
18095
19195
18037
18056
17995
18582
18044
17807
18529
19044
18056
18395
18739
18091
18054
18636
18451
17611
18132
18134
18957
18172
18039
17961
18633
19669
18188
18241
18814
18832
17693
18274
18113
18287
17746
18218
18683
18075
18504
18178
18436
18361
18545
18527
17646
19117
18398
17932
18866
18696
19567
19299
18204
18628
18646
17876
18616
18257
18277
18373
18233
17918
18967
18582
18318
18936
18880
18658
18295
18611
17502
17733
18364
18086
18439
19215
18564
19324
18710
18271
18488
18305
18482
18440
17661
18970
18556
17925
18618
18085
18872
18520
18579
18505
18478
19200
18380
18004
18106
18019
18374
17964
17984
18621
18788
18697
18903
18468
18549
18338
19048
18366
18241
17713
18610
18571
18572
18043
18910
18588
18261
17986
18277
17682
18326
18464
18642
19087
18883
18177
18469
17963
18478
18633
18371
18072
17896
18827
19688
18346
18646
18786
18808
18132
17461
18827
18913
18448
18579
17690
19048
18333
18917
18374
18177
18759
18298
18824
18602
18124
19271
18744
18441
17943
18468
18143
18524
18781
19036
18902
17805
17926
18436
18916
18317
18077
17486
18373
18974
18599
17901
19005
18575
18833
18904
19398
18702
18640
18899
18156
18694
18739
18823
18464
17850
18060
18117
18297
18616
17929
18429
17844
18635
18788
18784
19172
18121
17971
17747
18580
17909
18408
17962
18243
18426
19281
18765
17957
18101
18830
17963
18581
18254
18865
18746
18596
17813
18218
18310
18231
18505
18096
18324
18451
17976
18562
18940
18369
18123
18639
18963
17904
18444
18224
18537
18198
18959
18508
18552
18509
18150
18505
18570
18416
18892
18589
18792
18283
18380
18539
18636
18060
18885
18118
18818
18574
18739
18079
19383
17485
18619
18968
17961
18651
18812
18612
18838
18102
18980
18597
18656
18335
18082
18901
18419
18342
18645
18073
18161
17509
18456
18250
18012
18331
18543
18760
18658
18736
18819
18925
18120
18027
18279
18127
17888
18366
18132
18500
18709
18479
17920
17518
18468
17822
18344
19624
18628
18857
18099
18567
18197
18274
18128
18620
18917
18861
18495
19123
18744
17942
19023
18750
18038
18199
18724
18451
18910
18656
18014
18380
18188
18732
19198
17925
17873
18338
18425
19006
18728
18563
18378
18221
18360
18288
17605
17763
18730
18071
18582
18230
19098
18310
19107
18569
18510
18218
18919
18368
18062
18034
18678
18416
18136
18718
19163
19651
18708
17930
17903
18657
18572
17555
18211
18104
17810
18538
18748
18704
18417
18102
18200
19038
19074
18658
18850
17973
18325
18750
18467
18610
17768
19203
18741
18107
18324
18847
19376
18514
18285
18266
18931
19015
18270
17806
18819
18936
18300
17764
18708
19093
18917
18127
18653
18549
18260
18410
18479
18450
18367
18813
18613
18801
17816
18193
17759
17917
18557
19167
17688
18344
18220
18583
18257
18814
18782
18680
18692
18604
18800
18444
18364
19054
18835
18106
18479
18730
17938
18101
18344
18235
18100
18868
19519
18747
18422
17739
18436
18339
18476
17916
18616
18807
18076
18334
18470
18259
18481
17922
19057
18264
18654
18244
19201
18246
18798
19096
19074
17831
18887
18189
18604
18551
18057
19315
18572
18674
18613
18066
17802
19044
18482
18481
18446
18277
18747
18665
18313
18377
18707
18597
18813
18882
18027
18291
17775
17921
18915
18437
18434
18994
18624
17337
18022
18595
18628
18327
18037
18642
18194
17636
18548
18517
18310
18483
18885
18345
19216
18398
18437
18216
18873
18502
18285
18571
18712
19028
17721
19129
17965
18423
18490
18307
18446
18365
18252
18333
18742
17496
18885
18603
18691
17426
17657
18224
18795
18385
18605
17663
18913
17974
18158
18337
18154
18796
18607
18563
18618
17885
18176
18501
18316
18439
19209
18242
18237
19260
17191
18579
18716
18385
19088
18548
18118
18295
18382
18545
19002
18785
18474
18825
18785
18232
19259
18699
18027
18599
17796
18497
17979
18077
18386
18311
18409
19845
18778
17993
18118
17839
18294
18316
18231
18721
18700
18481
18447
18754
18387
17984
18285
17606
18596
18615
18841
18619
18483
17882
18571
18773
17801
18735
17990
18330
18557
19195
18996
18607
18396
19029
17843
18132
18454
19106
18571
18243
18621
18643
18425
18669
19019
18511
18581
18853
18785
18525
18570
18989
18614
17805
18760
18085
18578
18223
19072
18538
18025
18258
18407
18707
17533
19827
18980
18866
18500
18650
18272
18321
17918
18433
18430
18345
18896
18478
18724
18431
17955
18760
17825
18143
18312
18566
18755
19009
18735
18722
18462
17825
18922
18440
18508
18613
18434
18749
18413
18093
18207
18758
18822
17601
18655
18428
17453
18433
18343
18193
18478
18450
19209
17976
18575
18721
18481
18800
19015
18692
4150
9446
9748
5256
3884
6305
9802
5734
8318
2425
9448
196
7957
490
9584
2114
6251
2868
1476
8926
9978
10452
10765
10532
10038
9534
10212
9993
10869
10120
9792
10179
10637
10584
10349
10292
10348
10873
9996
10441
9475
10083
10803
10180
10354
9995
10101
9673
9981
10378
10798
9572
9472
9970
11018
9644
9769
10173
10508
10494
10319
9768
10717
10204
9754
10205
9954
9603
10441
10881
11011
10358
10394
9842
10470
9944
10374
10511
9487
11030
9595
10648
10426
9723
10343
11078
10873
10413
10549
10574
10741
10658
10331
10834
9615
10313
10154
10759
9876
9532
9759
9907
10529
10350
10677
10261
10031
10205
10151
10486
10309
10844
9788
9995
10363
10555
10012
9886
10096
10282
10746
10258
10723
10018
10189
10402
10024
10055
10213
9350
10606
10530
10380
10060
10222
9805
9714
10103
10211
10090
10662
9856
10363
9809
9506
9996
10291
10208
10182
9838
10583
10299
10807
10235
9836
10136
9931
9785
10556
10780
10287
9958
10145
10854
11016
9540
10389
10453
9770
10139
10829
10116
10071
10269
10471
10078
10407
10190
9570
10001
9518
10394
10378
10758
9987
10031
10033
10340
9430
10356
10266
9917
9582
10450
9747
9367
10449
9707
10704
10337
9507
10627
10467
10322
10095
10238
10643
10902
10602
10470
10067
10284
10373
10526
9651
9053
10809
9370
10301
10657
9546
9999
9233
10229
10039
10042
10044
9735
9731
10185
10854
9589
10582
10539
10984
9848
11196
10430
10149
10069
10120
10146
10050
10594
10851
10578
9995
10115
10338
9964
10251
9891
10705
11140
9957
10012
9913
10847
9848
9848
10127
10440
10020
9561
10739
10533
10247
9965
9607
10497
10672
9990
10504
10644
10200
11057
10067
10160
10487
10487
10616
10795
9670
10152
9338
10860
9735
10425
9541
9571
10378
10764
10724
10293
10606
10839
10429
10727
10769
11461
10662
9644
10310
10022
11040
9738
10262
9763
9804
10120
10031
9987
9997
10818
10452
9533
10045
9771
10575
10631
10688
10353
9856
10068
10501
10497
10609
10069
10081
10239
10216
10793
10611
10308
10497
10190
9988
9882
9983
10475
9771
10071
10336
9720
10015
9975
10710
10054
9659
10606
10915
10424
9851
10223
11227
9046
10430
10028
10459
10449
10386
10267
10713
9945
9865
10601
10461
10430
10030
9934
9965
10758
9832
10425
9994
9291
9665
10339
10377
10066
9999
9796
10248
9622
9996
10099
9983
10598
10834
10234
9984
11012
10407
9205
9914
9846
10695
10210
10867
9603
10907
10028
10679
9847
10734
10751
10403
10315
8973
10208
10246
10005
10248
10267
10722
10688
9503
10970
9812
10381
9803
10082
9707
9880
10636
10129
10419
11069
9921
10344
9823
9832
10658
10783
10011
10918
10179
9746
10351
10919
10418
10166
10119
10065
10699
10029
10285
11255
10013
10466
10098
9877
9807
10304
10542
10631
9743
10140
10855
10141
10702
10138
9496
9847
10802
9732
10528
9869
10116
10622
9987
10362
10718
9760
10094
10444
10464
10052
9893
10463
10623
10645
9797
9732
10985
10188
10419
10552
9804
10218
10202
9621
9985
10727
11176
9732
9857
11011
10324
9683
10114
10883
9960
10209
10223
10596
10164
10702
10878
10293
10501
10076
9743
9860
10285
9893
10799
10374
10137
11085
10013
10074
10510
9763
10304
10514
9886
10035
10767
10507
10185
9730
10241
10289
10055
10459
9739
9859
10684
10393
9966
9622
10301
10383
10625
10347
10573
10089
11411
10024
10658
10824
10553
10021
10447
10636
10994
10325
10938
10037
10571
10748
10737
10985
10504
10698
10619
10066
10621
10312
10088
10634
9870
10246
9973
10096
9371
10569
10140
10068
10004
10501
10494
10630
9861
9967
9600
10591
11073
9744
9636
9955
10131
10084
10236
9687
10067
10627
10074
10191
9581
9835
10347
10205
10098
9503
9835
10108
10244
10790
10276
9930
9657
9651
10253
10422
10894
9781
10209
9451
10228
10607
10084
10244
9764
9385
9839
10536
10067
9429
9813
10624
10370
10484
9709
10337
9759
9521
10629
10202
10618
9602
9990
10740
10666
10052
10205
10353
10503
10143
10055
11015
9803
10175
9925
10526
10509
10311
10609
10835
9768
9555
11178
9503
10364
10976
10050
11516
9953
9657
9418
10796
10657
9354
10823
10683
10767
10567
10010
10383
10561
10202
10368
11017
10871
10378
10261
10153
10370
10418
10821
10367
9552
10172
10645
9656
10025
9405
10073
9670
9827
9862
10238
10133
9924
10094
9477
9803
9528
10411
10133
9756
10268
9728
10054
9740
10259
10469
10503
10695
9987
10016
10763
10575
10304
9619
10290
10865
10105
10900
10861
9728
11107
10013
10799
10164
9976
9688
10563
10670
10837
10557
9629
10821
10418
10606
10327
10512
10900
10420
11204
10804
10573
10659
9898
9759
9809
10315
9973
10472
10493
9960
10171
10387
9463
10616
10556
10709
10649
10070
10336
10041
10308
9676
10790
10837
9488
10109
10450
10441
10618
10494
10477
9890
8946
9897
10165
9560
10172
10835
9960
9663
10762
10280
9690
9532
9351
10267
10384
9772
10273
10606
9663
10062
10344
10462
9547
10349
9790
10172
10602
9681
10786
10412
10421
10825
10811
10136
10626
10262
9839
10660
10365
10602
10473
10216
10183
9880
10166
10214
9558
10170
9924
10112
9775
10484
10368
10359
10277
10776
9900
10601
10479
10251
10422
10369
10717
9607
10869
10369
10439
10404
10053
10194
10765
10465
10062
10202
10135
10400
10381
10402
10192
10585
10187
10143
9933
10495
10151
10077
10494
10673
9843
9817
10707
9924
9500
9734
10144
10128
9678
10643
10039
9762
9921
10382
10056
10487
10552
10121
10407
10206
9704
10408
10388
9714
10162
10891
10595
10602
10629
10754
10149
10079
9947
11298
9830
9826
9309
10207
9973
10535
9423
10053
10425
10624
10097
9914
10552
9820
10236
10211
10860
10303
11190
10497
10326
9873
9673
10713
9860
10250
10293
10139
10978
10487
10267
10100
9695
9715
10186
10203
10132
10311
10672
9820
10434
11172
10392
10312
10144
10001
10075
10171
10339
10099
10027
9948
10217
9777
10640
10125
10571
10261
10710
9744
9843
9738
10101
11343
9991
10473
10362
10588
10890
10537
10663
10067
10806
9981
11026
9713
10257
10729
10464
10157
10411
9835
10228
9997
10276
9634
9822
10731
10223
10390
10381
9932
10271
10342
10140
10992
10594
9729
9848
10080
10488
9939
9773
10157
10276
9501
10152
10376
9473
10078
9807
9143
10333
10827
10143
10247
9612
10397
10257
9801
9530
10149
9536
10923
10962
10539
9767
10133
10665
10075
9606
9900
10513
9944
10580
9805
9863
10188
10525
10502
10795
9816
10491
9643
9659
9846
10113
10461
10528
10406
10425
10804
10019
10713
10618
10052
9603
10646
10251
9387
10200
10006
10200
10118
10527
9853
10231
10259
10441
9527
9987
9864
9973
10008
9919
10180
10203
10303
10637
10090
10870
10246
9837
10579
10247
10588
9904
10226
10390
10332
10657
10295
9853
10084
10211
10187
10562
10773
10510
10456
10525
10602
10484
9131
11225
10310
10732
10128
10405
10746
10903
10908
10250
10121
10204
10911
10875
10107
9767
10155
10740
10599
10044
9748
10530
9994
10284
10083
10820
10243
10359
10366
10371
10660
10377
10427
9850
10587
10407
10322
9847
10132
10641
10328
10238
10185
9888
11113
10281
9985
9936
9897
10474
10400
10137
9633
10239
10067
9735
10698
10568
10141
10377
10693
10265
10189
10427
9302
9965
10576
9897
10499
10062
9644
9858
9617
9818
10107
10164
10498
10535
10272
9952
10303
10237
10495
9317
10511
10330
10330
9570
9653
10172
9938
10050
10257
10462
10279
9635
9522
10194
9676
10309
10706
10255
10541
10728
9833
10043
9938
9755
10313
9724
10328
10594
10471
9914
9890
10550
10271
9835
10155
9929
10293
10028
9678
10243
10294
10746
10329
9617
10426
10002
9903
10305
10721
10543
10183
11056
10907
9875
9911
10386
10050
9730
10103
9800
9730
10802
9580
10453
9978
9958
9383
10639
10084
10006
10393
10283
10510
10944
9946
10798
11117
10769
10773
10236
10456
10685
10380
10608
10333
10086
9418
10177
9937
10732
9876
9914
9938
10706
10081
10111
10679
10993
10767
10647
10864
10214
10133
9896
10387
10234
10364
9535
10591
10150
10220
9798
10211
10570
10645
10611
9979
10324
10101
10447
10881
11135
10777
10646
9616
9201
10143
10211
10639
10508
11006
9966
10284
9961
9951
11071
11003
10238
9866
10112
10950
9828
10134
10609
10193
10325
10620
10040
9975
10204
10459
10364
10382
10073
9835
9227
10571
10355
10548
9729
10155
10149
10411
9951
10215
10356
10548
10182
10030
10065
10466
10546
10659
9934
9977
10494
11291
10278
10051
9904
9809
9755
9882
10934
10974
10178
10178
10890
9812
10095
10705
9973
10188
10591
10469
10063
10159
10464
9915
10370
10109
10277
10064
10180
10401
10585
9821
10682
9799
10008
10614
10468
9931
10021
9764
10966
10460
9902
10266
9831
10039
10405
10863
10933
10420
10664
10508
10086
10254
10087
9834
10339
10454
9745
10839
10450
9443
9617
10606
10283
10368
10121
10042
10903
10022
10018
10036
10077
9652
10002
10521
10635
10453
10016
9770
10622
10668
10228
9728
9446
9476
9984
10428
10269
10299
10600
10228
10330
10507
10075
10202
10370
10879
9482
10263
8908
10317
10224
9851
10262
10115
10837
9540
10168
9980
10495
9682
10820
10686
10652
9666
9786
11002
10717
10598
9924
9908
9757
10487
10293
10496
10649
10285
10037
10102
10460
10739
10127
9998
9791
10240
10033
10247
10186
10808
10812
10383
10035
10687
10368
10935
9834
10680
10126
10672
10046
10660
10018
10147
10382
10853
9863
10371
9857
10211
9503
10370
10659
10250
9999
9912
10253
10195
10627
10290
10417
9837
9997
10165
10514
10862
9841
10321
10421
9855
10443
9818
10119
10440
9678
10113
10520
10158
10593
10535
10404
10019
11020
9830
11416
9382
10437
10453
9553
10379
10065
9827
10505
10105
10172
10460
10299
10487
10799
10551
9642
9558
10222
10013
9323
10724
9601
9807
10441
10439
10723
10025
10171
10434
10410
9610
9501
10421
9896
10423
10451
9298
10303
10413
10107
10029
9589
10359
10347
10397
9975
10118
9934
10824
10289
10092
9914
10535
9731
9762
10709
10282
10497
10306
10080
10620
10529
10640
9271
10055
11059
9983
10374
10350
9591
10242
10702
10180
9808
10172
10398
10434
9744
10802
10684
9984
10017
9993
10235
10596
11088
9449
10082
10294
10655
9767
9466
10019
10499
11003
10129
10020
10008
10198
10913
10834
9793
9983
9839
10214
10475
9848
9530
10232
10720
10120
10478
10055
9948
10278
10986
10127
10324
10552
10514
10913
10035
10485
10265
9950
10480
9907
10704
9697
9763
10092
10609
10860
11178
10214
10723
10321
10043
10304
9618
10379
10051
9720
10075
10333
10682
11107
10547
10359
10315
11024
9818
10454
10188
9915
10134
10495
9846
10550
10115
10419
9914
10187
9902
10084
11014
9842
9889
10054
10521
10632
9726
9703
10276
10319
10091
9848
10446
11115
10025
10179
10593
10442
10772
9915
9924
9815
10385
9763
10136
9749
9822
10237
10930
9947
10632
10235
10305
10601
10766
9925
10385
10010
10237
10360
10161
9912
9890
9922
10944
10255
10743
10067
10274
10705
10878
9931
10049
10709
10203
10745
11223
10255
9961
10398
10408
10511
9820
10186
10545
11003
10721
10150
10076
10405
9797
10591
9538
10403
10597
10502
10301
11071
10082
9469
10623
10735
10029
10037
10666
9437
9240
10605
10469
9905
10065
10240
10261
10474
10822
10296
10392
10986
10116
10424
10162
10348
10554
10281
10204
9906
10529
9579
9887
9894
10651
9851
10671
10286
10050
10894
10652
10317
9840
10270
10226
9854
10143
10042
10547
9879
10075
10073
10259
9261
10249
10036
9824
10903
10347
10384
10489
10191
10220
10415
9556
10407
10348
10353
10517
10594
10466
10477
10697
10643
10092
9683
10714
9417
10968
10368
9687
10225
9934
9841
10271
10092
10545
10493
10344
10198
11176
10342
10150
10417
10743
10357
10582
10583
10965
10068
10201
9748
9573
10381
9704
10948
9645
10621
9421
9463
10224
10001
10066
10160
10881
10093
10576
9721
9813
9589
10938
10378
10423
9674
9647
10810
9931
10384
10428
10217
10031
9491
10724
10904
10538
10062
10021
10459
10940
10279
9806
10372
10473
9915
9886
10436
10269
9375
11219
10540
10028
10798
9725
9999
9492
10195
10582
10547
10030
9993
9504
10381
10588
9342
10295
10100
9985
10054
9979
9948
10858
10229
10519
10168
10796
10304
9521
10229
10541
10599
11172
9855
11310
10887
10465
9835
10407
10165
9858
10056
10905
10451
9580
9580
10881
10258
10610
10468
10398
9629
10225
10517
10035
9793
9878
9839
10665
9629
10485
9583
10692
10510
9601
10355
10946
11068
10248
10346
10472
10137
9778
9897
10016
10085
10434
10201
11113
10152
10076
9957
10748
9686
10551
10299
10928
10159
10565
9819
10160
9627
9989
9891
10330
10033
10410
10066
10638
10467
10542
9722
10338
10221
10707
10501
10261
10243
10198
10326
10949
9959
10629
11056
9760
10342
10116
10521
10274
10285
10582
10989
10387
11183
10420
9897
10156
10246
9767
10036
10467
10569
10221
10512
10281
10113
9959
10692
9425
10178
10317
10212
9742
10799
10148
9844
10349
9766
10247
10145
9737
10633
10055
10008
9657
10768
9764
9841
10040
10729
10618
11126
10562
10166
10105
11066
9819
10082
9837
9730
9397
9839
9718
9902
10027
10375
9656
10523
10400
10461
10178
10572
10320
9746
9976
10972
10711
10463
10299
10448
9766
9478
10438
10068
9680
10694
9388
9967
9971
10028
10098
10737
10113
10417
10506
9923
10018
9282
10284
9594
9816
9759
10107
10636
10872
10390
9939
10503
9979
9786
10466
10874
10130
10569
9767
10341
9940
10460
11309
10063
10427
10414
9443
10592
10142
10142
10171
10304
10283
9860
9987
10314
9379
10932
10969
10641
10488
9697
10307
10042
10459
10114
10298
10486
10087
10917
10227
10197
9470
10030
11146
11294
10479
10044
10213
10312
9828
10006
9805
10822
10360
9973
9621
9666
10443
9726
10433
10090
9876
10313
10403
10623
10177
10392
10890
10167
10169
10623
10642
10747
9885
10380
9529
10703
10440
9905
9992
9792
10648
10497
10887
9861
10537
10370
10614
10305
9781
9835
10555
10524
9914
9685
10313
10639
10288
9797
10418
10117
10615
10175
9916
9932
9799
9858
9695
9819
10125
10347
10281
9837
9611
10086
9829
10547
10689
10746
9856
10596
10435
10219
10234
10082
9587
10285
10638
10409
10558
10541
9608
10194
9712
10206
10215
10628
9907
10340
10032
9961
10401
10072
10241
9925
9919
10508
9872
9614
9892
9943
10652
9871
10138
4696
324
4947
4583
156
1378
5203
761
4934
330
3339
5682
4722
2867
4970
5765
2171
4611
5156
5486
1791
2480
1590
6289
6659
6244
7103
6094
5560
6344
6571
6010
5303
6201
5720
6405
6058
6304
5853
5721
6269
5869
6398
6933
6036
6293
6408
6024
6797
5936
5342
5827
5537
6460
6655
5904
5714
6413
6659
6793
6233
6440
6358
6321
5951
6225
5678
5885
5217
5960
6334
6094
6146
6742
6382
5469
6080
5622
6195
6767
6437
5694
6002
6453
5824
5841
5760
6388
6414
5743
6877
6721
5910
6065
6085
6741
6007
5638
5544
6125
6412
5842
6069
6257
5985
6316
6450
6126
5792
5513
5703
5923
6438
5885
6027
6132
6410
6006
5584
6239
7033
6006
6005
5662
6313
5572
5863
5838
5893
6373
6365
6073
6519
5707
5962
6283
6447
6428
5876
6073
6041
5898
5836
6549
6048
5724
6203
6511
6852
6544
5758
5786
6344
6306
6709
6414
6403
5844
5910
5905
6040
6547
6427
7074
7185
5877
6481
6647
5850
6270
6134
6330
6430
5717
5948
6439
6548
5821
5366
6061
6392
6088
6328
6044
5986
5475
6646
5508
5716
6218
5826
6189
6202
6058
6062
6878
6416
5869
6179
5951
5412
6512
6220
6614
6126
6049
5979
5974
6206
5775
5800
5887
5576
5679
6443
5597
6490
6091
6226
6054
5802
6284
5657
6039
6153
6452
6535
6747
6367
5731
6597
6889
5912
6121
6587
6472
6226
6332
5903
6382
6896
5705
5635
5453
6861
6594
6283
6014
5871
5656
5595
5895
5826
6404
6570
6161
6691
5814
5837
6465
6256
6489
5540
6415
6302
6313
6381
5939
5375
5957
6026
6252
6196
5931
7260
6036
6074
6339
5877
6464
5994
6402
6239
6389
6202
5868
6486
5899
6038
6094
5922
5758
6019
5904
6007
6909
6059
5554
5808
6282
6809
5972
6760
6844
5836
5509
5611
6315
6317
6193
6725
6210
6001
6370
7259
5430
6304
6369
5669
6690
6472
6197
5966
6508
6493
6682
5704
5942
6279
5973
5495
5690
6163
6217
6210
6556
5540
5618
5089
5761
5505
6266
5548
5750
6231
5740
6661
6182
6862
6513
6373
6300
5864
5753
6111
6525
5761
5962
6167
6491
6692
5672
6267
6273
5651
6658
6218
6286
6454
6132
6453
5768
5963
5900
5709
6406
6256
5621
6668
6629
6103
5372
6065
6636
6186
5816
6986
6321
6418
6003
5966
6255
6047
6165
6360
5498
6481
6045
6290
5976
5425
5817
5972
5868
5779
6124
6837
5968
6686
5785
5687
6214
5808
6625
6832
5848
6592
6891
6759
5287
6142
6201
6169
6175
6162
5605
5545
6694
6205
6040
5921
5958
5238
6072
5992
5880
6583
5756
6538
5571
6480
6540
6407
5728
6991
6346
6383
6093
5967
6222
5621
6195
5550
5967
6782
6081
6399
5844
5784
6316
5720
6071
5483
6485
5868
6299
6218
6026
6571
6779
6318
5728
5968
6007
6183
6382
6272
5956
6044
5548
5662
6671
6581
6295
5890
6947
6324
5755
6487
6039
5542
6213
6531
6948
5957
7266
6329
5594
6319
6317
6146
5927
6277
6154
6497
6239
6462
6103
6356
6319
6350
5960
6058
5522
5486
5544
6458
6059
5939
6756
5404
5676
6229
6620
6042
5472
6504
6068
5868
6394
6547
5793
7107
5958
5810
6244
6610
5919
5277
6250
7133
5813
6369
6450
6299
6158
5907
5425
6147
6254
6327
5800
5562
5973
6279
5798
5946
6125
6370
6716
6657
5883
6167
5753
6318
5839
6096
5926
5699
6012
5951
5377
6506
6482
5751
6686
6467
5847
5929
5603
5602
5949
6328
6175
5984
6442
6343
6205
5749
6018
6043
5769
6119
6501
6209
5584
5904
5725
6362
6472
5703
7067
6221
5957
5730
6444
6094
6332
5904
6222
6825
6231
5768
6799
6372
6220
7037
6458
6082
6810
6520
6380
5889
6065
5792
6165
7182
6399
6116
5366
5862
5380
5671
4988
5994
6887
6337
6080
6942
6175
5431
5967
6118
6723
5976
5433
6671
6065
6304
5913
6492
6037
5669
5894
7000
5968
5516
6435
6757
6321
5627
5953
5571
6507
5914
6734
6665
5737
5880
5784
6113
6299
6141
6348
6137
6551
6497
6154
6232
6267
6717
6313
6097
6244
6418
6616
6192
6204
6533
6398
5465
6367
5829
6552
6109
5646
6390
5677
5909
6205
5632
6070
6328
6545
6117
6105
6311
5975
6095
6684
6027
6183
5814
6074
6483
6550
5756
6000
6051
5737
5933
5993
6172
6981
5857
6422
6194
5866
6062
6410
5553
6081
6000
6170
6383
6295
6508
6351
5988
6547
6494
5887
6628
6687
6325
6335
6008
6093
6037
6403
6021
6738
6701
5704
6175
6570
6393
6290
6454
5758
6310
5885
6172
5818
6531
6210
6412
5823
5562
5594
6315
6005
6216
6006
6142
6154
6166
5754
5756
6111
6155
6512
6538
5430
5397
6124
5787
5659
6447
5028
6572
6152
5997
5401
6725
6178
5569
5748
5811
6214
5629
6450
5940
5924
6514
5971
5657
5431
6205
6139
6779
5627
5992
5587
6353
6444
6019
6015
6536
6372
6032
6126
5566
6097
5472
6113
6283
6049
6145
6252
6028
5709
5677
6153
6458
5780
6294
6973
6768
5697
6277
5796
6325
5890
6217
5858
5971
6075
6185
6138
5545
5718
6074
6632
6685
5982
6241
5432
6009
5762
5263
6038
5680
6334
6107
6271
6103
6202
6385
6492
6484
6011
5413
6075
6077
6012
5469
5270
6031
6719
6427
6282
6390
5948
5767
6195
6360
6320
5856
6576
6803
5806
6023
6457
5681
6366
6276
6471
6250
6304
6300
5874
5871
6495
6428
6105
6294
6721
6395
6101
6379
543
1979
390
657
694
1659
1296
408
468
1039
1740
1866
1862
2014
1893
1726
2237
2096
2217
1633
2742
1598
2799
2614
1432
2703
2488
2225
1377
2429
2405
1922
2197
2291
1980
2341
2174
2561
1999
1989
1905
1663
2215
1682
2220
1714
1917
2526
1778
1426
2412
1633
1692
2183
2381
1892
2744
2775
2263
1731
2041
1867
1506
1878
2608
1942
2115
2924
2690
2081
2662
1634
2407
2371
2180
2286
2488
1969
2156
1929
1366
2339
2387
2336
1349
2225
2151
1680
2313
1587
1643
2539
2558
3289
1776
2311
1525
2583
2670
2030
2057
2146
1765
1552
2421
1999
1331
2624
1624
2346
1357
2829
1930
2534
1725
2246
1477
2073
2785
2579
1987
1713
1869
1548
1972
1556
2090
1971
2017
1635
2127
1365
2075
2382
1358
2430
2198
2434
2069
2230
908
2503
2347
2269
1574
2266
2204
2502
1115
2687
2264
2227
1553
1448
2992
1659
1575
2398
2372
2455
2507
2336
2023
1678
1547
2406
2441
2399
2377
2319
1484
1464
2245
2052
1653
2491
2451
1857
1442
2565
2000
2262
2561
2459
2101
1558
1458
1771
2357
2157
1168
1719
1725
2174
2236
1644
1833
1580
1964
2136
2187
2195
1599
1384
1963
2311
2249
1817
2065
1766
2521
1921
2620
1947
1742
1921
2000
1768
1412
1014
1548
1988
2073
2712
1719
1612
1663
1502
1907
2418
1766
2358
2027
1789
950
1579
2257
1575
1569
2459
1859
1617
1836
1642
1977
1930
2039
2393
2362
1681
1448
1822
2110
2513
1669
2028
1247
2444
1805
1628
2938
2216
2408
1864
1817
1447
1107
1695
2608
2072
1746
2668
2009
2836
1630
1939
2286
2067
1786
1997
1578
1997
2833
2439
2078
2291
1940
1843
1921
1822
2237
2232
1802
1826
1805
1388
1322
1727
3016
1938
2581
2224
2615
1251
2279
2485
1737
2043
2455
2489
2201
2486
1387
2130
2807
2726
1627
1341
2408
2305
2199
2548
1838
2133
1658
1847
1334
2173
2260
1772
1518
1405
1607
2595
2318
2400
2298
2361
2195
1751
1971
2429
2050
2081
1536
2030
2294
1944
2038
1042
2070
1120
1784
2430
1987
2504
1779
2259
2329
1563
2278
2406
2438
3083
2505
2241
2198
1800
1789
2239
2307
1927
1887
2256
1885
1343
2127
2538
2404
2723
1131
1735
2119
1646
2018
2221
2247
2148
1798
2163
1941
2372
2257
1701
1873
2271
1275
2323
1991
2145
1843
2442
2153
2288
2460
1803
1614
2802
2512
1577
1824
1621
1871
1904
2451
3094
2366
2089
2573
2366
1962
1554
3003
1932
2036
2109
2277
2410
1961
2366
2142
2186
2126
2011
1627
1760
1441
1571
1505
2374
2499
1811
1549
1725
2482
1575
2183
1218
1918
1531
1677
2070
1889
1657
1759
2210
2461
2206
2193
1449
1882
1921
2064
2131
1546
2654
1964
2050
2612
1745
2401
1676
2052
2108
2157
2005
2187
1860
2022
1789
1773
1427
1648
1717
1613
1964
2047
2132
1729
1344
1337
2510
1451
2380
1949
2834
1518
2060
2051
2848
2357
2331
2336
2321
2393
1772
2360
1437
1725
2061
2405
1770
1890
1734
2033
2323
2251
2545
2115
2317
2535
1718
2858
2219
1933
2292
2184
2019
2683
2489
1765
2061
2652
1627
2038
1686
1624
2204
2266
1660
2168
1344
1597
2502
1961
1922
2501
2060
1602
1983
2299
1730
2035
1326
2325
1743
2498
2218
2025
2703
2356
2689
1850
2833
1860
2144
2904
1973
2325
1912
1952
2684
1878
1844
2195
1706
2034
2231
1867
2170
1901
2019
2228
2078
2101
2473
1812
2536
1695
1474
2196
2211
2301
2406
1480
1907
2065
1574
1901
2398
1776
1901
1745
1801
1684
2334
3087
1867
2348
2097
2003
2050
2147
2328
1335
2496
1688
1769
1859
2192
2080
2621
1891
2763
1917
2313
1912
1634
2012
1865
2650
1714
2011
1915
2252
1659
2299
2307
2164
1721
2305
2082
2537
1838
2342
1321
1980
1543
2000
2280
2315
2003
2477
1363
2060
2019
2132
2263
2025
2038
1886
2790
1765
1966
1990
1568
2078
3082
1758
1896
2284
1731
2774
1720
1257
2154
2252
1853
2438
1575
2738
1740
2297
2380
2132
2194
1842
1392
1782
2200
1776
1639
2638
2997
2988
2241
2267
1899
1913
1965
2259
2471
2561
1520
2450
2770
2197
1429
2226
1595
2061
2106
2305
2250
1527
2251
2311
2425
2663
2345
2085
2006
1965
2091
1669
2037
1914
1393
2544
2102
2135
2581
1368
1674
1712
2048
2209
2304
2404
2794
1812
2092
1823
1643
1573
1516
1758
1600
2695
2186
2229
2566
1815
2055
2238
3089
1827
2625
1624
1734
1927
2701
2857
1940
1682
2258
2139
2339
2091
1964
2493
1914
2379
1923
2196
2277
1930
1335
1740
1724
1823
1961
2310
2454
1760
1184
1889
2063
1925
2325
2355
2321
1595
1840
2315
1829
2084
1527
2347
1547
2496
2517
1585
2456
2149
1759
2264
2128
1137
860
1980
1492
2007
2016
2142
2307
1498
1901
1782
1816
2440
2133
1817
1564
2369
1548
2174
2566
2221
1972
2031
1748
1632
1787
2003
1755
2203
1145
1922
1871
2319
1947
1414
2755
2524
1573
2135
2427
2328
2495
2073
2045
1188
1476
1488
1832
2116
2204
1157
1811
2672
1699
1579
1738
1173
1835
2520
1811
1589
1357
1683
2010
1858
2562
2379
1775
2090
1775
2355
2621
2290
1904
1996
2154
1410
2130
1539
2375
1843
1878
2213
1540
2456
1959
2015
2278
1378
2600
2173
2840
2299
1827
1730
2483
1588
2295
2057
2307
2243
1859
2542
3021
2103
1818
2503
1646
1732
1601
2160
2267
1654
2077
2098
1988
2666
1592
2320
1859
2832
2439
2422
2034
1899
2967
2279
2017
1560
2529
2578
1876
1578
2123
1395
2489
2237
2106
1416
2109
1664
2752
1536
2693
1859
2370
1757
1962
2339
2243
2366
2635
2038
2110
1888
2272
1765
1789
1928
2668
1221
1848
2795
2655
2332
2616
2442
1460
2584
2641
2066
1571
2573
2214
2346
2327
1622
1831
2067
2038
2003
1697
1609
1511
1866
1990
1913
2483
1896
1567
2498
2387
1613
2453
2247
1756
2448
2199
1528
2071
1644
1615
2258
2273
1880
1492
1394
1944
2116
2057
2112
1468
3250
1907
1949
1605
2525
1775
2064
2388
1894
1399
2725
1504
1890
2413
1990
2253
1978
2729
1576
1664
2304
2422
2269
1532
2367
2682
2033
2452
1742
2545
1514
1679
1960
1909
2366
1940
2608
1225
2029
2128
2050
1608
1998
2299
1929
1995
2753
2565
2104
1409
1661
2092
2101
2459
1922
2195
1780
1913
1950
1885
1907
1908
1629
1898
2493
2009
2569
2528
1382
1561
2083
2986
2216
2391
2031
2359
1742
1776
2501
1806
1920
1896
2290
2142
2286
1064
1886
1786
1891
2855
1190
2084
1693
2607
1410
1963
1987
1380
1470
2413
2068
2493
2351
2633
1523
1724
1529
1405
2370
2418
2185
1501
1868
2338
1971
1692
1615
2357
1688
2397
2581
2246
2576
1530
2511
1947
1876
2072
1841
1031
1854
1460
1571
2497
1857
2426
1884
1890
1530
1635
2408
2348
2017
2185
2245
1765
2176
2278
2470
1602
1802
2133
2077
2192
2383
2897
1911
2534
2094
2121
2532
2556
2408
1735
2214
1546
2162
2599
1671
1995
2441
2289
1742
1924
2601
1860
2427
1917
1803
2233
2204
2311
1459
2061
1782
1412
2393
2592
2144
2260
2713
1756
1775
2294
1908
2935
2077
1857
2040
2038
1880
2133
1706
3138
2109
2388
2938
1664
2028
2141
2415
2403
1444
2008
1998
1547
1357
2039
2143
1599
2176
2195
1954
2065
2247
2057
2240
2309
2577
2152
1907
1538
2606
1515
2378
1809
2067
1792
1828
2205
2774
2169
2542
2148
2253
2222
1871
2382
1287
1837
2194
2830
2376
2280
2229
1383
2330
2049
1617
1318
2040
2636
1728
2202
2389
1561
1914
2452
1967
1471
2032
1841
1637
2110
1594
2467
1931
1680
2324
1613
2461
1585
2354
1580
1408
2642
2908
1693
2039
1219
1837
2298
2574
1771
1895
2146
2047
1919
2444
3167
1613
2218
2323
2172
1911
1339
1918
1503
1491
1650
1376
2142
2285
2090
1449
2188
3026
1439
2117
1302
2222
1735
2566
1228
1065
2055
1902
1704
1876
1611
2340
1926
1774
2276
2047
1754
1710
1992
2898
1555
1382
1819
2095
2317
1688
2421
1816
2386
1226
2760
2519
2023
1237
1277
2029
2264
2239
2101
2189
1677
1953
1926
1857
2012
2732
1853
1826
1783
1739
1454
2096
2094
2429
1305
2018
1658
2100
1439
2952
2520
2074
2240
2104
1816
2261
1494
2159
1684
2321
2193
2237
2190
2796
1884
2303
2057
2310
1799
1983
2584
1883
2788
2972
1063
1978
2389
2028
1790
2769
2474
1751
2128
2329
1758
1488
1811
1955
2393
1262
2192
1617
2482
2064
2196
2307
2101
2464
1922
1750
2762
1756
2327
2249
1579
2045
2005
2078
1514
1961
2167
2534
2395
2535
1987
2617
1845
2177
1560
2063
2196
2331
2624
2327
2481
2261
1664
2197
1939
2536
1997
2238
2218
1936
2918
2687
2081
2110
2030
1756
1279
2129
1471
1916
2399
2047
2590
2190
1565
1639
2257
2600
1372
1205
1872
2316
1688
1696
2531
2305
2406
1960
2062
1489
1444
2790
1954
1614
2094
2022
2137
1670
2581
1948
2275
2499
2246
2576
1576
2581
1478
1681
1648
2228
2210
1843
1990
1821
2098
2466
2161
1662
2473
1790
1872
2747
2951
2389
963
2227
2119
2138
2102
1783
2063
1971
1823
2681
1773
1655
1985
2090
1896
1780
2396
2359
1824
1781
1861
2382
2274
1577
2178
2089
2140
1704
1802
1556
1864
1522
1808
1814
2016
1520
2470
2339
2467
1575
2600
2360
2014
1363
1644
1802
2232
1397
2406
2447
2553
1721
2670
3073
1719
2391
2732
2048
2543
2792
1441
1921
2905
1470
1760
1916
1983
1753
1904
2389
1699
2521
2071
1615
2435
2041
2379
2424
1838
2219
2030
2644
2456
2085
1969
2549
2469
2122
2042
2254
2416
2750
2379
1856
2061
1921
1529
1990
2254
1797
1996
1914
1585
1944
2303
2302
1880
2499
2246
1704
2160
2504
1842
1633
2515
1822
1472
2017
2109
2278
2334
2174
2125
2472
2604
1665
2406
1383
2308
1831
1874
1925
1591
1999
1487
2088
2092
1707
1663
1583
2867
2583
1543
2011
1619
2154
2247
2002
2465
1785
2078
2060
1659
1753
1875
2645
2197
2574
1990
2135
2475
1887
2107
2240
1616
1801
1544
2407
1815
996
2297
2638
1620
2223
1487
1664
2290
2116
2060
1690
2300
1918
1929
2078
1916
1956
2210
1226
2341
2096
2095
2276
2501
2404
1149
1840
2310
1545
2103
2524
1599
2208
2064
2409
1778
2230
1550
1185
2066
1592
1472
1616
1920
2642
1905
1636
1655
2127
2671
1971
2293
1960
2171
2389
1760
3049
2354
2484
1448
1846
2005
1985
2384
2246
2582
2063
1605
2063
1615
2218
1745
2153
2404
1767
1634
2354
1850
2055
2206
1743
1379
2665
1165
1825
2277
2384
2599
1966
1839
2065
2046
1814
2501
2615
2290
2315
1567
2322
2513
2554
1817
1803
1977
2115
2210
1564
1634
2363
3161
1583
1758
1738
2699
2037
2260
2862
2027
2129
1848
2221
2342
1659
2206
2148
2378
2937
2090
2009
1499
1870
2784
2264
2241
1790
2255
1862
1711
1910
1730
1779
2308
1776
2385
2056
2265
2169
1657
1528
1603
2122
1737
2447
2049
2088
2478
2586
1926
1794
1939
1511
1893
1464
2268
2140
1306
2277
1804
1668
1691
1981
1989
2391
1861
2293
1751
1243
2050
1975
1942
2312
2279
2122
1432
2483
1853
2207
2504
2185
2153
1914
1918
2188
1962
1842
2396
1802
2224
2049
1880
2579
1077
2491
2482
1219
2005
1175
2324
1758
1643
1561
1232
2836
2262
2683
2396
2509
2095
2314
2517
1953
1921
2601
2074
2458
2250
1814
2434
1799
2089
2097
2113
2052
2394
2012
2319
2123
1774
2017
2095
1500
1722
2828
2090
1976
2354
2458
2098
2416
2338
2988
2090
2481
2173
2713
1703
1760
1866
2192
2028
1986
2280
1783
2068
2283
1943
2028
2355
2023
1743
2040
1319
2039
1778
2798
1695
1801
1905
1825
1754
1633
1875
2939
2601
2331
2376
2577
1337
1985
1801
2184
890
1957
1985
1913
2321
1201
1677
2302
2681
3082
2459
2726
1788
2771
2480
2306
1722
1954
1781
1918
2184
2090
1556
2804
1918
1475
1220
2593
1667
1461
2080
2279
1668
1788
1809
1712
1964
2398
2000
1880
2644
1039
1881
1435
2465
1894
1492
2374
2017
1733
1964
1525
2033
1765
1927
1808
2605
2065
2387
2435
1020
1639
2643
1828
1458
2620
2368
2196
2415
1981
2753
2081
2339
2093
1046
2018
2199
1591
1838
2289
2900
2382
1770
1942
2294
2247
2274
2469
2030
1555
2759
1105
1636
1802
2745
2136
2386
1827
2173
1856
2182
2253
2354
2538
2290
1739
2814
1656
1707
2455
1486
1330
2537
2310
2316
1603
2181
2832
2366
2274
2213
1788
2141
2475
2510
1661
1456
2293
2133
2071
2152
1865
2171
2485
1910
2195
1287
2358
2146
1785
1880
2643
2971
2055
2540
2213
2164
1326
2369
2272
2478
2255
2235
1596
2155
1357
1954
2056
1856
1808
1273
2365
1739
1915
2631
1501
1877
2083
2895
1789
2737
1768
2478
2421
2433
2042
1522
1595
1937
1616
2051
1338
2289
1727
1640
1870
2283
2173
2625
1430
2286
2491
2559
2841
3005
2049
1509
2177
1733
2306
2085
2278
1098
1912
1426
1118
1512
2262
1861
2082
1370
2451
2539
2197
2106
1582
2108
1833
2663
2430
2066
1830
2062
2042
1770
2012
2323
1197
1760
2629
1812
1805
2445
2076
2402
1860
2899
1537
2213
2676
2048
1299
2015
2302
1886
2274
2805
1471
2030
2397
1519
1632
1792
1570
1557
1506
2112
1670
1832
2061
2483
1570
2284
2164
2028
1885
1657
2044
1791
1816
2073
2310
2328
1884
849
1818
1446
1988
2209
1821
2778
1755
2907
1245
2040
1900
1498
1510
2044
2200
1903
1597
2574
2546
2339
1838
1877
2019
2209
1796
1983
2306
2373
1888
2137
1873
2396
1931
2527
1981
2027
2552
1225
2785
2476
1836
2238
2623
2027
2315
1493
1615
2056
2060
2060
1512
1936
2319
2077
2399
2464
1384
2335
2268
2347
2396
2190
2333
2517
1389
1879
1242
2104
1808
1464
1787
2178
1538
1311
2147
1990
2198
2390
2144
2249
1641
2101
2405
1468
1884
2239
2219
1838
1801
1792
2595
1635
2309
3117
2782
2103
1886
2641
2462
2919
1417
2252
2889
1933
1906
1909
1713
2027
1899
1675
2303
2414
1932
2965
2606
2578
2075
2185
2607
1921
1496
1857
2018
1802
1782
2202
1546
1899
1964
1858
1236
2078
2870
1872
2366
2237
2170
2070
1258
2256
2402
2414
2228
1821
1991
2542
2114
1995
1397
1921
2050
2241
1691
1984
1669
2247
1640
1250
2301
1979
2585
1845
1478
2333
2561
1992
1262
1790
2257
1661
1867
1788
2279
1515
1683
1785
2356
1858
1860
1791
2256
1250
2594
2348
1689
1129
1909
2130
2403
2251
2026
1580
2029
1750
3057
2504
1797
2315
2252
1834
2720
1907
1651
2353
2256
1313
2224
2394
2822
2469
1749
1989
1575
2141
2483
1641
2822
2250
2355
1760
2305
2347
1422
1747
1705
1878
1496
2410
1918
1399
1123
1771
1701
2390
2007
2248
2114
1355
1734
1922
3045
2378
2467
1786
2063
1917
2072
1567
2339
1347
2553
2335
1961
2237
2301
2171
1837
1264
2012
2211
2202
2012
2881
2557
2316
2479
2122
2928
1459
2398
2297
1793
2670
2036
2016
2038
2276
2067
2132
1896
2076
2160
1942
2922
1213
2700
1923
1282
1861
1496
2045
1921
2355
2779
2654
1772
1676
1636
1934
2059
2160
1891
1951
2112
1677
1591
1961
1461
2083
1835
1410
2041
1899
2522
1598
1906
2185
3193
2056
1540
1061
1957
2119
1610
1808
1625
1659
1322
2341
2328
1464
2130
1679
1370
2429
2781
2130
2610
2364
2248
2197
2422
1991
1655
2091
2007
2081
2605
1810
2377
3077
2242
2911
2164
2276
1642
2266
2772
2020
1872
1724
2249
2547
2719
2331
2019
1409
1952
2085
2017
1811
1685
2069
1639
2054
1236
1679
2059
1323
2187
2489
2072
2124
2263
2628
2115
1844
1939
1490
1456
2166
2339
2286
2370
1460
2267
1630
2523
1791
1784
2096
1880
1862
1614
1977
1850
2080
1950
1971
1729
1858
1991
2102
2502
2720
1913
2730
1440
2080
1328
1299
1968
1665
2264
2700
1625
1685
1718
781
899
470
1812
627
241
1826
135
1358
593
1751
175
315
1299
965
1240
1447
108
781
1428
1250
1131
1783
387
601
2016
474

