10013
9274
8901
12159
12034
10287
9526
8745
10705
10379
9979
9308
9047
9182
11210
9540
10918
11881
9963
11859
8756
9098
9314
9896
9490
11630
11081
10694
8193
11239
12286
9373
9815
9589
9524
9316
11184
11553
8971
10389
8566
12286
9743
9512
10715
10753
8193
9893
10042
10619
11648
11037
9860
8193
8193
10327
10986
10184
10578
9234
11146
11913
9199
9430
10625
9247
10906
10548
9367
10198
9127
12286
9180
9532
10567
11511
9011
9895
10641
9060
10859
10645
10734
11678
9629
9320
10317
10453
10127
8433
8193
9618
9825
9960
9816
9193
10040
8193
11000
10569
11908
10229
11309
11228
10072
12077
9283
8193
8586
11209
11283
10050
9003
12023
8898
10749
8193
8626
10549
10268
12286
11641
10734
9370
9411
12286
12286
11875
9319
9430
10727
10506
10065
11358
11037
10194
8562
9995
9717
10999
8642
10836
12285
8193
12286
8398
10893
9319
8193
9313
9272
12286
10933
10352
10386
11487
8358
10544
10321
9375
8193
9709
8817
10673
10292
10662
8979
8803
9925
8480
11743
10869
10386
8193
9585
10633
9625
8932
8712
10554
8193
10829
8599
10522
8193
8865
8705
8568
11773
9306
9734
8193
10242
11017
10688
9220
11097
12286
11214
12013
12286
8831
9855
9082
9687
8950
8551
11678
9204
11538
9519
9944
10727
11702
11333
11513
9126
9167
8972
11067
8193
10530
8193
9525
10640
10002
11259
8193
9063
8787
10407
9463
12286
9696
9374
10433
12286
9809
10713
10363
9575
9096
9501
10220
10949
9993
8466
8823
9052
11302
10935
10780
11982
11449
10671
11087
12263
11219
10988
11907
10724
12262
8193
10335
8193
8270
9659
8193
10780
9927
9838
11549
11043
10489
9146
11110
11040
8193
11706
8974
12286
11378
9232
9979
10158
8704
11749
8888
9899
9253
11661
8193
11563
12286
10800
10372
10527
10668
8874
11422
9799
10538
11162
9022
8193
11640
9244
10855
8193
10846
10611
11383
9897
8255
9972
10698
10145
10067
9772
8227
9795
9819
8193
9909
10785
10363
10998
10030
9061
12286
9955
8193
10452
11934
11222
8193
10685
11012
11557
9268
8473
11748
11554
9037
9779
11498
9404
9157
10217
9333
11213
12286
11382
8812
8905
10727
11579
9831
12286
10861
11332
12286
10523
11464
9545
10398
12286
8388
10559
10184
8409
10837
10253
9209
9793
11400
8662
12286
8193
10633
8765
10537
10392
11162
8193
10075
10209
9559
12264
9476
9590
11246
9082
9658
10576
9902
10719
8485
8193
8557
10230
12286
9326
8193
10209
9580
9212
9513
11721
10343
10238
12286
10548
9822
10006
12006
11480
9095
9698
9138
9934
8193
9785
9805
10741
11175
9929
10649
12184
8193
12213
10014
10691
8193
8193
10848
10596
11988
10211
10614
10890
12215
8823
10636
10066
8912
9587
12286
11021
10714
10763
9529
10113
10502
11353
8598
12057
8587
11850
10374
9849
8803
10137
9642
10599
9568
11522
8688
8926
10259
10676
9539
9189
9619
11872
10475
10179
9482
8193
9575
9866
11870
9280
9093
9870
12286
9687
10597
11257
12286
8193
10126
9797
9807
9449
10665
9764
11169
10310
10916
8193
9060
10995
9633
10244
8193
11487
11358
9651
10055
9676
12286
12286
11701
11085
9746
8193
8434
11524
8564
9202
8930
11487
9200
10467
11902
8388
10470
8510
8426
8456
12286
8193
10371
11543
8825
9506
9526
8855
9347
10478
9482
10626
9492
10304
10497
10144
11607
10856
8206
8288
9329
9824
12286
10873
10592
11101
9884
12286
9781
9859
11783
11619
8193
8193
9518
11309
12286
9885
10903
9197
11770
10800
11117
8193
11182
11216
10306
10639
8807
11015
11499
11976
11329
8914
10694
10170
8928
8628
12202
10472
8678
4982
5341
3332
2994
1488
3847
7384
6449
5864
7392
5055
6242
8190
4677
7360
8069
7087
5520
8190
4953
5444
4480
6468
5576
6773
6777
5041
7806
7482
5360
5560
8190
5903
6984
7005
8190
4164
5486
6613
5477
4937
7579
5742
5939
6986
7434
6953
4097
8190
7848
4097
6639
5273
6103
6977
6827
7494
4919
6162
4097
6866
6059
6463
6062
6359
6425
5189
4097
4591
6647
5895
6724
6040
5114
6637
4563
6300
4509
5603
4097
5211
5570
6876
4454
4559
4097
7349
4097
4097
5823
6193
4153
5052
6491
5021
5256
8190
8190
7800
8190
6953
6606
8190
4097
6757
7624
5995
5817
7200
7623
4097
6030
6936
6033
4891
7867
7726
7504
4309
7024
8109
8190
8190
5060
5938
4865
4097
8190
7216
7208
4795
6277
7198
8190
6188
7001
5658
5511
6151
4178
7023
5092
6154
7479
7551
8190
5789
6594
7498
4184
4898
7863
4940
8190
5994
6439
7083
4859
6302
4204
6165
5179
7384
5343
6981
6818
7013
5379
6163
7579
7966
6736
6665
7670
5562
4969
5583
5718
6809
5604
6530
6929
5619
5498
5395
4807
6845
5734
8190
6249
6702
4346
6150
7924
8190
4507
5532
5336
7430
5683
5684
6515
5205
6764
4097
6046
6579
7157
4097
7708
6170
4630
6485
6575
5482
6543
6974
5694
4097
6925
6672
5400
6725
6130
6620
7932
5958
4097
5724
5958
6262
6288
5449
7833
4445
4097
6505
6607
6168
7632
4097
7527
7065
8190
8190
5793
5125
4097
5645
5353
5385
8190
5340
7335
4472
5504
6789
5888
5120
4097
4673
4097
6929
8190
4097
6140
6191
6873
5653
5108
5969
8190
7168
6829
8190
5521
6886
6107
5700
6341
6169
6802
6760
5498
6054
6719
5816
5737
7281
6703
6265
7047
5637
6542
4501
5921
5134
6553
4097
6401
6059
6111
4097
6503
6019
5285
5543
6418
6848
5601
6189
4097
4371
5432
5569
4208
5037
7458
7634
7998
4097
6557
7618
5773
6372
4726
6723
5522
7318
5150
5356
8190
8190
5997
6198
6536
4676
7644
5961
5237
6793
5149
6684
6703
5646
7197
6457
5531
5964
5366
8190
6569
7139
5701
7989
6849
4376
6647
7585
6715
4097
8190
5636
7361
4097
6615
7540
6121
4702
6316
5799
6626
7250
6417
5628
5057
6386
6267
4587
5213
4206
4647
5455
7508
7155
6606
6369
4232
5927
8190
4457
4237
5552
6406
5453
5453
6037
6403
6321
5084
6734
5649
4320
8095
5167
7123
5137
4719
6901
5764
6144
6680
5472
4097
5022
8190
5679
5321
6417
7430
6610
7044
7138
4553
6555
5202
5942
6304
5920
4644
6738
4097
8190
4097
6720
4783
6491
6709
7330
4945
6638
7008
6555
6582
8190
7142
5845
5719
6301
8152
4097
4296
7516
4577
6141
7293
4207
5098
7038
5921
4919
6119
8045
7232
6433
6824
8190
6789
4097
6549
5974
6438
4855
6924
5978
8190
5444
4789
7058
7116
5974
6899
6414
6339
5992
7068
5450
6628
4741
6742
8190
7952
7603
6471
6529
5628
7778
6203
6566
7382
6628
6227
7087
5806
8190
8064
5883
7354
6407
4097
8190
5182
7182
4474
6549
6479
5272
7479
6686
8129
7384
5314
4097
7631
6328
6820
5404
8190
7640
4803
6775
4999
5176
7297
7670
5288
4513
6335
4639
6532
5134
4316
7069
6527
5771
5689
5200
8190
5436
6957
8190
7605
4782
7173
7172
6313
6345
7854
5587
6189
7249
6152
5458
7370
6874
8190
7330
6911
5075
6729
5068
5317
5901
5603
6673
7461
5940
6291
6911
5256
8190
7358
4217
4097
4767
4663
6925
7883
5329
5526
7148
7706
5782
4316
6824
6970
6810
7723
6755
7099
5567
7413
8190
5147
6919
6147
8190
6424
7911
8190
7881
5846
5221
4388
5270
8190
4097
7536
5234
5668
5943
6287
8039
6374
7377
6235
6708
4357
6065
4097
5519
7667
4477
8190
5922
4097
6483
5730
6771
7767
4682
7586
6006
5032
4936
5768
6636
6073
4138
5983
5795
4097
4943
6493
6479
6388
7624
5012
6963
5696
8190
5141
4877
7569
5505
6627
6280
6413
5628
5842
4826
7297
4775
5283
5762
6520
5027
7013
7994
8122
4097
5875
5098
7714
5662
7912
6118
4097
4530
7602
5565
6972
7387
6101
6939
7862
6412
5703
6838
7377
8190
6500
5049
4097
4247
6960
6186
6569
6411
5518
5077
6126
6680
4524
6521
7807
5512
8101
6913
6585
8190
6835
7591
6776
6005
5796
6866
8190
7125
7266
4839
5231
7914
5440
6379
6775
7205
5566
6460
7795
4255
4774
5964
7548
6196
6968
8190
5737
6592
6791
7458
7243
4172
8190
5813
7047
7493
4992
6979
6786
7079
8190
7361
7725
5069
6161
4947
5727
6113
5951
5921
4097
7417
8190
8053
6412
5827
6086
5488
7123
4097
6604
4907
6219
6275
5507
5585
8190
6242
4674
7304
6602
6040
5580
8190
5646
8190
5364
5934
6188
5465
4177
7087
4395
4097
7798
8190
7965
7211
5143
7070
8065
7072
6266
4097
5330
4422
5891
7433
5662
6799
7802
8190
4316
6842
6158
6623
5539
4097
6969
6812
4238
6751
6388
5647
5321
6085
5493
8190
6473
8190
7733
8057
8190
4872
4626
5682
7831
7513
8190
6228
7955
7302
7825
6712
6470
5994
7833
7232
7806
8190
6633
5691
7238
4921
8190
4545
8079
4182
8190
4417
7748
5954
4097
6632
4097
7395
7453
5681
5597
4097
6119
4321
8190
5197
7324
6248
6035
7598
4097
7322
7372
6309
4097
6285
5066
4479
4665
7561
5960
4899
4792
6485
6088
4097
4687
4316
7194
5028
6705
6034
8190
7567
4752
7311
6942
5959
7595
4801
6686
5332
4478
5156
8190
6098
5135
6784
5918
6642
4715
5298
5352
6608
6610
6269
5462
7131
4395
5693
7405
6197
6090
5056
5304
5238
5712
7859
5005
6757
8190
5213
6556
6521
6008
4553
7173
6873
7190
6231
4243
6290
7272
7940
5014
4097
5992
5902
6559
7865
4097
7189
8010
4705
6781
6514
5993
6376
5705
7159
7905
7408
4594
4556
5579
5509
5629
6633
4839
5533
6206
4773
5451
5939
5958
5797
6273
6330
4219
5653
7786
7943
6733
7462
7163
5783
6539
4929
7370
5984
6669
8057
5934
4097
5285
7870
4729
7163
6524
6107
6882
5317
7036
8034
8073
6472
6201
7086
8021
6338
7113
5743
5058
6362
8190
5229
7615
7995
5542
7546
6816
8190
6816
7516
5538
7949
5998
5745
8190
5079
7683
7744
8006
4097
6620
6020
6181
6029
8190
5740
7269
6854
5661
8190
4768
6399
5391
4224
6754
5313
7644
4097
7197
8166
7272
6315
4097
4874
7220
6961
5281
5962
5140
6231
6055
6565
8190
5738
6399
4097
4429
6669
4097
8190
7058
7501
5506
5273
6611
6197
4649
7946
5708
7105
5590
5993
7083
5724
5905
4867
7127
8115
4957
4504
7194
6246
6117
6377
5606
4097
4440
4577
5377
6231
4549
5896
5977
7942
4286
4256
6443
6496
7975
5621
4097
4979
7827
5789
4807
5473
4892
4665
4097
6607
7296
5676
5906
7011
5144
6959
8015
5674
7219
4785
5501
5933
6446
6203
7152
6795
6255
4414
6042
5950
6724
4730
5317
6668
4097
4507
6828
6585
7259
8190
5759
6007
7235
7760
6511
7188
7441
8190
8190
6120
5293
7581
5634
5599
4097
5760
6837
6097
5140
6801
8190
5971
5426
6009
4444
8190
4837
7297
5409
5980
7974
6924
5106
7504
6498
4583
6996
6835
6591
7382
7120
7790
6280
4097
6850
5807
4097
7152
8190
7783
5625
5792
4719
5515
4097
6229
5346
5414
7414
6635
7396
5579
5708
4097
6924
5073
4712
6887
5420
4663
5821
4097
4097
4097
6982
6990
6927
4531
6014
4229
7792
4097
5354
6379
5797
7391
6329
5258
6549
6378
6516
6302
6718
4140
7313
5808
4853
4990
6830
5983
4097
6637
4097
7334
8190
6029
7564
6572
8190
5731
5578
8190
7413
6628
4097
6000
5889
6234
6712
4097
5840
5346
6022
4097
8190
4414
5945
5796
7636
8190
4574
7606
7522
5079
5200
4097
6030
4232
7455
6187
6999
4665
4336
6982
6660
4097
6634
5993
7353
4097
7767
5867
8190
5125
7909
6826
5790
6320
6693
4417
5073
6207
6123
4097
6291
4097
4400
6610
7118
4943
8190
7269
6403
6516
7373
8190
6796
5526
6211
6781
4809
5848
8190
5461
5398
7254
6780
6080
6774
6031
5907
5296
6711
5058
8099
6582
7022
7552
6489
4278
6172
4127
6600
4166
4097
4097
7057
4971
8190
6073
7829
4097
4857
5136
5830
5451
6926
6396
5527
7045
6769
7082
6233
7575
5984
8190
5806
5110
6225
4097
5264
5507
5129
5907
4532
4097
6574
8190
8066
5417
6455
4645
4323
6782
8190
5544
6348
4205
8101
8190
7822
5197
6540
4452
6615
6644
7225
6182
5439
6136
4097
5629
8190
4485
5420
5041
7349
5163
5465
6078
4097
5471
6955
6864
8190
5196
7229
7082
7692
7601
6664
6547
6898
6677
6031
5808
6231
7773
5005
6170
7014
8190
7375
8190
4427
5741
7607
8190
4097
5046
6907
6646
6873
7270
7402
7432
7060
6319
6372
7356
6692
5319
4097
4896
6923
6451
6253
8114
6411
4813
6026
7550
6340
5367
5810
6208
5780
4408
5591
7237
6096
5749
4097
4784
7076
5728
7126
4875
6220
5862
5989
5888
8190
5497
4800
8099
5145
6047
8190
8008
5712
5997
4684
6231
6962
4097
6363
5870
7038
5969
8190
4920
4515
4108
5000
8190
5675
7006
6304
7007
4590
5833
4402
4698
7088
6778
8190
7336
4945
4805
7278
5953
5585
4769
4606
6195
6959
8190
6806
7183
4097
4768
5086
4217
6526
4097
5960
6947
5524
5283
5232
6966
5472
8190
5365
4097
7719
7223
7191
5232
6877
4825
8190
5759
5488
7129
4097
6244
5002
6945
8016
7161
4097
6706
5170
6696
6755
5225
7132
6915
6838
5646
6440
5758
6383
6567
7585
7739
5290
5704
7055
5188
8190
5554
6127
5989
7190
8011
5017
5615
5860
5965
7448
6132
6127
5647
8190
5556
5096
7142
6202
4763
4097
5270
6221
5775
5839
7671
7098
4097
7842
6668
6958
6090
4221
6083
4097
4474
5607
5281
6304
5100
4900
4568
7390
4317
5393
6826
7175
4682
6359
7544
7761
6714
4849
5110
6162
4334
6033
7930
6514
6139
8190
5357
4850
6625
6609
7174
5546
6321
5005
6367
5764
8190
8190
6589
6399
5132
7132
4605
6302
5103
5341
6504
7551
7790
5611
4097
6004
4500
4097
6269
7334
6483
6279
6933
5527
7134
8190
5563
4412
6218
5520
5221
5876
5892
5972
7344
5197
6913
5614
7571
7138
8190
6035
6842
6313
7682
5856
6206
6202
7073
4805
5456
6749
8190
5331
4799
6734
6670
7858
6292
5997
5706
7116
4880
7899
4097
4097
6296
4097
4215
7729
4978
7440
5547
6261
6376
8190
5259
4944
6052
4097
7508
5627
5890
7366
6505
6283
6541
5479
5556
7483
5377
5258
4097
6229
5700
7382
7970
6040
8190
5388
6786
7168
7090
6933
5447
6515
8190
5862
6020
6923
7743
4097
6771
7571
4097
6903
7171
5260
6043
6312
4247
8102
4794
4548
5944
5229
6740
6770
8190
7695
8166
6427
4696
4648
4097
4355
7578
4853
7536
6119
7134
4097
5959
4536
6470
5415
6102
4810
5691
5118
5493
7235
6303
4700
7547
5189
8190
6103
5186
8190
6082
4097
5460
6663
5552
8190
8180
4518
6228
7535
4097
4097
5198
5550
5126
4097
5054
4647
7724
6554
7376
7575
7356
6262
4785
6584
7478
6339
8050
7933
5895
5566
5029
5181
5638
4097
4847
5221
7977
5616
7702
5027
6979
4097
7290
6558
6669
6924
8190
5764
5478
6507
4996
6615
6595
7897
5957
6323
6229
5511
6403
5804
4376
4097
4097
7325
5723
4097
6442
7336
4331
6047
5044
7557
8134
8190
5143
4097
6255
5498
8190
5276
5942
4212
6998
7267
5419
6259
6285
8190
7493
4097
5093
8190
4991
6247
8094
5329
7226
4097
6465
7629
6388
6407
8103
5675
6785
7939
5458
4097
6406
4097
7446
5799
7010
4671
7167
7562
5596
6170
5857
7478
6694
7390
6591
7571
4097
5550
7899
6075
5341
7504
4813
7728
5250
7024
5332
5247
5792
6104
6366
6018
6969
6009
6714
4450
6326
5059
8190
5672
5957
5249
4097
6742
6113
7914
5235
6504
5167
6021
6091
6078
4097
6733
4097
5213
6472
4579
4654
4722
5750
7734
8190
4245
6773
4701
6594
5966
6423
6458
7269
6884
4879
6623
8190
6264
7383
8190
5294
7278
5104
5963
7043
5896
5427
7178
6259
7007
5631
4789
7135
6397
7378
6585
6932
6158
8190
6171
7804
6427
8190
4171
6305
7229
8190
7524
5479
6289
7640
4257
4106
6317
5936
4205
8190
4097
5683
8190
7248
4097
5418
6684
6607
7014
5186
4349
5919
5398
4097
7090
6454
8187
7652
7251
5163
5597
4574
5208
4892
6200
8048
7058
4097
5160
4097
4325
7140
5488
4708
4949
6940
6646
6297
7679
8190
7435
6796
6977
6799
6551
5700
4097
4946
6317
5857
5897
6189
7052
6577
6482
8190
8190
5365
5358
4288
6778
5701
5719
4173
5562
5020
7933
5255
6963
6749
7528
6005
6644
5134
6656
7659
5273
5318
5616
4097
5969
6174
6935
8190
5998
5616
4464
8190
5590
6344
5672
4385
6242
4097
8181
6407
6121
5809
5386
5641
4647
5541
6748
6925
6471
4097
6522
5402
7780
6387
5029
8190
6912
5554
5535
5879
6502
5302
5611
4325
6657
5993
6932
5871
4982
6132
7420
6159
5881
6336
6353
6472
6144
7094
7198
5840
7175
7191
4097
5099
4097
6108
7010
5298
5158
4097
6296
4097
7289
6556
6347
6584
5787
6857
7916
6958
7717
5501
5456
5004
6183
7878
5730
6300
5283
6306
4151
6305
6269
6301
5796
7978
6506
7114
6369
6480
4097
8190
7531
7912
6995
6865
5285
6341
6113
4097
4097
5085
7638
4264
5441
6625
7822
6470
5278
7473
6469
6551
5552
5273
6955
6362
6213
5511
7644
6657
6585
4097
6545
6158
7887
6261
7228
7601
4097
5047
5856
6643
5604
7401
7754
5161
5297
6588
6044
6167
5248
6947
6260
5240
4612
8190
4870
5446
7722
4362
8190
5350
6122
8190
7140
4097
5489
7005
7110
4730
4694
5815
7408
7034
6251
6287
7178
4876
4097
5153
6952
4766
5463
7367
7222
7851
6855
5179
6478
6748
5264
6718
6160
5737
6475
5847
5454
5131
5559
7660
4106
8190
6597
7099
7584
4894
4337
8190
7492
6075
5663
5486
6453
5529
7135
7442
6787
6329
7672
6019
5880
5818
6431
7555
5120
7232
6863
6057
7635
5874
5773
8190
6971
4815
6090
5873
8190
8190
8190
4111
7162
6135
6885
7066
6308
4097
5687
5445
7652
4917
4620
7614
6086
4097
4537
4763
4739
6208
6084
4375
5899
7134
4887
7023
4551
5573
6234
6127
6485
4902
6147
5638
6317
5071
4466
4473
8190
4097
7796
5175
4909
7035
6471
5731
4199
4690
4097
4097
6185
4836
5788
7748
4097
4879
4238
7746
6875
6505
4439
4469
6111
6981
5104
4770
6745
5568
5993
7249
6344
4097
4391
6557
6235
5951
7790
5601
6098
7321
5051
5440
5051
5155
5161
6015
6141
7442
6320
4758
7342
5596
7159
4097
7569
7344
5280
5779
5421
6889
6143
4097
4688
6540
7462
4297
4492
6795
7138
7485
7046
7440
6645
5666
6691
5355
6886
7739
7600
7086
8190
6297
6501
7802
6141
7601
6400
6268
4097
6189
5769
4994
6495
5741
4097
5104
7757
6640
6502
4401
6502
7218
7527
7358
5717
5319
4097
8190
5670
5802
6911
4097
5934
5212
6025
5708
5589
5833
8062
5947
5490
5005
6811
7176
6270
4807
4639
7177
8190
8150
8038
6144
5654
5583
6816
5489
4523
7693
7332
4122
6340
5101
8190
8190
6240
7349
5843
6352
5932
5449
5896
7525
8190
6035
6280
6302
8098
5978
4895
4949
6556
4407
4290
6642
6119
6622
6665
5719
7866
5254
4097
8190
7237
4916
8164
6100
5855
7891
6920
5733
5502
7109
8190
7008
4097
5850
4097
7697
4474
4097
4937
4097
6556
7057
6817
8000
4492
6701
5707
6104
7253
5029
6323
6091
5863
6120
5612
6501
6084
6716
5407
4732
6631
6741
4764
6519
5795
5612
8190
4097
5357
5074
5353
4097
5925
4097
6473
8190
7726
6840
5505
5587
7450
5521
5239
6384
6094
6062
6184
8160
6204
6595
6793
8190
7344
4828
8190
6391
6995
7961
6460
8190
8190
6307
6683
7700
7140
4234
6959
5361
4729
6367
7162
6671
7428
6668
4712
4416
6847
8190
7440
6296
4097
4570
5825
6990
6382
7300
7298
6474
5575
6122
4643
7527
4097
8190
6387
5956
8190
5610
4440
7011
7152
5962
5047
4846
6597
6793
7354
6329
6074
6487
5139
6500
6009
6051
8190
4408
7201
7615
5446
5452
4734
5055
8190
4992
6325
6382
6793
4369
6290
6490
7160
7915
6292
6792
8190
7338
6598
6378
5282
7220
6302
7683
6762
4097
4836
6704
7908
6367
7162
8190
6975
7539
5372
7681
7056
6308
4332
6717
8012
6843
5809
8190
8190
5266
6825
4764
4308
7238
4850
6526
6813
6720
4559
6111
8190
7406
4966
5691
6108
4234
7957
4272
6627
6450
5365
5683
7089
4914
6048
6871
6657
5234
8190
6997
5916
4097
6292
5267
4097
4483
6096
7506
4856
7304
7769
6459
6189
7977
5588
7614
6798
5068
6737
6474
6845
7808
5399
7612
6529
5255
7583
4097
5712
7250
5471
5815
5457
5797
5083
8039
7913
7324
6782
6497
6236
5417
5847
6198
5112
4744
5088
6615
5345
5680
7141
7057
7882
5785
7526
5191
5848
6721
6407
6907
5334
7157
6277
6260
4097
4441
7708
6903
4256
6530
6396
4097
6377
6352
6328
7020
6013
6998
5339
8190
7755
4435
5015
8190
8190
6236
5087
6153
6586
5905
6139
7018
7488
4097
6076
7264
5389
7562
5133
5209
5508
5673
6905
7279
7318
6580
6439
4097
6811
5324
4097
4097
7449
6585
7725
6962
5766
6783
5235
8190
7057
5533
8190
7394
6427
6540
7089
7806
4097
5571
5947
5208
5563
7229
6371
4097
4097
4715
8167
7816
6993
7438
5558
8013
6023
6323
4841
7767
4414
5821
7506
8190
5158
6669
6044
7496
6243
4097
7613
7984
6863
6827
5333
7554
6570
6991
6906
4613
4663
4526
5564
6635
6729
8095
5304
6938
5542
7570
4719
6829
6666
6446
8190
6683
4097
5942
6210
7706
6225
8190
6000
6997
8045
6360
6355
4945
6099
6284
4995
6726
5830
5384
4837
4983
7159
4097
5628
8089
4436
4981
5954
6656
8190
6109
7181
8190
5511
5563
6539
5272
5798
4476
5390
4157
6051
5673
7666
8190
6162
5256
7179
6900
6354
6095
4097
6071
5605
4949
5960
5509
4274
7033
4781
5855
5609
4956
6840
5429
6714
5403
7364
7029
6478
7932
6161
5770
5666
4097
6969
4839
8190
4799
7390
7409
6026
5780
7648
7398
4097
5669
6292
5874
4632
8190
6156
6665
6183
6067
6420
7232
6009
6564
6147
5157
4123
6483
5975
4924
5578
4601
6625
7026
7643
7871
6078
5264
6370
8134
4426
6775
7260
5064
7883
7420
4097
5864
6470
7225
7707
4097
5207
5204
4404
7908
5539
7712
4961
7704
5289
5528
7927
8190
8190
6202
4097
7113
7091
5881
7139
7826
6595
7387
4097
7470
6285
6200
5805
6916
5577
7037
5907
5069
5221
5869
5098
6343
7934
5213
4789
8190
7637
8190
6396
8190
5452
6231
5703
4690
6545
6072
5861
6535
7310
6484
7499
5427
6172
8190
8184
4097
6088
6251
5339
6078
6383
8190
6700
5596
6969
7095
5829
4097
4097
6572
7033
5529
6929
4933
6324
5541
5156
5640
701
1355
7633
3346
7853
4203
7299
1548
152
10188
3140
8059
3546
9598
3944
8615
7139
1862
2015
4516
438
7193
8475
6822
1886
65
2332
9205
7563
2523
308
12286
11069
11298
9152
12050
12286
10320
9271
12286
11175
10775
9194
11371
9158
11979
11289
10690
10345
10037
11122
8193
11110
8193
10407
9508
9827
10847
9424
11736
9869
8193
10675
12183
11232
10332
10526
9533
9788
8677
8193
11728
10548
8193
9475
10713
8936
9660
8882
9794
8193
8664
8857
8919
10120
12048
11013
9452
10422
11831
9285
8871
11779
10496
10437
9717
9853
12156
10166
8193
8193
10841
10040
9119
8244
9682
8767
9671
9688
11085
10485
10247
11834
10133
9965
10627
9129
9680
10334
11215
9591
8367
10737
10842
10814
9103
10457
10171
11594
9367
10501
9171
10698
11402
11992
11138
12286
11231
11084
9699
9440
10529
11199
8413
8193
9980
8193
11783
9938
9506
10365
11524
9407
11588
11471
9772
10867
8648
9192
8802
11774
11521
10127
10861
11725
9208
11077
12286
10505
8193
10108
10373
10067
11093
8677
10632
10333
9807
10535
12020
10705
8870
10896
10137
12286
11236
10521
9881
11453
11151
9125
10576
11612
9475
10838
9081
10335
12225
12286
11587
10530
9103
8742
11722
9735
8403
10449
9089
10628
8880
10414
8952
9346
10361
11157
9805
11080
10347
9556
11291
10778
11647
10362
9949
8669
10205
10733
8193
9813
11852
10947
8423
10713
9367
8210
10182
9124
8193
10310
11054
11452
10820
9372
11850
10317
11897
9942
10074
12286
10517
10425
8654
9422
10814
10122
11103
9754
9655
10781
11666
10010
12286
11189
10625
11003
12092
11655
10962
8415
10590
11395
10574
11343
9030
10146
11731
10066
12097
11474
8193
8193
9452
11517
10212
8193
10244
10146
9943
9071
10093
10112
10335
9666
8911
10521
10656
12286
10549
9885
10914
9956
10977
8193
10747
12176
9038
12286
9677
10271
8193
11219
9260
9522
8594
9484
12286
8193
9244
10533
11189
9520
9340
10878
9188
9435
9676
10696
8193
11354
10503
9425
10839
8771
10656
8860
11634
11790
12286
8839
10674
9202
9881
12286
10248
10148
11898
10710
8330
10608
11023
8555
8445
10568
12286
9362
8323
10885
8409
11702
8932
8193
11093
11313
10778
12286
9058
10156
9038
9908
10658
8193
12286
10060
8193
11470
9449
10992
9220
8193
11162
12286
10989
10111
10027
10941
11864
10185
12003
11314
11880
11852
8193
11881
12286
8830
11824
9656
12286
8193
10987
8193
12286
11055
10399
11254
10689
11555
9582
12286
10083
12120
8466
10515
8955
9555
9075
11109
11880
10320
11988
10382
10140
11642
9058
9327
11145
10235
9000
10502
8635
10472
9139
11537
11428
10455
10624
9078
9856
9652
11669
9352
9456
11268
12286
11158
10660
10525
8599
11711
8793
9541
9909
12246
12286
10190
10564
9401
11662
12286
10940
9958
9315
12286
9525
9769
9307
10551
9338
12286
11892
9503
12286
9450
10959
8384
11033
10560
10071
11366
9938
11110
9289
11480
12064
10311
11451
12213
9135
10466
10535
12286
9602
9629
11540
8193
10108
10441
11246
11446
10755
8379
10705
9828
8472
11099
10956
9724
8193
8193
10226
10147
11025
12286
12170
12286
9575
10912
11054
8761
9253
10704
9229
10298
9988
11136
10165
10817
10352
10551
10422
10781
12146
11019
10897
10431
10890
11153
8385
9515
8551
9551
11048
9996
10161
9811
8193
11252
9381
11369
10143
10473
10768
9950
10527
8518
9671
8193
8265
10423
9867
9171
9111
9209
10948
12286
10861
12152
9328
11758
9402
9656
10563
9764
9330
9497
8193
10308
10514
9020
10296
9413
10716
11132
8193
9173
10675
9242
9000
8593
8423
9478
9045
9713
10349
8382
9207
9121
12286
10817
9723
10961
8978
8793
10596
11506
8756
10765
10355
12233
9141
11108
10227
8269
12286
9076
10254
12286
10017
11689
12147
10382
8193
10301
10902
9640
9818
10780
8409
9609
11657
10002
8193
9078
9742
10585
10354
8693
10567
10197
10710
11880
12033
1344
1317
5855
6751
3499
5474
12286
10766
10692
11090
9981
11369
11314
10157
9113
11658
10768
9240
8591
10359
10585
10957
10368
8193
10953
12286
10828
9033
11956
12286
9607
9117
12122
9981
11167
9849
11565
12286
10578
10176
8373
12286
11232
8761
8223
10418
11220
10823
12186
9297
10167
11688
8958
9443
9068
10030
10289
8193
9130
12286
8193
10145
9016
8664
9982
10886
12286
12286
11155
11286
9250
9032
9495
12286
9715
8829
9508
10355
8510
9668
8315
10226
8862
11952
10635
8193
12286
9493
8237
10647
10179
9183
10568
10484
9022
11640
11938
12286
9859
8727
12286
10474
11914
9064
10683
9962
9397
9064
11514
8193
9696
10034
9197
8644
9472
9388
10917
11077
8927
10936
9313
9873
10669
8270
12286
10236
10661
10694
10359
11803
9743
9499
8978
10648
9014
11429
10585
11228
11271
11431
8193
10105
9068
10752
10679
10628
12286
9398
9969
9604
8193
11677
12286
9778
10384
12286
11639
10529
12286
10585
8193
10376
12101
8193
11544
10179
10960
10540
9645
9862
9229
10999
10341
9101
9967
12286
10735
9519
12286
12286
10278
10861
9304
9166
9390
11250
10369
10431
12286
9647
12286
9719
10887
10713
8728
9053
10721
9455
8798
10077
9375
11757
8223
8193
11336
9283
12286
9166
11663
8193
8193
10547
11781
10812
10048
11313
11071
11535
10369
11070
10116
9750
10537
12286
10608
10285
8573
8193
9283
12029
9103
8193
9922
12286
10075
9745
11816
9886
10648
9992
10453
9702
8861
8193
9810
10887
11190
10015
11129
11481
10050
10276
11437
10528
10592
11143
12144
10033
8834
12260
10034
11903
8920
10849
10498
9692
11188
9414
10437
8489
9714
9904
8846
10501
9531
8632
9594
10995
10246
9487
8193
11092
8813
10468
10078
9391
10738
8794
12251
8193
12039
9258
11144
9092
8509
8193
12189
9037
8723
12061
9629
11156
11191
11302
10535
9767
10150
8943
11042
10057
9512
11453
9330
10647
8777
8564
9269
10956
9838
10470
9409
8193
8571
10696
11247
10565
11805
12286
8610
12220
12131
8427
9128
9345
12286
8429
10251
8260
11686
11611
11739
8262
11736
10717
11476
10596
11903
12010
10012
11156
12286
8989
11686
12156
12286
10720
8691
10227
10563
8255
11161
9281
9414
8715
9834
12098
9243
12286
9689
9157
9286
11472
10212
12286
11907
10802
8658
10165
10337
9853
10191
10939
9891
10688
8761
11538
10394
9608
11245
8643
10189
9679
8193
12265
11079
10522
9156
8634
11358
8425
11580
9798
11744
10810
10654
9263
8193
10002
10909
10510
11346
11139
9038
8962
8193
9299
9853
9274
10491
10217
8193
10534
11550
9148
8926
8193
9092
10560
9951
8193
10802
11935
8193
9686
11259
11857
10702
11992
10406
12286
10241
8775
10943
10251
10366
10271
10507
11465
11444
9905
10293
9704
12209
9977
10669
8952
9932
10643
9125
8193
11991
8348
8193
8585
10627
8893
10123
9552
8193
8380
9727
10668
8481
10663
9430
12286
10645
10820
12286
9330
11264
8738
8952
10678
12286
8363
9551
11287
11160
10001
11114
10621
10938
11703
10957
10287
10195
10881
9052
8193
9549
10274
8675
11738
8193
9485
11861
9262
12286
11619
9427
8621
8337
9241
11656
10145
9119
11236
10673
9775
9952
12278
8467
9495
12286
11089
8647
12246
12286
9596
9293
8561
8973
9125
10565
11783
12273
10319
11277
12286
8468
11811
10127
11145
9641
10278
10767
10071
9540
9559
10254
8193
8193
11210
9983
10072
8488
8777
11672
10098
11108
10482
12286
10765
12286
10875
12286
10534
8193
11130
12048
10466
9544
9039
10450
11664
9059
10573
8193
9948
9381
11155
9737
11181
11072
12286
11781
11091
10468
12286
9957
8550
9277
9174
8193
9962
8427
11334
8914
10145
11463
12038
10834
9464
9831
9466
12286
10551
12286
8424
9963
10646
9265
10646
9638
9120
9914
9392
9995
9449
9513
10292
11293
12286
10397
9919
11503
8575
11194
8401
10919
10031
11107
9255
10883
11775
11900
9401
9948
10406
10272
11604
11683
9445
12286
9805
9258
10441
11465
8733
10291
10040
12056
10158
9646
11762
9882
9944
9542
10296
10622
8755
10215
8756
11702
10561
9843
10659
12286
11366
12286
9780
10745
9417
10780
9179
11673
8678
9351
9202
10449
10384
11195
10647
9394
10758
11778
9530
12286
9071
11359
10121
11971
8200
9626
12168
10351
11015
11385
9010
9692
11093
9285
11016
8193
12016
10733
9108
10286
10224
8786
10497
10264
9890
11286
11732
9876
10457
8430
9421
11953
9492
9045
11172
12104
11727
12286
9645
8596
8193
8225
11698
12159
8484
9055
11787
8193
8193
11856
11806
8895
9373
12286
10140
9923
9060
11565
12286
8496
9700
12286
12210
10581
10042
11997
9376
9152
10541
10917
8823
11226
10797
11825
12286
12286
10810
12143
11379
11436
10240
10484
9454
9088
10553
10149
8469
12092
10797
12286
11500
10972
10691
11058
9330
10342
9949
10135
9710
10428
9630
10365
10961
10353
10326
11499
11324
12286
10615
10413
12286
9923
9524
9058
9470
8193
11165
9304
10841
9950
9653
8575
9407
9779
8193
9924
9371
10807
9022
9550
10280
10538
8193
10695
10903
11736
12286
10718
9772
10799
9430
11032
9411
10102
10152
11310
8193
10542
9559
9545
12286
10091
11081
9472
10539
10201
12286
9758
11332
9947
9312
8193
11218
8756
10618
12286
10481
10827
9938
11701
11283
8678
10835
11431
10049
9578
12286
10133
8709
10792
9093
10173
11741
11160
9665
11954
8193
10639
12286
10000
11558
9909
9881
9845
10291
8773
9573
9283
11723
9430
8193
10541
10151
9093
9010
9839
9639
9874
11317
9254
11386
8866
10512
9294
8415
9612
10491
10189
11518
10717
11197
10025
10252
9740
8193
11378
12286
12174
8193
9875
10287
8332
9848
11531
9090
11584
11287
10571
11034
8193
9138
12286
9922
10513
9421
10820
10116
10827
9510
9924
9805
10881
9973
11271
10558
10369
10188
9256
8260
11432
10625
9960
11530
9534
10975
12286
9079
11375
10524
10287
9185
8647
11337
8470
8945
9524
10284
12242
10122
8789
9371
11920
10698
9655
10095
8193
8884
12134
10976
10594
9502
12286
9198
9705
10043
9994
10535
8868
9170
8193
10364
8841
10648
11100
9362
10344
10506
9715
10463
10333
10089
8702
8193
9392
11055
10416
11619
9137
8656
10621
9732
10398
11759
10766
9028
9599
8193
11186
10375
11373
9263
11516
12286
10393
8838
10931
9982
9769
10865
9880
10128
9659
9591
9501
12286
10028
11830
8193
12138
9230
11252
8667
10022
8843
10981
10495
11283
11439
10928
8489
10039
11718
8949
11710
9472
11683
9550
10224
11636
10171
11070
9270
9529
9706
8193
9430
9396
8404
12286
8193
9744
8477
10485
9297
8461
9344
11491
8485
12286
9973
12286
9971
11918
10413
11325
9645
8193
11743
10331
8540
12286
11636
10650
8692
10871
9232
10712
10869
8193
10671
10292
10418
11108
9776
10596
11456
12142
12286
8970
11115
10351
9633
8193
9981
10392
8193
11436
8978
12286
10058
9785
8193
9109
8193
12286
8193
11435
10475
10949
10277
10522
8933
10677
10065
8374
10009
10297
12078
9847
9620
10045
10984
9423
9169
8507
9789
8767
8893
8996
9295
9319
8335
8266
10520
11203
12286
11298
11131
9262
9072
11896
10834
10443
8193
8912
10000
10092
11075
8288
12169
8735
8574
8900
11395
10318
11655
10954
11217
8609
10759
9656
9268
8193
9772
9424
10652
11022
10024
11861
10760
10901
8667
9483
10304
9975
11160
8831
11003
11538
8193
9541
11960
10428
8850
12107
10201
10256
10393
9918
9716
12286
10800
10879
9296
11194
9826
8276
12286
11773
8277
8193
12286
10028
9818
9598
10880
9560
9096
10203
8495
10917
10790
11772
8193
12038
10230
9036
8226
9443
9103
11590
9083
8845
10829
12159
9150
9582
11638
11800
12286
11968
9329
9271
10859
10539
9137
11209
12286
8193
11168
9648
10263
9136
11702
12268
11469
10773
9632
10010
10457
10436
8685
9422
10289
11772
9714
12286
11295
9876
12286
8193
10418
8193
11080
11906
8488
11302
8193
10737
11411
9924
10369
8702
9556
9423
9984
12286
9528
8859
10131
11501
9687
10012
11847
10500
8198
12250
9799
9272
8932
8639
10878
10232
8201
8193
8608
8193
9748
10084
10826
11906
10693
9006
8710
8345
9694
8193
9543
12286
9374
11488
10831
9267
8193
10777
8193
8193
10446
10084
9485
12274
10283
9280
9903
12274
10161
10266
10785
8698
8426
12207
10215
10937
9389
9820
12286
12238
10854
9826
10203
9031
8818
10076
9015
10396
9771
11014
9581
12034
9996
10667
10061
11311
9832
9903
10705
8193
8993
9279
8371
10032
8193
10917
12286
11400
10319
8784
11537
8633
8193
10054
10514
11696
11066
12281
9005
11316
8709
9280
8347
11462
11441
10707
11377
9585
9708
12255
11227
9970
11160
9012
10494
9041
11067
10912
10325
11138
11484
12286
11522
10428
11102
10740
10116
11185
10773
11911
9001
10672
10734
12286
11340
9419
9000
8386
11557
10183
10737
8193
8633
9972
8854
12210
9193
9036
11155
10023
8528
10763
9648
11421
9083
11011
9091
11795
8639
10687
9363
9517
11315
11114
9331
10108
10946
11868
10500
9249
9781
9832
9128
10718
12286
9826
10585
10966
10874
9842
9963
10103
10266
10794
10371
10813
9269
10925
11354
10186
11463
9707
10296
9917
8673
9619
8193
9080
8302
9916
9635
10221
10852
10313
11403
10208
8193
8862
10433
8193
9081
9666
10252
10465
12286
12119
10416
11554
11632
10097
9901
9413
9648
11334
11415
9756
11843
10066
8193
10972
9250
10243
12286
10257
11260
10005
8193
8563
11675
9251
11196
9009
12286
8839
10313
11777
11178
9809
11142
11621
10989
12286
11755
10496
10340
11914
9793
8193
10984
10558
9216
9713
8193
10093
12254
9628
9344
8875
9522
9966
9315
9072
10728
11062
11375
10314
8606
12268
11097
10147
9593
10709
12213
12167
8193
10316
11313
10033
12286
9511
8730
9558
10292
8917
11088
9620
10438
10732
11148
9091
9972
8529
10167
10033
10054
9059
9397
11781
9072
8230
9492
9028
12286
9391
11070
10451
10612
10705
10213
10456
12286
11271
10166
10528
9663
9041
10445
8919
8193
10494
11700
12286
9308
10941
8760
9347
8850
8998
11441
10390
8931
10298
11368
9825
11245
11735
12286
12286
11706
11682
8222
9752
11160
10401
10652
9907
11027
12286
9739
8193
8193
10759
9641
9453
12286
9585
9685
10153
8904
12286
11790
11076
9527
9217
11291
9066
10521
10814
9174
11015
10483
8751
11678
10525
8426
11670
10370
12286
9655
9708
8350
8918
9313
11316
11178
9034
11420
9683
11314
9096
9596
11452
9659
12228
12286
9179
11312
9840
10462
9854
12047
9337
9324
8250
10558
11314
10458
11662
11268
10380
10327
10234
9570
9375
10489
8979
10289
9432
8363
9797
8225
9694
10459
10824
10747
9113
11693
10900
8706
8193
12286
9697
9043
10971
11228
9476
10818
9198
11124
9736
8193
12286
8571
8312
8193
9703
11723
10704
10364
10317
10234
8787
8893
8995
12286
9409
8877
10206
11240
10107
10391
10094
12286
10092
11429
10258
8193
12286
10774
10699
10754
9637
12108
9345
10720
8278
11128
10251
8193
11468
8655
10066
8520
9108
8193
11977
9598
8193
10106
8193
11667
9156
9753
10262
9672
11353
10881
9431
11929
10136
10543
12286
8510
11467
10038
9587
11161
12212
9410
12286
9325
10579
11572
10018
11400
9478
9693
10782
9034
10287
10164
11925
9087
10098
9789
9165
10391
8494
10581
9869
8903
9791
9069
9261
11136
9564
11557
9636
9341
8284
10646
9879
10710
12286
8193
9528
11074
10006
9662
10765
12286
10982
8961
8824
10230
10146
10173
8193
9790
12122
12286
8558
9239
10332
10049
12286
10958
11780
10615
8606
10064
8912
12157
10959
9534
11612
9822
12286
10526
10268
8193
10834
10922
10435
12286
11689
9076
10455
8193
9439
9364
9832
10068
10707
10649
11707
9107
8193
10225
12145
8193
9125
10136
8193
11052
11775
10065
8193
11757
11262
8193
10946
9610
9428
12286
10681
8193
12286
11082
10893
10660
10660
9989
11568
11363
12286
11541
11348
11540
8995
11976
10745
9092
8804
11782
8193
10022
8193
9942
12286
10459
9426
10420
8193
11371
10597
9770
12286
8193
9351
10575
10699
10186
9372
8193
11667
9802
9979
10915
9820
10266
9325
10910
8193
10091
9417
8933
10637
9867
10110
9582
11437
8193
10305
9406
12286
10832
10796
10424
10302
10367
12227
10312
8291
10219
8508
8193
11859
9268
12286
12254
10702
9629
12033
10796
10983
11735
10386
11534
9664
8706
9186
8193
10987
8930
10178
9732
10609
9183
10536
9723
9222
8587
9520
10133
10390
9491
11093
9573
8859
10038
8674
9443
11903
10596
9642
8782
12286
10221
11923
10357
10318
8500
10603
11714
9491
9449
11540
12091
9592
10933
9723
10329
11251
11562
9732
11479
10204
10279
10929
11472
11469
9659
8193
10967
9206
10143
9637
11436
11361
8321
9903
10335
9839
8720
9888
12286
10059
11322
10081
9552
10629
8193
11617
9979
8193
11725
10350
9742
8426
11647
10025
12286
9568
10523
10101
9085
9479
10126
10940
9713
10169
10418
8265
11166
10594
8193
9419
10743
9454
11759
8193
11150
8193
8378
10788
11556
9313
9824
11693
8193
10510
10464
11409
10289
12286
10874
10417
12190
12135
10158
9283
11022
11855
12109
8998
10239
8712
10473
8361
10693
9494
12056
9370
9604
11652
11810
10158
10435
10470
9558
11296
9409
8749
8744
8193
8906
9545
9205
12161
10952
8193
10765
10325
9752
10371
9461
10603
10001
10407
9313
9672
8193
11147
12286
9205
9342
10926
11804
10587
10580
10556
10766
9285
11349
11094
9042
11063
8193
11728
10508
10836
8193
11507
11621
10509
8764
12286
10487
9132
8193
8938
8193
9794
9770
11708
11270
11462
11672
8650
9971
8953
12286
10306
10054
9415
8193
11579
10139
8232
10458
9555
8193
10281
8193
10864
11443
10820
10167
10040
11143
11200
10086
10253
8597
10543
9404
10841
11724
10426
9992
8854
9414
10145
11811
10503
9613
10913
9411
12286
9968
8948
10703
10863
10497
8193
8253
11361
9828
11904
9794
12218
10569
10433
11924
8193
9907
10943
8727
10035
11988
9996
10643
10797
9812
8908
8193
12286
10251
10566
8414
10403
8193
12286
11159
11768
11183
10595
8193
9491
10270
8193
8899
11491
8413
8751
8994
10681
10982
9469
9502
9699
10972
9678
11644
11722
9136
12176
11113
9930
10298
10560
11712
9164
10425
10725
10392
8974
11255
10971
9152
12286
11306
10967
9963
11721
9110
11670
10233
9607
11032
11338
10628
10039
9883
9611
8366
10678
11271
9064
10898
8624
8193
10341
9805
11385
12286
9426
10525
12286
9577
8193
8193
5506
4970
81
4863
419
4753
2956
4793
2277
3961
4943
172
166
5918
1206
5837
3434
1870
3799
1561
1577
4379
5880
5168
8190
6727
7065
5003
6374
5411
8190
6506
6827
8190
6394
5346
7299
5270
7849
6114
5355
5385
4097
5859
4127
5448
6752
8154
5104
5941
4405
7046
4732
5646
6014
6871
4773
6577
4807
8190
6390
4097
6947
6910
4097
6372
5623
5881
6778
6004
4460
7083
8190
6385
5094
4665
4847
4275
8190
4582
7647
4634
6152
7457
6181
8072
8190
8190
4205
7450
6525
8066
6691
7292
8190
8187
4097
4565
6239
7348
6992
4930
6744
7980
5940
6768
5768
6093
8190
6527
7321
6455
6023
5687
4888
6852
4564
5001
6096
8190
4097
5293
6968
6257
4771
5700
6180
4453
7164
5338
6088
6486
4097
6043
6607
4802
5120
7752
5963
6569
5901
4608
7580
6334
6921
4097
7311
5497
6342
5019
6463
6342
4296
5345
5804
6413
6941
6587
5210
4097
5722
5497
7058
5519
6819
6890
5842
6187
6621
8190
5570
5619
5727
4975
6252
6195
5592
4097
5928
5119
5975
7075
5544
4599
5673
5302
6491
5741
8190
4212
8190
7598
7200
6871
4814
6113
6887
6693
5749
7147
6259
7157
7865
4650
5314
6152
4097
4863
6814
5007
4995
6651
7693
6880
5734
5197
5951
6077
8190
5419
6654
5997
4097
6030
4097
8135
6492
7122
5967
5914
7974
5488
7057
6151
5791
6004
5548
7031
5074
4097
6889
7634
5996
5285
6492
6104
6820
4487
6435
5134
6638
4507
6660
8164
5963
7941
4097
6599
5471
5314
5009
7243
4837
6161
7213
4097
6279
5924
6954
6565
5823
5629
7532
8190
5803
4097
4384
6703
6161
4569
6104
7237
6126
7449
5579
6018
5480
6216
5376
8190
6669
5919
4878
7597
5841
4888
7559
4218
5893
5526
7449
6472
6426
5322
5550
4097
8184
8190
4912
7607
5038
5767
5246
4890
6589
6066
7830
7679
4097
8190
6914
4774
6000
5942
7800
4778
6547
8190
5359
5627
7367
4634
6179
6261
6059
4097
4097
6898
4097
4662
5594
5097
4219
4687
8190
6391
5063
6229
7666
7170
5573
5557
6968
7937
6355
5975
5617
5906
6070
6718
8138
5608
6782
5337
6509
7943
4278
4097
5148
7088
5317
6840
4097
4516
7776
8060
5816
4664
5809
5546
6070
7426
5388
8190
4482
5618
7876
6447
4102
7868
5690
8038
4524
6582
5954
4933
5945
6048
6049
6774
6220
6170
6894
8190
5224
5660
6229
5647
6765
6530
7048
7941
6756
4097
4429
4097
4980
7891
8190
4767
8190
5253
7706
5242
5818
5548
6082
6443
6841
4662
4097
5308
6389
8190
7387
6894
4338
6070
5113
5698
7303
6524
7018
6602
6780
5686
6126
5491
7430
6286
4942
5702
8190
7256
5145
4097
5868
7142
5639
5486
7345
4483
5262
4854
6784
7713
6899
5172
5004
5616
5183
5720
6806
4097
4739
6526
5383
4335
6449
8190
6046
8190
7872
4654
4368
5091
6953
4097
6714
4740
5810
4697
6466
7881
4698
4097
5014
4097
5849
4577
5920
4097
6684
7334
4842
7811
5557
4383
4900
8190
5582
5733
4798
8190
5682
4563
4900
6207
5226
7274
6517
7411
6714
7690
5876
5283
6623
7035
4910
5644
6420
4655
7818
6576
7036
4987
4555
5488
4508
6235
5491
8190
6583
5598
5080
7658
6409
5495
4505
7647
5803
6392
5254
6167
5874
6006
7211
7863
6191
7311
5603
7013
4097
7282
5555
6017
8190
6596
6371
7699
4898
4097
8190
6360
5908
6022
8190
7023
4564
4097
5711
5100
4852
5886
6404
7241
5959
8190
7263
7391
5982
5058
5957
6669
7051
7801
4180
6025
6357
4973
4612
7400
5194
5129
4097
5823
4097
7186
5967
4744
6160
7042
6452
8190
6240
6317
6037
7327
6362
4924
7115
7094
4590
4097
4905
6444
6288
7303
8190
4472
6162
7039
6557
5782
8114
6323
5991
5115
5010
8190
4995
4812
5572
4097
5258
5033
8190
6879
4694
6539
7693
7819
6241
4707
5134
6923
7106
4785
5022
6168
6268
5794
5307
7593
6340
6564
4097
5900
6490
6304
4097
7305
5702
6056
5971
6025
8190
6756
6172
6198
5715
8031
5642
5299
7119
7762
4117
7571
8190
7259
4097
6454
8190
5852
7444
6658
7494
7662
5792
5584
6729
6782
5812
5362
5876
5703
4621
8190
7499
5039
6967
8190
5781
5637
6726
8190
6434
5531
5814
5790
7343
6810
8105
4490
7374
4097
5748
6112
6925
5778
7524
6795
6182
5507
6929
5425
7566
5543
4944
6061
6017
5589
7653
8101
6240
6779
6106
6936
6409
8190
6696
6289
7779
6714
5995
6790
7962
6357
5929
6402
5854
7145
6582
7347
7070
4668
6581
8190
6095
6029
6174
4357
7585
5979
6841
7419
4097
6908
6373
4097
4350
5166
6673
7742
8190
5955
6085
4783
6686
6358
7905
8190
6588
6934
5423
6528
5874
6038
5280
6071
6471
7702
5276
6192
5918
7702
6614
5793
6489
5402
6094
5828
5147
7082
8190
7081
5826
4097
7307
4388
6465
7303
5313
4285
6575
4339
6256
5981
7309
7868
6249
5954
4097
6530
4768
8190
6053
6908
5275
6764
4247
4097
5371
5612
4097
4387
4879
7191
8190
4749
7518
5750
5236
8190
4392
7903
6161
7204
6304
7368
6656
5479
8190
4997
8190
4097
5943
5832
6012
4707
7508
7321
4097
5456
4097
4617
6557
6675
7535
6502
5490
7275
4522
7467
5316
6790
5210
8190
5693
6432
6701
7038
4946
8190
5481
6296
6447
6050
5391
7395
6324
7463
5766
7017
5494
4406
7191
6973
5014
7656
6407
4097
4097
6026
7677
5820
4736
8190
6719
7582
7879
4262
6324
5541
5611
6674
5245
5663
7721
5215
4988
6246
6020
5854
6804
5217
6335
5271
5500
6388
6432
6051
4229
4629
4171
4160
7543
5386
6557
5344
7171
5707
6432
6899
5122
5919
6146
7399
6398
7131
6677
6250
6795
7230
7554
5280
5476
6271
6763
5826
5658
4903
7760
4097
6251
5400
6986
7523
8002
6131
5994
6184
5031
7048
5101
5848
6081
5779
5961
4097
6535
5327
5273
4885
5481
4939
7145
4360
8020
5756
8190
6613
5737
5663
7149
8190
4839
7667
6754
6651
6591
6996
6831
4388
4583
5542
7602
7250
6256
6387
6328
7612
4097
7150
5307
7352
7858
6780
7002
6161
6225
6095
5675
6358
6624
6831
6451
7251
6088
4941
7517
5254
7500
4610
8190
6631
5255
7248
5799
6355
6957
6856
7159
6559
4097
4370
8190
7808
6190
5566
4097
7169
6341
6421
5703
4450
8028
7145
4748
5075
5473
7575
4166
4624
6123
5843
6806
5770
5504
5546
8190
6516
6550
7737
4365
7541
7537
6341
4437
4771
5132
5947
4907
4651
4936
7526
5727
5120
6509
6419
4340
5122
4621
6085
6399
5468
4097
4620
8190
4097
4399
5649
5901
8190
6365
7257
4975
4238
6230
7691
6146
4111
5885
6411
5911
6999
5534
6269
8006
7611
4429
6530
7028
6561
5344
8108
4634
4611
5921
4394
8190
5541
7304
4242
8190
7933
6407
7349
5351
7065
6905
6266
4695
4607
5630
5113
6330
4321
7361
5972
5124
5733
4456
5643
6628
5549
5040
5931
5641
5424
4487
4097
6198
6319
5495
5356
4911
6306
6653
4796
6325
5795
4097
5366
7338
4460
6673
7066
5820
5200
6065
4988
4437
6568
4624
7923
8190
5254
4097
5212
5619
4097
7961
4579
5004
5395
4097
6899
4784
4936
4602
5799
4138
7077
6687
6976
5984
6718
5252
5057
4965
4991
5813
8190
8190
5988
6408
5418
4300
6064
5544
7281
6086
5118
7314
5683
4185
6431
6849
7327
5291
5299
6504
6253
5285
5327
5853
5368
6276
6100
6152
6227
6150
6135
6545
4097
5658
6821
6880
7301
5277
5662
5123
6143
7088
7276
6875
6886
4945
7479
4550
4677
4589
6087
6446
8190
5084
6325
6266
8190
4307
5525
5197
6673
5270
5352
6970
8154
6448
6634
6736
8190
5989
6985
6652
5639
4097
7399
5461
7053
5391
6752
5646
7274
7409
6331
6303
6701
4867
7000
4097
4097
5258
6060
6734
8190
4301
5785
5578
7499
4541
6861
4485
5228
4512
8190
5570
5328
8190
4874
7460
5680
8190
6987
6959
6594
6632
5748
6722
7959
5955
8176
4953
7235
4200
4865
6211
4561
6085
5652
7081
4201
7019
4504
4476
6016
5758
5955
5032
5336
7331
4097
5462
4861
6484
7842
8190
7079
4147
4097
5392
8190
4097
5282
5425
5345
8067
7203
5617
5211
5792
4097
6924
7451
7631
5310
5280
6790
5503
7998
6697
6852
5039
7503
4237
7706
7369
6304
7437
7400
4097
7544
5918
4910
6515
6510
7369
7046
7881
6958
7003
7752
5122
5764
5962
7344
8190
5850
6900
6857
8190
6996
5469
4380
7168
6390
4831
7801
5883
7745
6689
6359
7147
5972
4097
5704
5225
5381
4097
5654
6351
5125
8190
6311
6792
5107
6685
7367
5740
8190
6194
5760
8190
4717
5484
5060
4195
4727
6800
4937
4912
5929
7036
6266
6749
6975
6324
4828
6231
5139
5477
4271
4940
4606
6597
6900
5758
7717
4097
8190
7922
8018
8190
6387
6306
5232
6128
7153
6516
6225
6285
5779
6087
5586
8190
5944
8190
7670
6633
5241
4097
7133
6204
4354
8168
7457
5495
7375
8190
5770
4819
6871
5018
6880
4390
6081
5837
4922
6016
4435
4097
5447
7030
7259
5992
7798
7758
7591
6293
6736
5412
6567
5066
5689
4718
6169
8190
4101
7088
5137
14483
3022
21059
16302
6717
20945
5494
3443
20871
10374
6233
1766
6553
13396
12911
23222
20481
22303
21928
23794
21147
24385
21393
22923
23285
21174
24574
21169
22280
21647
21925
20879
22750
21878
20481
20481
21684
21043
21793
24574
22503
22123
23720
22393
22293
22103
22039
23161
21081
22439
23215
21968
22593
22150
22935
22190
23907
21524
21973
23812
23414
23686
20481
22060
21140
21767
20481
21613
22620
21415
20714
22862
24574
21853
22835
24574
22248
21455
21969
24079
23598
24574
20879
22321
21620
23200
21688
22072
22000
22148
23176
23100
23084
21862
23614
24346
24407
23794
22204
22792
20481
23497
22619
22290
21176
24306
23016
22986
21640
23923
20720
20481
23588
20481
21464
23398
23066
24515
24574
24033
22812
21932
21547
22999
24018
22185
23796
20481
20848
23564
21885
20481
23118
23138
22844
22980
22082
23795
23950
21582
23609
21365
20481
22828
24574
22255
23519
22465
20481
22813
21584
24358
22756
21634
22928
23109
22946
20481
21695
23751
22322
22521
20775
23516
20804
21642
23632
22540
20481
24574
24078
22613
23146
24574
23808
21888
20540
23138
23956
21437
20481
22319
23930
23208
23072
24413
24384
21396
21742
20481
22075
21225
21328
24152
22829
21464
23693
23400
21845
22580
23801
22888
22183
22550
23758
21983
24574
22751
23428
24574
22829
24574
21578
21189
21533
21438
21926
23078
22704
21880
22277
21218
21283
22396
23012
21940
23276
20861
22024
23007
21047
21563
24574
21729
22916
22291
21989
23794
22896
21787
20490
22167
24564
21028
24144
21004
23458
20673
22169
21286
23207
21881
21972
22291
24156
24211
23422
24574
23052
23145
21888
20737
24170
24574
21803
21839
24223
21576
23060
22487
22450
21795
23368
24224
24348
24574
22010
21678
22959
20481
23047
21251
20481
22370
23103
20481
21007
21745
21953
22116
22933
24574
20573
24574
24138
21524
24574
20912
22910
21973
22736
22189
24060
22326
22393
22223
22858
23520
24574
23665
22494
22284
22590
21544
24574
21626
21209
24454
23149
22298
21509
23065
21970
22989
23532
20558
23317
21830
21788
22736
23684
22150
22786
21164
23078
21521
23732
22006
22403
23097
23535
20481
23237
20481
23677
21084
22354
21119
20827
20834
24042
22755
21436
23168
20481
21037
20481
24091
20578
22702
23357
23904
24574
20709
24204
22907
23281
23572
21590
23309
23458
22634
22227
21320
22326
24092
20481
21828
22519
21754
22315
23252
22123
22466
23233
22549
23347
23859
22449
22235
23615
23488
20650
21292
24574
22049
23642
22574
24574
21663
21192
23653
24277
22243
22161
21382
23588
22425
22849
23068
22486
21560
24241
20481
20481
22274
22612
22287
22341
21745
20481
22037
23183
21402
21746
21716
22930
21617
23471
20523
23033
20481
23728
22696
20481
21007
21320
22850
22448
22073
23493
23988
23366
20481
23433
23276
24330
23983
23867
20537
22724
24520
24574
20770
22098
23695
22147
23183
22067
21644
23601
23013
23495
23482
21379
22078
22699
21763
21143
21900
22120
23231
20481
20481
21000
23128
24574
22240
24105
22761
24418
22716
20552
21900
23416
23359
22752
22005
23020
24574
23843
22129
21575
23627
22991
23138
24407
22067
21971
21493
24574
24574
22785
24182
24534
23081
22993
22517
22516
24053
21260
23354
21312
22446
23753
21643
22139
21247
23406
24543
23202
22834
24574
22199
20705
21521
22472
21071
22638
20508
23427
23876
24137
22166
22210
24574
22487
24038
23653
22546
22933
21933
23881
23228
20481
21650
21909
21652
23366
23780
21306
22457
23137
23058
22089
23631
23720
23430
20752
20926
23966
21466
21649
22765
21607
21414
21454
22296
24574
22200
24572
22502
22472
21518
21362
21692
22516
24149
21871
24574
22422
21531
23966
21621
22922
24520
21629
20481
23646
22013
20585
23003
20773
23184
24574
22231
21667
22601
20914
22924
24192
23834
22394
23374
22611
22909
23976
22021
24167
22778
22063
21948
22154
22349
21753
22480
24574
21572
23541
21133
23341
23032
21866
21441
22700
21615
20481
21926
20836
20481
24067
21443
21107
22294
20775
22616
21918
22350
20811
20481
23149
23453
22361
22367
23162
24574
23213
23895
23172
21803
23419
23724
24307
22941
22959
23144
24030
24574
23436
23064
23347
23827
22547
22068
22946
24574
22074
23785
22953
22035
21777
22129
23532
21894
20481
22149
22672
21377
24178
22612
23010
24240
24574
21102
23185
21946
22026
23104
24574
22919
21639
21927
23362
21760
23071
22155
22792
20504
22928
23101
22346
21986
23641
21737
21852
23104
24423
22590
24271
21268
22777
21605
23729
24098
22436
22825
23306
22840
23492
23140
21242
22554
20481
23005
24574
23890
20878
23475
23510
20536
23680
22469
23555
23073
20481
22985
21236
22345
23749
23475
20694
21683
23422
22535
21335
23019
21746
21418
23953
21444
24450
24528
21376
24574
21379
22239
22846
23408
22035
21642
20481
23503
22376
23606
23020
22135
22155
23163
20481
22895
22338
20548
20481
24424
21853
21768
24574
23189
21532
22014
22134
21883
20481
22268
22429
24574
22100
20711
22627
21588
22916
21831
21916
21158
20977
23823
21772
21528
24240
22600
21715
23454
20883
21300
21561
21471
21206
22949
21201
22311
22086
21932
22734
24562
22654
23445
22518
23341
23177
21584
22061
22932
22374
22303
23835
21870
23195
23512
21568
21772
20481
21236
21614
23533
20481
20624
22743
22574
22331
21334
22961
23376
20481
21251
22170
21583
22473
21544
20708
22481
20871
22393
22420
23545
24574
22923
22518
22411
22588
22552
20481
20481
22248
24574
20481
22081
22307
20896
22905
21481
22954
22420
23916
21427
22212
23091
20481
22390
20573
23140
22007
23462
21913
21025
22402
21949
21533
24574
23445
21615
22398
22733
21208
24574
24040
21658
22737
21622
22557
22167
20481
22303
23408
21385
22896
22065
22380
20481
20481
21655
22013
20481
23718
23037
24509
21678
21145
22113
23241
22905
20696
22107
22043
22562
22373
22923
23767
22232
22470
23767
23825
23241
23530
21940
23984
22999
21746
22755
20481
24372
21768
20481
21019
22585
22990
22959
23200
23291
23447
23245
23835
21025
22065
20481
24144
22494
22273
24526
23536
21131
22669
23436
24204
21445
23097
22633
21384
21644
21643
23341
23504
22604
20481
22051
23473
21187
23762
21914
21491
23125
22542
21934
24047
23173
24035
20889
22549
24574
21734
21933
22915
22905
23314
24068
23646
22834
22213
22716
22141
24032
24435
21051
23362
23182
22878
23553
23635
22745
23662
24009
24574
22952
23199
20481
23862
21144
21282
22142
22501
21784
21413
24574
22580
22581
22031
22817
21845
23103
21129
23009
22359
21892
22006
22539
21927
22293
21119
21181
24044
23418
22649
23178
23342
24574
23065
22432
20735
23687
21589
22963
24574
23804
22895
22206
23603
21611
23609
21448
23158
22306
23226
22192
20481
20877
22830
23243
21184
20818
20481
20481
22025
21301
23575
23984
23838
22209
22380
23044
23185
23193
21404
20481
22266
23711
20481
22425
24038
21557
23091
23150
21351
20667
20587
21526
24117
20745
20481
23563
21555
20481
23059
21105
24574
21754
23469
20902
23722
22504
21748
23465
21370
23918
24156
21679
21955
21973
22719
22646
21792
22303
22660
23166
23004
23162
20481
22314
24574
24024
21613
22986
23424
23460
21536
24574
21188
22778
21871
23302
21979
23795
24050
21890
22956
21876
24574
23914
20481
21069
23952
23053
21835
22738
22330
22166
20882
20481
22633
21768
23703
23681
23402
23812
21882
22592
20481
21219
23769
22053
20696
21932
22468
23616
23180
23034
22304
21188
20481
22729
22882
22155
21595
22586
22309
21289
22048
22776
21840
22286
23653
24081
21905
22406
23351
22350
20591
23359
22682
20481
22792
21635
23887
21624
24574
23349
23598
21601
24574
22271
22285
22644
21126
21979
23486
20636
21400
24019
21869
22622
22529
23171
23717
23081
21943
21569
22896
21264
22638
22094
20645
20964
23001
20871
21049
21838
23948
22267
22659
24424
23173
21395
23609
22341
22380
22503
22679
21284
22707
21315
23712
22348
23751
20481
24420
23651
23661
22887
23903
21511
20481
21423
23050
23579
22394
22012
22451
22054
22416
23061
21589
22097
22753
22585
22761
24211
21974
20481
23836
23281
24574
23998
20481
22529
24011
23320
22143
22134
21829
22609
22574
23228
23125
23176
22079
24002
24574
21287
21993
22104
22496
20994
24574
22321
22460
21314
23550
23142
23225
24574
22214
22612
20711
21321
23189
24099
22741
23686
20481
22851
23435
24574
23563
20894
20481
22940
23343
22183
23141
23424
24152
23500
23261
23802
20673
22765
20720
20481
24574
22873
23252
21192
22305
23070
21618
21164
22042
23150
23125
20530
21452
22133
21613
22492
21852
20523
22338
23626
21234
21550
23370
22635
21543
22937
24274
23039
23157
23229
23477
23295
22434
24217
22267
20481
22144
22802
22648
21500
23459
24248
23207
22222
24562
20877
23252
23064
23314
24474
22678
22955
22953
23545
24049
21836
23808
22887
21858
22195
21365
22005
24148
24176
20580
21041
22220
23720
24120
24293
22305
20481
20481
23791
21970
24574
22615
23158
23792
21316
22611
22662
22686
20671
23186
23727
22931
22548
21683
22653
22609
22076
22047
22926
22463
22023
23882
22670
23128
21011
22533
21553
21426
21168
21644
23225
21182
22127
24345
24049
21013
21706
22017
22402
23680
22063
22494
22586
20481
23486
23172
22221
22659
24504
20724
22833
22764
21312
21917
20796
23364
23871
21397
22375
22461
22143
22074
20732
22483
23896
22611
22222
23391
21287
22642
23201
20481
23067
21310
22543
23789
23725
22935
22839
23395
23247
24574
20481
21898
22114
21237
23511
22157
21454
22510
21966
22963
23632
23211
22337
22688
24428
23395
24542
20677
22514
23286
24431
24574
23752
24574
21206
22817
21633
21495
20481
20993
24500
22578
21401
22235
21669
22926
21358
22416
22890
22730
23308
21813
22818
22639
21810
21470
21629
23332
24293
22600
23985
22434
21217
22015
23902
22121
20481
21151
24574
24277
21210
22205
22542
23027
22165
22831
20531
20584
20883
22035
22271
23625
21650
22516
22002
23334
21318
20721
24308
24002
23173
22778
22555
23572
21316
24574
23545
21516
24173
20481
20910
23977
22532
23243
22588
22618
22697
22490
23039
24390
23570
20653
20481
22554
22516
24574
20481
23896
24574
22070
21356
23261
21543
23168
21318
22891
22886
22267
20481
20481
23519
23587
24574
23605
22855
23438
24262
22862
23048
20481
23402
21576
21202
22572
23129
20888
22819
22728
23102
22742
21675
21575
21323
22506
20481
22349
23854
22002
24574
23548
22549
23073
24083
22336
22434
22212
23234
23989
22701
21792
22144
21356
21913
22713
21292
21351
24574
21577
22025
21733
20481
21214
21982
21988
23067
20481
21095
20481
22832
24473
22640
23329
22293
22791
24574
22519
22184
22806
23812
23601
22427
23113
20954
21582
22605
23780
22661
22129
22032
24574
22328
23620
23746
21484
22420
23466
21985
21626
20481
23185
21540
20481
21356
23206
21191
23740
22907
23501
21883
22368
23232
24574
20481
20481
22628
22599
22026
22865
21559
23343
24065
24052
22363
22382
22548
21196
22399
24465
22958
21118
21560
22248
21818
21259
21934
23899
23449
21200
23816
20481
22440
23554
23891
22107
22729
24337
23184
24055
22063
23907
20481
22942
23330
22644
24372
21426
21192
22451
22579
22861
20792
20481
23284
22520
22143
20870
20481
22615
22225
21938
21486
22427
24574
20481
22545
21054
21123
23129
23338
21314
23281
22627
22152
24185
24574
22166
22129
20481
20481
21690
21915
23472
22369
21920
23002
23064
23279
20481
22774
21454
21227
21590
21659
21569
23498
22503
22124
21697
21210
22686
20481
23790
23124
21773
21570
22362
22324
20481
21328
22725
23653
24024
22610
23091
22716
24574
23586
21296
23754
22368
20514
24574
20481
22567
21890
20990
22772
22143
20768
23754
23275
22845
21309
22271
21819
23658
23228
24574
23001
20744
24200
21727
22440
23480
22091
21740
21891
24390
22894
21605
22398
22263
24574
24305
20481
23945
23564
21668
21230
22860
21206
23416
22523
23071
22570
23682
24574
22330
22603
22501
22592
22442
22704
21951
24574
23809
21636
20481
22781
20481
20481
21688
22899
24090
22939
20481
22085
22917
24499
23243
23810
21891
24574
22938
23629
20481
21756
20822
22603
20914
23078
23692
23210
22079
23578
22493
21986
24092
20890
24574
20481
21550
23162
22055
20626
24574
22757
22814
23335
22273
22161
23076
22479
21406
21363
22697
24446
21945
21063
21901
22791
21712
22517
20481
23431
23027
22998
24463
22899
22311
23585
23605
23113
24574
24574
24377
20481
23186
22621
23605
21707
21455
21943
21711
23586
22357
23952
21711
23647
20788
22548
24574
23243
21955
23205
20675
20759
20481
23116
23379
23305
24328
20481
22920
22598
22111
22922
22716
23728
21830
20481
21847
21413
24270
21792
22129
20934
21902
22125
21508
21681
23161
22234
23967
24271
23348
23319
21913
22316
22854
22670
23432
21368
22387
20481
22091
21632
21153
21472
22359
22473
22925
22583
21266
20481
20481
24469
23110
20481
23409
24021
22166
21477
23374
22829
22654
24574
23028
22859
22002
21996
21936
22692
23102
22187
21610
22887
21736
22219
24090
22362
24574
22995
21513
20538
22210
23438
22706
22330
24503
20937
21335
22872
23192
20481
22826
23188
24058
21181
22223
21953
22249
22284
22969
20962
22879
23555
23130
22395
21252
23828
22616
23831
22943
22384
21697
22034
24574
20873
24121
23830
20483
20664
22089
21432
20481
22416
22861
23951
24408
21570
22942
21930
20561
22473
21868
22860
22088
23680
21937
24175
22532
21289
24273
24574
24059
23917
20960
22406
24152
24270
20605
21096
22955
21894
21464
20524
20481
20481
24138
21432
24574
21323
20481
20815
22104
23088
23126
21170
23462
21318
22076
21443
22526
24003
21452
21478
23567
23245
20481
21846
21848
22452
23272
22543
22910
23138
20915
22757
20566
22175
22944
22652
24153
24378
20886
22215
24574
20821
21675
22190
22089
23010
23637
23295
24574
20962
22963
24574
22452
21902
22364
22376
20605
22638
24148
23318
22078
21134
21889
22418
22470
20554
23162
22727
21834
22545
22544
22371
22305
20823
23955
24574
23141
22148
20481
24574
22853
20816
22477
22229
22646
24411
22179
22202
23711
23850
21721
22997
23363
24339
22863
21460
21621
22208
22957
23920
22846
22927
21866
21417
21556
24574
21778
20575
22680
21895
22377
23352
21457
24574
21233
24574
21369
23047
22669
20481
21899
23800
21566
22138
22899
20481
23843
22832
23548
21741
22049
21530
21262
22492
21859
22254
22792
22056
20774
22295
21882
22362
23215
23103
22534
24574
22336
21609
21656
20969
22879
22940
20481
23733
22100
22748
22040
23209
20994
21753
22720
22856
23345
23754
23562
22480
22820
22531
23160
20552
24574
24500
23305
23523
23058
23886
21414
22626
22682
20611
20481
23524
24574
22021
22002
21861
23492
23167
22054
22808
24365
22540
22927
23762
20933
24574
22342
21487
22778
24574
23985
24430
22257
21088
23478
21954
23851
21887
23286
20481
20481
21734
22231
22400
22992
20926
24574
21895
22910
24326
22828
23810
23754
22326
22026
21511
22455
23419
21797
22748
22778
24014
22555
23172
21000
24193
23027
23527
22270
21374
20688
21923
20481
23192
24326
21588
23954
21791
22111
23919
24487
23488
23945
23054
20982
24007
23289
22971
20955
21507
24302
20481
22025
24118
21098
20909
20841
22456
22230
20481
20603
23020
22452
24574
21713
21232
21464
22891
20481
23117
24574
22993
23607
22877
23193
24508
24450
23648
23019
23407
22242
22498
24034
21941
21812
21456
23597
21107
20481
22974
24574
22294
22732
23462
24097
22248
22932
23543
22771
22771
22520
22691
20481
22016
20841
24540
22868
23465
20481
23918
22706
22244
22425
22920
23376
22778
22041
22496
24574
21292
21412
23580
23915
23919
20664
23279
22213
24574
23564
20481
21899
24194
24146
22776
20481
21249
21978
24060
24574
23897
23874
20481
22140
20481
23826
20938
21676
22208
21627
20570
22410
22515
23227
22260
20816
22883
23263
23796
20747
24241
23161
22579
23216
24574
23345
21806
22956
22433
20481
21866
22479
20550
22475
22851
24574
21478
22140
22078
23519
21136
21821
22210
22706
21513
22734
22398
23733
23514
22011
22548
24574
23870
21048
24010
22589
23516
22948
23082
24037
23084
22587
20571
22728
22093
22658
21708
22231
20960
23673
20481
20832
20481
21825
22085
21671
24445
24574
23413
21013
22782
23549
22731
22467
20907
23978
23505
22664
22678
24191
24412
24304
22501
23025
23431
22488
22902
20481
22274
21748
23013
21753
22676
22779
22910
24574
23127
23608
20908
20869
21166
23160
21924
21084
23450
21706
22644
23519
20481
23597
22865
21757
22426
24416
22159
21866
21811
23201
21299
20481
22280
21475
21471
22235
21944
24191
23401
23765
22193
23427
24042
23331
21467
23784
23250
22329
21653
22908
21833
24574
21472
22771
23030
22040
21558
20481
22619
22451
23810
22279
21332
21325
23204
22778
22520
23822
21663
20787
21076
24574
21936
21381
24522
23574
21815
20721
22665
23740
23464
24044
22619
22904
22806
21884
23362
23148
21816
23155
23638
24574
20936
24225
20481
24070
23714
24574
23999
22232
22323
24367
22245
23558
20520
22246
20481
24574
24189
22788
24574
21642
20744
21178
23179
20481
24574
23424
24301
24574
22754
22632
21703
22095
24370
20667
23402
23327
23778
24140
22624
21956
22170
23165
21985
24191
23532
22427
22714
22662
21507
21749
22619
21871
23982
23851
24173
24293
20481
21166
24574
23331
21278
24542
21458
22014
22800
22295
21197
23506
23548
22724
20910
20596
22789
22659
21776
20950
21739
23909
20810
22821
20574
20481
23493
24219
22822
22766
24204
20663
21499
23665
23308
21881
22849
21109
22464
22107
22261
21950
20749
24574
22327
20481
20992
22167
20481
24318
22362
20857
23096
23498
21137
23414
21200
23667
23100
22630
20481
24313
20481
23314
23356
22996
24574
24168
24574
21761
22763
23201
21542
24511
22918
21451
22207
23072
23313
22294
24494
20713
23356
21360
23019
21932
24155
22788
22358
23591
23015
22284
23366
21328
23692
20481
22727
21354
21791
22052
24362
22925
21967
23690
21219
21801
24574
24574
23242
24090
22360
20804
24302
22323
22811
23898
24574
22423
22463
22536
22601
22757
23693
22160
20757
21724
21813
24039
23649
22912
23169
23497
22000
23080
21152
20741
22884
22177
24574
23164
24574
20481
23511
21245
23923
23973
22168
24368
20733
23574
23887
23923
22525
21456
22289
22544
24510
21654
22463
20770
21778
22168
23163
22083
23793
24574
22492
21967
22667
21186
20481
22957
23334
22324
22897
23699
23301
21239
22478
22086
23637
22829
22767
21970
24273
21194
21083
23148
24574
23299
23762
21979
22576
20481
21918
23485
21747
23505
22771
23479
22805
21988
24008
22418
22345
24356
23296
24121
24083
22756
21281
23754
22658
24574
21305
24093
22147
23949
23179
20481
21728
22235
20623
21998
23248
21737
23112
22076
21497
22453
24453
22750
22463
22798
21842
22452
22574
23611
21211
20481
21428
23824
22742
22476
23100
21821
21756
22868
23320
22104
24574
21886
22430
21043
22939
22391
22878
23002
20481
23988
22118
20932
21419
23030
21593
21349
20855
20747
22889
21698
21052
24119
24574
22722
22807
22302
21666
20481
23551
22494
21465
24306
23337
23381
22210
22028
21999
21267
20481
23863
21847
22743
22940
21835
21723
22531
21758
23706
21583
21984
21735
21437
21828
22968
21948
21796
21893
24202
20481
22660
22300
24008
23588
24444
24421
23463
21772
22069
21484
24550
24574
22319
21385
21933
21493
20481
23850
24574
23686
24574
22150
20481
22160
21368
20481
20618
23613
21841
23717
23020
23926
22328
23454
23939
24574
22734
22592
21793
22660
21903
22602
23568
23212
21219
22053
22023
23155
23408
21962
20481
21132
23095
22117
23221
20776
23653
22502
22333
22576
21040
22228
22649
21765
24189
21641
21345
22976
21840
24574
22816
22484
20964
24103
22912
23329
20481
22029
22002
22323
20481
22706
22470
23884
21319
21903
23209
23898
21525
24574
23219
23184
21567
21579
21538
22856
21760
20481
24534
20481
23069
23710
22316
23182
23080
22398
23778
23470
21146
22329
23602
24310
22478
22598
23686
21959
24487
22462
22195
20569
22032
22287
22950
22500
22951
22697
23552
23630
20774
24574
24373
21105
24104
23730
22513
23935
20481
24346
22925
24514
22298
21561
22092
23119
21905
23639
24118
21278
23433
20481
20532
20481
24017
22091
23390
23601
24281
21755
22388
22681
24061
22840
23129
20883
20481
21917
24197
22874
21260
21956
24201
21251
23777
21735
21801
22686
21513
22937
20513
24574
23598
21787
23623
20909
21256
23321
20784
22375
24574
22555
24158
22135
23205
22633
23659
24574
23427
22983
22399
23637
20906
23838
23116
23253
23895
20990
24250
24185
23353
23848
24058
24574
23707
24574
24126
21327
22889
22121
21794
21868
22148
20713
22166
22347
22755
24014
20481
20541
20481
24574
24573
21512
21658
20818
23860
22428
20546
23696
24506
24056
22552
22413
22710
24378
21574
23869
21968
21294
22667
22343
22498
22634
24214
23242
22252
22294
22147
23149
23435
22745
21348
21318
21226
24330
21354
21695
20481
24093
21867
23842
22028
23264
22457
23537
23816
23382
22262
22619
22634
23507
24148
24462
22242
23999
24292
23506
23833
22930
20481
22232
22180
23942
21912
24083
23705
22474
22407
21994
22874
21917
24131
23089
23958
23099
21230
23984
22413
21824
21322
22725
24574
22931
22843
22321
23070
24282
22501
22490
24002
22503
20481
20481
24574
21124
20481
24356
21992
21051
23290
21895
22899
21417
24048
21749
23196
20662
21459
23396
23617
24574
24138
22797
23899
22123
21852
22812
21890
23741
23518
21783
22221
20481
23477
21913
24574
21104
22457
21060
23658
22337
22660
21863
23777
21921
23272
22022
22320
21194
24574
20957
21896
22545
21570
22136
22769
22947
22882
23095
23209
20544
22555
23653
21900
24367
21850
21939
21451
22620
23837
21969
22936
21287
22183
23636
24574
22843
23794
22354
23291
24017
23457
20817
24231
22818
22065
21749
23657
21000
20613
20615
24151
22094
23134
21220
21855
24574
24574
21542
21362
24574
23302
23296
22908
22606
23921
20872
24574
21234
24574
21674
23657
22204
21814
23411
20481
21740
23204
23128
22256
21738
22258
23994
20981
22419
22336
20481
21027
20481
21292
22765
22529
22771
21946
23502
22032
22360
21730
22863
23848
23424
22313
20613
22830
21820
23694
20481
21829
20927
22522
21551
22730
21106
23960
22233
20481
23128
22505
21761
21706
23844
23803
22080
24145
22266
24574
21637
21935
24146
21620
23441
21793
21983
20544
20812
21573
21750
21681
22189
23477
20816
21074
22591
23048
23638
21530
23183
23677
21769
23517
21769
21802
23564
22956
23411
21140
23948
22345
23849
20481
21160
24179
23998
22541
21942
22984
24574
23205
20481
22032
23221
9776
8360
8171
6769
5723
10050
4413
4361
3800
5445
7008
8958
10117
8041
9749
877
2218
7645
4015
2005
3028
6642
5134
7444
2762
2226
8721
4359
2957
5363
4681
2632
4911
5203
4753
5181

