18376
18473
18520
18305
18466
18345
18509
18458
18596
18459
18384
18672
18577
18151
18461
18446
18474
18380
18470
18368
18447
18536
18367
18420
18343
18362
18344
18416
18409
18517
18572
18481
18406
18506
18229
18418
18511
18535
18438
18490
18583
18262
18548
18424
18211
18421
18424
18557
18377
18320
18361
18609
18402
18531
18281
18406
18330
18387
18519
18397
18270
18177
18382
18502
18643
18530
18282
18484
18388
18500
18561
18531
18555
18331
18373
18482
18487
18402
18400
18318
18286
18717
18539
18247
18430
18319
18578
18491
18505
18554
18534
18457
18477
18533
18443
18390
18434
18489
18418
18580
18382
18520
18507
18538
18344
18475
18479
18436
18467
18480
18518
18294
18353
18245
18428
18444
18370
18319
18251
18434
18323
18411
18518
18598
18338
18365
18394
18223
18365
18367
18521
18491
18384
18474
18425
18475
18562
18568
18538
18558
18437
18400
18440
18370
18617
18531
18464
18556
18397
18509
18471
18263
18609
18568
18496
18459
18418
18394
18452
18482
18270
18600
18187
18319
18586
18378
18440
18469
18402
18441
18394
18636
18493
18252
18502
18369
18477
18443
18420
18497
18264
18294
18378
18514
18238
18495
18415
18335
18447
18395
18377
18482
18586
18536
18385
18356
18469
18393
18595
18548
18295
18238
18459
18504
18416
18406
18422
18510
18489
18522
18579
18201
18391
18390
18424
18486
18519
18365
18381
18490
18362
18408
18366
18463
18512
18236
18385
18472
18432
18472
18512
18423
18473
18405
18414
18620
18478
18524
18382
18473
18576
18385
18597
18436
18497
18379
18517
18412
18575
18412
18542
18419
18310
18348
18267
18472
18469
18517
18534
18218
18454
18439
18423
18481
18606
18429
18533
18394
18418
18351
18403
18358
18327
18345
18686
18459
18304
18333
18512
18515
18302
18476
18446
18431
18229
18535
18445
18468
18511
18197
18400
18488
18518
18374
18252
18469
18255
18351
18393
18386
18296
18473
18240
18335
18493
18419
18437
18352
18300
18478
18361
18415
18467
18601
18298
18474
18382
18503
18301
18583
18402
18540
18468
18343
18523
18327
18495
18452
18449
18430
18534
18420
18426
18411
18380
18323
18455
18467
18286
18391
18554
18479
18660
18540
18173
18542
18523
18422
18448
18481
18540
18543
18410
18278
18476
18669
18555
18375
18494
18376
18364
18333
18487
18240
18437
18410
18428
18378
18449
18334
18618
18395
18310
18406
18639
18413
18472
18303
18363
18326
18546
18518
18330
18408
18490
18382
18390
18251
18441
18327
18414
18311
18421
18500
18438
18407
18453
18340
18579
18398
18438
18497
18398
18389
18584
18462
18360
18447
18326
18315
18454
18582
18373
18441
18288
18415
18404
18376
18462
18391
18304
18387
18376
18437
18546
18492
18278
18457
18567
18396
18341
18382
18508
18355
18440
18492
18427
18364
18516
18369
18492
18429
18559
18412
18397
18246
18409
18408
18528
18264
18403
18448
18359
18371
18418
18246
18362
18353
18480
18479
18514
18343
18329
18380
18397
18359
18279
18328
18492
18367
18392
18344
18458
18506
18628
18540
18455
18485
18534
18543
18217
18477
18391
18266
18423
18415
18433
18256
18358
18438
18521
18278
18529
18508
18451
18499
18442
18562
18328
18544
18610
18443
18703
18490
18499
18454
18430
18350
18343
18416
18313
18497
18284
18299
18405
18532
18499
18499
18803
18451
18284
18409
18518
18355
18465
18660
18572
18555
18442
18626
18487
18288
18360
18339
18522
18322
18289
18500
18300
18353
18681
18483
18312
18281
18443
18456
18443
18244
18480
18288
18506
18411
18443
18318
18223
18528
18420
18525
18355
18425
18570
18260
18436
18332
18381
18493
18488
18534
18366
18395
18302
18448
18578
18480
18465
18486
18456
18401
18504
18332
18584
18521
18607
18345
18537
18297
18534
18406
18376
18526
18319
18744
18326
18442
18366
18359
18264
18291
18440
18321
18528
18506
18623
18398
18403
18644
18449
18320
18303
18606
18542
18331
18382
18522
18453
18493
18474
18276
18383
18457
18440
18392
18568
18408
18219
18363
18496
18526
18502
18296
18393
18331
18503
18411
18352
18359
18361
18616
18393
18464
18421
18382
18325
18412
18517
18555
18595
18416
18370
18371
18580
18500
18511
18454
18470
18481
18647
18439
18370
18391
18496
18491
18464
18155
18382
18526
18501
18197
18352
18580
18361
18282
18371
18400
18352
18572
18509
18436
18433
18479
18454
18300
18537
18411
18474
18382
18460
18383
18368
18280
18352
18331
18444
18515
18433
18568
18629
18288
18528
18508
18510
18507
18174
18453
18249
18412
18461
18385
18611
18347
18394
18606
18317
18272
18456
18542
18540
18313
18611
18464
18280
18460
18299
18305
18316
18357
18230
18260
18402
18535
18257
18557
18438
18588
18403
18335
18476
18488
18513
18423
18492
18428
18455
18444
18302
18517
18299
18587
18383
18357
18484
18566
18488
18520
18545
18441
18441
18400
18404
18392
18359
18231
18414
18374
18406
18489
18483
18477
18419
18544
18264
18441
18426
18588
18500
18511
18367
18578
18442
18389
18431
18510
18334
18425
18444
18495
18481
18284
18600
18418
18522
18383
18514
18347
18571
18464
18424
18383
18474
18546
18604
18454
18531
18314
18525
18329
18468
18520
18344
18329
18402
18379
18532
18417
18473
18331
18337
18448
18552
18260
18351
18378
18365
18305
18594
18308
18373
18242
18426
18300
18331
18523
18453
18408
18601
18483
18440
18413
18506
18549
18274
18343
18561
18525
18480
18333
18381
18405
18435
18386
18578
18446
18312
18404
18427
18539
18335
18164
18202
18291
18480
18296
18466
18549
18404
18455
18356
18478
18436
18440
18497
18495
18510
18228
18375
18355
18340
18384
18358
18469
18412
18459
18286
18257
18452
18377
18459
18612
18472
18484
18497
18495
18424
18309
18469
18556
18415
18469
18359
18388
18529
18422
18464
18302
18428
18374
18370
18530
18445
18400
18338
18492
18493
18472
18222
18485
18506
18431
18572
18442
18349
18386
18570
18305
18460
18424
18498
18371
18459
18379
18207
18362
18358
18528
18476
18598
18540
18603
18374
18503
18401
18514
18467
18548
18409
18419
18439
18571
18516
18364
18435
18491
18429
18500
18484
18521
18519
18545
18212
18459
18558
18462
18324
18307
18517
18408
18391
18500
18359
18484
18421
18201
18441
18456
18467
18346
18424
18424
18412
18303
18411
18539
18426
18310
18585
18459
18412
18390
18388
18470
18406
18499
18417
18295
18345
18525
18493
18483
18452
18608
18330
18476
18461
18481
18565
18234
18474
18351
18497
18500
18512
18496
18372
18589
18597
18429
18553
18426
18429
18619
18479
18324
18450
18346
18434
18607
18399
18323
18306
18542
18422
18459
18264
18378
18165
18551
18336
18551
18387
18530
18374
18570
18545
18557
18353
18360
18524
18371
18276
18516
18499
18393
18445
18303
18327
18330
18560
18476
18319
18481
18375
18384
18307
18581
18452
18460
18269
18283
18739
18246
18277
18432
18416
18533
18416
18452
18479
18554
18452
18486
18342
18561
18437
18469
18341
18496
18199
18418
18378
18549
18411
18393
18437
18370
18353
18457
18468
18395
18290
18431
18426
18499
18554
18394
18499
18464
18433
18543
18450
18242
18354
18573
18388
18457
18463
18547
18353
18425
18367
18492
18398
18326
18617
18388
18398
18420
18353
18366
18360
18385
18518
18412
18415
18446
18391
18418
18560
18467
18323
18430
18354
18311
18598
18392
18514
18535
18484
18323
18295
18368
18408
18343
18514
18341
18333
18371
18371
18468
18385
18583
18479
18565
18379
18294
18377
18516
18332
18366
18405
18541
18584
18359
18288
18585
18410
18605
18475
18534
18362
18491
18400
18480
18407
18353
18528
18535
18378
18488
18405
18606
18390
18472
18568
18230
18502
18617
18328
18396
18463
18397
18249
18299
18588
18313
18589
18375
18349
18193
18431
18310
18511
18590
18555
18404
18300
18462
18291
18544
18467
18517
18423
18494
18415
18557
18333
18529
18498
18371
18498
18458
18664
18419
18397
18487
18527
18410
18434
18432
18454
18591
18380
18423
18326
18324
18457
18697
18475
18478
18221
18512
18579
18525
18434
18565
18467
18615
18502
18190
18370
18411
18386
18564
18521
18439
18539
18471
18770
18234
18550
18287
18334
18299
18457
18264
18639
18499
18460
18461
18422
18415
18367
18272
18613
18513
18429
18552
18456
18399
18207
18375
18454
18350
18536
18317
18449
18471
18404
18490
18455
18552
18465
18346
18485
18376
18324
18381
18461
18464
18469
18425
18506
18453
18491
18368
18420
18546
18522
18349
18201
18450
18378
18360
18571
18356
18504
18263
18447
18420
18659
18302
18505
18493
18550
18360
18387
18519
18353
18472
18400
18415
18378
18400
18398
18510
18456
18562
18472
18580
18486
18320
18211
18478
18603
18445
18544
18385
18552
18550
18365
18342
18292
18360
18568
18408
4927
2820
4228
362
44
771
5615
734
4383
1179
797
3111
2949
4257
5168
5263
985
1000
5155
3431
4819
1859
2243
2821
3095
1042
3933
1082
2737
3768
2188
273
1613
4604
3829
4528
1789
1988
4003
898
115
2408
3868
2578
2242
3797
3217
2889
3109
4590
2549
4045
3030
2632
2883
4065
5908
1603
5027
3224
2781
5792
4499
6061
3502
5822
1032
4597
586
4836
760
5187
4144
5426
2188
286
893
4367
4691
502
1587
3216
6135
841
4877
5556
1927
3690
677
3140
2044
59
1202
1246
4366
3458
75
4331
482
6071
189
1724
3429
3866
4173
5938
599
367
3040
418
919
604
2068
2180
1863
354
5674
134
1009
3995
1988
5443
2568
5406
2829
4259
3391
2976
5344
711
3298
5676
3439
2782
4869
2687
6108
6027
5004
2865
2850
4540
3597
881
1037
1113
1846
5330
4724
3636
4567
2417
6086
6218
6353
6116
6187
6228
6027
5925
6221
6114
5971
6126
6055
6097
6263
6240
5972
6094
6287
6087
6183
5920
6075
6287
6150
6013
6086
5951
6130
5854
6104
6142
6192
6242
6366
6180
6257
6074
6005
6252
6199
6267
6167
6064
6051
6012
6038
6164
6327
6223
6193
6101
6150
6035
6215
6233
6016
6044
6090
6065
6077
6154
6063
6153
6170
6168
6104
6099
6311
6100
6122
6099
6090
6246
6250
6017
5998
6035
6219
6074
6098
6138
6100
6006
6190
6139
6064
6259
5992
6087
6151
6265
6141
6257
6030
6184
6166
6065
6176
6042
6039
6027
6075
6117
6147
6149
6078
6104
6094
6402
6049
6168
6048
5970
6135
6191
6210
6145
6182
6010
6275
6006
6127
6035
6249
6102
6125
6144
6252
6100
6243
6016
6041
6057
6134
6247
6164
6268
6087
6232
6162
6144
6188
5942
6255
6222
6160
6159
6076
6019
6130
6320
6212
6165
6154
6128
6070
6263
6166
6149
6041
5957
6238
6170
5872
6151
6285
6022
6218
6169
6195
6170
5919
6079
6176
6014
6186
6074
6123
6172
6079
6083
6136
6430
6341
6008
6177
6241
6214
6103
6134
6103
5934
6085
6152
6136
6237
6126
6173
6180
6032
6162
6340
6040
6120
6093
6079
6067
6271
6251
6270
6092
5878
6017
5931
6275
6221
6232
6206
6117
6089
6220
6109
6248
6307
6076
6043
6013
6199
6004
6049
6184
6037
6183
6209
6290
5949
6308
6403
6075
6066
6118
6085
6080
6131
6088
6097
6192
6068
6032
6230
6186
6253
6028
6153
6108
6235
6192
5865
6189
6017
6221
5976
6065
6204
6200
6196
6150
6173
6139
6246
6022
6113
6130
6157
6150
6158
6048
6040
5985
6265
6123
6250
6174
6113
6104
6191
6135
6154
6250
6247
6197
6399
6225
6136
6169
6038
5974
6234
6211
6180
6129
6193
6201
6099
6247
6171
6122
6188
5981
6005
6155
6363
6265
6155
6241
6072
6035
6062
6224
6273
6207
6277
6102
6113
6186
6255
6159
6176
6224
5982
6064
6145
6117
5969
6204
6384
5996
6239
6108
6244
6235
6275
6036
5981
6011
6249
6207
6175
6194
6224
6120
6350
6189
6150
6217
5822
6127
6194
6032
6032
6221
5970
6039
6235
6165
6080
6114
5939
6165
6242
6051
6064
5973
6138
6187
6238
6210
6110
6154
6137
6093
6047
6248
5997
6084
6165
6255
6046
6098
6052
6048
6224
6263
6055
6037
6229
5854
6115
5995
6312
6224
6259
6087
6326
6382
6217
6077
6147
6104
6169
6166
6273
6154
6110
6050
6235
6211
6006
6170
6291
6302
6086
6088
5994
6200
6214
6338
6222
6426
6155
6141
6032
6200
6161
6122
6034
6097
6262
6100
6140
6251
6058
5973
6065
6139
6003
6074
6217
6170
6247
6289
6145
6015
6143
6126
6095
5895
5938
6159
6032
6206
6000
6263
6176
6132
6236
6212
6163
6266
6215
6253
5878
6282
6053
6146
6213
6070
6331
6090
6096
6075
6223
6117
6053
6038
5989
6028
6200
6284
6226
6127
6064
6069
6122
6056
6322
6157
6105
6071
6078
6278
6222
6090
6183
5821
6096
6228
6158
6361
6040
6257
6283
6337
6052
5971
6155
6097
6294
6145
6231
6182
6098
6031
6092
6218
6311
6373
6165
6287
6064
6043
6028
6294
5936
6112
6102
6106
6081
6152
6049
6140
6054
5981
6107
6118
5965
6151
6071
6187
6100
6253
6307
6280
6157
6157
6108
5998
6157
6135
6130
6168
6130
6084
6149
6172
6168
6068
6094
6172
6089
6352
6030
6163
6161
5945
6098
6104
6181
6244
6185
6257
6124
6036
6161
6109
6127
6130
6116
6186
6327
6068
6168
6059
6142
6211
6196
6168
6271
6096
6211
6096
6181
6073
6296
6178
6216
6170
6080
6294
6138
6134
6216
6214
6168
6230
6121
6105
6196
6036
6069
6167
6090
6086
6170
6019
6180
6286
6032
6142
6063
6199
6344
6139
6118
6064
6386
6229
6235
6130
6092
5969
6096
6155
6107
6260
6189
6262
6150
6052
6089
6013
6117
6056
6004
6166
6070
6031
6242
6127
6148
6148
5993
5987
6213
6259
6182
6230
6319
6127
6087
6201
6127
5980
6153
5894
6106
5978
5929
5966
6097
6088
6178
6090
6097
5921
6020
6059
6044
6366
6095
6040
6117
6184
6110
6142
6065
6010
6364
6111
6074
6093
5958
5991
6176
6240
6191
6041
6095
5956
6132
6018
6014
6107
6031
6040
6245
6093
6106
6239
6184
6021
6120
6235
6259
6133
6275
6165
6082
6303
6142
6297
6113
6122
6076
6023
6179
6160
6139
6176
6145
6238
6043
6152
6229
5921
6249
6028
6056
6178
6176
5923
6249
6226
6115
6051
6269
6340
6106
6179
6257
6286
6128
6146
6050
5876
6306
6202
6068
6053
5973
6220
6041
6068
6090
6359
6189
6230
6027
6120
6104
6212
6152
6317
6025
6018
6087
6101
6104
6154
6168
6002
6166
6230
6297
6219
5933
6337
6074
6125
6191
6178
6122
6159
6100
6061
6135
6273
6038
6153
6094
6235
6231
5989
6205
6046
6143
6259
6312
6173
6108
6222
6239
6049
6250
6131
6201
6084
6180
6177
6036
6127
6217
6205
6225
6052
6031
6136
6116
6086
6094
6003
6201
6173
5992
6242
6120
6289
5970
6220
6145
6320
6149
6233
6149
5984
6181
6113
6108
6224
6118
6053
5949
6168
6117
6120
6231
6168
6131
6197
6055
6265
6142
6268
5971
6091
6275
6073
6131
6252
6067
6302
6111
5982
6143
6047
6176
5972
6181
6300
6153
6196
6147
6249
6281
6244
6235
5981
6185
6231
6107
6138
6094
6187
6084
6094
5933
6322
5957
6227
6272
6277
6155
6181
6176
6107
6234
6166
6142
6210
6265
6204
6096
6143
6204
5995
6115
6083
6115
6128
6264
6137
6086
6022
6045
5958
6144
6227
6119
6259
6251
6053
6313
6114
6062
6024
6244
6218
6040
6131
6330
6253
6219
6241
6208
6286
6155
6133
6118
6194
6126
6152
6051
6184
5919
6005
5947
6213
6170
6028
6193
6058
6182
6203
6041
6149
6161
6197
6110
6012
5929
6253
6263
5999
6329
6136
6185
6164
6092
6057
6128
6171
6169
6285
6182
6060
6029
6258
6087
6118
6134
6065
6340
6043
6098
6338
6066
6187
6335
6099
6099
6304
6122
6045
6281
6310
6247
6224
6139
6054
6221
6098
6051
6163
6253
6117
6191
6086
6105
6112
6159
6088
6006
6213
6038
6057
5985
6224
5968
6148
6363
6222
6044
6138
5989
6088
6089
6247
6011
6084
6250
6143
6023
6144
6119
6179
6063
6256
6232
6047
6082
6209
5974
6168
6060
6046
6043
5981
6272
6226
6141
6131
6214
6153
5975
6056
6062
6192
5898
6271
6060
6101
6185
6166
6279
6128
6146
6110
6073
6164
6157
6125
6132
6207
6229
6211
6352
6182
6285
6175
6186
6153
6115
6289
6360
6152
6223
6357
6137
6206
6118
5984
6038
5967
6235
6104
6183
6118
6032
6131
6185
6168
6095
5926
6099
6008
6107
6087
6105
5963
6089
6117
6143
6344
6032
5974
6202
6286
6072
6192
6124
6119
6133
5933
6079
6111
6005
6078
6226
6161
6185
5960
6151
6039
6120
6053
6284
6051
6273
6030
6233
6090
6296
6206
6195
6073
6400
5946
6087
6244
6188
6267
6224
6241
6200
6097
6154
6387
6089
6033
6148
6066
6198
6093
6135
5977
6154
6411
6157
6075
6045
6285
6067
6075
6242
6036
6176
6111
6244
6235
6219
6077
5971
6093
6300
6025
6064
5995
6106
6053
6153
6092
6134
6113
6322
6133
5890
6114
5994
6094
6116
6299
6141
6219
6181
6261
6209
6074
6025
6158
6202
6031
6386
6084
6206
6048
6147
6097
6288
6003
6042
6156
6040
6144
6178
6109
6263
6254
6071
5961
6228
6028
6096
6095
6153
5965
6212
6047
6068
6148
6180
6178
6082
6155
6056
6065
6283
6252
6102
6303
6199
6183
6267
6256
6255
6246
6276
5963
6051
6105
6114
6211
6410
6193
6245
6074
5994
6057
6040
6414
6123
6192
6077
6165
6049
6132
6219
6102
6173
6059
6134
6017
6155
6261
6146
5966
6087
6089
6195
6231
6087
6183
6079
6323
6295
6083
6251
6459
6097
6026
6117
6148
6136
6104
6165
6006
6166
6169
6056
6208
6091
6204
6168
6150
6032
6048
6160
6237
6209
6126
6360
6231
6085
6193
6113
6120
6119
5990
6083
6137
6087
6080
6169
6205
6191
6039
6342
6047
6174
6149
6125
6314
6194
6021
6126
6143
6031
6269
6059
6064
6154
6156
6169
6084
6251
6109
6047
6242
6286
5999
5977
6269
6156
5993
6210
6212
6034
6029
6128
6174
6031
6248
6244
6079
6130
6129
6088
6184
6034
5951
6191
6185
6166
6053
6206
6185
6269
6174
6092
6129
6045
6131
6295
6114
6249
6201
6248
6087
6060
5963
6137
6241
6059
6201
6288
6176
6106
6174
6070
5835
6189
6067
6255
6301
6059
6070
6138
6226
6438
6204
6233
6267
6023
6172
6060
6190
6171
6127
6026
6310
5902
6238
6206
6087
6071
6280
6157
5977
5972
6271
6105
6451
6196
6096
5936
6065
6039
6303
6237
6135
6281
6158
6079
6230
6116
6142
6055
6125
6283
6055
6109
6070
6196
6116
6134
6148
5987
6218
6082
6335
6176
6076
6190
6171
6118
6455
5998
6070
6205
6196
6126
6117
6109
6156
6162
6042
6126
6122
6100
6094
6088
6214
6144
6114
6198
6082
6133
6301
6010
6095
6224
6154
6095
6263
6192
6040
6162
6167
6152
5934
6132
6098
6269
6342
6109
6226
6111
6083
6061
6088
6306
6326
6350
6116
6020
6115
6100
6113
5951
6161
6117
6107
6261
6137
6190
6230
5908
6044
6054
6123
6108
6141
6233
6189
6064
6103
6083
6197
6178
6365
6068
6070
6182
5968
6147
6171
6068
6136
6224
6084
6073
6075
6258
6338
6168
6074
6087
6093
6288
6168
6067
6267
6182
6084
6101
6255
6129
6270
6003
6119
6051
6146
6231
6178
6077
6099
6424
6168
6166
5978
6117
6204
6082
6167
6133
6175
6079
5958
5895
6248
6062
5926
6193
6343
5971
6113
6131
6270
6211
6154
6167
6116
6097
6012
6076
6115
6205
6146
6166
6105
5969
6122
6406
6267
6280
6265
6322
6201
6268
6116
6116
6137
6293
6243
6269
6087
6279
6140
5979
6132
6177
5933
6165
6132
6001
6171
6205
5984
6051
6120
5999
6127
6206
6110
6126
6167
6242
6131
6104
6164
6065
6086
6125
6156
6175
6028
6024
6100
5920
6174
6078
6099
6058
6321
6086
6001
6183
6127
6036
6073
6192
6122
6030
6116
6043
6132
6110
6195
6191
6140
6264
6137
6107
6128
6128
6129
6089
6182
6315
5990
6236
6288
6155
6143
6239
6111
6224
6034
6104
6160
6016
6023
6160
6061
6012
6094
6155
6112
5961
6102
6065
6167
6174
6072
6017
6022
5913
6072
6265
6100
6031
6022
6264
6160
6128
6233
6236
6271
6206
6084
6019
6268
6060
6118
6190
6133
6088
6283
6096
6101
6148
6022
5973
5948
6252
6269
6200
6041
6164
6070
6062
6136
5937
6231
6153
6202
6220
6146
6185
6022
6347
6094
6125
6050
6136
6172
6249
5921
5957
6069
6200
6071
6144
6290
6113
6097
6261
6147
6239
6197
6120
6030
6186
6167
6283
6187
6223
6244
6158
6151
5948
6082
6048
6219
6177
6022
5987
6081
6204
6030
6402
5990
6008
6162
6199
6109
6232
6265
6034
6070
6122
6263
6152
6064
6088
6134
6262
6258
6144
6103
6122
6153
6118
6088
6180
6141
6069
6148
6162
6290
6096
5940
6153
6196
6037
6216
6015
6079
6148
6002
6196
6317
6210
5998
6172
6159
5958
6031
6145
6281
5886
6073
5946
6203
6229
6049
6253
6159
6186
6175
6222
6293
6156
6189
6285
6203
6175
6123
6315
5934
6338
6164
6068
5980
6211
6275
6028
6387
6287
6067
5836
6068
6112
6349
6262
6228
6028
6129
6074
6305
6292
6202
6204
6165
5994
6110
5936
6137
6058
6168
6187
5943
6129
6098
6069
6127
6103
6293
6209
6077
6175
6003
6178
6117
6113
6370
6076
6267
6245
6114
6215
5999
6030
6121
6079
6120
6350
6131
6258
6044
6017
6008
6298
6216
6095
6149
6027
6306
6012
6108
6272
6157
6333
6049
6133
6049
6209
6157
6157
6207
6265
6030
6139
6090
6084
5992
6177
5994
6170
6242
5939
6000
6012
6248
6134
5998
6267
6166
6090
6220
6100
6069
6096
6094
5978
6092
6108
6421
6200
6117
6192
6158
6157
6096
6245
6246
6251
6047
6252
6079
6085
6077
6365
6142
6214
6100
6324
6278
6282
6080
6334
6180
6135
6007
6197
5980
6142
5908
6295
6073
6073
6207
6101
6121
6166
6098
6201
6146
6171
6082
6199
6112
6085
6181
6280
6062
5981
6268
6028
6313
6217
6173
6119
6041
6231
5999
6040
6204
6142
6093
6327
6200
6122
6121
6123
6152
6285
6126
6037
6174
6253
6165
6208
6103
6216
5844
6255
6177
6154
6182
5994
6113
6296
6056
6225
6097
6267
6245
6185
6039
6044
5897
6207
6174
6057
6174
6099
6251
5934
6157
6092
6212
6185
6164
6165
6116
6022
6110
6140
6115
6260
6285
6121
6309
6169
6098
6170
6020
6153
6178
6227
5923
6152
6111
6290
6125
6163
6116
6179
6250
6150
6170
6065
6134
6060
6186
6113
6145
6141
6088
6067
6109
6374
6328
6127
6105
5958
6124
6277
6127
6053
5996
6331
6158
5990
6109
6095
6086
6107
6188
6121
6025
6031
6218
6042
6130
6144
6187
5875
6205
6182
6055
6166
6308
6174
6169
6078
6255
6288
6113
6204
5878
6077
5950
6092
6093
5968
6217
6293
6093
6030
5983
6298
6354
6220
6021
6012
6313
6064
6202
5883
6229
6101
6084
6250
6287
6244
6179
6285
6168
6223
6140
5988
6096
6172
6402
6140
6008
6125
5978
6080
6194
6174
6253
6280
6198
6081
6227
6152
6049
5991
6058
6326
6090
6174
6115
6194
6183
6095
6159
6294
6199
5971
6032
6296
6244
6206
5971
6154
6219
5998
6048
6160
6248
6233
6138
6254
6058
6145
6162
6148
6305
6033
6292
6141
6087
6227
6170
6000
6099
6284
6057
6175
6120
6226
6283
6010
6131
6126
6225
6323
6046
6071
6002
6212
6032
6086
6151
6212
6162
6002
6235
6104
6155
6186
6203
6016
6039
6124
6235
6168
6291
6116
6290
6020
6148
6096
6174
6099
6099
6106
6157
6180
6190
6343
6160
6011
6090
6247
6139
6120
6331
6141
6182
6109
6018
6352
6160
6377
6068
6200
6109
6060
6119
6189
6249
6350
6222
6056
6311
6176
6214
6264
6007
6167
6061
6098
6057
6425
6171
6024
6189
6221
6048
6085
6138
6130
6137
6090
6335
6208
6106
6058
6015
6122
6180
6022
6114
5939
6133
6079
6082
6124
6160
6089
6114
6061
6126
6191
6154
6072
6214
6144
6233
5948
6258
6013
6243
6112
6096
6134
6279
6029
6209
5984
6238
6020
6159
6205
5958
6390
6269
6062
6202
6187
5977
6127
6164
6257
6342
6185
6308
6104
6197
6021
6026
6016
6386
6047
6060
6080
6070
6139
6164
6184
6147
6181
6028
6027
6134
6109
6092
6143
6239
6156
6176
6164
6218
5961
6133
6174
6035
6186
6190
6147
6107
6174
6282
6207
6065
6119
6213
6266
6201
6089
5984
6185
6188
6151
6217
6021
6279
6195
6274
6072
5962
5970
6155
6281
6207
6197
6162
6065
6269
5892
6222
6183
6138
6197
6035
6174
6282
6326
6177
6169
5938
6230
6248
6058
6045
6131
6240
6088
6247
6191
6142
6130
6169
6262
6231
6094
6065
5947
6083
6193
6363
6229
6173
6269
6104
6198
6106
6029
6075
6179
6235
6261
6110
6140
6009
6305
6051
6111
6114
6168
6185
6076
6068
6083
6119
6164
6186
6201
6048
6186
6132
6112
6077
6153
5935
6192
6060
6093
6314
6070
6106
5979
6184
6159
6406
6174
6462
6248
6121
6085
6175
6081
6008
6153
6083
6286
6249
6136
6023
6162
5958
6110
6232
6186
6175
6280
6074
6253
6023
6247
6026
6016
6177
6111
6112
6230
6046
6291
6155
6115
6078
6130
6226
6195
6267
6258
6263
6368
5966
6242
6036
6116
6278
6174
6043
6085
6127
6256
6067
6195
6129
6119
6122
6269
6243
6135
6211
6121
6047
6112
6105
6058
6115
6182
6100
6288
6134
6141
6178
6253
6236
6167
6331
6021
6202
6136
6070
6131
6154
6252
6252
6236
6138
6212
6075
6185
6044
5968
6209
6179
6130
6131
6220
6310
6165
6135
6105
6207
6026
6166
6051
6198
6064
6057
6067
6057
6156
6051
6087
5971
6178
6063
6248
6016
6107
6278
6244
6232
5960
6268
6024
6099
6092
6028
6033
6216
6274
6377
6211
5956
6230
5945
6140
6183
5997
6185
6125
6170
6075
6268
6106
1036
7798
13883
15018
10847
1607
7488
11730
12083
14518
8972
8820
12342
7552
85
16831
10156
16422
3824
15276
7259
6020
3206
1774
6904
6573
11191
2000
17873
15443
14183
2192
17769
3866
5791
9841
8292
11543
15548
12069
3893
971
14019
14791
6300
12337
15101
1079
4843
1040
6066
4898
9686
6191
997
3515
8313
1019
7209
12411
5759
5730
11094
14968
6325
7197
13535
13106
17524
13537
8434
6349
15269
10000
4233
13831
2622
15993
7860
1823
7790
12834
2837
8820
6232
7884
655
3333
17670
5470
1358
5949
16814
1689
6505
18408
13608
1685
18255
7624
13662
13130
1868
17549
17973
221
8084
13195
2035
9808
18417
7520
14569
9689
17994
10131
15275
5478
13201
3689
9314
37
8999
9675
792
1332
9578
6943
3373
12705
14071
7482
15502
6442
4150
10084
6972
2488
13177
12396
17531
5237
17108
1912
12825
4193
2784
9338
15714
12558
12117
10273
12764
12250
11566
5948
9802
12102
5909
15440
17784
2284
312
10798
17458
5581
5816
26
2965
10218
16511
11382
859
1121
16665
16046
8472
2635
1391
13502
12985
15109
10509
11572
5279
17271
1089
7057
6236
10897
4125
2919
3527
13950
14179
12369
863
17907
14921
3772
1713
9821
15408
8975
10300
12280
9097
13689
12521
16728
11285
7991
11403
9707
7953
15762
13953
11171
6361
7270
10127
13947
13114
17987
9070
4901
755
14415
3839
5651
6896
17634
9470
17922
15309
15430
16628
14493
13176
13409
12200
15943
14279
9033
7355
6173
9246
12004
11669
11603
2476
1610
8532
2656
1933
416
16912
18400
914
14078
11940
14697
3528
16754
1070
11791
17014
6692
3221
3906
10433
1633
14140
17211
5260
980
5120
8244
14180
10873
1125
6071
13740
8717
10816
14183
9025
5813
15309
18216
15615
15008
1768
15417
14022
15080
13069
16127
11401
886
1086
18373
18376
18259
18487
18245
18468
18394
18487
18524
18333
18439
18274
18401
18599
18501
18336
18294
18280
18471
18464
18191
18437
18212
18390
18376
18395
18417
18381
18522
18489
18521
18419
18422
18460
18466
18335
18595
18543
18585
18314
18436
18344
18245
18428
18464
18399
18295
18344
18445
18544
18589
18310
18538
18242
18447
18305
18497
18375
18505
18256
18449
18382
18460
18499
18523
18441
18410
18534
18530
18569
18415
18408
18385
18287
18428
18440
18322
18475
18352
18434
18337
18482
18500
18254
18542
18571
18197
18487
18454
18311
18467
18384
18373
18394
18432
18466
18463
18353
18398
18394
18245
18450
18453
18432
18475
18497
18584
18369
18470
18213
18454
18549
18378
18526
18486
18405
18478
18455
18328
18243
18454
18319
18309
18399
18377
18382
18506
18338
18442
18626
18471
18350
18421
18251
18444
18413
18475
18455
18460
18622
18438
18224
18495
18398
18409
18510
18387
18525
18436
18231
18526
18574
18570
18354
18496
18418
18365
18384
18604
18392
18254
18458
18427
18583
18449
18395
18388
18346
18610
18331
18373
18324
18508
18545
18368
18473
18383
18390
18324
18411
18634
18231
18396
18301
18625
18521
18475
18475
18416
18357
18462
18594
18551
18577
18322
18387
18423
18509
18412
18490
18349
18336
18441
18605
18410
18492
18381
18192
18370
18380
18599
18516
18516
18225
18488
18548
18331
18624
18376
18390
18339
18404
18485
18441
18332
18691
18425
18616
18464
18677
18426
18510
18508
18474
18410
18321
18479
18415
18321
18225
18332
18328
18439
18522
18459
18422
18527
18358
18487
18455
18358
18340
18553
18404
18385
18386
18459
18314
18504
18484
18240
18272
18430
18428
18337
18478
18347
18395
18428
18615
18393
18384
18394
18422
18359
18445
18512
18378
18449
18348
18346
18380
18449
18530
18497
18480
18445
18500
18404
18370
18235
18426
18392
18626
18435
18279
18244
18510
18554
18410
18320
18263
18300
18270
18404
18464
18616
18546
18495
18598
18435
18418
18602
18261
18399
18327
18523
18302
18408
18467
18443
18360
18476
18586
18579
18475
18542
18448
18670
18415
18523
18518
18413
18402
18418
18399
18391
18417
18522
18354
18452
18421
18462
18463
18500
18235
18428
18636
18568
18289
18292
18391
18586
18381
18462
18587
18339
18407
18387
18327
18574
18290
18380
18283
18429
18330
18493
18362
18637
18399
18474
18615
18463
18497
18546
18660
18465
18445
18477
18387
18482
18530
18245
18348
18432
18496
18489
18336
18545
18413
18230
18523
18548
18408
18409
18335
18382
18369
18441
18365
18607
18336
18567
18492
18442
18484
18391
18550
18353
18544
18416
18193
18421
18623
18481
18325
18599
18411
18282
18440
18313
18423
18313
18446
18396
18452
18638
18376
18483
18571
18462
18357
18435
18341
18272
18285
18222
18361
18508
18395
18638
18474
18391
18509
18308
18604
18519
18473
18447
18346
18411
18592
18447
18488
18450
18440
18286
18436
18511
18541
18310
18594
18506
18367
18522
18237
18538
18539
18495
18347
18464
18323
18442
18469
18503
18387
18366
18397
18367
18286
18556
18242
18378
18369
18366
18549
18496
18349
18289
18419
18411
18161
18510
18499
18303
18440
18392
18454
18451
18444
18406
18221
18302
18461
18497
18531
18388
18275
18348
18513
18480
18268
18443
18435
18569
18399
18449
18296
18405
18468
18407
18358
18455
18448
18434
18429
18444
18466
18394
18413
18428
18460
18399
18608
18541
18418
18479
18451
18405
18395
18343
18304
18569
18405
18682
18380
18372
18397
18465
18321
18389
18413
18363
18313
18418
18392
18437
18447
18436
18189
18496
18471
18428
18374
18285
18559
18370
18557
18382
18502
18440
18379
18332
18338
18467
18469
18474
18436
18344
18353
18509
18309
18505
18493
18521
18378
18489
18441
18447
18315
18311
18348
18461
18505
18379
18323
18523
18435
18155
18518
18457
18482
18522
18427
18515
18423
18352
18333
18621
18418
18237
18282
18412
18445
18589
18356
18484
18510
18488
18278
18574
18503
18393
18409
18294
18389
18472
18360
18479
18290
18420
18419
18370
18496
18596
18451
18262
18507
18405
18422
18557
18378
18480
18376
18634
18470
18501
18342
18396
18366
18282
18304
18517
18587
18594
18347
18636
18480
18529
18394
18370
18378
18549
18449
18340
18454
18356
18419
18297
18549
18581
18610
18355
18416
18624
18399
18343
18392
18478
18595
18466
18440
18448
18422
18323
18430
18491
18384
18409
18317
18533
18435
18400
18305
18310
18286
18452
18295
18306
18419
18476
18516
18482
18384
18562
18511
18476
18586
18612
18479
18570
18448
18601
18442
18215
18593
18595
18512
18529
18355
18443
18322
18413
18575
18621
18387
18326
18556
18344
18416
18460
18292
18320
18360
18307
18380
18503
18307
18328
18485
18404
18327
18329
18399
18602
18425
18387
18349
18348
18433
18440
18410
18478
18572
18230
18570
18481
18356
18388
18363
18448
18285
18358
18634
18408
18379
18385
18406
18245
18571
18516
18550
18373
18429
18394
18572
18389
18525
18409
18379
18608
18301
18473
18577
18579
18598
18519
18350
18434
18386
18346
18319
18551
18534
18424
18501
18452
18580
18325
18493
18571
18584
18422
18522
18505
18268
18336
18484
18325
18280
18608
18258
18337
18361
18431
18460
18399
18280
18311
18366
18527
18360
18549
18436
18441
18459
18428
18548
18400
18436
18562
18577
18378
18257
18473
18297
18443
18579
18457
18582
18361
18543
18517
18262
18381
18553
18297
18362
18472
18307
18333
18341
18388
18365
18619
18351
18377
18518
18573
18545
18466
18431
18400
18458
18452
18409
18314
18276
18403
18484
18145
18508
18302
18293
18387
18296
18491
18448
18478
18489
18579
18342
18509
18374
18378
18399
18304
18428
18437
18372
18422
18330
18512
18553
18407
18460
18390
18449
18238
18666
18527
18426
18477
18378
18418
18418
18438
18406
18389
18485
18446
18345
18266
18255
18336
18441
18457
18326
18375
18300
18466
18286
18304
18448
18443
18310
18573
18303
18530
18627
18412
18597
18351
18405
18286
18389
18439
18287
18433
18406
18545
18407
18504
18505
18307
18301
18542
18339
18363
18366
18495
18408
18488
18686
18414
18453
18398
18522
18377
18496
18577
18393
18544
18395
18333
18530
18563
18495
18425
18451
18536
18503
18372
18524
18406
18371
18416
18452
18352
18403
18596
18290
18373
18254
18379
18487
18409
18315
18456
18477
18310
18473
18535
18378
18326
18480
18374
18434
18404
18384
18324
18438
18527
18371
18323
18463
18402
18473
18548
18525
18277
18471
18359
18425
18565
18365
18549
18471
18604
18318
18547
18391
18427
18534
18539
18389
18446
18348
18435
18343
18351
18342
18485
18612
18581
18279
18282
18306
18437
18536
18280
18250
18426
18497
18325
18456
18464
18413
18431
18568
18580
18410
18306
18378
18547
18374
18531
18504
18373
18295
18449
18581
18344
18424
18404
18389
18506
18423
18179
18495
18484
18140
18286
18591
18447
18396
18356
18551
18414
18588
18430
18408
18580
18360
18465
18636
18524
18585
18485
18437
18293
18291
18762
18422
18480
18456
18432
18322
18459
18392
18529
18379
18438
18457
18590
18455
18400
18453
18425
18658
18598
18562
18454
18320
18549
18466
18438
18407
18494
18392
18524
18261
18589
18380
18421
18286
18323
18269
18324
18377
18447
18320
18482
18248
18412
18460
18506
18505
18403
18503
18395
18377
18491
18541
18528
18482
18480
18391
18339
18386
18364
18417
18391
18411
18661
18425
18385
18443
18338
18351
18415
18536
18550
18299
18437
18626
18300
18375
18428
18487
18386
18483
18336
18504
18429
18478
18316
18374
18591
18174
18357
18474
18564
18508
18445
18476
18561
18442
18342
18415
18443
18435
18537
18330
18392
18412
18432
18406
18375
18395
18331
18284
18590
18388
18481
18477
18587
18346
18561
18349
18265
18469
18470
18345
18489
18538
18537
18310
18529
18339
18521
18379
18374
18403
18291
18456
18708
18531
18560
18199
18462
18484
18408
18231
18360
18242
18391
18337
18484
18603
18543
18456
18240
18379
18510
18373
18390
18316
18327
18390
18388
18386
18355
18527
18276
18389
18363
18412
18523
18595
18548
18298
18242
18316
18459
18392
18432
18547
18321
18347
18480
18571
18686
18288
18460
18355
18410
18342
18498
18332
18371
18476
18448
18645
18293
18513
18602
18389
18700
18324
18318
18316
18449
18499
18427
18521
18399
18553
18454
18571
18505
18454
18548
18526
18517
18699
18456
18356
18387
18388
18310
18628
18490
18335
18521
18461
18488
18358
18428
18260
18474
18399
18467
18511
18597
18407
18402
18353
18146
18281
18329
18530
18353
18535
18361
18433
18455
18400
18196
18304
18419
18530
18403
18584
18400
18501
18381
18292
18391
18339
18520
18585
18432
18372
18618
18495
18415
18400
18640
18370
18427
18429
18392
18358
18422
18443
18504
18159
18363
18568
18587
18284
18366
18341
18537
18343
18245
18410
18514
18325
18425
18524
18411
18470
18299
18373
18349
18419
18250
18476
18474
18490
18428
18499
18459
18389
18402
18491
18281
18408
18584
18401
18479
18396
18503
18395
18591
18515
18579
18558
18323
18402
18509
18383
18461
18296
18445
18368
18497
18476
18553
18449
18469
18270
18452
18477
18402
18270
18534
18561
18658
18335
18457
18327
18425
18529
18536
18377
18532
18477
18447
18225
18525
18269
18429
18520
18494
18430
18447
18455
18656
18491
18482
18265
18555
18415
18241
18532
18396
18646
18466
18451
18436
18474
18485
18339
18432
18401
18414
18426
18414
18371
18321
18381
18340
18481
18460
18632
18535
18458
18556
18324
18295
18411
18308
18348
18403
18346
18503
18518
18420
18510
18406
18568
18295
18527
18336
18296
18552
18527
18544
18458
18271
18527
18557
18509
18595
18354
18303
18448
18560
18275
18421
18457
18458
18366
18445
18374
18522
18539
18407
18339
18346
18453
18525
18578
18451
18510
18399
18459
18492
18540
18508
18373
18554
18244
18359
18365
18503
18437
18391
18299
18458
18428
18563
18348
18580
18462
18450
18564
18625
18286
18504
18524
18373
18372
18250
18240
18220
18566
18373
18583
18240
18330
18455
18394
18383
18345
18537
18565
18478
18252
18388
18451
18476
18297
18356
18343
18370
18511
18406
18352
18557
18393
18246
18439
18527
18619
18481
18429
18279
18504
18446
18535
18364
18409
18442
18488
18367
18413
18584
18380
18393
18394
18504
18466
18307
18320
18256
18361
18421
18530
18554
18541
18392
18403
18244
18496
18478
18363
18376
18438
18329
18319
18517
18448
18444
18254
18459
18515
18370
18585
18676
18367
18410
18452
18414
18532
18561
18395
18384
18420
18451
18397
18455
18478
18476
18530
18447
18385
18380
18251
18339
18279
18560
18721
18334
18293
18392
18459
18492
18471
18595
18532
18374
18374
18367
18385
18372
18498
18427
18402
18489
18453
18507
18490
18337
18435
18311
18588
18287
18452
18322
18453
18487
18459
18426
18321
18259
18239
18459
18377
18347
18483
18564
18536
18363
18450
18492
18489
18303
18478
18415
18301
18435
18267
18503
18384
18396
18467
18461
18518
18441
18396
18232
18360
18552
18587
18394
18361
18508
18445
18503
18514
18504
18478
18399
18386
18408
18410
18462
18311
18438
18484
18369
18256
18493
18432
18521
18430
18291
18635
18562
18499
18435
18371
18602
18511
18560
18472
18404
18448
18398
18477
18395
18439
18261
18369
18235
18655
18327
18568
18445
18503
18571
18451
18358
18446
18316
18454
18398
18407
18416
18513
18484
18524
18416
18471
18495
18558
18434
18603
18413
18428
18357
18385
18520
18269
18370
18363
18183
18168
18380
18431
18545
18416
18383
18452
18431
18590
18566
18437
18312
18468
18398
18416
18420
18423
18307
18377
18327
18376
18358
18433
18504
18571
18518
18500
18386
18431
18447
18340
18324
18463
18542
18354
18261
18319
18512
18301
18413
18545
18490
18326
18299
18382
18505
18327
18527
18506
18345
18312
18462
18378
18293
18459
18420
18440
18378
18451
18518
18432
18436
18484
18377
18431
18635
18413
18344
18389
18438
18422
18374
18462
18254
18437
18484
18429
18401
18392
18541
18446
18359
18522
18516
18506
18466
18468
18475
18511
18600
18349
18522
18552
18377
18381
18385
18309
18334
18399
18393
18509
18540
18552
18393
18351
18375
18506
18511
18463
18242
18323
18491
18319
18345
18494
18434
18366
18309
18378
18359
18389
18503
18291
18422
18372
18556
18368
18368
18431
18414
18645
18314
18369
18335
18544
18266
18549
18379
18474
18416
18437
18629
18422
18345
18543
18473
18553
18369
18434
18545
18542
18474
18405
18353
18437
18258
18227
18556
18500
18548
18386
18213
18528
18454
18405
18418
18248
18458
18239
18446
18475
18534
18428
18277
18442
18605
18228
18322
18393
18421
18489
18563
18244
18568
18530
18275
18369
18556
18591
18477
18319
18524
18448
18445
18506
18513
18432
18427
18487
18225
18401
18456
18601
18425
18343
18393
18620
18542
18248
18353
18310
18463
18360
18391
18522
18362
18352
18520
18588
18499
18419
18515
18414
18383
18604
18582
18454
18362
18348
18414
18342
18295
18453
18463
18510
18513
18485
18420
18411
18534
18375
18394
18449
18395
18465
18494
18565
18421
18456
18389
18340
18562
18231
18312
18444
18484
18417
18604
18426
18469
18433
18274
18514
18382
18389
18299
18434
18602
18368
18341
18521
18577
18426
18373
18412
18493
18312
18325
18409
18639
18419
18470
18330
18402
18343
18398
18415
18297
18513
18393
18473
18531
18407
18310
18525
18501
18347
18366
18398
18390
18366
18352
18531
18436
18463
18406
18387
18416
18419
18497
18653
18352
18403
18481
18347
18456
18415
18355
18523
18375
18454
18354
18354
18404
18470
18316
18327
18511
18268
18332
18489
18474
18454
18701
18415
18493
18400
18485
18581
18310
18319
18515
18647
18450
18394
18503
18429
18187
18367
18188
18337
18433
18329
18332
18528
18399
18525
18453
18414
18540
18576
18389
18387
18491
18491
18451
18367
18469
18545
18391
18405
18582
18505
18457
18313
18177
18439
18379
18429
18575
18382
18141
18401
18275
18221
18552
18436
18484
18420
18493
18463
18245
18287
18603
18568
18429
18489
18414
18210
18470
18390
18488
18546
18393
18376
18403
18467
18522
18296
18451
18499
18398
18373
18418
18357
18568
18503
18453
18428
18397
18392
18299
18610
18546
18379
18373
18398
18486
18460
18514
18488
18224
18367
18490
18429
18379
18492
18462
18266
18419
18504
18539
18484
18249
18417
18487
18470
18329
18458
18420
18403
18546
18392
18508
18308
18236
18388
18565
18460
18399
18372
18393
18450
18473
18364
18377
18471
18441
18375
18487
18497
18442
18319
18360
18490
18472
18386
18378
18305
18449
18390
18652
18562
18400
18382
18421
18465
18435
18314
18427
18546
18492
18426
18327
18535
18604
18442
18417
18384
18587
18505
18401
18330
18491
18504
18517
18378
18379
18549
18214
18444
18419
18492
18292
18337
18468
18537
18363
18382
18452
18503
18509
18558
18300
18475
18326
18440
18662
18322
18449
18824
18437
18363
18450
18407
18373
18305
18508
18391
18524
18406
18455
18405
18290
18538
18561
18447
18390
18440
18298
18468
18455
18382
18333
18499
18361
18477
18330
18324
18578
18426
18370
18425
18415
18251
18488
18450
18418
18383
18398
18485
18418
18331
18242
18622
18551
18494
18246
18483
18468
18309
18505
18383
18129
18339
18369
18460
18337
18392
18477
18405
18421
18431
18453
18407
18555
18318
18347
18413
18197
18503
18375
18523
18358
18257
18329
18347
18356
18449
18379
18428
18387
18262
18456
18662
18420
18233
18214
18355
18447
18602
18310
18341
18398
18299
18362
18428
18478
18299
18446
18479
18366
18354
18558
18348
18343
18438
18657
18378
18527
18631
18316
18589
18565
18330
18455
18495
18409
18534
18349
18432
18559
18388
18445
18477
18260
18421
18495
18346
18476
18369
18403
18492
18440
18388
18448
18269
18447
18399
18483
18430
18446
18413
18480
18470
18453
18511
18605
18510
18366
18478
18286
18581
18408
18577
18520
18362
18473
18467
18383
18543
18425
18442
18288
18587
18415
18381
18417
18321
18244
18474
18456
18694
18396
18363
18439
18552
18418
18154
18495
18488
18391
18556
18373
18341
18307
18456
18353
18426
18445
18440
18407
18543
18594
18480
18496
18449
18391
18550
18487
18536
18601
18454
18539
18267
18330
18630
18374
18285
18302
18184
18382
18476
18455
18321
18391
18150
18628
18352
18369
18502
18160
18457
18445
18554
18308
18482
18549
18278
18378
18471
18370
18378
18351
18314
18333
18309
18327
18505
18530
18537
18687
18474
18390
18477
18312
18478
18273
18474
18377
18367
18462
18318
18350
18322
18511
18420
18407
18580
18557
18481
18234
18400
18438
18326
18508
18455
18376
18347
18392
18453
18336
18703
18326
18520
18347
18563
18365
18395
18329
18600
18324
18333
18246
18443
18367
18227
18434
18601
18480
18654
18657
18545
18359
18528
18612
18599
18330
18616
18555
18519
18633
18167
18395
18311
18487
18355
18500
18578
18513
18370
18521
18404
18430
18427
18378
18453
18410
18539
18375
18394
18326
18447
18234
18489
18595
18195
18491
18276
18501
18366
18444
18337
18568
18495
18623
18331
18310
18388
18559
18406
18433
18440
18496
18430
18410
18572
18563
18250
18437
18341
18390
18361
18420
18466
18535
18253
18458
18576
18345
18516
18455
18325
18517
18477
18370
18346
18491
18380
18481
18596
18459
18337
18732
18631
18374
18558
18461
18378
18483
18484
18484
18410
18439
18495
18415
18587
18307
5537
2529
3393
552
195
1825
3275
1010
3559
2170
1253
108
5600
480
2088
396
2864
914
3673
593
848
3959
1902
744
174
3577
2517
206
430
2730
1333
3656
3156
2632
777
1377
661
2238
4782
963
5557
1262
2924
1989
5701
3472
364
4230
3300
2521
5479
1018
5020
3729
1312
3979
5837
3351
441
4026
558
3198
1667
4123
2532
3978
1974
3849
2617
5490
3604
3537
5477
1043
3378
3049
4026
5801
4955
1749
5697
1645
562
2663
566
3998
3852
5903
2891
5841
2682
936
4083
4400
1263
5256
3126
2979
5640
4785
5504
4210
5475
1755
5440
188
5338
3556
1362
754
760
2995
3095
1999
4535
3339
1063
2476
3619
3454
5214
3370
1606
5667
2152
4710
1390
138
5563
2424
1040
1750
179
222
1314
2924
2549
2225
4169
5573
2525
4886
806
366
4240
4878
97
3266
1932
1855
577
6059
460
3651
2515
4435
5826
4899
5671
5852
2827
4319
4135
328
1015
4112
1920
3207
3385
4250
2566
657
1552
2163
2495
5062
1563
4367
2188
233
2553
4291
73
1885
1314
1733
5755
1310
528
4123
151
5913
3212
5830
826
4909
472
5561
4791
2248
4954
2797
0
2378
3023
2785
4733
116
1579
1756
804
5536
4110
3190
3090
646
852
2665
748
2662
1617
5539
3619
4295
3687
2137
1339
4748
5755
5034
472
3118
4934
4783
1200
5779
4590
4445
5157
1662
945
4590
4025
268
1445
2238
3207
2910
954
5892
2551
351
5904
4714
1079
705
2566
4760
3423
5815
4347
2518
1787
2666
2844
2322
123
3396
4433
3322
4202
1626
770
4096
5255
5905
1726
5923
5390
2824
2986
5662
3192
3051
5933
1862
5211
2984
3970
4842
3729
1932
2964
3282
4746
5437
1279
4815
2807
3023
5219
6070
6273
6005
6142
6214
6187
6289
6205
6007
6226
6128
6288
6183
5995
6113
6308
6179
6083
6268
6293
6110
6373
6212
6114
6089
6049
6112
6128
6002
6169
6111
6167
6117
6041
6036
6201
6238
6155
6078
6288
6143
6110
6142
5979
5849
6092
6079
6149
6078
6123
6232
6175
6096
6178
6000
6168
6301
6054
6086
6129
6304
6076
6241
6107
6160
5911
6143
5932
6156
6194
6234
6050
6064
6125
6056
6163
6192
6267
5987
6207
6300
6185
6036
6142
6092
6082
6099
6234
6031
6273
6175
6221
6215
6014
6118
6193
6248
6207
6038
6172
6343
6110
6112
6175
6069
6199
6306
6102
6196
6090
6253
6018
6220
5943
6170
6306
6333
6182
6208
6098
6171
6268
6097
6195
6289
6067
6117
6337
6135
6080
6189
6145
6152
6160
6140
6188
6138
6006
6210
6267
6252
6346
6038
6115
6111
6045
6176
6074
6191
6205
6102
6118
6168
6225
6148
6161
6197
6151
6063
6210
6266
6245
6066
6147
6096
6298
6235
6087
6081
6150
6108
6133
6231
6131
6240
6126
6141
6214
6061
6258
6085
6026
6174
6054
6193
6324
5988
6174
6104
6121
6123
6159
6146
6178
6304
6235
6073
6094
6041
6064
6044
6195
6351
6162
6133
5989
6273
6265
6134
5979
6143
6310
6104
6241
6147
5939
6243
6250
6147
6217
6182
6150
6200
6193
6056
6133
6025
6215
6168
6197
6140
6300
6341
6250
6283
6163
6282
6299
6313
6200
6247
6258
6310
6091
6221
6131
6214
6230
6081
6121
6143
6115
6170
6109
6219
6014
6034
6122
6165
6179
6031
6346
6231
5994
6186
6146
6100
6114
6408
6068
6117
6031
6022
6154
6066
6199
6038
6210
6170
6237
5997
6293
6072
6128
6288
6229
6056
6215
6212
6129
6197
6225
5999
6108
6196
6130
5954
6360
6100
6133
6121
6069
5880
6227
6352
6267
6335
6304
6050
6149
6165
6175
6008
6250
6184
6212
6098
6285
6198
6168
6148
6211
6032
6274
6213
6079
6099
5997
6078
6173
6159
6199
6105
6212
6113
6114
6020
5978
6220
6313
6120
6094
6141
6178
6055
6275
6002
6039
6228
5961
6146
6031
6030
6225
6094
6219
5910
6083
6189
6147
6052
6057
6192
6166
6309
6112
6118
6121
6037
6120
6023
6077
6230
6170
6160
6290
6018
6183
5887
6265
6154
5998
6033
6182
6138
6129
6211
6086
6218
6164
6360
6157
6140
6214
6121
6133
6086
6054
6143
6253
6190
6038
6081
6161
5997
6127
6109
6038
6216
6315
6159
6394
6134
6233
6138
6277
6128
6253
6121
6212
6199
6171
6162
6212
6091
6107
6021
6190
6074
6079
6064
5995
6041
6261
6070
6335
6127
6184
6063
6114
6078
6004
6049
6221
6116
6421
6199
6246
6236
6149
6213
6283
6140
6235
6182
6091
6001
6140
6081
6078
6184
6086
6239
6158
6119
6137
6172
6022
6121
6162
6264
6218
6065
6222
6230
6227
6131
6078
5983
6187
6113
6147
6223
5893
5981
6026
6181
6274
6093
6263
6175
6127
6183
5963
6295
6192
6080
6042
6203
6213
6156
6161
6133
6163
6193
6118
6043
6041
6316
6157
5932
6088
6347
6280
6127
6035
6094
6228
6285
5860
6235
6231
6220
6096
6196
6114
6245
6140
6284
6294
6256
6132
6266
6051
6242
6205
6191
6051
6144
6044
5901
6111
6198
6077
6219
6146
6364
6073
5998
6112
6185
6116
6206
6151
6208
6082
6127
6071
5989
6215
6148
6108
6142
6191
6205
6025
6196
6171
6218
6053
6175
6040
6208
6035
6060
6119
6176
6304
6168
6159
6094
6181
6169
6192
6312
6170
5934
5973
6226
6215
6229
6061
6081
6148
5950
6157
6011
6151
5996
6196
5987
6190
6112
6128
5896
6263
6067
6173
6078
6267
6121
6139
6162
5973
6118
6268
6068
6207
6213
6171
6084
6195
5994
6246
6014
5906
6166
6095
6218
6216
6288
6091
6130
6385
6293
6163
6063
6331
6207
6241
6100
6173
6181
6037
6113
6158
6193
6389
6016
6188
6188
6062
6226
6157
6159
6084
6220
6048
6215
6223
6267
6281
6092
6074
6006
6231
6211
6235
6088
6247
6140
6164
6060
6238
6039
6163
6006
6146
6138
6149
6244
6142
6133
6109
6077
6118
6208
6266
6059
6295
6179
6017
6201
6257
6151
6137
6119
6038
6156
6112
6184
6211
6095
6161
6207
6170
6209
6352
6197
6254
6342
5960
6163
6163
5999
6032
6198
6263
6271
6203
6066
6025
6245
6159
6075
5991
6101
6032
6133
6140
6144
6146
6145
6022
6205
6279
6014
6018
6037
6140
6102
6091
6094
6016
6092
6034
6191
6204
6310
6099
5960
6250
6156
6143
6171
6270
6264
6389
6079
5976
6105
5799
6159
6096
6207
6229
6237
6145
6255
6302
6203
6183
6270
6078
6203
6095
6120
6101
5983
6016
6368
6179
6048
6274
6116
6107
6289
6228
6064
6119
6253
6018
5893
5966
5911
6149
6190
6236
6061
6153
6235
6107
6277
6122
6032
6254
6246
5993
6310
6007
6219
6030
6168
6263
5973
6396
6113
6100
6249
6040
5974
6210
6164
6107
6032
6044
6156
6386
6181
6175
5993
6097
5973
6165
6091
6149
6079
6110
6289
6200
6292
6187
6096
6130
6174
6134
6302
6170
6180
5994
6213
6302
6261
6001
6075
6125
6162
6078
6206
6150
6209
6174
6084
6179
5898
6238
6123
6019
6182
6090
6233
6008
5964
6243
6110
6198
6088
5946
6069
6226
6280
6111
6134
6088
6088
6106
6120
5966
6241
6280
6195
6170
6056
6110
6066
6145
6029
6197
6101
6226
6054
6071
6035
6071
6172
6135
6043
6083
6090
6058
6167
6321
6278
6133
6215
6218
6142
6066
6101
6163
6102
6121
6102
6155
6067
6302
6209
6089
6037
6021
6083
6092
6223
6109
5948
6104
6196
6137
6102
6158
6231
6100
6228
6164
6269
6104
6170
5982
6194
5909
6226
6130
6114
6327
6050
6210
6079
6104
6148
6135
6119
6191
6060
6202
6157
6132
6401
6075
6127
6178
6238
5999
6043
5941
6132
6027
6140
6013
6159
6244
6214
6226
6083
6303
6246
6114
6115
6365
6235
6150
5965
6075
6191
6085
6190
6181
6061
6170
6241
6091
6108
6252
6100
6364
6052
6219
6123
6095
6291
6208
6084
6213
5976
6201
6073
6102
6163
6290
6126
6109
6108
6110
6112
6146
5994
6257
6333
6195
6053
6147
6217
6129
6088
6218
6294
6161
6084
6082
6160
6210
6023
6192
6059
6254
6125
6082
6139
6103
6186
6182
6192
6249
6194
6161
6182
6082
6123
6072
6143
6012
6002
6130
5999
6180
6066
6132
6002
6346
6107
6078
6256
6211
6168
6091
6216
6061
6197
6295
6128
5979
6122
6155
6257
6186
5907
6217
6073
6279
6131
6172
6207
6182
5941
6185
6141
6148
6256
6088
6219
6248
6081
6181
6089
6046
6314
6194
6175
6048
6062
6209
6203
6224
6136
6212
6198
6167
6024
6303
6146
6003
6108
6171
6282
6142
6113
6245
5946
6165
6399
6177
6036
6286
5980
6084
5960
6280
6159
6234
6160
5979
6175
6154
6053
6001
6132
6208
6135
6201
6122
6114
5989
5964
6181
6116
6170
6198
6180
6194
6112
6206
6214
6001
6322
6142
6111
6098
6209
6071
6134
6225
6158
6164
6085
6229
6238
6330
6243
6118
6183
6101
6143
6165
6078
6100
5982
6293
5831
6107
6048
6286
6065
6145
6126
6108
6064
6184
6119
6208
6077
6280
6099
6170
6262
6129
6031
6124
6100
6110
6122
6035
6074
6142
6180
6217
6207
5994
6274
6056
6196
6099
5962
6182
6089
6125
6183
6048
6191
6163
6178
6205
6013
6172
6102
6308
6203
6005
6130
6160
6202
6152
6054
6072
6266
6034
6151
6093
5974
6198
6218
6116
6099
6051
6009
6204
6031
6177
6072
6031
6226
6233
6197
6116
6169
6187
6094
6169
6206
6027
6033
6256
6184
6069
6195
6182
5996
6110
6167
6244
6271
6122
6192
6193
6096
6039
6296
5984
6120
6105
6209
6172
6133
6176
5989
5993
6166
5991
6125
6186
6179
6141
6117
6190
6061
6246
6246
5995
6297
6143
6043
6099
6024
6152
6149
6097
6037
6153
5870
6114
6373
6070
6235
6126
6058
6189
6276
6107
6244
6183
6304
6226
6059
6102
6120
6255
6096
6226
6095
6044
6143
6330
6177
6057
6181
6056
6020
6186
6042
6162
6131
6159
6309
6231
6128
6258
6296
6384
6133
6339
6001
6211
6234
6161
6088
6021
6201
6130
6290
6187
6141
6273
6157
6112
6070
6310
6137
6169
6113
6214
6064
6159
6152
6043
6306
6057
6236
6249
6254
6071
6161
6176
6124
6015
6107
6224
6067
6145
6120
5989
6040
6091
6229
6126
6278
6125
5931
6080
6194
6264
6146
6142
6161
6247
6069
6217
6109
6079
6202
6401
6114
6074
6200
6143
6091
6166
6029
6113
6352
6068
6143
6096
6016
6075
5957
6056
6024
5950
6072
5960
6071
6169
6139
6339
6017
5912
6160
6137
6297
6132
6210
6134
6325
6231
6182
6210
6176
6042
6178
6109
6066
6184
6048
6110
6182
6110
6319
6133
6114
6004
6026
6319
6113
6215
6358
5960
6191
6280
6278
6064
6039
6212
6192
6189
6190
6176
6063
6253
6133
6215
5946
6145
6104
6208
6159
6197
6129
6122
6154
6209
6187
6069
6043
6223
6196
6194
6231
6213
6140
6218
6116
5971
6200
5989
6116
6087
6165
6182
6023
6162
6010
6176
6352
6156
6154
6015
6015
6122
6049
6081
6255
6108
6130
6080
6182
6151
6129
6004
6285
6074
6220
6229
6108
6212
6112
6165
6307
6298
6067
6060
6040
6263
6178
6300
6237
6210
6089
6172
6052
6172
6192
6166
6216
6068
6199
6259
6241
6134
6061
6031
6080
6155
6173
6244
6063
6163
6219
6065
6137
6033
6144
6151
6117
6025
6198
6288
6240
5849
6180
5963
6135
6283
6150
6292
6244
5945
6159
6144
6030
6225
6130
6186
6150
6148
6345
6081
6043
6196
6125
5995
5936
6315
6269
6351
6041
6052
6182
6128
6035
6186
6259
6234
6268
6079
6129
6202
6065
5991
6162
6122
6062
6077
5936
6106
6197
6291
6051
6121
6258
6109
6037
6282
6338
6204
6104
6201
6143
6230
6196
6045
6043
6137
5979
6015
6062
6048
6261
6222
6181
6093
6141
6161
6217
6235
6114
6240
5968
6229
6055
6217
6063
6041
6435
6099
6247
6063
5990
6124
6323
6081
6087
6189
6252
6222
6152
6176
6272
6212
6264
6216
6079
6200
6188
6040
6253
6210
6115
6098
6060
6058
6301
6141
6116
6006
6047
6289
6313
6160
6010
6317
6112
6049
6224
6127
6200
6094
6356
6041
6145
6126
6040
6084
6358
6193
6118
6050
6263
6182
6073
6210
6203
6157
6244
6139
6152
6168
6361
6166
5993
5920
6197
6179
6026
6164
6158
6162
6242
6120
6113
6284
6005
6028
6100
6216
6163
6033
6062
6261
6179
6126
6183
6119
6082
6195
6163
6043
6108
6211
6132
5970
6081
6137
6150
6243
6207
6089
6062
6141
6146
6158
6078
6175
6147
6256
6233
5980
6185
6200
6185
6185
6073
6176
6158
6056
6085
6132
6102
6106
6214
6198
6124
5970
6124
6130
6016
6102
6053
6160
5973
6208
6269
6053
6156
6172
6064
6163
6244
6163
6237
6122
6270
6129
6166
5997
6221
6155
6134
6189
6283
6088
6382
6300
6463
6185
6313
6045
6114
6161
6356
6162
6216
6173
6160
6108
6165
6260
6352
6075
6290
6203
6103
6171
6264
6076
6198
6145
6316
6349
6093
6279
6152
6308
6208
6348
6179
6034
6012
6163
6194
6211
6200
6115
6051
6149
5982
6138
6118
6153
6164
6197
6083
6228
6173
6089
6083
6242
6143
6184
6080
6142
6307
6019
6265
6132
6326
6238
6022
6063
6146
6211
6177
6136
6231
6070
6124
6152
6030
6123
6204
6166
6277
6126
6105
6161
6089
6055
6088
6283
6223
6083
6061
6114
6216
5871
6116
6054
6114
6166
6121
547
749
1286
331
267
301
2045
1540
1161
1547
1594
1058
421
736
1443
1563
1431
386
1390
557
1619
1204
1875
843
1480
1753
1824
579
338
1887
1510
121
624
332
611
1547
660
1197
1695
491
945
543
698
1854
1654
941
1088
1547
1051
351
26
1505
1293
237
387
456
1934
561
623
1198
1091
1766
213
14
600
1240
615
1625
1431
1951
1611
1701
1106
1869
1728
540
1386
132
1433
1728
1691
1664
516
1658
1792
549
644
1751
663
1977
417
1018
931
1106
1463
1418
1235
1141
296
401
1722
1168
1750
1960
729
1112
20
409
1541
1519
1105
1719
1655
2024
220
555
234
1050
1776
1199
1005
1963
1537
71
1473
18
2034
2042
588
226
1742
937
1622
717
995
863
1144
789
1667
716
487
579
1573
102
1804
16
1245
2040
12
1191
43
634
1609
1534
539
1163
147
557
1870
219
295
1184
5
1004
136
786
900
286
690
864
771
38
80
73
339
1146
958
2013
1381
385
754
369
329
1916
858
497
645
1966
289
493
1169
1369
281
1005
1637
245
504
1186
1505
944
561
2036
674
972
320
1120
419
606
547
354
1046
1144
1150
331
2124
2035
2038
1982
2214
2004
2060
1870
1873
2007
2145
2028
2068
2215
2146
2122
1925
2006
1951
2120
2021
2024
2004
2201
1994
1990
1985
1934
2120
1927
2094
2129
2023
1946
2066
2190
1881
2186
1923
2141
2022
1908
2086
2047
1963
2044
1961
2247
2273
2171
2101
1932
2155
1994
2121
2078
2076
2083
2023
2007
1975
2084
2080
2097
1851
2012
2109
1955
2011
1993
2086
2172
2143
2032
2163
2205
2205
1974
1986
1959
1974
2090
2106
1862
2191
1980
1982
1974
1995
1938
2084
2071
2065
1988
2144
2054
1939
2074
2118
2087
2073
2082
2079
1955
1980
1919
2147
1921
1988
1968
2173
2125
1987
2134
2044
2038
2042
2089
2021
2053
2159
2046
1890
1976
1912
2038
2214
2149
1981
2059
2121
2134
2145
2097
2073
1862
2040
2022
2017
2258
2062
2193
2045
1988
2014
1925
2053
2149
2037
2023
1906
2042
2084
2056
2090
1812
2006
1958
1979
2126
2187
1980
2181
2076
2101
1953
2106
2063
2123
2052
1849
1903
1846
1880
2009
2205
1968
2028
2126
1973
2089
1917
2028
2051
2096
2119
2136
1992
2011
2126
1993
2045
2094
2078
1821
1963
2295
2038
2210
1933
2209
1869
2140
2059
1953
2150
1994
1890
2020
2046
2028
2033
1876
2068
2099
1868
2068
2094
2198
1951
2075
2040
1837
1996
1931
2065
2068
1867
2045
2109
2073
2118
2033
1946
2001
2169
2072
2080
1853
2041
1842
2082
1881
2082
2036
2165
1962
2135
2167
2059
2106
2026
2152
2022
2068
2164
2103
1930
1902
1900
2163
2043
1963
2023
1963
1995
2059
1933
2009
2191
2100
1858
2341
2107
2060
1996
1915
1970
2196
2030
2088
2016
2169
1925
2093
2258
2181
2022
2117
2043
1868
1863
1952
1985
1999
2019
2231
2105
1860
2046
1920
2020
1811
2034
1945
1913
1950
2102
1979
2104
2199
2132
1925
1924
1848
2162
2027
1936
2159
2046
1824
2176
1981
1846
2030
2177
1982
1887
2287
1952
1895
2160
1861
2082
1882
1901
2102
1890
2128
2123
2034
2124
2056
2001
2165
2118
1944
1966
2104
2024
2028
2030
2083
1938
1833
2011
2057
2095
2030
2191
2048
2028
2155
1973
2172
1937
1867
2106
2089
1995
2078
2031
2008
1878
1995
1908
1975
2105
2034
2028
2043
1939
2175
2048
2023
1953
2019
2116
1963
1872
2140
2020
2077
1932
1960
2201
2054
2196
2088
1919
2052
2082
2020
2172
2089
1965
2104
2060
2093
2085
1973
1991
2130
1978
2360
2137
1942
1980
1859
1958
2115
1986
2002
2040
2173
2104
1987
2052
1949
2082
2035
2117
2257
2139
2223
1824
2114
2101
2061
1992
2092
2026
2092
1974
1868
1975
2033
2037
1962
2055
1967
1946
2052
1999
2038
2038
2176
2211
2074
2035
2244
2058
2240
2123
2114
2037
2107
1891
2053
2034
2223
2122
2165
2042
2187
2252
1891
1988
2004
1969
2156
2047
2075
2079
1996
2042
2184
2114
1998
2127
1949
1936
1978
1904
1998
2013
2089
2236
2114
2005
2001
2016
2057
2103
2007
2031
2041
2078
2185
2039
2015
2217
2064
2039
1917
2020
2129
2175
2088
2142
2112
1927
2095
2038
1969
1970
2048
2196
2214
2031
2063
1999
1828
1872
1906
1992
2148
1970
1867
2185
2030
2009
1884
2204
2057
2116
2122
2180
2059
2181
2100
2084
1978
2110
1913
2261
2181
2119
1966
1910
2221
2054
2030
1895
1996
2095
2223
1999
2064
2097
1995
2024
1958
2104
2210
2044
2049
2111
2097
1981
2057
2007
2002
1844
1983
2076
2030
2123
1909
2149
2002
2094
2169
2093
2134
2009
2174
2169
2116
2128
1920
2270
2052
2014
2152
2248
2154
2133
1964
2102
2104
2217
2076
2170
1868
2026
2013
2158
2075
2239
2035
2191
2097
1972
2065
1983
2063
2009
2061
1985
2062
2106
1945
2128
2284
2171
1985
2010
1834
1777
96
5737
3891
1632
1846
1465
5428
412
1836
5503
929
5434
389
179
5514
4205
2574
2398
171
5853
1455
87
794
2985
4035
4972
5359
57
4281
4446
3262
2201
2458
2528
1199
2091
2427
2308
2693
2338
2755
3230
6108
1326
2818
6077
701
5548
4397
2405
2810
3676
3028
5735
1393
1770
4108
611
1486
5678
1981
1922
3807
834
977
669
2808
813
2243
3674
6107
6261
6107
6142
6225
6289
6239
6201
6180
6133
6126
6211
6089
5981
6009
6097
6032
6062
6102
6113
5961
6106
6252
6091
6120
5960
6192
6249
6116
6262
6055
6334
6238
6098
6413
6191
5971
5957
6181
6099
6210
6213
6189
6330
6099
6145
6059
6108
6058
6113
6106
6134
6087
6266
6128
6131
6256
6162
6144
6269
6023
6042
6250
6067
6143
6018
6007
6021
6300
6077
6139
5998
5906
6131
6081
6186
6125
6254
6203
6173
6058
6071
6013
6123
6083
6038
6106
6217
6218
6061
6138
6323
6222
6244
6159
6205
6311
6224
6107
6244
6103
6153
6107
6194
5947
6119
6114
6178
6167
5972
6007
6149
6160
6146
6137
6143
6014
6168
6352
6000
6101
6214
6196
6055
6132
6081
6236
6254
6202
6130
6157
6089
6038
5985
6333
6274
6316
6149
5966
6269
6058
6237
6026
6228
6075
6050
6113
6166
6214
6096
6188
6189
6068
5974
6152
6075
6184
6012
6149
6297
6318
6185
6149
6112
6212
6407
6083
6115
6300
6161
6125
6329
6076
6234
6077
5956
6025
6171
6080
6065
6125
6179
6013
6239
6336
6045
6130
6111
6044
6146
6257
6109
6084
6243
6169
6084
6160
5991
6162
6011
6249
6095
6287
6130
5928
6181
6232
6122
6115
6212
5984
6110
6151
6140
6035
6250
6097
6138
6198
6230
6185
6193
6252
6096
5856
6163
6064
6330
6218
6171
6005
6026
6024
6127
6201
6219
6197
6199
5948
5994
6135
6153
6272
6231
6163
6219
6187
6048
6250
5959
6104
6115
6033
6132
6202
6152
6067
6013
6238
6134
6089
6219
6097
6177
5966
6017
6100
6318
6172
6178
6006
6235
6044
6160
6393
6128
6155
6323
6144
5982
6126
6017
6108
6030
6062
6118
6109
6081
6273
6128
6156
6092
6256
6108
6093
6200
6116
6072
6209
5962
6257
6191
6142
5891
6232
6238
6097
6286
6263
6051
6164
6296
6247
6261
6110
6306
6157
6133
6100
6061
6074
6155
6081
6051
6172
6290
6239
6258
6128
5998
5913
6216
5981
6136
6122
6198
6072
6359
6148
6201
6089
6030
6180
6165
6230
6073
6261
6047
6042
6248
6260
6281
6035
6218
6158
5931
6242
6180
6284
5959
6260
6294
6316
6349
6025
6051
6020
5980
6299
6020
6096
6223
6011
6319
6178
6168
6127
6073
6123
6098
5945
6133
6042
6356
6075
6110
6093
6010
6170
6206
6041
6087
6124
6122
6099
6158
6237
6002
6194
6001
6261
6119
6320
6156
6227
6019
6380
6342
5965
6146
6078
6022
6139
6103
6271
6159
6180
6231
6328
6273
6045
6259
6152
6039
6172
6064
6242
6252
6025
6177
6150
6016
6134
6151
6059
6212
6112
6103
6164
5958
6104
6308
6140
6125
6030
6194
6239
5885
6230
6301
6306
6107
5989
6172
5975
6128
6335
6233
6121
6064
6177
6079
6380
6114
5973
6230
6315
6073
6094
6180
6100
6141
6179
6205
6136
6142
5912
6125
6227
6136
6308
6020
6141
6073
6061
6072
6144
6000
6107
6161
6145
6226
6162
6217
6201
6178
6076
6053
6224
6234
5999
6227
6183
6024
6186
6288
6109
6140
6112
6242
6207
6275
6163
6240
6165
6179
6160
6108
6135
5987
6120
5982
6199
6069
6104
6196
6243
6046
6097
6299
6065
6010
6158
6207
6288
6055
6144
6271
5979
6195
6139
6296
6009
6081
6227
6369
6346
6172
6164
6090
6217
6124
6217
6306
6113
6201
6130
6154
6237
6185
5893
6020
6219
6044
6059
6121
6236
6092
6193
6300
6217
6004
6220
6230
6133
6109
6195
6126
6135
6287
6090
6226
6213
6159
6143
6217
6302
6099
6209
6071
6090
6210
6172
6046
6192
6141
6174
6205
6147
6250
6176
6278
6135
6045
6182
6057
6306
6109
6176
6031
6100
6105
6146
5968
6169
6030
6170
6224
6164
6162
6398
6294
6176
6116
6287
6288
6085
6004
6225
6182
6257
5984
6137
5921
6203
6166
6078
6334
6081
6053
6317
6104
6221
6089
6175
6136
6158
6010
6097
6312
6217
6072
6198
6140
6094
6287
6137
6158
6020
6030
6077
6132
6175
6047
6245
6178
6014
6247
6072
6151
6146
6088
6036
6002
6262
6048
5985
5966
6206
6207
5859
6186
6063
6262
6165
6137
6106
6124
6139
6237
6223
6320
6259
6082
6180
6132
6297
6264
6139
6207
6081
6123
6157
6135
6163
6045
6308
6085
6189
6121
6092
6186
6006
6314
6162
6201
6155
6115
6216
6217
6183
6262
6317
6167
6304
6206
6176
6209
6093
6234
5918
6086
6129
6046
6119
6101
5989
6004
6161
6134
6225
6178
6053
6207
6146
6334
6188
6149
6066
5966
5981
6123
5968
6166
6076
6203
6236
6190
6109
6128
6159
6255
6220
6327
6163
6148
6119
6258
5893
6150
6020
6194
6149
6138
6198
6203
6133
6248
6194
6080
6074
6133
6047
6285
6196
6187
6090
6167
6021
6178
6196
6245
6161
6005
5983
6362
6179
6140
6155
6180
6213
6008
6040
6156
6232
6179
6170
6121
6105
6140
6219
6088
6052
6249
6264
6103
6130
5996
6115
6218
6106
5991
6155
6190
6274
5990
6067
6168
6275
6160
6040
5970
6274
6280
6124
6129
6167
6310
6050
6111
6007
6162
5982
6118
6091
6102
6182
6120
6102
6080
6066
6103
5933
6202
6202
6230
6153
6267
6174
6024
6105
5996
6306
6055
6174
6051
5961
5959
6137
6081
6047
6230
6033
6179
6248
6173
6160
6055
6037
6159
6094
6096
6221
6079
6179
6183
6131
6150
6055
6170
5958
6205
6012
6108
6278
5999
6238
6164
6126
6347
6248
6210
6222
6140
6118
6284
6223
6115
6314
6090
6237
6353
5873
6194
6120
6235
5985
6101
6192
6190
6231
6377
6270
6163
5871
5966
6022
6332
5950
6193
6072
6168
6268
5981
6120
6089
6339
6049
6152
6099
6100
6132
6140
6207
6089
6206
6354
6253
6245
6215
6092
6148
6133
6225
6160
6299
6193
6018
6147
6146
6224
6166
6068
6130
6119
6088
6283
6187
6198
6115
6211
6085
6166
6072
6162
6036
6202
6238
6377
6264
6123
6017
6052
6226
6039
6111
6163
6094
6054
6210
6222
6328
6318
6161
6133
6322
6153
6269
6151
6126
6195
6024
6408
6098
6153
6205
6201
5994
6003
6280
6154
6106
6207
6252
6033
6004
6014
6100
6164
6126
6208
6094
6135
6234
6129
6079
6077
6081
6108
5984
6215
6072
5895
6263
6098
6191
6186
6148
6313
6157
6048
6105
5995
6239
6089
6176
6214
6185
6052
6108
6186
6310
6174
6183
6068
6080
6228
6004
6103
6049
6238
6143
6017
6127
6160
6078
6080
6297
6184
6098
6160
6085
6120
6029
5974
6008
6170
6213
6276
6189
6210
6090
6102
6064
6257
6167
6280
6258
6114
6181
5971
6040
6172
5967
6126
6123
6033
6059
6145
6227
6150
6159
6167
6251
6108
5975
6068
6330
6027
6278
6349
6205
6082
6000
6009
6267
6006
6312
6307
6282
6230
6206
6094
6242
6225
6196
6075
6104
6073
5960
6285
6348
6329
6172
6134
6103
6199
6194
6238
6038
6178
6059
6240
6068
6089
6323
6098
6107
6201
6085
5996
6235
6116
6099
6178
6193
6312
6128
6177
6272
6179
6065
6069
6084
6034
6205
6252
6247
6177
6236
6155
6034
6377
6100
6215
6225
6199
6299
6036
6202
6124
6313
6267
6111
6078
5884
6096
6362
6334
6158
6125
6304
6156
5970
6126
6091
6264
6027
6093
6199
6168
6052
5905
6246
6138
6130
6135
5978
6296
6193
6029
6091
6188
6176
6145
5884
6177
6127
6038
6128
6285
6124
6086
6370
6158
6115
6172
6006
6067
6257
6274
6191
5980
6172
6063
6139
6106
6230
6171
6132
6130
6202
6182
6010
6169
6195
6028
6273
6211
6126
6244
6226
6110
6242
5941
6230
5975
5978
6062
6150
6142
6020
5886
5874
5988
6180
5964
6056
6120
6027
6126
6095
6313
6157
6161
6266
6014
6176
6158
6054
6222
6215
6167
6229
6147
6267
6173
5999
6163
6246
6276
6268
5990
6061
6185
6166
6286
6134
6355
6280
6017
6135
6307
6273
6252
6017
6138
6151
6083
6117
6087
6304
6177
6125
6126
6104
6175
5994
6111
6142
6030
6102
6232
6077
6172
6343
6081
6297
6184
6173
6115
6113
6175
6177
6233
6022
6346
6096
6148
6225
5847
6217
6036
6051
6171
6177
5990
5980
6190
6096
6106
6085
6104
5957
9515
6275
13540
2660
13195
8726
2133
7676
5387
2080
8145
1043
4305
14011
2225
10998
4093
8549
7684
9901
1029
9263
6567
8790
1924
12469
11942
13394
4341
5671
5915
1896
6866
12463
6859
4231
10351
179
15
6351
13008
11847
11812
13684
11822
13937
7243
14267
14085
637
9981
10878
10258
12631
8615
3542
522
13031
13509
9909
9267
6290
4073
6912
3707
5356
11216
2586
5959
3442
11268
10091
5789
9640
3973
6960
9142
3561
6741
9508
8309
11786
8566
459
6277
8250
1335
12667
3524
422
6557
7788
11420
4404
1646
9830
11940
865
3130
8119
3666
210
3633
8046
8231
8391
1636
3202
5816
2073
6729
7725
7833
13054
5619
8737
11426
12406
4590
8842
14298
11904
8675
5940
12407
1814
6260
10342
1708
14227
10601
7209
13353
6952
1292
12257
9918
3441
10444
13792
1014
13458
10190
4533
10790
6426
11558
48
6580
13171

