1836,1836,1
2014,2014,0
2047,63487,0
2047,63487,0
1953,63393,0
2038,63478,0
2130,63570,0
1904,63344,0
2090,63530,0
2083,63523,0
2050,63490,0
1958,63398,0
2003,63443,0
2276,63716,0
2103,63543,0
1938,63378,0
1948,63388,0
2067,63507,0
1973,63413,0
2201,63641,0
2097,63537,0
2020,63460,0
2029,63469,0
2142,63582,0
2011,63451,0
2047,63487,0
2154,63594,0
2094,63534,0
2201,63641,0
2055,63495,0
2082,63522,0
1927,63367,0
1768,63208,0
2055,63495,0
1994,63434,0
2034,63474,0
2089,63529,0
2022,63462,0
2159,63599,0
1794,63234,0
1897,63337,0
2056,63496,0
2033,63473,0
2149,63589,0
1965,63405,0
1999,63439,0
2260,63700,0
2042,63482,0
2055,63495,0
1929,63369,0
2047,63487,0
1965,63405,0
1943,63383,0
1952,63392,0
1955,63395,0
2085,63525,0
2095,63535,0
2020,63460,0
1944,63384,0
1898,63338,0
2020,63460,0
2059,63499,0
2095,63535,0
1874,63314,0
2052,63492,0
2049,63489,0
2137,63577,0
2164,63604,0
2048,63488,0
2049,63489,0
2075,63515,0
2074,63514,0
2155,63595,0
2078,63518,0
2037,63477,0
1818,63258,0
2088,63528,0
2132,63572,0
2054,63494,0
2083,63523,0
2092,63532,0
2263,63703,0
2137,63577,0
2010,63450,0
2020,63460,0
2080,63520,0
2241,63681,0
2288,63728,0
1991,63431,0
2101,63541,0
2144,63584,0
2209,63649,0
2168,63608,0
2128,63568,0
1825,63265,0
2022,63462,0
2051,63491,0
1947,63387,0
2291,63731,0
2076,63516,0
1947,63387,0
2111,63551,0
2021,63461,0
1950,63390,0
1831,63271,0
2095,63535,0
2058,63498,0
2175,63615,0
1965,63405,0
2246,63686,0
1965,63405,0
1960,63400,0
2010,63450,0
2035,63475,0
2138,63578,0
2098,63538,0
2156,63596,0
2168,63608,0
2154,63594,0
1965,63405,0
1790,63230,0
2197,63637,0
2115,63555,0
2093,63533,0
2168,63608,0
2015,63455,0
2079,63519,0
2069,63509,0
2181,63621,0
2104,63544,0
2010,63450,0
1955,63395,0
1834,63274,0
2141,63581,0
2107,63547,0
1925,63365,0
2060,63500,0
2188,63628,0
1930,63370,0
1957,63397,0
2164,63604,0
2068,63508,0
2113,63553,0
1895,63335,0
2017,63457,0
2147,63587,0
2051,63491,0
2021,63461,0
1818,63258,0
2093,63533,0
1935,63375,0
2023,63463,0
2083,63523,0
2032,63472,0
1881,63321,0
1997,63437,0
2154,63594,0
1997,63437,0
2230,63670,0
2032,63472,0
2025,63465,0
2018,63458,0
2158,63598,0
1940,63380,0
2068,63508,0
2007,63447,0
1883,63323,0
2191,63631,0
2196,63636,0
2082,63522,0
2177,63617,0
2014,63454,0
1989,63429,0
2027,63467,0
2114,63554,0
2043,63483,0
1990,63430,0
2209,63649,0
2138,63578,0
2181,63621,0
2049,63489,0
1922,63362,0
1986,63426,0
2117,63557,0
2011,63451,0
2046,63486,0
2171,63611,0
2173,63613,0
2093,63533,0
2086,63526,0
2010,63450,0
2006,63446,0
2114,63554,0
2210,63650,0
1819,63259,0
2148,63588,0
2021,63461,0
2236,63676,0
1921,63361,0
2011,63451,0
2108,63548,0
2125,63565,0
2251,63691,0
2097,63537,0
1922,63362,0
2134,63574,0
1902,63342,0
2044,63484,0
2075,63515,0
1967,63407,0
2091,63531,0
2322,63762,0
2075,63515,0
2091,63531,0
2126,63566,0
2010,63450,0
1936,63376,0
1998,63438,0
2117,63557,0
1862,63302,0
2084,63524,0
2094,63534,0
1986,63426,0
2057,63497,0
1961,63401,0
1936,63376,0
1959,63399,0
2115,63555,0
2077,63517,0
1950,63390,0
1981,63421,0
2188,63628,0
2056,63496,0
2172,63612,0
1873,63313,0
2167,63607,0
2119,63559,0
2006,63446,0
2177,63617,0
2160,63600,0
2094,63534,0
2097,63537,0
2012,63452,0
2086,63526,0
2064,63504,0
2102,63542,0
2254,63694,0
2075,63515,0
2156,63596,0
2107,63547,0
2090,63530,0
2033,63473,0
1871,63311,0
1922,63362,0
2249,63689,0
2124,63564,0
2008,63448,0
1954,63394,0
2031,63471,0
2120,63560,0
1941,63381,0
1928,63368,0
1961,63401,0
2120,63560,0
2066,63506,0
1893,63333,0
2136,63576,0
2155,63595,0
1996,63436,0
2071,63511,0
2134,63574,0
1993,63433,0
2006,63446,0
2161,63601,0
1966,63406,0
1854,63294,0
2036,63476,0
2055,63495,0
1963,63403,0
2061,63501,0
1940,63380,0
2074,63514,0
1854,63294,0
1992,63432,0
2053,63493,0
2183,63623,0
2123,63563,0
1907,63347,0
2049,63489,0
1903,63343,0
1967,63407,0
2101,63541,0
2045,63485,0
2197,63637,0
1909,63349,0
2002,63442,0
2120,63560,0
2135,63575,0
1920,63360,0
2119,63559,0
2070,63510,0
2145,63585,0
2158,63598,0
2084,63524,0
2065,63505,0
1954,63394,0
2250,63690,0
1912,63352,0
2017,63457,0
2169,63609,0
2103,63543,0
2017,63457,0
2076,63516,0
2001,63441,0
1973,63413,0
2031,63471,0
2088,63528,0
1863,63303,0
2177,63617,0
2084,63524,0
2087,63527,0
2089,63529,0
2150,63590,0
2145,63585,0
1833,63273,0
2000,63440,0
2016,63456,0
2238,63678,0
2077,63517,0
2209,63649,0
2165,63605,0
1990,63430,0
2115,63555,0
2097,63537,0
2078,63518,0
2036,63476,0
2027,63467,0
2062,63502,0
2063,63503,0
2004,63444,0
2180,63620,0
2088,63528,0
1981,63421,0
2115,63555,0
2023,63463,0
2123,63563,0
2104,63544,0
2091,63531,0
2074,63514,0
2190,63630,0
1993,63433,0
2073,63513,0
2147,63587,0
2150,63590,0
2016,63456,0
2031,63471,0
2157,63597,0
2104,63544,0
2085,63525,0
2109,63549,0
2046,63486,0
2139,63579,0
2201,63641,0
2204,63644,0
2147,63587,0
2124,63564,0
2051,63491,0
2058,63498,0
2131,63571,0
2050,63490,0
1988,63428,0
2100,63540,0
1961,63401,0
2028,63468,0
2038,63478,0
1813,63253,0
2083,63523,0
2119,63559,0
2092,63532,0
2054,63494,0
1987,63427,0
2174,63614,0
2115,63555,0
2124,63564,0
2067,63507,0
2101,63541,0
2017,63457,0
1936,63376,0
2228,63668,0
1943,63383,0
2115,63555,0
2074,63514,0
2104,63544,0
2034,63474,0
2098,63538,0
2143,63583,0
2079,63519,0
2051,63491,0
2021,63461,0
2185,63625,0
2028,63468,0
2211,63651,0
1936,63376,0
2012,63452,0
2118,63558,0
2096,63536,0
2066,63506,0
2140,63580,0
2002,63442,0
2080,63520,0
2056,63496,0
1915,63355,0
2066,63506,0
2082,63522,0
2044,63484,0
2000,63440,0
2040,63480,0
2012,63452,0
2113,63553,0
2111,63551,0
2123,63563,0
1698,63138,0
2082,63522,0
2187,63627,0
2063,63503,0
2205,63645,0
2082,63522,0
2164,63604,0
2093,63533,0
2041,63481,0
2272,63712,0
1952,63392,0
2029,63469,0
2041,63481,0
1998,63438,0
1876,63316,0
2053,63493,0
2092,63532,0
2067,63507,0
1976,63416,0
2060,63500,0
1927,63367,0
1975,63415,0
2136,63576,0
2294,63734,0
2147,63587,0
2109,63549,0
1950,63390,0
2237,63677,0
2040,63480,0
1978,63418,0
2071,63511,0
2025,63465,0
2135,63575,0
2057,63497,0
2132,63572,0
2144,63584,0
2176,63616,0
2073,63513,0
1972,63412,0
2090,63530,0
1994,63434,0
2279,63719,0
1950,63390,0
1995,63435,0
2066,63506,0
2174,63614,0
1981,63421,0
1982,63422,0
2145,63585,0
2019,63459,0
1934,63374,0
2108,63548,0
2101,63541,0
2126,63566,0
2129,63569,0
2094,63534,0
1988,63428,0
1939,63379,0
2185,63625,0
2033,63473,0
2196,63636,0
2085,63525,0
2105,63545,0
2108,63548,0
2072,63512,0
1988,63428,0
1991,63431,0
2005,63445,0
2190,63630,0
2042,63482,0
2046,63486,0
1989,63429,0
2040,63480,0
2167,63607,0
1929,63369,0
1964,63404,0
1967,63407,0
2015,63455,0
2084,63524,0
2182,63622,0
2173,63613,0
2049,63489,0
1991,63431,0
2193,63633,0
1832,63272,0
2034,63474,0
2166,63606,0
2065,63505,0
1995,63435,0
2099,63539,0
1970,63410,0
1933,63373,0
2256,63696,0
1926,63366,0
2032,63472,0
2115,63555,0
1980,63420,0
2001,63441,0
2029,63469,0
2061,63501,0
1893,63333,0
2070,63510,0
2035,63475,0
2066,63506,0
2279,63719,0
1896,63336,0
2007,63447,0
1858,63298,0
1948,63388,0
2094,63534,0
2079,63519,0
1980,63420,0
1926,63366,0
1961,63401,0
2198,63638,0
2143,63583,0
2040,63480,0
2117,63557,0
2032,63472,0
2070,63510,0
1962,63402,0
2100,63540,0
2346,63786,0
2024,63464,0
2192,63632,0
2045,63485,0
1863,63303,0
1947,63387,0
2189,63629,0
2059,63499,0
2008,63448,0
2036,63476,0
2035,63475,0
1921,63361,0
2185,63625,0
2137,63577,0
2009,63449,0
2199,63639,0
2167,63607,0
1944,63384,0
2030,63470,0
1949,63389,0
1947,63387,0
1881,63321,0
2135,63575,0
2051,63491,0
1950,63390,0
2149,63589,0
2118,63558,0
1977,63417,0
2122,63562,0
1995,63435,0
2227,63667,0
2033,63473,0
2095,63535,0
2178,63618,0
2133,63573,0
2212,63652,0
1721,63161,0
2002,63442,0
2133,63573,0
2145,63585,0
2096,63536,0
2201,63641,0
2158,63598,0
1901,63341,0
1915,63355,0
2135,63575,0
2242,63682,0
2125,63565,0
2025,63465,0
1976,63416,0
2062,63502,0
2215,63655,0
2009,63449,0
2026,63466,0
2024,63464,0
1933,63373,0
2088,63528,0
2021,63461,0
2114,63554,0
1995,63435,0
2155,63595,0
2102,63542,0
2204,63644,0
2045,63485,0
2112,63552,0
1956,63396,0
2007,63447,0
2190,63630,0
1992,63432,0
1931,63371,0
2018,63458,0
2017,63457,0
2013,63453,0
1914,63354,0
2006,63446,0
2040,63480,0
1920,63360,0
2024,63464,0
1943,63383,0
2081,63521,0
1976,63416,0
2079,63519,0
2095,63535,0
2104,63544,0
2001,63441,0
2016,63456,0
2005,63445,0
2173,63613,0
2066,63506,0
2218,63658,0
1881,63321,0
2077,63517,0
1986,63426,0
2039,63479,0
2164,63604,0
1911,63351,0
1809,63249,0
2082,63522,0
2017,63457,0
1939,63379,0
2042,63482,0
2030,63470,0
2087,63527,0
2304,63744,0
2105,63545,0
2099,63539,0
2182,63622,0
2185,63625,0
2175,63615,0
2124,63564,0
1979,63419,0
2023,63463,0
2072,63512,0
2235,63675,0
2100,63540,0
2051,63491,0
2082,63522,0
1975,63415,0
2027,63467,0
2038,63478,0
2078,63518,0
2193,63633,0
1930,63370,0
2160,63600,0
1993,63433,0
2001,63441,0
1996,63436,0
2031,63471,0
2062,63502,0
2115,63555,0
2126,63566,0
2073,63513,0
2094,63534,0
2005,63445,0
2178,63618,0
2012,63452,0
2084,63524,0
2134,63574,0
1989,63429,0
1870,63310,0
1995,63435,0
2083,63523,0
2122,63562,0
2066,63506,0
2112,63552,0
2032,63472,0
2148,63588,0
2042,63482,0
1963,63403,0
2235,63675,0
2102,63542,0
2054,63494,0
2010,63450,0
1959,63399,0
2039,63479,0
1965,63405,0
2008,63448,0
2279,63719,0
2086,63526,0
1970,63410,0
2140,63580,0
2017,63457,0
1954,63394,0
2069,63509,0
2175,63615,0
2099,63539,0
2178,63618,0
2110,63550,0
1956,63396,0
2046,63486,0
2248,63688,0
2050,63490,0
1940,63380,0
2058,63498,0
1943,63383,0
2040,63480,0
2031,63471,0
2034,63474,0
2222,63662,0
2002,63442,0
2071,63511,0
2158,63598,0
1928,63368,0
2037,63477,0
2122,63562,0
1970,63410,0
1815,63255,0
1772,63212,0
2035,63475,0
2238,63678,0
1909,63349,0
2117,63557,0
2062,63502,0
2219,63659,0
2150,63590,0
2026,63466,0
1956,63396,0
2197,63637,0
1964,63404,0
1945,63385,0
1911,63351,0
1940,63380,0
1887,63327,0
2122,63562,0
2071,63511,0
2004,63444,0
2159,63599,0
2017,63457,0
1940,63380,0
2024,63464,0
2150,63590,0
2030,63470,0
1835,63275,0
2127,63567,0
2130,63570,0
1999,63439,0
2050,63490,0
2144,63584,0
2103,63543,0
2081,63521,0
1993,63433,0
2008,63448,0
1958,63398,0
1928,63368,0
2207,63647,0
2156,63596,0
2135,63575,0
2120,63560,0
1920,63360,0
2175,63615,0
2201,63641,0
2029,63469,0
2001,63441,0
2029,63469,0
1962,63402,0
2101,63541,0
2063,63503,0
2127,63567,0
1853,63293,0
2116,63556,0
2130,63570,0
2065,63505,0
1877,63317,0
2126,63566,0
1925,63365,0
2150,63590,0
2203,63643,0
2256,63696,0
2211,63651,0
1927,63367,0
2100,63540,0
1880,63320,0
2044,63484,0
2209,63649,0
2094,63534,0
1847,63287,0
2058,63498,0
2011,63451,0
2194,63634,0
2126,63566,0
2084,63524,0
1992,63432,0
2148,63588,0
2000,63440,0
2148,63588,0
2102,63542,0
2056,63496,0
2060,63500,0
2126,63566,0
1993,63433,0
2195,63635,0
1849,63289,0
1912,63352,0
1924,63364,0
2005,63445,0
1867,63307,0
2040,63480,0
2080,63520,0
1914,63354,0
1889,63329,0
2175,63615,0
2336,63776,0
1973,63413,0
2069,63509,0
2112,63552,0
2166,63606,0
1842,63282,0
2046,63486,0
2076,63516,0
1963,63403,0
1933,63373,0
2169,63609,0
2064,63504,0
1993,63433,0
1947,63387,0
1957,63397,0
1908,63348,0
1845,63285,0
1985,63425,0
2173,63613,0
1871,63311,0
2184,63624,0
1999,63439,0
1985,63425,0
1908,63348,0
2179,63619,0
2109,63549,0
1937,63377,0
2096,63536,0
2091,63531,0
1962,63402,0
2183,63623,0
2030,63470,0
2158,63598,0
1953,63393,0
1976,63416,0
2081,63521,0
2235,63675,0
2199,63639,0
2114,63554,0
2083,63523,0
2013,63453,0
1927,63367,0
2015,63455,0
1849,63289,0
2152,63592,0
1998,63438,0
2171,63611,0
1858,63298,0
2257,63697,0
2209,63649,0
1829,63269,0
2160,63600,0
2079,63519,0
2060,63500,0
2157,63597,0
1997,63437,0
2161,63601,0
2039,63479,0
2037,63477,0
2132,63572,0
1908,63348,0
2008,63448,0
1949,63389,0
2180,63620,0
2027,63467,0
2181,63621,0
2027,63467,0
2025,63465,0
1908,63348,0
1876,63316,0
2031,63471,0
2090,63530,0
2248,63688,0
1934,63374,0
2102,63542,0
2016,63456,0
2182,63622,0
2126,63566,0
2040,63480,0
1841,63281,0
1907,63347,0
2156,63596,0
2012,63452,0
2024,63464,0
2114,63554,0
1995,63435,0
2098,63538,0
2011,63451,0
2216,63656,0
2003,63443,0
1980,63420,0
2068,63508,0
2059,63499,0
2050,63490,0
2168,63608,0
2064,63504,0
2017,63457,0
1863,63303,0
2160,63600,0
2193,63633,0
2186,63626,0
1981,63421,0
1907,63347,0
1856,63296,0
1874,63314,0
1984,63424,0
2215,63655,0
1935,63375,0
1925,63365,0
2068,63508,0
2003,63443,0
1951,63391,0
2043,63483,0
2015,63455,0
2195,63635,0
2131,63571,0
2091,63531,0
2156,63596,0
1984,63424,0
2122,63562,0
1939,63379,0
2253,63693,0
1971,63411,0
1943,63383,0
2089,63529,0
2113,63553,0
2072,63512,0
2104,63544,0
1974,63414,0
1965,63405,0
1957,63397,0
1987,63427,0
1915,63355,0
1988,63428,0
2041,63481,0
2095,63535,0
2033,63473,0
2012,63452,0
2088,63528,0
2058,63498,0
2168,63608,0
2102,63542,0
2172,63612,0
1966,63406,0
2157,63597,0
2076,63516,0
2159,63599,0
2156,63596,0
2066,63506,0
1994,63434,0
2046,63486,0
2115,63555,0
2064,63504,0
1992,63432,0
2216,63656,0
1988,63428,0
2034,63474,0
2223,63663,0
1986,63426,0
2051,63491,0
2177,63617,0
1987,63427,0
1898,63338,0
2031,63471,0
2055,63495,0
1999,63439,0
2191,63631,0
2054,63494,0
2066,63506,0
2012,63452,0
2158,63598,0
1954,63394,0
1992,63432,0
2121,63561,0
2171,63611,0
1961,63401,0
2002,63442,0
2029,63469,0
2046,63486,0
2059,63499,0
2049,63489,0
2023,63463,0
2149,63589,0
2046,63486,0
2034,63474,0
2070,63510,0
2160,63600,0
1932,63372,0
1973,63413,0
1970,63410,0
2106,63546,0
1826,63266,0
1970,63410,0
2019,63459,0
2280,63720,0
2071,63511,0
2060,63500,0
2008,63448,0
2110,63550,0
2042,63482,0
1995,63435,0
2203,63643,0
2225,63665,0
1797,63237,0
2178,63618,0
2228,63668,0
2050,63490,0
2094,63534,0
2135,63575,0
1894,63334,0
2285,63725,0
2152,63592,0
2048,63488,0
2193,63633,0
2021,63461,0
1931,63371,0
2036,63476,0
1938,63378,0
2091,63531,0
2042,63482,0
2159,63599,0
2126,63566,0
2133,63573,0
1977,63417,0
2085,63525,0
2150,63590,0
1926,63366,0
1878,63318,0
1946,63386,0
2044,63484,0
2035,63475,0
2055,63495,0
2144,63584,0
2137,63577,0
1980,63420,0
2208,63648,0
1975,63415,0
1849,63289,0
2099,63539,0
1990,63430,0
1916,63356,0
2163,63603,0
2027,63467,0
1960,63400,0
2113,63553,0
2018,63458,0
2244,63684,0
2122,63562,0
1947,63387,0
2098,63538,0
1946,63386,0
2227,63667,0
2159,63599,0
1869,63309,0
2110,63550,0
2099,63539,0
2086,63526,0
1995,63435,0
1993,63433,0
1963,63403,0
2212,63652,0
2234,63674,0
1967,63407,0
2125,63565,0
1953,63393,0
2006,63446,0
2032,63472,0
1961,63401,0
2189,63629,0
1921,63361,0
2007,63447,0
2123,63563,0
1895,63335,0
1881,63321,0
2117,63557,0
2110,63550,0
2261,63701,0
2086,63526,0
1883,63323,0
2112,63552,0
2070,63510,0
2070,63510,0
2275,63715,0
2050,63490,0
2149,63589,0
2037,63477,0
2069,63509,0
2098,63538,0
2201,63641,0
1908,63348,0
2074,63514,0
2267,63707,0
1861,63301,0
2057,63497,0
1961,63401,0
1901,63341,0
1908,63348,0
2224,63664,0
1901,63341,0
1974,63414,0
1871,63311,0
2020,63460,0
1980,63420,0
1901,63341,0
2148,63588,0
2177,63617,0
2095,63535,0
1962,63402,0
1914,63354,0
1998,63438,0
1978,63418,0
1878,63318,0
1956,63396,0
2143,63583,0
1979,63419,0
1936,63376,0
1892,63332,0
2041,63481,0
2033,63473,0
1887,63327,0
2157,63597,0
2064,63504,0
2056,63496,0
2056,63496,0
2039,63479,0
2022,63462,0
2105,63545,0
2141,63581,0
1985,63425,0
2178,63618,0
1893,63333,0
2065,63505,0
2203,63643,0
2016,63456,0
2111,63551,0
2185,63625,0
2087,63527,0
2066,63506,0
2057,63497,0
2235,63675,0
2046,63486,0
2069,63509,0
1974,63414,0
2017,63457,0
2107,63547,0
2066,63506,0
1952,63392,0
2157,63597,0
1957,63397,0
2152,63592,0
2063,63503,0
2210,63650,0
2106,63546,0
2132,63572,0
2009,63449,0
1864,63304,0
2111,63551,0
2224,63664,0
1972,63412,0
2113,63553,0
2027,63467,0
1932,63372,0
2119,63559,0
2326,63766,0
2311,63751,0
1962,63402,0
2058,63498,0
1929,63369,0
1929,63369,0
1992,63432,0
1818,63258,0
2156,63596,0
1963,63403,0
2017,63457,0
1914,63354,0
2073,63513,0
2045,63485,0
2120,63560,0
1941,63381,0
2090,63530,0
2145,63585,0
2040,63480,0
2192,63632,0
1989,63429,0
2053,63493,0
2179,63619,0
1897,63337,0
2063,63503,0
1973,63413,0
2110,63550,0
2050,63490,0
2112,63552,0
2148,63588,0
2247,63687,0
1923,63363,0
2001,63441,0
1973,63413,0
1945,63385,0
2038,63478,0
2045,63485,0
2140,63580,0
1884,63324,0
2148,63588,0
2268,63708,0
1965,63405,0
1975,63415,0
1984,63424,0
2077,63517,0
2179,63619,0
2088,63528,0
2086,63526,0
2048,63488,0
2107,63547,0
2335,63775,0
2129,63569,0
1802,63242,0
2272,63712,0
2145,63585,0
2122,63562,0
2250,63690,0
2105,63545,0
2034,63474,0
2135,63575,0
1923,63363,0
1964,63404,0
2166,63606,0
2075,63515,0
2003,63443,0
1945,63385,0
2132,63572,0
2071,63511,0
1976,63416,0
1977,63417,0
2201,63641,0
2174,63614,0
2038,63478,0
2117,63557,0
2029,63469,0
2312,63752,0
2066,63506,0
2055,63495,0
1921,63361,0
2088,63528,0
2148,63588,0
2018,63458,0
1990,63430,0
2049,63489,0
2189,63629,0
1888,63328,0
2088,63528,0
1955,63395,0
2080,63520,0
1973,63413,0
2154,63594,0
2077,63517,0
2216,63656,0
2106,63546,0
1910,63350,0
2091,63531,0
1993,63433,0
2016,63456,0
2242,63682,0
2082,63522,0
2199,63639,0
2133,63573,0
2178,63618,0
2007,63447,0
1962,63402,0
2082,63522,0
2084,63524,0
2016,63456,0
2195,63635,0
2016,63456,0
1820,63260,0
2097,63537,0
2031,63471,0
2008,63448,0
2029,63469,0
1961,63401,0
2195,63635,0
2003,63443,0
2276,63716,0
1938,63378,0
1960,63400,0
1939,63379,0
2001,63441,0
2012,63452,0
2049,63489,0
2047,63487,0
2066,63506,0
1990,63430,0
2041,63481,0
2213,63653,0
2138,63578,0
2036,63476,0
1907,63347,0
2042,63482,0
2019,63459,0
1941,63381,0
2059,63499,0
1987,63427,0
2032,63472,0
2238,63678,0
2154,63594,0
2070,63510,0
2143,63583,0
2056,63496,0
2236,63676,0
2077,63517,0
2077,63517,0
2075,63515,0
2072,63512,0
2137,63577,0
1930,63370,0
2051,63491,0
2027,63467,0
1980,63420,0
1946,63386,0
2023,63463,0
2067,63507,0
1896,63336,0
2076,63516,0
1952,63392,0
1931,63371,0
1896,63336,0
1901,63341,0
2189,63629,0
2062,63502,0
2078,63518,0
2130,63570,0
1938,63378,0
2033,63473,0
2070,63510,0
1874,63314,0
2056,63496,0
2066,63506,0
2123,63563,0
1874,63314,0
1940,63380,0
1983,63423,0
2079,63519,0
2102,63542,0
1998,63438,0
2055,63495,0
2161,63601,0
2007,63447,0
1977,63417,0
2073,63513,0
2017,63457,0
2152,63592,0
2078,63518,0
2099,63539,0
1948,63388,0
1913,63353,0
2047,63487,0
1969,63409,0
2021,63461,0
2330,63770,0
2025,63465,0
2034,63474,0
2011,63451,0
2261,63701,0
2092,63532,0
1957,63397,0
1997,63437,0
2049,63489,0
1949,63389,0
1925,63365,0
2018,63458,0
1886,63326,0
1913,63353,0
1932,63372,0
1937,63377,0
1865,63305,0
2011,63451,0
2249,63689,0
2158,63598,0
2130,63570,0
2126,63566,0
2289,63729,0
1921,63361,0
2021,63461,0
2131,63571,0
2242,63682,0
1997,63437,0
1842,63282,0
2193,63633,0
2022,63462,0
1860,63300,0
2208,63648,0
1866,63306,0
1994,63434,0
2004,63444,0
1994,63434,0
1986,63426,0
2060,63500,0
2151,63591,0
2091,63531,0
1915,63355,0
1874,63314,0
2060,63500,0
1954,63394,0
2200,63640,0
1991,63431,0
2060,63500,0
1968,63408,0
2004,63444,0
2031,63471,0
2075,63515,0
2181,63621,0
2062,63502,0
2031,63471,0
2024,63464,0
2104,63544,0
2063,63503,0
2041,63481,0
2162,63602,0
2115,63555,0
2139,63579,0
1922,63362,0
2102,63542,0
2051,63491,0
1913,63353,0
2153,63593,0
2111,63551,0
1958,63398,0
2095,63535,0
2262,63702,0
2051,63491,0
2178,63618,0
2069,63509,0
2028,63468,0
2034,63474,0
1800,63240,0
2083,63523,0
2131,63571,0
1943,63383,0
2153,63593,0
2115,63555,0
1928,63368,0
2134,63574,0
2181,63621,0
1925,63365,0
2038,63478,0
2118,63558,0
2182,63622,0
2185,63625,0
1861,63301,0
2124,63564,0
2084,63524,0
1895,63335,0
1969,63409,0
1962,63402,0
2101,63541,0
2027,63467,0
2049,63489,0
2176,63616,0
2109,63549,0
2026,63466,0
2017,63457,0
2160,63600,0
2199,63639,0
2154,63594,0
1931,63371,0
2046,63486,0
2014,63454,0
1888,63328,0
2043,63483,0
2049,63489,0
1897,63337,0
1941,63381,0
2113,63553,0
2044,63484,0
1954,63394,0
2055,63495,0
2134,63574,0
1984,63424,0
1964,63404,0
2112,63552,0
1931,63371,0
2225,63665,0
2021,63461,0
2122,63562,0
1972,63412,0
1832,63272,0
2052,63492,0
1900,63340,0
2094,63534,0
2026,63466,0
2042,63482,0
2131,63571,0
2027,63467,0
2001,63441,0
2045,63485,0
2006,63446,0
1957,63397,0
1926,63366,0
2220,63660,0
2026,63466,0
2009,63449,0
2009,63449,0
2036,63476,0
1998,63438,0
2186,63626,0
2028,63468,0
1940,63380,0
1952,63392,0
2030,63470,0
2092,63532,0
2007,63447,0
2116,63556,0
2019,63459,0
2129,63569,0
2057,63497,0
1895,63335,0
2097,63537,0
1930,63370,0
2048,63488,0
1823,63263,0
2084,63524,0
1824,63264,0
1976,63416,0
2249,63689,0
2304,63744,0
1946,63386,0
2325,63765,0
2022,63462,0
1916,63356,0
2025,63465,0
2091,63531,0
2126,63566,0
2066,63506,0
2197,63637,0
1904,63344,0
2065,63505,0
1950,63390,0
2046,63486,0
2089,63529,0
2116,63556,0
2017,63457,0
2022,63462,0
2101,63541,0
2012,63452,0
2010,63450,0
2036,63476,0
1806,63246,0
1967,63407,0
2067,63507,0
2160,63600,0
1966,63406,0
1925,63365,0
2109,63549,0
2155,63595,0
2045,63485,0
2095,63535,0
2178,63618,0
1857,63297,0
2186,63626,0
2070,63510,0
1929,63369,0
2032,63472,0
2010,63450,0
2102,63542,0
2098,63538,0
2150,63590,0
2001,63441,0
2117,63557,0
2025,63465,0
2067,63507,0
2221,63661,0
2022,63462,0
2064,63504,0
2124,63564,0
2096,63536,0
1908,63348,0
2183,63623,0
1887,63327,0
2254,63694,0
2068,63508,0
1962,63402,0
2109,63549,0
2061,63501,0
2032,63472,0
2040,63480,0
1996,63436,0
2210,63650,0
2027,63467,0
1772,63212,0
2057,63497,0
2092,63532,0
2046,63486,0
2370,63810,0
1909,63349,0
1900,63340,0
2015,63455,0
1981,63421,0
1968,63408,0
2065,63505,0
2029,63469,0
1955,63395,0
2073,63513,0
1996,63436,0
2106,63546,0
2126,63566,0
2027,63467,0
2172,63612,0
2115,63555,0
2006,63446,0
1916,63356,0
2090,63530,0
2178,63618,0
1965,63405,0
1770,63210,0
1949,63389,0
2164,63604,0
2153,63593,0
2054,63494,0
2125,63565,0
2031,63471,0
2065,63505,0
1895,63335,0
1960,63400,0
2227,63667,0
2023,63463,0
2344,63784,0
2037,63477,0
2007,63447,0
1922,63362,0
2119,63559,0
1834,63274,0
2238,63678,0
2072,63512,0
2080,63520,0
2029,63469,0
2045,63485,0
2088,63528,0
2071,63511,0
2078,63518,0
1993,63433,0
1928,63368,0
1957,63397,0
1999,63439,0
2080,63520,0
1883,63323,0
1951,63391,0
2058,63498,0
2007,63447,0
2042,63482,0
2158,63598,0
2086,63526,0
2019,63459,0
1974,63414,0
1959,63399,0
2024,63464,0
1861,63301,0
2064,63504,0
2068,63508,0
2151,63591,0
2071,63511,0
2246,63686,0
2111,63551,0
2040,63480,0
1988,63428,0
2028,63468,0
2095,63535,0
2119,63559,0
2060,63500,0
2064,63504,0
2132,63572,0
2052,63492,0
1899,63339,0
1913,63353,0
2060,63500,0
2071,63511,0
2102,63542,0
1979,63419,0
1957,63397,0
1977,63417,0
1906,63346,0
2034,63474,0
2049,63489,0
2113,63553,0
2043,63483,0
2124,63564,0
2249,63689,0
1933,63373,0
1869,63309,0
2122,63562,0
2256,63696,0
1985,63425,0
2080,63520,0
2116,63556,0
1976,63416,0
2155,63595,0
1916,63356,0
2059,63499,0
2136,63576,0
1931,63371,0
2048,63488,0
2148,63588,0
1786,63226,0
1989,63429,0
2052,63492,0
2061,63501,0
2076,63516,0
2120,63560,0
1956,63396,0
1886,63326,0
1997,63437,0
1949,63389,0
2063,63503,0
1937,63377,0
2087,63527,0
1942,63382,0
2060,63500,0
1981,63421,0
2023,63463,0
2216,63656,0
2091,63531,0
2084,63524,0
2032,63472,0
2019,63459,0
2151,63591,0
2087,63527,0
2061,63501,0
2034,63474,0
2104,63544,0
1910,63350,0
2133,63573,0
2048,63488,0
2038,63478,0
1949,63389,0
2137,63577,0
2187,63627,0
2126,63566,0
1959,63399,0
2000,63440,0
2108,63548,0
1892,63332,0
2122,63562,0
2018,63458,0
1945,63385,0
1864,63304,0
2076,63516,0
1951,63391,0
2005,63445,0
1905,63345,0
2027,63467,0
2071,63511,0
2166,63606,0
2135,63575,0
2187,63627,0
2221,63661,0
1978,63418,0
2251,63691,0
2241,63681,0
2008,63448,0
2019,63459,0
2021,63461,0
2025,63465,0
2170,63610,0
2178,63618,0
2092,63532,0
1933,63373,0
9152,960,1
721,62161,0
8207,15,0
8946,62194,0
8567,61815,0
537,57881,0
691,62131,0
2752,64192,0
6347,2251,1
3630,65070,0
8721,57873,0
4244,148,0
3422,56670,0
361,61801,0
459,61899,0
7486,60734,0
4439,61783,0
42,57386,0
6557,59805,0
265,57609,0
8591,53647,0
694,58038,0
399,61839,0
2450,63890,0
1570,63010,0
6912,56064,0
8470,53526,0
9462,62710,0
7418,60666,0
6566,63910,0
9604,58756,0
1857,55105,0
3068,64508,0
2807,64247,0
5052,54204,0
6871,64215,0
8964,54020,0
5676,58924,0
5608,62952,0
6358,63702,0
7170,64514,0
7687,65031,0
9059,58211,0
8112,61360,0
9759,58911,0
2276,55524,0
304,61744,0
6690,55842,0
7993,65337,0
7896,65240,0
3720,61064,0
3351,64791,0
150,61590,0
10182,55238,0
9966,63214,0
1939,59283,0
4110,53262,0
8086,65430,0
9591,54647,0
2252,55500,0
6533,55685,0
9937,54993,0
6001,59249,0
959,54207,0
7051,60299,0
2725,60069,0
5754,59002,0
8642,53698,0
8434,61682,0
1652,54900,0
4865,54017,0
6081,63425,0
6386,63730,0
5055,62399,0
7444,64788,0
4272,61616,0
7149,64493,0
3934,61278,0
3488,64928,0
4054,65494,0
6869,60117,0
114,57458,0
1326,62766,0
1833,63273,0
10127,55183,0
5948,55100,0
6373,63717,0
1869,55117,0
8317,53373,0
11,57355,0
7216,56368,0
3239,60583,0
6225,59473,0
1026,58370,0
2581,64021,0
3263,64703,0
5734,58982,0
223,57567,0
7591,60839,0
3859,61203,0
5419,58667,0
9828,54884,0
2044,55292,0
5493,54645,0
8160,65504,0
8305,53361,0
2966,56214,0
10070,59222,0
124,57468,0
3480,64920,0
5283,54435,0
1685,59029,0
663,62103,0
6072,59320,0
1775,59119,0
6704,59952,0
1124,58468,0
9414,54470,0
7448,56600,0
5945,63289,0
7131,64475,0
7661,65005,0
9119,58271,0
7764,61012,0
7631,64975,0
9949,59101,0
5493,58741,0
8457,57609,0
4199,57447,0
4348,61692,0
1374,54622,0
557,61997,0
3279,64719,0
3029,64469,0
6719,59967,0
1830,59174,0
1706,63146,0
6778,60026,0
5030,62374,0
1289,58633,0
31,61471,0
2457,63897,0
9542,54598,0
5646,54798,0
9989,59141,0
2443,55691,0
2405,63845,0
5102,54254,0
3402,60746,0
4637,57885,0
4100,61444,0
861,58205,0
9235,54291,0
6946,56098,0
5012,62356,0
4733,62077,0
6646,63990,0
3877,57125,0
6480,59728,0
10066,55122,0
3302,56550,0
7070,56222,0
4290,61634,0
1992,59336,0
8956,54012,0
1575,58919,0
5516,54668,0
732,58076,0
9482,54538,0
8781,62029,0
5522,54674,0
7167,64511,0
2907,56155,0
3817,65257,0
5488,58736,0
10148,55204,0
3129,56377,0
5299,54451,0
10219,55275,0
5577,58825,0
7587,64931,0
10071,59223,0
1018,54266,0
1506,62946,0
9861,59013,0
9118,62366,0
5967,55119,0
496,53744,0
893,62333,0
4091,65531,0
518,61958,0
4564,57812,0
7543,64887,0
4349,61693,0
9791,54847,0
6481,59729,0
7595,64939,0
10103,59255,0
5785,59033,0
10261,59413,0
10314,63562,0
10283,63531,0
10147,63395,0
10230,63478,0
10309,63557,0
10263,63511,0
10246,63494,0
10222,63470,0
10239,63487,0
10121,63369,0
10290,63538,0
10283,63531,0
10033,63281,0
10361,63609,0
10136,63384,0
10173,63421,0
10146,63394,0
10180,63428,0
10183,63431,0
10152,63400,0
10204,63452,0
10188,63436,0
10283,63531,0
10316,63564,0
10307,63555,0
10228,63476,0
10081,63329,0
10404,63652,0
10232,63480,0
10360,63608,0
10321,63569,0
10189,63437,0
10091,63339,0
10131,63379,0
10054,63302,0
10136,63384,0
10119,63367,0
10293,63541,0
10116,63364,0
10222,63470,0
10209,63457,0
10266,63514,0
10161,63409,0
10290,63538,0
10075,63323,0
10184,63432,0
10142,63390,0
10210,63458,0
10206,63454,0
10227,63475,0
10063,63311,0
10281,63529,0
10185,63433,0
10155,63403,0
10153,63401,0
10305,63553,0
10182,63430,0
10210,63458,0
10414,63662,0
10107,63355,0
10242,63490,0
10281,63529,0
10123,63371,0
10257,63505,0
10296,63544,0
10209,63457,0
10151,63399,0
10266,63514,0
10194,63442,0
10320,63568,0
10082,63330,0
10184,63432,0
10153,63401,0
10262,63510,0
10098,63346,0
10048,63296,0
10374,63622,0
10044,63292,0
10131,63379,0
10224,63472,0
10250,63498,0
10274,63522,0
10084,63332,0
10218,63466,0
10314,63562,0
10221,63469,0
10134,63382,0
10292,63540,0
10291,63539,0
10359,63607,0
10197,63445,0
10352,63600,0
10485,63733,0
10211,63459,0
10380,63628,0
10225,63473,0
10304,63552,0
10330,63578,0
10273,63521,0
10267,63515,0
10396,63644,0
10474,63722,0
10186,63434,0
10065,63313,0
10153,63401,0
10331,63579,0
10417,63665,0
10249,63497,0
10247,63495,0
10217,63465,0
10331,63579,0
10390,63638,0
10304,63552,0
10223,63471,0
10235,63483,0
10132,63380,0
10245,63493,0
10259,63507,0
10155,63403,0
10404,63652,0
10211,63459,0
10203,63451,0
10258,63506,0
10254,63502,0
10230,63478,0
10247,63495,0
10315,63563,0
10301,63549,0
10300,63548,0
10146,63394,0
10254,63502,0
10375,63623,0
10285,63533,0
10247,63495,0
10066,63314,0
10169,63417,0
10329,63577,0
10258,63506,0
10264,63512,0
10314,63562,0
10237,63485,0
10272,63520,0
10188,63436,0
10190,63438,0
10193,63441,0
10121,63369,0
10266,63514,0
10194,63442,0
10134,63382,0
10162,63410,0
10107,63355,0
10205,63453,0
10421,63669,0
10301,63549,0
10326,63574,0
10237,63485,0
10233,63481,0
10248,63496,0
10276,63524,0
10408,63656,0
10248,63496,0
10313,63561,0
10271,63519,0
10146,63394,0
10310,63558,0
10322,63570,0
10260,63508,0
10372,63620,0
10344,63592,0
10173,63421,0
10472,63720,0
10326,63574,0
10167,63415,0
10241,63489,0
10154,63402,0
10130,63378,0
10366,63614,0
10215,63463,0
10245,63493,0
10235,63483,0
10346,63594,0
10351,63599,0
10273,63521,0
10320,63568,0
10173,63421,0
10230,63478,0
10266,63514,0
10218,63466,0
10389,63637,0
10182,63430,0
10329,63577,0
10322,63570,0
10148,63396,0
10192,63440,0
10225,63473,0
10239,63487,0
10118,63366,0
10361,63609,0
10072,63320,0
10007,63255,0
10100,63348,0
10122,63370,0
10189,63437,0
10327,63575,0
10264,63512,0
10326,63574,0
10234,63482,0
10071,63319,0
10306,63554,0
10142,63390,0
10272,63520,0
10262,63510,0
10284,63532,0
10251,63499,0
10228,63476,0
10216,63464,0
10343,63591,0
10285,63533,0
10231,63479,0
10312,63560,0
10142,63390,0
10097,63345,0
10266,63514,0
10283,63531,0
10159,63407,0
10331,63579,0
10406,63654,0
10221,63469,0
10191,63439,0
10343,63591,0
10161,63409,0
10264,63512,0
10290,63538,0
10290,63538,0
10313,63561,0
10431,63679,0
9975,63223,0
10447,63695,0
10200,63448,0
10160,63408,0
10190,63438,0
10178,63426,0
10177,63425,0
10330,63578,0
10302,63550,0
10192,63440,0
10164,63412,0
10081,63329,0
10169,63417,0
10095,63343,0
10265,63513,0
10185,63433,0
10139,63387,0
10289,63537,0
10302,63550,0
10144,63392,0
10263,63511,0
10144,63392,0
10101,63349,0
10318,63566,0
10287,63535,0
10100,63348,0
10198,63446,0
10264,63512,0
10218,63466,0
10289,63537,0
10199,63447,0
10227,63475,0
10007,63255,0
10284,63532,0
10419,63667,0
10163,63411,0
10308,63556,0
10122,63370,0
9936,63184,0
10258,63506,0
10254,63502,0
10378,63626,0
10383,63631,0
10148,63396,0
10241,63489,0
10310,63558,0
10255,63503,0
10377,63625,0
10132,63380,0
10279,63527,0
10344,63592,0
10230,63478,0
9972,63220,0
10368,63616,0
10049,63297,0
10334,63582,0
10270,63518,0
10210,63458,0
10233,63481,0
10307,63555,0
10135,63383,0
10372,63620,0
10147,63395,0
10111,63359,0
10073,63321,0
10272,63520,0
10333,63581,0
10078,63326,0
10276,63524,0
10091,63339,0
10203,63451,0
10398,63646,0
10233,63481,0
10185,63433,0
10251,63499,0
10309,63557,0
10274,63522,0
10126,63374,0
10267,63515,0
10114,63362,0
10316,63564,0
10328,63576,0
10237,63485,0
10267,63515,0
10285,63533,0
10291,63539,0
10258,63506,0
10299,63547,0
10011,63259,0
10235,63483,0
10062,63310,0
10075,63323,0
10267,63515,0
10100,63348,0
10216,63464,0
10305,63553,0
10281,63529,0
10427,63675,0
10223,63471,0
10333,63581,0
10141,63389,0
10148,63396,0
10164,63412,0
10109,63357,0
10153,63401,0
10369,63617,0
10069,63317,0
10237,63485,0
10093,63341,0
10084,63332,0
10145,63393,0
10222,63470,0
10307,63555,0
10356,63604,0
10203,63451,0
10378,63626,0
10084,63332,0
10382,63630,0
10166,63414,0
10214,63462,0
10226,63474,0
10228,63476,0
10436,63684,0
10275,63523,0
10227,63475,0
10246,63494,0
10253,63501,0
10441,63689,0
10137,63385,0
10213,63461,0
10196,63444,0
10262,63510,0
10073,63321,0
10234,63482,0
10179,63427,0
10358,63606,0
10282,63530,0
10327,63575,0
10129,63377,0
10099,63347,0
10079,63327,0
10064,63312,0
10130,63378,0
10328,63576,0
10091,63339,0
10287,63535,0
10040,63288,0
10367,63615,0
10205,63453,0
10082,63330,0
10282,63530,0
10262,63510,0
10330,63578,0
10421,63669,0
10131,63379,0
10268,63516,0
10227,63475,0
10170,63418,0
10511,63759,0
10245,63493,0
10140,63388,0
10138,63386,0
10164,63412,0
10388,63636,0
10493,63741,0
10209,63457,0
10064,63312,0
10234,63482,0
10340,63588,0
10102,63350,0
9982,63230,0
10237,63485,0
10333,63581,0
10272,63520,0
10105,63353,0
10326,63574,0
10267,63515,0
10261,63509,0
10273,63521,0
10428,63676,0
10306,63554,0
10150,63398,0
10365,63613,0
10158,63406,0
10261,63509,0
10334,63582,0
10209,63457,0
10349,63597,0
10101,63349,0
10334,63582,0
10088,63336,0
10190,63438,0
10212,63460,0
10226,63474,0
10187,63435,0
10276,63524,0
10286,63534,0
10066,63314,0
10267,63515,0
10331,63579,0
10363,63611,0
10220,63468,0
10305,63553,0
10259,63507,0
10119,63367,0
10305,63553,0
10255,63503,0
10275,63523,0
10306,63554,0
10273,63521,0
10159,63407,0
10246,63494,0
10236,63484,0
10211,63459,0
10251,63499,0
10356,63604,0
10204,63452,0
10220,63468,0
10403,63651,0
10297,63545,0
10165,63413,0
10057,63305,0
10232,63480,0
10208,63456,0
10137,63385,0
10320,63568,0
10255,63503,0
10176,63424,0
10275,63523,0
10328,63576,0
10418,63666,0
10219,63467,0
10409,63657,0
10207,63455,0
10259,63507,0
10209,63457,0
10147,63395,0
10203,63451,0
