20481
24105
24228
21102
23422
24118
23955
22608
20540
23854
24574
23239
20958
22489
22560
22797
22469
20889
21107
23352
24496
23860
23824
23410
22796
24223
20481
24074
24458
24085
21768
23934
23043
22944
24295
21903
23543
21610
22609
20481
22334
20481
24574
23361
22081
21037
23282
21779
23433
23336
24574
23165
23033
24574
23002
21795
20747
22199
20914
23083
23955
22635
22633
21630
21709
24182
22948
21451
23983
24012
22958
22825
22375
21687
22187
21923
24277
23912
21406
22758
21627
23341
22070
24431
24574
23637
24461
23646
21711
23630
23702
21296
21743
23443
21412
23162
24574
21410
21664
21890
22816
22876
22702
22387
21990
23847
24394
20769
20776
24207
23145
21676
23131
22069
20745
21317
24574
23090
21185
23964
24574
24365
22420
22851
20481
22204
23519
23389
22073
24108
22319
23535
22228
22354
22760
22755
22931
23618
22367
24125
21770
23845
20481
24574
21276
23673
22717
22697
23595
24019
22848
21243
23036
23552
21197
21420
24574
22658
22766
24347
22184
24428
23615
24481
22838
23537
24498
21774
21893
20518
23855
21833
22149
22125
22079
20481
22821
20855
23412
22955
22827
22406
23325
24016
23939
22555
24568
21417
21187
21791
22865
23137
23373
21034
24525
23677
21235
24574
24386
23330
21291
23627
21935
23931
22197
23038
20481
20481
22343
24574
20762
23279
21158
21494
22377
22444
20772
20840
21440
22121
23371
23220
24574
23113
22625
21158
23094
23982
24470
22579
22781
22760
22297
23557
20966
21546
21905
23197
23020
20736
21768
22128
24067
22501
24442
23060
22168
20481
21613
24175
20481
23107
23890
23513
20481
21636
24574
24533
23493
24120
22199
23499
22537
23429
23483
22919
24023
22026
22916
20481
22808
21898
20481
23677
20576
23535
22578
23679
23576
22021
23426
20481
23604
21782
23563
20568
22447
22752
21791
22164
22658
22007
23857
24574
23650
21084
20862
23373
20572
20481
23795
22328
23771
21337
20481
21886
22517
22900
21034
21954
22719
23397
22160
20660
22114
23495
22978
24153
22777
22335
22265
23085
22282
22139
21391
22273
22707
21100
23299
23022
22441
23185
23222
24085
23208
23584
20768
21941
20481
24574
22568
23762
24574
22742
22965
21261
20481
22287
22995
21961
21087
23081
23731
23073
23994
22709
22648
20481
21661
23470
23346
21506
24051
24574
22056
24067
22226
24161
22237
23219
21738
23145
24574
22362
22149
22346
22769
21585
20917
21387
21482
20726
24574
22143
20481
22506
24388
22909
22378
22050
22013
21264
22902
20481
21916
22721
21632
22810
22908
23295
22731
23042
23335
24574
22537
22494
23936
23804
21815
23175
22290
21628
23467
22735
20743
24574
22636
23817
22228
23601
21109
24547
22864
21241
22408
20850
23453
22367
20481
20481
23691
22331
20571
23823
22134
23049
22948
21981
21221
22066
22492
22207
23699
24256
23539
24574
22775
20481
21048
20962
22937
22080
22273
22703
22582
23139
20974
20714
24574
23552
22112
22012
23513
23886
22950
22704
20481
21853
23758
23692
24216
21454
22960
22361
23511
21586
23403
22094
20853
22659
22693
22072
22730
23117
24032
24251
22102
21571
21820
20481
22596
21637
21468
24184
20634
23119
22694
23552
21205
22136
23900
22221
24574
20685
22771
23490
22496
21433
22790
24113
22399
21489
20481
20531
22583
20673
22971
22043
23930
22491
20481
23240
21180
20481
23779
22779
22536
23083
23307
22488
21398
24540
23379
22069
22578
21448
21687
22489
23177
23020
22585
23099
21267
21853
22177
21489
23888
20529
23097
24574
21991
23026
23060
22691
21237
23020
20481
22809
22549
22559
21274
24388
20481
24574
21973
23581
23670
22354
23743
21783
22980
22373
24574
22490
24486
22524
20481
23082
22342
24316
23463
21342
22688
20778
23808
22080
24574
20864
22542
22778
22497
21238
23118
21548
21006
21600
23323
24574
21959
23198
20481
23218
21505
21716
23077
23618
22873
23254
22847
20854
24574
23719
22569
22754
22209
22298
22040
22886
23745
20481
21981
23933
24245
22340
21804
21687
20871
23695
20589
23247
23585
23735
23156
22229
22355
20708
22133
21782
21706
23546
23902
20641
24139
20481
24574
21277
23862
22184
22384
22981
21749
20481
22320
21294
23067
21024
22585
21918
21583
24098
22258
21538
20756
23577
22807
23133
24069
23087
20989
22773
21966
24030
22041
22112
22762
22578
22832
23053
22758
24346
23034
23015
24574
21068
23589
23799
23987
22494
21484
21086
20481
22761
23560
21470
22253
20481
22552
23380
24574
23759
20941
22125
22864
21485
24574
22901
22751
20935
24574
22801
20990
22554
20481
23368
21602
23770
22526
23884
21616
23666
22950
22035
23337
21309
21557
23431
23780
20481
23322
21765
23790
20620
23627
24574
23218
22729
22944
22837
23930
24574
23707
24109
22626
23159
22104
20481
23087
21652
22353
21888
21487
22793
21537
23332
23723
22090
23585
24116
21901
22855
22362
21635
23937
22529
22518
24508
22835
20481
20554
20481
21722
21300
21741
22805
23768
22887
21188
22741
21423
21882
21335
21428
24078
24574
24285
22391
22322
24521
23298
20481
22785
20481
23780
21884
22463
22016
20481
22339
20481
20925
22649
21664
20481
23802
23331
20892
20481
24562
23456
22118
22736
20678
22905
22711
21903
23313
21866
21889
23769
23946
24574
20732
22713
21740
23125
22651
20776
22314
21928
22366
23276
21444
22136
23874
24574
22607
22168
22447
22346
23253
23713
21105
22112
23162
22495
24574
21099
23581
21493
24574
21796
20798
23122
24291
23183
24510
24574
24075
23992
23014
21002
24574
24501
23200
21202
21569
22214
20589
22279
22724
20771
23050
21914
22616
21513
22030
21972
24574
24104
22806
23234
23484
22166
21789
23879
22653
22478
21289
23777
20481
20534
24574
20481
21159
21775
23642
20807
22693
22728
21956
20481
21088
21822
23341
22299
24574
24070
21772
20481
23841
21428
22355
23305
22910
21907
24527
21586
20481
20690
21698
23159
22163
22757
22169
20958
20928
22761
23977
21565
22879
23412
20878
21740
23200
24529
20840
23456
21712
22098
23029
23469
22266
20481
24018
21556
20498
23592
21118
23519
20481
20817
22019
23366
22577
23486
24574
22221
21797
21969
23678
23807
20828
22333
20481
22092
22585
22887
24503
22993
20919
24004
22226
21545
23994
24026
21563
20600
22926
22991
20481
23095
21662
22549
21888
22738
22352
22728
22229
24574
23074
21530
22303
20899
23448
22657
20481
23263
22002
23005
23021
21655
22058
24574
23158
22943
23391
22151
22399
22970
23593
23152
23288
21594
24574
22803
21913
22193
21721
23995
22130
20558
22863
22448
21409
22362
23353
23513
20481
21891
21324
23363
23461
23781
21461
22113
20481
22746
23365
21569
23001
20555
23908
20593
22323
20481
21802
23625
22076
20739
21281
20575
22011
23695
21450
22576
22310
20481
22883
22198
22286
22456
21975
24019
24149
22137
21736
23703
23079
22446
24574
22433
23655
21867
22533
22134
24028
22187
24210
23006
20481
23886
23867
22546
24370
23240
22096
20818
22456
24082
24365
23553
22236
24086
20503
23860
23145
22754
23472
23683
23602
21750
21332
21446
22626
24380
23096
24574
24463
23746
21803
22281
22696
24485
21199
23324
23487
24574
21046
23190
22944
20481
22114
22457
22807
20481
23460
23428
23574
23121
21889
21245
20481
22656
22810
23811
23531
24574
23642
23361
23196
21251
23210
21905
24574
21574
24120
24499
24574
24574
22223
22679
21009
21601
21543
21554
24574
20627
22230
22521
24574
20518
21550
21744
22647
20481
22418
20481
20809
24168
23940
22553
23945
22569
23479
22108
23716
24574
22167
21745
23381
22616
21778
21325
23889
21510
22094
23405
20481
21934
22306
20607
22417
23063
23634
22455
24574
21878
21722
21109
24485
21882
21159
22876
21604
24030
23324
22174
24157
21961
20753
24037
24574
21322
21035
21061
24574
23110
24109
20481
21173
22330
21797
20819
22471
20481
21052
22227
23954
24574
22214
24191
22294
22950
22511
20481
7867
1975
1837
8398
13916
6884
5608
14327
7930
6187
5147
6239
3297
2804
1645
6581
5907
3165
10105
7558
5026
12434
14335
10676
6963
13538
11014
8607
8546
4110
4509
3539
10952
1577
4778
3320
7413
14302
6858
6842
2024
8332
10035
5984
3055
7448
3191
10826
6728
14011
6446
4566
1224
6700
2800
4841
3093
12967
7487
7238
12071
12883
2705
6888
6735
1796
10917
9632
13764
11967
8600
4944
1646
10703
6371
11649
8460
5876
9084
6469
10686
2003
11919
3371
10074
7170
3321
11651
3538
7693
1032
9604
13564
8282
7722
1909
10754
9421
335
11808
9572
3849
10497
3569
5824
13986
9318
11827
3752
5145
7699
7401
1745
11595
12219
4787
8740
13018
14251
953
11567
5676
6856
4254
4306
10019
8608
4428
11943
3458
6989
3762
1526
2788
2886
12997
13583
14208
12735
14771
14939
13299
14189
12356
15298
14486
14465
14585
15319
13078
16382
16008
15511
14372
13587
15286
14081
15049
14306
15708
15959
12289
13623
15024
14619
12289
15884
14247
14059
13685
14142
13714
15951
13263
13620
15064
15084
15323
12995
12913
15829
13885
14543
14273
14489
14517
12423
16382
16382
14854
14357
13613
12289
12908
16382
15480
13299
14846
15446
14188
16382
15052
15980
14601
14105
13715
14653
14305
16382
13533
13415
14796
15383
14425
14616
13564
13535
13798
14668
14132
13661
13609
12289
13083
16276
15307
14420
14516
15236
12289
12970
15157
14383
15028
15703
16005
13999
16382
13798
14872
14684
14620
12889
12289
13733
13068
14176
15447
14772
12341
15931
14910
13563
13296
16316
13753
15539
16382
13778
14141
12289
14896
13064
14192
14989
15471
13739
13606
13758
14889
14281
13212
16382
14296
14557
13430
15665
14079
12289
13963
14294
16382
13725
12289
15754
13841
14505
15621
15283
15792
13485
13662
13875
14494
15715
15995
13895
15112
16382
14828
16182
16134
14139
16382
13378
16382
14222
12289
14251
14258
14474
15580
12289
14659
16382
15911
14788
12955
13257
12884
14945
15881
14786
14783
16382
16382
13868
13313
12639
12570
15587
14143
12968
13755
15317
15259
13258
14033
12579
15089
16382
14193
13745
15834
14983
12291
15523
14042
15896
12289
12823
13381
14822
14183
12446
13519
15414
14502
15905
14362
15960
13556
16158
14183
12735
12289
14393
12289
13274
16382
14776
15448
13064
14783
13291
15237
14565
14454
14179
16160
13924
13189
16382
14127
13784
16382
16105
14964
14309
15729
13792
13020
16382
16382
12319
15641
15605
14713
14562
14862
12289
13084
15201
14186
13672
12289
14063
14894
16132
14593
13953
14955
14604
12370
15186
12631
15171
16039
13665
15605
13690
15064
15222
12289
14911
14599
12843
14926
16382
13322
16382
14970
15240
13483
15796
15212
15728
14523
14549
15459
12999
13364
12662
14037
13554
15342
16242
15068
14708
12289
15047
13464
16306
14678
16126
14272
13865
12289
13162
12289
14315
15534
15310
16188
14319
12289
15380
12804
13467
14831
13877
14397
12812
15698
12671
14171
14137
16382
13246
15577
15077
12289
15767
16343
14337
16233
14756
14363
12640
13055
13642
14560
12936
13612
14856
15418
15737
14670
14358
15078
14230
14348
13090
14245
15395
14741
14784
14373
14506
15189
13114
14306
12926
14334
13717
12289
12875
13640
14224
14667
13484
15239
14376
12289
14203
14573
14566
14623
12289
15746
14228
13647
14134
14155
15563
13243
15046
14525
13995
13751
14896
16382
16382
12418
15558
12396
15070
14328
13638
13971
13888
14885
14634
15096
13211
14103
14595
14041
15983
14525
15080
12986
15130
13928
15570
12289
16382
14521
13552
13695
12603
15576
14122
12483
15375
13368
14554
14441
13929
14400
13640
13239
13154
13965
15194
12875
16071
14374
15657
14326
13385
15272
15729
13708
13305
12797
15325
16073
15348
15109
13590
13674
14717
16078
14427
16214
15502
12289
13973
15721
13050
14285
12382
14090
14880
14230
14189
14308
15575
13870
15159
15451
15766
15784
13793
13879
14626
15680
16382
16101
12956
12814
13531
15847
16222
14194
15272
14602
15545
14290
13883
15314
12909
14979
14669
14057
12289
15383
13559
14269
13976
14563
13769
13869
15025
15555
14529
13689
14524
14514
14188
15321
12927
15429
13760
15625
14898
13711
14902
14350
14793
13329
12557
13233
13149
16157
13100
13588
14457
13202
14280
13609
15010
14159
14655
15200
13628
14315
15899
13703
16382
15596
13250
15772
12750
12433
14559
16149
15689
14759
15205
15337
14383
12456
16382
14913
13229
12971
14857
14862
16033
15595
13300
13754
14964
13367
15374
13771
15493
13657
14894
13999
15223
15663
15709
16141
12289
14302
13130
16192
16382
15360
14578
15522
13679
14221
14541
16382
16019
13898
13136
15277
14568
15477
14597
13829
14404
14776
16382
16382
14359
13782
12755
16382
15715
14429
15316
12511
12934
14656
14588
13289
14961
13408
14164
15829
16187
12929
15279
15813
14976
12768
13279
15430
13433
15278
13473
13296
13601
15464
13573
14523
13960
15485
14019
14713
14597
14735
14011
14605
15654
14045
12476
12795
13434
14063
14973
12324
13362
13402
14669
14072
12741
15232
14771
13808
14277
14197
12722
12764
15281
14975
14203
15354
16003
13387
14475
12490
14316
14457
16382
13924
14547
14737
13724
15176
15062
15185
12289
15582
14664
14684
12956
16382
12653
13632
14072
12685
13710
14083
16382
12628
13647
14357
13297
14790
14590
13332
16330
12889
13052
14821
13925
14423
15438
12289
14302
14643
14611
13911
13978
13613
16382
14383
13634
15027
14515
14774
15373
14102
14989
13747
15282
14799
13777
13920
15666
14651
14602
15831
14186
16382
14594
12929
14395
14354
13278
15910
15911
16092
13384
14913
14163
14265
14642
14639
12932
15082
14162
13581
12289
14418
14782
13564
14487
12588
14257
13637
13573
13827
15945
14749
14706
14171
16382
14534
14248
13478
15599
14979
15295
13929
12605
14716
13461
13733
15656
12526
13665
14379
14788
15226
16205
12447
16382
16382
15479
12289
13108
13364
14796
12850
13912
12289
15391
12490
15259
13508
15889
14131
14613
14554
15555
12614
15448
12289
12452
13992
15084
12834
15124
15413
15284
15102
15045
14935
14330
13637
14429
15771
14168
14935
15446
14375
14046
12776
14617
14532
13100
16382
14596
12709
13118
13496
14365
12289
15390
14547
13278
15718
14616
15434
13896
16382
12289
14409
15285
15001
13337
14715
14200
15410
12289
13338
13866
15022
12957
13493
14588
14828
15331
16001
15533
14861
12416
15720
12289
14291
13029
14326
14328
15250
16227
14523
16382
16109
15747
13250
12296
14102
14217
16382
15476
13177
14472
14287
15377
14756
14993
14417
12725
16349
16382
14688
14182
14773
15847
13681
15096
15212
13774
15017
14968
16122
14665
16076
14378
12289
12749
14135
14793
14183
15539
14047
14319
14490
12672
14229
15835
15781
14011
13674
15065
13034
13512
14384
13250
16382
16029
14446
15605
13419
14401
12289
13480
12289
14415
14772
13093
12831
14337
13988
12973
13671
13225
14100
13642
15141
14599
15601
13084
13549
12362
16102
13422
13746
14458
13228
14607
15163
15533
14857
14487
14665
14935
13663
12289
13440
15406
16382
13056
15183
12552
15845
13160
15187
12587
14464
14581
13824
15622
13628
15141
14313
15973
15849
12934
14384
12289
13579
15967
12289
12289
13239
14415
12711
14124
13363
14466
13978
15060
12289
14491
13767
15302
13358
13922
12698
15192
14288
14506
16382
13241
12354
14821
14887
12289
14034
15366
13971
16382
16382
16382
12289
15776
13684
12684
13461
15220
16382
15687
12289
13760
15049
12758
14075
12289
14782
15893
13140
12289
16382
16382
15048
12775
13946
16261
15483
12289
14050
12289
13941
14565
15156
15201
13206
14449
16382
16382
13326
15040
16382
12919
14871
15056
13219
14618
12644
13629
16382
14478
12289
13109
13298
14646
13659
14030
14306
12747
12722
14575
14268
14560
13874
15966
13485
13146
13115
12996
15291
13103
15637
14536
15705
12289
14897
15014
14478
14184
14904
12747
14523
14841
12396
12289
13124
14980
14098
13581
14589
15784
14420
14488
16281
12977
15397
12289
14328
14548
15998
12289
15091
15200
13149
14329
15937
16382
14230
15019
12289
15180
14303
13255
14091
14660
14335
15375
16382
14244
15402
13116
14505
13364
12289
12356
12464
13841
12289
15062
13858
15318
15270
12838
15298
14611
13656
15083
13669
13796
16382
13226
15653
13621
12520
13563
16382
13185
12692
16249
12702
14431
15764
15282
15725
15044
13312
12289
13747
13436
13610
14904
13272
15274
14911
14672
14149
12937
12289
14835
15951
14619
14133
15894
15283
14636
16121
16060
13127
13979
12289
16093
12289
15577
14024
14118
14248
14361
14691
14599
16382
14056
15722
15206
14976
15163
14951
13993
13609
12550
13638
16017
14542
13849
16382
13277
13590
15685
12505
14484
13071
15490
13329
15643
16042
13170
13193
15055
14339
15933
16382
14506
13354
13225
13689
13746
14997
14158
12731
14553
16382
15434
12883
15755
14203
15189
13877
13331
13179
14492
13697
13220
13226
13180
14498
15011
15514
14770
14048
15629
12289
14680
12289
14806
14517
15925
12413
16382
15558
14789
16382
12289
14300
13709
13015
15258
12289
13431
14217
15229
12791
14010
13843
13686
14184
13868
12289
13521
14985
16382
14224
14830
13613
14806
16382
12809
14903
14371
15562
13039
14261
13888
13230
14143
13525
14179
13364
12594
13880
15882
14905
13828
12869
12289
13598
12289
16382
13394
14825
13693
15275
16371
12289
15146
14739
15627
13634
14516
15297
14514
14296
12983
15055
14123
13154
14156
15364
15752
16152
14987
14058
13742
15912
14702
14899
14565
15682
15858
15786
15356
14253
12289
13592
14133
16382
15373
12830
13175
14294
13150
15506
15556
14821
14927
14822
16382
13745
12397
12518
14589
15730
13289
14204
12289
15165
15058
13599
14178
13464
15467
15385
14143
14516
12949
14822
14407
13715
16221
14461
14640
16382
14414
14673
15508
14064
16010
14780
13362
13018
15590
12289
14178
15721
14816
15195
13806
14917
13815
16382
14453
15250
13400
15991
14879
15874
15052
14526
13866
13932
13159
14327
13013
14017
14091
13131
13339
13363
15903
13824
13433
12299
14928
16382
15989
15432
14294
14741
12289
13411
12289
13169
16382
13126
15003
15279
12583
15330
14041
16235
15924
15114
13810
13590
12659
13290
16382
16382
15577
13973
12763
12541
13600
13330
14333
16382
15204
16382
15977
14028
13167
13931
14601
12995
12974
13386
14267
13083
15171
15371
14608
15238
16161
16382
12933
12289
15601
15117
16382
12518
16103
13906
13861
14884
16135
14779
14222
16064
16112
15298
16382
15112
13535
16382
13101
14669
14197
13859
12611
15332
15573
13866
16382
14637
12289
13460
12762
12773
13920
14960
14377
15938
14074
14362
14184
12487
15223
12901
14422
15033
13332
14058
16382
15669
16382
16382
16285
12289
12442
14500
12996
13173
13397
13732
12625
15596
14216
12732
14696
15956
13268
15171
12289
14457
13985
13038
13024
12289
14361
16382
15682
14407
14742
15087
16382
13208
13782
12346
15215
12289
14066
13448
14588
12956
14847
15861
14622
16382
14426
15934
16382
13943
15070
12289
15520
13500
14233
14172
15510
14833
14646
15260
13133
12662
15115
14431
15611
15336
14549
14473
12869
12289
15064
14955
14368
13510
12763
15871
15347
14365
12289
15188
14654
12289
15307
15406
12289
12289
15286
13652
14018
14559
14401
13496
12441
15400
15280
14029
14649
14923
15198
16257
16146
15690
16382
16323
14260
12289
16382
13388
14871
16188
14743
15152
16122
15608
14122
12289
16303
12952
13712
15459
14865
14702
14045
16382
14893
12289
14039
14983
15873
16065
16243
14084
14364
15366
14485
15297
14408
14289
15012
14628
16073
15991
15502
15553
12289
15309
14483
12306
12587
12694
15166
13760
15474
13805
16018
14196
14025
15875
14385
13473
15508
12671
15141
15513
12468
14666
12809
12522
14203
15196
13839
14605
15502
14494
15890
12289
15683
16259
14748
15746
14507
14445
13255
15006
13665
12331
12609
14282
15459
13771
14504
14659
13038
13760
12759
13137
14347
14727
15227
16382
16213
13818
14862
13558
14425
14791
13524
16164
15192
13708
12908
15389
14794
15142
15064
15354
14833
15886
16382
16154
14278
13465
13118
13905
15311
15164
15559
13303
13317
16382
16382
15616
15285
13845
13407
16382
14941
14909
13435
14578
15827
13459
14628
14111
14809
12289
15100
14331
13765
15049
15883
13020
14720
15020
15410
15826
14403
13847
14341
16240
16382
13484
13554
13409
13300
13764
13853
13219
12289
14323
12358
12936
15834
14358
14141
12597
13929
13792
12891
13447
12289
12665
14614
13005
14795
15185
12694
15137
15306
14581
15888
13845
15021
13535
14513
16220
13044
13799
15418
14758
14803
13373
15474
13167
14884
12913
12289
14586
15869
14271
13220
16311
12665
13275
14398
14250
15078
12563
15467
12675
16382
14558
15331
14937
13917
12289
14077
16382
12289
14426
14585
14795
16382
14210
15455
13835
15226
14251
13619
14633
16382
13012
12580
13462
14912
16382
16055
12472
15411
13310
14816
16373
14953
13321
12289
14496
12289
14816
15112
15530
14560
15305
13940
12289
16382
13324
13800
12785
15558
13325
16382
14347
14077
12888
13717
16294
13599
15181
14905
16382
15810
14798
12289
12731
13112
13429
14736
14596
16092
16335
16382
12289
14324
12351
20053
15498
17154
10160
12106
22193
17058
14715
1961
5531
13070
12598
11865
16461
13116
7290
9963
3731
8634
587
22466
19062
1757
20018
469
1648
11144
1043
15001
19499
21769
12025
21476
15707
21998
8162
11317
16910
18559
207
17360
15977
11565
15090
6539
16691
3578
7214
426
6196
10293
21194
754
7959
13994
15906
20438
10239
14426
2257
8237
15018
7665
4840
238
5210
1268
21187
2196
20407
3138
17057
21917
9028
10480
13804
9678
9449
15664
12158
11864
19949
8703
7153
4170
3574
11504
12691
3946
9906
1007
18521
9017
6618
14309
7339
22153
18239
9848
10191
6418
11489
9596
12516
11371
8912
22271
2115
21630
19425
11172
19933
19366
4528
2861
21747
16587
836
2511
15198
7429
7745
12723
2521
3551
12806
20016
5209
20760
13183
20481
8940
18575
1128
13780
11247
12216
9237
7069
18635
15857
15308
20413
14645
8123
11244
2102
4687
15403
22256
8858
15172
309
21991
16125
13536
21177
20817
19372
19263
20172
1399
10659
7986
4647
8710
5970
7516
19672
3111
9573
21970
6145
3899
19736
21771
14396
8841
18092
8180
1606
4196
3611
15838
21249
4554
20660
1343
21201
14750
8068
16026
3838
17446
20653
4805
11614
316
19111
10364
11247
22147
14658
9998
379
1421
17467
11639
3315
2067
18466
11042
2986
12157
10573
7130
24574
21130
22941
24574
22813
23224
21953
22435
21372
24447
23977
23246
20481
23435
22392
23233
23453
21717
22312
23863
22371
23056
22784
24221
22310
21434
22024
24574
23359
21516
24130
22250
24093
20846
24409
20481
22055
22407
23549
22574
22487
20481
23010
23699
21452
20829
22579
22233
22740
22787
23949
22029
22184
21942
21460
21288
22156
21963
22035
23305
22472
22198
23027
23114
23449
23232
20481
24574
21620
24042
20481
20481
23403
21660
21887
23067
22605
22483
22216
23089
22956
22354
23542
20608
21882
24012
21369
22457
22445
24574
21956
23149
22343
22587
23729
23258
22680
22107
23050
23307
24513
22886
24292
22176
23363
20481
20746
21344
22893
21477
22119
20975
23722
21617
22847
20485
21515
24242
21908
23862
21937
23409
21744
23886
22206
22517
22575
22626
24534
20481
23526
24049
24574
21451
20481
21733
24472
20481
22952
24384
23301
20958
20694
24466
23696
23368
22854
22358
22262
22650
21818
21239
22729
22862
22075
21355
22593
21353
22048
22728
23954
20498
20481
20481
23056
22325
23401
23650
22888
22143
21556
22514
20481
23761
22446
21509
21072
21401
24574
23240
23076
23186
21476
20676
22795
21736
21893
23047
21193
23571
21638
24574
22416
22063
20687
23220
23969
24226
21671
21524
22476
21774
20481
21929
23279
22613
24574
21939
22757
21420
22585
22244
22100
23115
22307
22388
21896
22573
21779
20603
23748
23046
22410
22142
21472
21090
20712
23974
20644
22606
23527
22517
22034
22903
22008
21525
24437
24460
22075
23161
21550
21352
23473
20545
22330
21373
21076
20481
21260
20481
22361
22291
21691
23101
22539
21622
21678
22339
20481
24574
21935
22070
20744
24557
22852
20481
20481
20748
23654
22958
22166
22872
24574
22466
22554
20840
20599
23351
21291
23745
22507
20481
22024
24028
22667
23901
22506
24040
24381
22550
21431
21282
22204
21273
21450
22132
21569
23878
20826
24574
20481
20481
20985
21639
23897
22522
20636
23966
21424
24574
20481
23619
23079
21254
22651
21626
20910
21553
24574
21182
21654
23739
23700
21812
21607
23899
21860
21727
21626
21904
23322
22993
23898
21648
23239
24574
24574
22903
21472
23880
21421
21987
23474
24574
21895
20481
21028
23085
22873
21799
21971
22514
20779
21077
24574
20481
20575
22894
22545
23306
20481
23334
22961
21318
22338
23026
23844
22175
21345
22179
22737
24574
22615
22151
24318
22069
22011
22133
22116
22797
22330
22884
20916
21945
24574
23927
21759
22400
23803
22609
22268
22018
23389
20934
22222
20768
21769
21987
22546
21557
22643
21045
22694
21741
22197
21222
21185
21187
20779
22601
23998
22550
24379
24429
24086
22111
22951
23686
24283
24401
22521
23885
22441
24574
20703
23801
22995
21069
24187
22661
23506
24260
23189
20840
24574
23526
24284
21987
21033
24574
21617
20993
24375
21109
21303
23072
24221
23402
22766
21551
20481
22206
23688
21342
22500
24574
23224
21014
21198
24574
21964
23918
21203
21597
22457
22464
22506
21883
22281
24043
22305
20481
23054
23012
22190
22631
22380
21299
22748
23105
22679
21713
22743
22155
20572
23605
20481
20549
23079
21436
20636
24574
20776
20481
23289
22321
21498
24574
23674
23219
24057
23255
22021
22509
24295
21442
24574
23636
20481
21227
24574
22175
23162
21771
22872
23709
22311
20995
22826
21448
21148
21527
23102
20481
23950
22930
21128
24574
23651
22554
24574
21942
22599
21825
22526
20481
23977
22871
21815
20940
22415
21579
21571
23881
23066
23925
22355
22241
21948
21919
21545
22812
22415
23672
23492
20481
23695
20481
22850
22649
21049
22709
21418
22912
23182
23236
23043
23943
22496
21349
24508
22077
22817
22911
22319
24345
21491
24235
24203
20481
22711
20847
23734
21604
22528
22972
24574
22407
21611
21155
22607
22514
21866
20481
23037
23943
22937
20481
24155
23047
20615
24350
21227
23946
23795
22562
23769
21645
22561
23061
23722
23040
21515
23020
21617
21209
22002
20481
24574
22225
23759
21502
22835
21758
22952
24183
21511
22157
21528
21201
20543
24574
21694
24574
24109
24272
23162
23911
21999
23252
23358
23014
22518
20604
20846
22641
20481
20481
21513
20481
21452
24574
22260
24574
20481
22275
23346
24377
23169
23720
21484
23042
23876
22349
22297
21118
24574
23732
22375
23237
23043
23193
23599
24574
21084
21865
21077
22559
21989
20649
21712
23580
21978
21068
22417
23631
24228
24456
22464
23479
21764
24574
24574
23821
21986
24574
24457
22366
23299
21035
24212
20953
24574
22653
23361
22878
20831
23689
24574
21524
23319
22936
24574
23264
23937
20512
21332
22566
20857
22720
20481
21842
22583
22118
20982
23279
21033
22863
21241
23305
22620
23349
24396
23762
20564
22312
23169
23436
21420
22283
22486
22692
22867
22806
22216
21829
22664
20481
23841
22758
22071
22952
22027
20673
22348
23873
21703
23670
21814
22675
21869
21407
21674
22125
24574
23187
23623
22398
24574
22570
20481
21252
23325
22038
20836
23115
21391
24325
21812
22449
22131
22331
20481
21737
21922
21142
24419
20481
22011
21995
24574
24126
21977
24035
24574
21515
24514
24574
22508
23822
21151
21056
23692
22927
22530
20481
21116
22628
24574
23554
22044
22566
23167
20633
24239
21783
22612
21010
22392
24574
22219
22644
21687
22551
21403
21799
21983
22523
24574
22194
23000
23001
22414
22796
22931
24574
22911
23241
23626
24281
22388
24574
21425
24574
23975
21055
23080
22320
21508
21934
23071
24184
20692
23110
21433
22107
24574
21277
23029
20753
21822
23838
20586
23368
22633
22469
21445
23620
23364
22058
21617
24083
20844
22365
22147
22734
21460
21628
21882
23072
21670
21151
22160
22854
22811
21743
20812
21728
20481
22155
23195
22086
21945
23531
21450
23776
23148
24365
21741
24574
22547
21827
20971
23695
24574
24574
21725
21288
21413
22058
22788
21501
20481
24574
21573
23655
22690
21631
24489
22970
21644
20481
22576
24574
21366
22496
22504
23206
22657
22476
22208
21499
22778
23375
22356
20481
21341
21034
21197
22792
20481
23699
22192
24574
23394
20481
23709
23461
21500
21400
23299
23696
23295
20804
21867
21757
22950
20481
21257
21458
23460
20481
21408
22918
23266
20983
23936
22385
24574
23605
24128
23515
21961
21820
21683
23382
24058
22858
21455
21570
20548
22584
20791
21648
22598
24574
22092
23548
21989
22621
23564
20861
21800
21201
22818
20481
20481
21633
20936
23369
22787
22722
22119
20481
22858
24574
22745
22465
23708
20481
24574
23683
20803
21875
22015
21759
20962
20481
24103
23829
21421
21120
24089
22046
20684
21584
22125
24366
20625
23965
22272
22495
21537
22092
22374
22622
22869
23860
22457
20617
21805
22171
21474
21896
22077
22693
21287
22203
24290
23041
23029
21206
23099
22331
21097
22768
24078
24526
23193
24574
21796
21982
20604
23278
21935
23864
22614
21826
21903
23187
22708
21680
23351
21281
22273
22579
22066
20481
21069
23474
21811
23134
21868
22286
22536
23049
23821
23178
20481
22022
21801
20546
22407
24574
22224
24574
23443
23401
22431
23247
20763
23008
23276
20481
21520
20909
21438
20744
24253
21505
20481
22228
22421
23776
23470
24072
23876
22305
24237
22496
21129
21164
21890
24103
24574
22378
22335
23079
23536
23159
20481
23435
20481
24526
22602
23446
22615
20481
23089
24311
22224
24101
22645
23790
20481
22704
20481
20481
23460
20960
22148
22282
22796
22615
22743
23047
24154
22237
21245
23157
21390
24574
22700
23093
22336
22062
22212
23226
22812
21714
22798
21869
23020
22150
23567
22960
22844
22023
24574
22611
24574
23539
22127
22315
21349
22706
21432
21942
21534
21269
21470
22194
20481
23064
21634
23677
23743
22981
23091
20481
23457
20514
21167
22962
24309
24574
22126
22722
20960
21383
20571
23539
20586
21396
23617
23835
20481
22986
21913
22573
23204
21196
21600
22617
20481
20481
22903
23251
23863
21393
22803
23406
22380
23475
22415
24574
22018
20481
22491
22630
20919
23062
23736
23557
23660
24568
20977
23523
21286
23429
24559
22316
21999
22965
21318
20638
21907
22190
22546
21381
22801
20481
20481
23447
24574
21346
20646
24341
21378
23032
23282
24574
24574
24512
20554
21333
24574
24574
22559
22418
21057
22335
21808
23359
22616
20872
24066
24563
24280
21763
23836
20532
23281
23123
24574
20965
20481
22937
22384
23153
20481
21165
20481
23487
24055
22624
22120
22545
20481
24574
21047
21484
22224
23860
23922
23486
23673
22064
21478
20481
24309
24574
21291
22886
22722
24254
23462
22572
20644
23406
22312
21160
21521
23805
22648
20481
23024
21688
22931
24028
21610
23281
22623
21516
20481
24574
22145
22629
23812
21283
23660
20931
22928
22046
20810
20481
21763
22783
23138
21843
20481
23578
22574
21272
23985
22324
20961
24144
21934
23667
20481
23972
22628
21835
21640
21742
22828
22589
23319
22608
23413
24574
22209
22604
20877
20481
22074
23327
24500
23149
24505
23438
23790
22888
20481
23647
21710
21110
23086
23111
22261
24574
23398
23275
22769
22073
20481
23404
22918
23270
24574
22575
22521
22480
24085
22791
22792
23269
23416
21983
22567
23080
21665
22789
24330
21865
23119
22008
24574
21953
21278
23883
22602
20481
24574
23101
24478
22211
20753
24161
22987
22785
22511
20481
21330
21899
20481
22327
22054
22673
24021
23288
22287
24574
22080
20481
22677
23318
22415
24212
23597
22442
21909
21072
22659
22238
23919
21795
24574
21960
22008
21210
23837
23548
24574
24208
24574
23472
21825
22662
23103
21734
24346
23439
21678
22378
22812
21988
21009
20481
20491
21306
22218
23097
23016
22238
23088
22536
20481
21925
23994
21729
22817
20611
24574
21086
23667
21369
24574
23939
22527
22336
21563
23586
21583
23734
21432
24169
22017
24574
20481
22191
23569
22188
20481
24574
23025
20868
24574
22828
23238
23632
23302
23329
23474
23594
20894
20782
23639
22967
22849
23061
21579
20592
21330
23626
23611
21490
23669
22331
22309
24339
20481
21480
20481
23113
20848
22861
22593
21940
22771
21374
22429
24421
23569
23548
21767
24022
24347
21218
21120
22259
21481
23344
21554
23511
20830
21489
23947
24010
20551
24180
22554
22713
20679
21715
21928
24479
20481
21438
23136
22651
23953
20481
24574
22514
22008
20573
22748
22996
22806
20481
20900
20824
21802
20481
21780
20481
24286
24574
22503
22390
22103
23718
24128
20866
22786
22688
23374
24291
23799
22878
23470
23104
24574
22277
22626
22647
20973
21351
23622
22977
21923
21742
23350
22141
23150
23551
23724
22110
21028
23789
23035
23323
22947
22096
21777
23788
20481
24574
23507
24574
23172
22280
22498
22738
22947
24574
21581
22496
22084
21299
21947
23845
23966
22484
22229
20481
22379
21097
24574
24574
22833
20481
22224
23220
22142
22493
21337
23199
22440
22335
24574
23064
24574
20481
23591
22368
22294
20481
23494
20592
21793
22996
21053
22739
22060
24574
22361
24226
22785
23043
22808
22780
23284
24574
22327
20956
21672
22774
24574
21210
23598
21170
22828
21837
23089
20929
21989
22445
21999
22546
21695
21034
22825
24079
23693
21249
20768
23414
23573
23682
21558
23266
20844
20481
20481
21639
23313
24574
22342
21832
23208
21140
22720
24574
23950
23583
23138
24574
24019
23014
24333
23912
22544
24392
24498
22033
21959
23274
24574
22127
23563
22846
23686
24091
24285
22171
23417
22626
24574
23793
23178
24367
23426
22455
20481
23314
20481
24574
24413
22512
23701
23248
24574
24039
21037
22216
24574
22523
22598
22508
23617
20481
22131
23641
22070
21522
24271
20595
21424
22721
22083
20764
20912
24440
23324
23206
23908
20481
21750
21296
22373
21013
22945
22632
21761
22564
24125
21022
24427
23709
22906
22954
23599
22911
22452
23648
22495
23329
22912
22518
22347
20481
22399
21672
24019
21360
22499
22148
23309
23099
23142
23242
20632
24486
23406
24574
23985
21705
22202
22770
23179
22414
20850
23151
22698
23067
22000
21654
22528
24574
21843
22749
22741
22118
22855
20763
23128
20637
21896
22368
22057
21306
21668
21731
23326
21614
20481
24574
21445
22173
24138
24574
22622
22506
22948
22166
21499
20980
24236
22336
23684
22240
23963
20481
22357
21335
22878
22383
22043
22455
21556
24305
22416
21839
23340
20481
24574
21719
20481
21479
23105
22290
20658
22086
23252
22350
24140
20481
21960
24574
22206
22481
21574
21156
22560
20481
21655
21711
22984
20548
20481
23229
21695
24018
24574
20481
22091
20909
24483
21934
22499
22526
22658
21371
24017
21634
21665
20481
22617
21038
21725
21093
24232
23112
23518
20481
22367
23831
20670
23205
23554
21915
22660
22996
23733
22976
24319
22005
20481
22734
22221
22424
23539
23333
22502
21417
20805
24267
22086
21444
21480
23278
24091
21121
20809
20752
21250
22780
21411
21968
22488
21474
23309
21662
24574
22812
22184
24040
22289
22837
23370
24574
24037
21492
21896
23549
22892
23026
23241
22326
21711
22268
21909
21088
20886
22411
21485
21798
23763
22962
23034
22377
21667
20527
23503
24334
22440
21893
20691
23607
23228
23471
22947
23956
20481
20823
22516
21343
22017
21936
23092
22776
21419
22398
20804
22928
20481
20928
21873
21506
22463
21426
20481
24574
21512
21519
23330
22386
22225
24169
21986
22307
23728
22736
20868
21847
21541
22260
23394
22513
23398
23073
22233
22661
21580
21326
20481
23240
24574
22846
21085
23099
22047
23703
22457
22471
23259
21335
20901
20481
24300
23184
21759
24123
22844
20505
23940
22818
23117
22899
21413
22180
20481
20481
20549
20481
24318
23463
22881
23764
21510
22928
23788
22679
23635
22715
21979
20976
21692
23020
22320
21930
23095
21984
22911
24574
23377
20481
24574
21378
23792
22981
21702
21936
23846
23636
20481
21874
21296
21445
23539
23230
24254
20481
24574
24490
21337
23111
23662
22412
22373
20481
24574
20665
23095
23182
23747
22836
21796
22314
22008
24275
24036
22628
21327
23605
24419
22649
22337
21074
23544
22189
22409
24276
21495
22577
21539
22567
20481
23873
21237
20481
23686
23711
23008
22913
23676
21891
24247
22573
22357
20794
23220
21507
21751
24109
24574
20741
21101
23773
20531
23325
20481
22528
23440
23566
20481
20481
21161
22032
22623
20481
22139
23653
23055
24274
21658
24479
22825
21687
21122
20481
24574
22424
21602
22471
21398
21281
23194
23219
24296
21922
22513
22133
21960
21646
22935
21532
22225
24557
24081
23993
21846
22840
23903
21151
20647
23002
23579
22844
24272
21229
21337
23524
21879
21369
23483
20837
23504
22930
24021
21511
23706
23276
23456
21151
24574
20481
22268
23265
24574
21935
22589
22657
22458
20481
21234
20854
22659
23977
21876
23537
22430
23216
24574
22284
24478
21155
23459
22059
20481
21755
22329
21832
22637
21656
22770
24249
22400
22940
23308
21297
20991
22177
21659
23259
24574
22318
23277
20560
21999
22982
22526
23002
24465
22941
20481
21311
20602
24199
23070
21913
20481
22358
22405
20522
22332
23158
24408
23715
24372
20481
23195
22257
21826
21566
24193
23193
20481
23317
23285
21956
20481
24574
22828
24475
22707
20909
22324
22670
22540
23932
21033
22296
24426
24574
22838
21600
20481
21849
24125
24555
23767
23278
22070
20481
21996
22782
24574
22869
23580
21673
23079
20713
23204
21766
22649
22304
23300
24011
22321
24574
21381
23833
22775
22569
20697
22311
22958
22537
21745
23787
22344
24145
20521
22209
23339
20481
23207
22429
23358
21380
22429
24031
24574
23126
22180
22269
20481
21280
21436
20481
23878
23902
22095
23616
20481
23289
21582
21369
22418
24574
21739
21607
21954
22458
22003
21412
21266
24096
21978
22371
22021
24106
21401
23044
21406
24241
24167
22734
21832
23316
23200
22976
21478
24574
24574
23211
22264
22453
23258
21989
20949
22022
24574
23400
22283
21220
23792
21843
21967
22886
22393
23765
22716
21628
22119
22349
20904
21592
24458
21475
22637
23587
23676
22340
23990
24574
21644
22841
21790
22337
23497
22898
23171
23080
22375
23731
23584
23321
22383
21666
20481
22710
24110
23136
21493
20666
21027
23545
22754
23286
21880
24507
20481
21645
20730
21549
23449
23427
21611
22904
21000
21449
20886
20481
23592
21207
22584
22841
22799
23022
24574
21833
21529
24574
21868
23027
21288
21017
21007
22988
23702
20890
23823
20868
23661
24574
20497
21558
24574
21110
23146
20481
22613
21708
24574
21959
24264
23571
20481
21697
22894
21067
20905
21481
23571
21764
22062
23484
23082
20921
21873
21688
24574
22049
24574
22789
23169
21937
22722
20742
24396
22107
24574
24420
21490
21940
22629
21755
22448
22969
24574
21282
24429
22583
22877
22487
24495
22778
24353
23515
20667
24436
23083
23086
23370
20481
23733
23092
23482
21183
24305
20481
23176
22588
21590
22218
24574
22720
24478
21384
24574
22601
22048
21429
21300
20957
22292
21226
22901
24574
22823
23196
22213
23333
20636
23268
23063
23887
24343
20897
23466
24304
24036
21348
22937
22873
22946
22838
22608
20481
21735
24081
23524
21224
24574
22333
22066
22386
23620
20481
22835
24003
22368
23710
21798
23923
23799
21999
23265
20481
22587
22420
20743
24574
23175
22694
24498
24084
22862
23497
23712
21740
22898
22178
20869
23942
22156
20975
22453
21323
22526
23491
24330
22632
22069
20539
23212
21887
20760
24574
22319
22333
22771
23889
21184
23465
22223
23065
22511
22663
23686
24574
23577
21622
21972
21194
21401
20481
23073
21146
23387
22846
23338
22443
23062
23830
21625
23061
23822
24227
20481
23447
24317
20791
22276
23082
21814
22603
23808
23736
20481
22665
23167
24077
23465
23999
24207
23036
22488
22147
22052
20481
22799
21710
21688
23019
22695
24574
22806
21936
22360
21847
20638
22236
24218
24574
20593
21592
21590
22145
23015
22937
24144
22558
24574
22552
21149
22476
20481
20481
22557
22758
23127
22397
22119
24015
23163
21573
21040
22824
24273
24007
21986
21424
22145
21312
23441
23109
22134
21987
22072
22437
23415
23099
22051
23221
22251
22797
22649
22846
22096
22296
20481
20481
24375
22974
21765
20988
24574
24208
21567
23865
22326
22111
22896
20666
21062
21797
23512
21518
21767
21773
24371
21694
22311
21547
22027
22639
23593
23158
22942
22881
24400
22722
24252
22129
21852
23165
22221
21415
21592
24574
20481
21717
21682
21501
20594
24169
22188
23688
24574
23036
22311
22005
22901
21922
22951
20859
23410
23161
23674
20521
21674
20481
20481
24574
23119
20784
22610
20786
21532
21977
21462
21176
21974
21488
23109
21799
21338
23268
21689
22782
22658
21673
22532
22924
23804
22782
20594
21876
20481
21999
21489
23034
22694
21959
24574
22345
21827
21365
23638
21153
22851
23303
20517
22750
21119
23653
21638
22124
22833
20576
23549
24185
21981
21789
22909
23308
23844
22202
22084
23631
23807
24574
22601
24574
20641
20481
22538
24574
21913
21624
23214
22180
22512
20904
22811
22513
22311
22840
22845
22382
24035
22583
23392
21373
23328
22265
21451
21870
21862
20562
23518
22924
23614
22461
24574
23653
21564
22721
23251
20481
20481
22483
22673
22278
23172
20887
21270
24420
23731
24117
21855
21335
22497
23060
23453
22088
21972
23045
24181
20481
22482
21267
23800
23396
23561
24574
22892
22353
23145
24574
21062
24445
20511
22072
23562
23233
23326
21155
20481
23826
21018
23684
20481
21996
23769
22211
22373
22400
22669
21753
23201
21345
22105
21427
24495
21093
20630
24363
20481
22124
24574
22404
24574
24443
23721
23264
23149
20848
23662
22542
24574
22515
21772
22006
23751
21689
24479
23773
22574
23336
22284
23282
22520
21065
22887
24574
21008
21504
22451
22840
24200
20481
21135
23045
22841
22952
23666
21903
24574
23188
21447
21832
22274
24574
22662
22262
22414
23835
22971
24574
22337
22217
21658
22625
23328
24373
21603
22072
21277
22379
21834
21409
22870
22003
23151
21649
21513
21838
24465
23196
24073
22398
23286
21780
24182
23375
22745
21423
23463
21096
22982
21330
21778
24444
24386
22477
22672
20481
24574
20481
22288
22873
21301
20865
22196
22702
22128
21488
22102
22928
21924
23262
22307
24032
24574
24574
21572
22775
23547
24297
24245
24574
23381
20481
20779
22932
24033
22420
21725
21708
22648
21261
21718
20964
20919
22869
22125
23020
23273
24441
23780
21499
20990
22587
23388
23204
22075
22731
23475
23130
23127
20481
23092
21585
22986
21093
20542
23004
23900
22257
22949
21086
23551
24031
22780
21059
22623
23336
23788
21584
22901
23177
22984
24213
24432
23459
22232
22566
22236
22953
22217
23526
23141
21684
24574
24406
24416
22273
21969
20628
21775
22765
22483
22912
20481
21358
22498
23158
22613
24014
22736
23095
21261
20567
22250
20890
20785
20481
23713
21114
23173
23218
22035
24429
22681
20771
22372
24335
24400
24574
22509
23130
21073
22274
22239
23397
20481
21938
20481
22358
24574
20871
22792
21369
22034
22880
22457
24505
21440
23118
24574
23668
23425
23394
21111
22632
20973
23560
22213
24420
21058
21899
24240
22369
22444
21752
23041
22580
24462
21794
23371
24519
22607
22086
22090
22662
21314
22498
24574
22357
24572
21988
23228
20481
23426
23439
22050
22555
20923
22335
22728
22296
22500
20481
22924
22701
24046
20613
23525
20581
23520
21770
23036
22337
22209
22270
24136
22083
22368
23844
20994
23745
22939
24049
23267
21401
23063
22036
21585
21972
22229
23369
23109
20481
22870
24574
23075
24574
22267
22887
23516
22115
21925
24153
22552
24290
23747
21887
22973
21062
21898
24574
21807
22747
21768
23621
23241
22368
21225
21953
22413
22764
22931
22521
21249
22188
22465
23739
21741
23416
22558
22526
21966
21525
20481
22000
21663
22574
22114
22070
20894
22112
23937
22487
21381
21239
22483
22809
23640
22156
23836
23077
22248
22717
23752
22063
21265
22615
21651
23948
22819
20554
24574
24574
24031
21445
23157
24574
23527
20481
21846
23107
20903
23229
20481
23168
23776
23417
20757
20998
22626
23027
21782
21231
23988
23100
22924
22511
20817
20904
23303
20558
22582
22859
22279
21370
22163
21656
21643
23762
24381
21608
20571
22377
23202
22910
20889
24574
21603
21726
20481
21496
20481
22392
23710
22853
22189
24574
20562
20652
23037
23486
20481
22781
24293
21740
20481
22162
23319
22465
22439
21798
24165
22609
22134
20632
20915
20481
24001
20481
21925
23381
22240
24518
22348
22628
22722
21572
24574
23883
22552
22506
22277
21619
23802
21822
21673
23357
23128
22617
23720
22591
21548
22015
22964
23164
21748
20816
21113
22459
21864
22334
23650
20481
23779
21140
22672
22070
23667
23286
22334
24070
21783
23729
23216
24574
24574
21876
22303
20481
23832
22613
21466
20667
21137
21544
21848
1385
2241
4866
2696
6089
5248
2022
4813
5464
5065
323
1824
4584
5507
3677
151
2215
357
1228
5794
2319
2477
444
3974
3072
2678
3624
258
3659
1485
468
1638
1564
3313
5127
477
4880
3829
5610
713
575
2113
1304
2680
559
424
3344
5390
1072
3971
3900
5981
698
4132
5492
134
3573
3396
2980
2578
2376
3394
2044
1985
1290
3277
4841
2147
1206
4796
5807
3654
3608
249
610
531
3118
3408
4528
2830
4627
5760
4265
6110
993
2652
3530
2573
5216
2529
5908
1691
3258
1694
5677
2595
2085
916
1960
1374
5395
5383
3946
6077
857
3870
1208
5842
3690
2066
5750
3281
2359
1183
5996
5834
5190
3830
2823
440
20
3598
3514
1721
2535
3646
113
1945
5798
4214
176
1365
3764
1704
4259
5178
357
5730
1369
4300
2982
3217
3202
4299
5670
4685
6089
1697
727
1083
6098
1962
3234
5185
2615
5313
176
6019
784
2374
3331
4064
4502
4477
2225
2511
1466
3087
5364
5495
1601
2249
261
6136
3335
3830
1545
3763
2857
3677
1379
569
3891
4132
5095
1998
5773
4488
1784
2542
4487
1686
5067
2664
5416
5074
3137
3318
4366
5103
2071
1998
3099
1468
4371
225
1332
910
2869
2490
3928
1551
5763
4025
5869
2617
2232
2436
2367
3234
3702
4809
2592
5885
1008
5908
3532
3762
124
1098
3963
4557
6133
2373
5663
5185
5824
62
5535
5820
2177
5815
756
2567
6099
2281
1359
5518
4187
5119
4809
2994
1519
5397
2463
639
4986
1092
467
1399
3576
5118
2372
1766
2462
300
1519
4425
264
2095
645
5110
3975
771
4261
4905
165
2664
3310
5495
2099
2036
5803
5910
5932
2631
2849
2269
3360
5385
3454
3140
1545
2770
5296
3926
2762
4273
4081
4969
30
5957
4385
3682
310
1566
6123
2070
3932
3250
4833
2000
2126
5570
1840
1359
5777
2570
4140
5427
5310
5077
183
3757
1208
3269
2212
1753
4814
1932
2176
4263
1013
3692
1372
4308
3211
289
5412
348
3989
3109
4108
3861
3048
3234
3916
1265
1364
461
2604
4333
5286
966
4299
2789
5426
3157
3538
6025
5414
702
6140
3087
334
483
515
875
5092
2894
745
3896
4466
2125
2716
4150
1846
717
3762
1934
1540
3644
3979
1009
1842
3147
5181
4581
1604
1677
5517
5417
126
6442
4097
7155
6968
6008
5199
5027
4551
5704
7406
6310
4406
6682
5634
4434
4097
6641
7867
7012
7875
6601
5755
6737
8190
6942
5098
6000
5487
6090
6781
7208
4656
4242
4863
4966
6387
6453
8190
6923
5412
4878
6406
6759
4930
8190
7294
6466
6856
6249
4163
6812
7846
6899
6122
5889
5806
6298
4183
6239
6728
4958
4609
6036
5999
5993
4796
4895
5700
5872
7797
5209
7361
5365
4169
7368
6375
4150
4423
5192
5056
6633
5117
4954
7067
7279
4701
4798
7553
4907
6554
5881
5518
7301
5832
5358
7559
6042
6390
6262
5962
8190
4097
5765
5192
6854
5152
5843
7420
7107
7292
6668
7273
5711
7555
4097
5932
7888
5451
6344
6196
6212
5873
5340
6206
4701
5054
4796
8190
6072
6986
7822
5773
8021
4142
4910
5979
8135
4834
4866
6946
7118
6065
7611
6753
5020
7143
4686
5864
6748
6187
4916
6854
7047
7421
7820
5744
7319
5877
5687
5739
7841
7100
6139
6530
5084
6278
8190
6950
5457
5271
8162
7237
5176
4097
4097
4097
6915
4097
4528
7604
6649
7582
6323
6141
7186
6385
5570
5882
5561
7014
7193
5883
5395
4097
4811
5056
6116
5468
8190
6954
8190
8190
4705
7005
6246
6766
7181
5643
5273
5780
4097
5731
8190
7205
5509
6396
4097
7669
5846
6337
7310
5189
6397
6230
5085
7623
7575
5812
4877
4398
6582
8190
4449
5184
6101
8190
7287
5528
5950
7051
5776
4824
7879
7429
6001
6240
6821
5651
5433
5862
6645
8190
4097
4097
4564
7599
7613
7808
6478
8190
7141
4561
7174
4541
4097
6177
6944
5187
5665
6463
6347
6033
6800
6785
6436
5399
6942
6654
6730
7062
7628
6477
4328
6712
7009
7246
4871
5854
5906
4851
7444
6129
5063
8173
8185
7550
4790
6077
8190
6104
5331
4102
6653
4097
8150
5288
5216
6718
6041
5804
4097
6533
4754
7736
5532
5660
5384
4836
4419
4097
5271
5464
7790
6618
7029
8190
6787
7482
5891
7300
5443
6199
5355
5237
7985
7746
6278
5952
4371
5921
5031
7178
8190
4492
4974
7829
7504
5567
7042
6503
5257
6318
4657
7297
6510
4097
6704
7526
5255
6743
4741
4533
4315
8190
6185
4432
7252
6682
8190
6372
7190
6494
8190
8091
8190
5557
7255
6104
4097
7545
6894
7913
6532
4331
4673
5552
6572
4552
8097
4600
5902
4635
6513
7117
5426
5059
6552
7518
8110
4241
6495
5864
5589
4283
4097
4649
6534
7522
7100
7655
7529
8105
5751
4899
7165
5368
8115
5491
6009
5300
6797
6155
8040
6176
6190
4422
6335
7615
6946
6124
6746
8190
4957
4201
6738
5527
5372
5334
6875
6841
4871
6485
4986
4845
7871
7747
8190
6603
5619
4499
6522
5948
7652
6009
8190
6163
8190
5988
5874
5356
5989
4097
4692
7068
5542
5929
5079
4992
4359
7566
4097
4867
4855
5747
5337
8190
4097
7291
6654
5027
4097
4243
7628
6327
4590
5555
4097
8190
4475
7405
5060
6296
5719
7229
5013
7552
5919
7824
5532
4168
4532
6302
4754
7905
8190
7688
4872
4974
5416
5758
7475
8149
7935
5596
7233
5329
5932
6456
5795
6850
5906
6441
7806
4235
6225
8005
5731
6951
8190
6865
5472
5115
7209
6731
4303
4460
7855
5272
6927
6955
6183
6176
7271
6081
6052
5238
4493
6298
8190
5308
7586
6619
4097
6691
6328
6560
5702
5977
4681
5425
7764
4977
4097
5431
6893
8190
8190
5300
5946
8113
5115
6283
5193
5357
4604
4184
6071
4097
4808
8190
4388
6868
4097
4097
5881
6155
5845
6094
5955
6432
7801
7406
6020
4788
6279
7325
4596
7908
8190
6348
6091
4223
5322
5937
6253
6159
7395
5432
4097
5163
6813
5780
6516
5999
4947
5460
4831
6016
7077
6440
5875
6154
4309
5717
6268
4679
7192
5488
4097
7115
7341
5075
5381
6410
5736
8190
6176
6595
7048
5773
5834
5202
8190
8190
5841
4097
8065
6385
5446
5759
4608
6422
8190
6312
4698
6097
5057
7503
4097
4958
6296
4135
6392
4419
6702
8190
7596
7413
5159
7765
5033
7532
6707
6377
4963
4927
5594
5170
5652
4876
4872
5834
7201
5981
5214
6693
6035
7489
7851
6224
5747
5599
6348
7145
6866
5410
7007
4189
7424
5850
6153
6815
6741
6339
6302
5525
6214
8190
5767
7785
8190
6249
8190
6860
8190
4097
8059
6033
6206
5643
4097
6724
5984
5089
6652
4170
6138
6432
6241
6194
7343
5748
6628
5193
6399
4097
6454
7079
7703
8190
7064
4957
6827
8190
6732
6848
4761
6387
5187
8190
5669
5515
7094
7146
6261
8128
7228
4376
5787
6092
5312
5792
6747
7940
6184
8138
4975
7233
4354
6592
7086
5942
7971
5939
5708
4991
8190
6908
7107
8190
7363
6696
6141
6569
6225
6713
8190
4192
4500
4097
6876
4700
6455
6939
7478
5949
7418
5742
5729
6232
5171
5016
5255
7671
5582
4843
4454
5516
5547
5243
6641
6763
4225
6147
4260
4156
4097
4097
6806
5847
5226
7741
4925
5483
4097
5842
4833
4863
5928
5768
7757
8190
5672
6336
6213
6479
5438
4097
4833
4097
6637
10558
11609
2882
17391
9412
9274
7027
20672
28460
11524
25491
38
20715
26354
7854
25618
20858
29305
27649
7539
16013
22980
33415
9165
17664
29184
3879
28366
8903
17578
23504
24733
24053
5279
18530
15007
16942
29488
9740
13529
18332
15644
30693
19615
16952
27440
29767
27032
13575
20184
273
26251
24893
32638
31251
26145
28581
3645
11837
10322
1867
20219
1521
5181
2948
15922
7121
4987
12123
1398
6383
12589
8240
10512
6937
8687
34122
10589
27017
13878
32156
13067
16346
17481
19113
15113
22191
14291
641
23506
29493
4021
26332
35180
34574
36451
33506
34684
36200
34111
35167
33847
35825
35466
33338
33804
33740
34724
35252
34791
36659
34962
36812
33991
35094
33237
34189
34118
34818
33217
32966
34969
36011
35808
35168
32769
32769
34360
36451
33311
35663
36862
34439
34745
35696
35087
35608
35930
33943
34231
33992
33367
36155
35552
34950
33611
35760
34231
34267
34774
32769
32868
34270
34296
34149
35962
33838
36032
34301
36505
36108
35813
33877
36372
36148
32790
34425
36268
34462
33838
36862
33013
35399
35951
34016
33611
33171
35459
35469
34951
35420
34410
35882
35192
36698
35359
36862
36112
33363
32868
35282
34497
32887
35597
34094
33978
33627
33535
35077
32769
34083
32769
36801
34992
34927
36134
35358
36401
34002
34527
33601
33293
34052
33750
35630
35426
35525
36370
36755
34519
33154
35773
35070
34204
32769
35448
36862
35693
34691
36862
35267
33907
33960
34940
34597
35448
34230
35964
35476
34449
33521
32769
32769
35746
33369
34490
35843
35281
34238
32769
36031
35230
36862
36430
32769
33722
34956
35130
36862
34374
36233
34306
34158
34796
34633
35766
35317
36862
33877
35772
34165
32789
36862
32974
35651
34676
35311
35036
33829
33689
33247
35077
36698
34711
35687
33815
35692
35804
32769
35564
34394
32769
33850
36862
33973
35245
35442
34528
36284
35227
33254
33621
36862
33925
35487
36037
34764
34406
33036
32769
34504
36862
35684
32769
33957
33971
34422
35387
36570
35855
33890
35346
32769
34861
34734
36862
33504
34078
36378
36862
36862
33161
35937
36271
35618
35138
33914
36025
36696
34439
35368
35707
33691
36141
36862
34608
35010
34617
34843
34423
33788
34278
33287
33677
34033
35460
35755
34818
36862
36136
33472
36512
36862
34945
32769
36179
35268
34525
34986
33281
32769
34587
33680
33139
35208
35270
34684
35633
36862
32769
33466
33275
34892
35582
36001
34968
34886
33949
34151
34652
33988
35149
35763
36862
35053
35627
34100
36862
35087
36167
35512
34611
34268
36738
34227
35907
34157
34987
32978
34557
34019
34241
33567
35473
35931
35672
34274
32877
36171
33434
33766
35211
35452
32769
32769
35969
34048
34510
36360
34439
33637
36188
34944
35017
35206
34369
32769
34586
33989
34965
34664
34343
34186
34202
36862
34630
35076
34915
36549
35425
36545
36862
35591
36862
34476
36183
36253
34923
35017
34568
36750
36862
34201
35701
33181
35337
34072
32769
35019
34022
33513
33860
35819
36862
32769
34976
34923
33791
35286
35521
36263
35426
34533
34364
34275
36154
35193
34750
34731
32769
36118
36862
33437
36474
34958
36578
36152
34930
33962
35541
34294
34303
34462
33764
35849
34205
34867
33341
35201
35606
32915
33477
32950
33821
33513
35042
35055
32769
36184
33152
35198
34176
34428
36227
34400
34617
34590
34705
34921
34789
35171
35565
35385
34187
32769
34824
33580
35235
36773
35831
35967
35708
34458
35439
34750
34890
34338
35544
34741
32769
35433
35069
36238
34040
34791
36375
35600
35351
36290
35252
36862
35344
35988
34482
35219
34574
35878
34599
35556
34749
33268
35875
34900
34952
35807
34174
35874
34443
35708
35809
36862
34682
35658
35134
32769
33069
32769
34220
34462
34003
36818
34288
34602
35618
34831
35926
35676
35552
33225
35706
36862
34812
34009
33140
33947
35894
36862
33640
36108
35588
33453
34348
33551
34695
35366
36248
35473
32769
32785
34461
34485
36160
33755
32769
36862
35365
34056
35777
33685
34220
32769
34462
34359
36535
36862
36862
32769
34978
36631
34879
33538
34668
32769
36667
36214
32769
33116
35961
34442
34649
33382
36489
36862
35544
36050
35030
34977
34756
35541
34953
36150
34087
34787
35414
35993
36131
36337
35612
36862
35058
36521
36855
33784
34736
35934
33967
35337
34028
34611
32769
34290
35273
35589
36862
36604
32821
35414
33822
35065
35834
33094
36592
33505
34376
34736
33752
35811
33354
34574
34500
33679
34297
32769
34927
33311
34682
35301
35220
36387
35011
35128
36680
34306
34869
33557
36862
36385
33064
33470
36715
34132
33449
36312
35427
35485
35144
36622
34753
35106
35309
32769
32788
33606
33859
35241
35095
34704
33667
34551
34355
34143
34614
36766
36862
36389
36862
34197
34543
33519
35725
36001
35816
34145
34468
34485
34796
33509
33363
33603
34508
35665
34564
33962
33773
36789
32769
35236
35655
33482
36328
35615
36543
36072
35621
35008
32769
33617
33761
34718
36233
33092
34158
35180
33298
32769
32769
32785
34156
35760
32769
36862
35095
32966
36862
34862
33508
35508
33624
36549
33946
35044
33497
33174
34954
36197
35856
32769
35302
33961
36120
35021
35593
34389
36287
36310
36319
35083
34811
34264
36862
36862
33353
33320
35001
35328
32769
35978
36700
33584
34795
34345
35322
33156
34939
34149
33038
36310
34862
32973
34484
33989
35850
35858
33026
36172
36238
34641
36862
35318
34146
32919
34199
33802
34520
35922
36254
34998
34536
33918
35257
34088
35321
35830
34523
35943
33530
34486
34885
33824
33310
35659
32769
34742
35322
36411
35884
36862
34619
33360
33947
32769
34165
34274
33058
34633
36862
33514
36580
32769
36862
33366
34133
35287
33952
34325
34679
35703
35711
33707
35416
35440
34578
35140
34596
34149
35361
32769
33885
33416
33630
33487
32769
34737
34506
35647
32769
32943
32769
32769
34617
36028
32985
35467
36862
35464
34091
35954
36122
34761
33524
36246
36089
33262
33512
34898
35303
34857
35157
34313
36837
35605
36862
36303
35068
33867
33797
32854
34218
34939
34396
33971
33200
33052
34553
35334
34386
33170
36481
35150
35070
35274
34501
34541
34385
36068
34444
33445
34740
33463
33388
35845
32769
34023
34239
34491
33559
32769
34393
34181
32769
36862
32769
34919
13194
12412
17911
26165
20944
3494
3153
7345
15179
16040
259
25181
9526
19554
3665
7126
16746
9612
19720
13400
7553
23697
742
24467
5335
18256
2385
9736
10585
8879
15868
24179
131
20674
10438
2080
3716
4936
24071
23263
20757
25770
7085
5980
9419
4930
3331
25707
23134
7473
15183
15784
21473
21897
26572
22757
117
23125
9883
14362
10139
8356
4650
11925
17582
1347
3870
13354
15314
4752
13269
19878
7617
13626
23208
3386
2901
20699
846
2815
23414
15078
11381
24842
18998
11771
22522
2782
14226
22735
25721
22616
15377
10532
15492
19391
8671
24014
25241
26324
25748
25956
25073
28180
26725
26641
27484
26415
26293
25661
25751
28670
25612
27033
27098
26249
27019
26969
27124
26806
25697
25781
28382
27061
25566
25956
27067
27887
24796
26778
26382
25349
28670
24577
25523
27214
27412
27883
26774
26692
27074
27498
24577
27862
25510
26225
27555
26795
26389
26538
26609
24577
26337
25600
25654
27550
27414
26557
26248
28135
27741
26376
25938
25788
28554
26575
27005
27929
27534
25577
28372
27335
27955
26563
28670
27278
26834
25634
28670
25111
26823
26498
28185
25194
24579
27244
28670
27215
25181
24589
25338
26706
28670
27292
26925
27666
24577
25664
26403
26087
26576
24577
26049
28670
25859
26718
25101
26986
28110
26390
26708
26363
26220
26785
27935
26044
25700
25608
26398
25427
26756
25801
25377
26415
25807
26548
24712
26770
24708
25463
27034
26305
26822
26220
28670
27972
26987
25050
27437
28368
25749
24673
27241
28341
24895
26117
25952
28670
26416
28062
25961
24946
28203
27091
25642
26126
25378
25452
27789
26160
28527
26943
28068
24577
27242
28162
24955
27319
24577
28470
26335
25735
27922
25605
27371
24577
26986
27394
27744
27450
25857
25381
28670
26278
26687
26537
26195
28283
26655
26304
27460
26491
26237
25796
27295
25063
26657
27078
28102
28670
27436
28670
27586
26917
26844
25249
26470
25329
25990
24577
27457
24577
27463
27914
26713
25876
25431
27004
24700
27767
25466
24577
27773
26728
26546
26014
26771
25090
26542
28044
27738
27785
25507
28319
26857
26394
26782
24608
25216
24989
27054
27415
25981
27630
25257
26423
28175
26209
25257
28670
27152
25587
28670
27816
28025
27106
26606
27857
26709
24577
28357
28670
26872
26446
26374
25804
28447
27478
26554
26460
25949
27403
27551
26373
24577
28670
26161
27608
27743
24577
28395
24578
26364
26979
24703
26393
25537
26980
27414
27191
27018
27832
26906
28670
27279
27890
24577
26044
27642
27037
27256
27345
27312
26767
26457
24687
28670
26553
28488
26788
25754
24791
27890
26347
26916
27440
28124
26849
25887
28269
26219
24577
28087
27125
26729
24577
27568
26401
25435
27478
27603
28487
26691
27262
24577
26016
27113
27178
26402
25889
26487
26096
28670
27181
27225
28670
28376
25315
28670
24577
27434
28248
24577
27764
28670
26132
24577
27187
27104
26966
26904
25494
25001
24577
26049
28670
27023
27184
27039
26006
26805
26003
24577
26824
27500
27169
25185
25951
24577
28670
24791
26859
26531
25660
25505
26589
27266
25046
27705
28090
28670
27718
27806
28356
27070
27810
25429
27217
26651
28034
27732
26250
28033
26083
28103
28332
26511
25797
27174
24921
25865
26230
27845
26180
27656
26275
27563
26627
28302
28134
28670
25049
26603
27484
28670
25200
25148
27206
27104
27460
27097
25166
25253
25678
26299
26059
25457
24769
26116
25002
26558
26918
27300
27945
26657
28609
26371
27786
26333
26901
26616
26851
25642
27243
28441
25656
28180
26846
25445
24625
28049
27378
27624
26740
26386
27258
25482
25915
27986
25146
25088
27711
25041
25924
27769
26630
25485
26585
25675
28202
26018
27516
27994
27876
24878
24577
28670
26543
25212
27077
26539
27033
26529
26837
26219
27616
24577
27286
24624
25121
24964
24577
27900
28117
25556
25192
26650
26278
27430
26993
26268
27097
28461
27238
24597
28430
26400
26800
26767
24998
27120
27470
26428
25693
26779
25287
24577
27901
26654
28596
26571
25999
27982
24577
28159
25821
25992
26356
28670
28361
28143
26653
25992
25381
26569
27289
28215
25670
25467
25297
28670
28256
25538
26608
28074
24577
27363
26547
25431
24577
26764
26173
24577
25097
24577
27279
27687
27964
26172
28641
25205
26665
24685
27021
27263
25565
26572
25609
26251
26914
27388
24577
28670
25270
26361
26324
27392
25682
28360
28670
28067
27284
28670
27054
24895
26981
28670
24899
28326
26142
27203
25429
28670
27471
24577
24785
26541
26034
28670
26691
27477
24577
27033
27713
24913
25411
27463
27054
28101
28202
26911
25822
27781
24577
28114
25550
26487
27326
25961
26598
27207
27165
26181
24577
28175
26724
25600
26055
25748
28670
24577
28670
25383
27146
24617
28397
27056
25259
28670
28670
28075
28236
26695
27127
27156
25468
24730
27879
27969
27022
25380
26018
26439
26773
25226
25092
27492
26978
26652
25870
26662
27576
27818
28670
26733
27301
26336
28670
25500
25507
24713
28387
26944
25436
26584
27365
25599
28058
26018
26863
26755
28670
27351
28127
28670
28044
25566
26800
26017
26195
27217
26234
26220
25335
27274
26661
26859
24946
24577
25788
27497
24636
24577
28670
27035
26411
27908
26579
28150
26338
25213
28217
26629
26538
28670
26065
24577
24665
28022
26668
28505
27709
28670
26450
26132
25033
27199
24823
27254
26315
27776
26311
26201
28490
26642
24577
27370
24577
24812
27832
26676
27957
28670
28670
25161
25213
27757
25651
27883
27707
26196
28588
26109
26283
24577
26744
26458
26587
24797
25804
28138
27415
27512
25724
27324
27979
27621
27225
26475
26209
28387
25005
27872
25592
28670
26216
27132
27790
26618
28670
27828
25559
25140
24577
25576
25960
27581
27756
24950
28670
25834
26038
24577
26992
27934
28670
27782
27961
26699
28670
24661
28043
26823
27350
28670
25448
27263
25869
27387
25669
26677
27463
27256
25205
26184
27181
28608
24577
24611
26382
26552
28192
27314
26302
25254
27333
26122
27554
28345
27703
25313
26872
26663
28174
25529
25631
27438
27741
25740
27846
28670
27168
27494
28581
24577
26429
27958
27352
27510
26179
25610
24577
28216
25701
25755
28670
24743
28670
27879
25327
25546
26927
26887
26856
27361
27280
24577
27302
28670
26346
27524
26701
27114
28670
25860
26347
27227
24577
25585
26310
25678
25490
26326
27763
27250
25246
28033
26180
25453
27497
25079
27573
26210
26031
24754
24577
28488
25394
26852
26858
27610
28062
24705
24577
26925
27561
27999
27960
26375
26966
27285
27804
24998
28172
26006
25884
28285
28120
26891
27448
25903
27865
27459
28670
25257
27310
27346
26597
26908
26873
24783
26151
28125
25453
24577
24577
24671
26485
25968
28032
25814
28670
24577
27171
26112
25873
24577
27237
24577
27140
25049
26339
24577
27752
26835
27365
26180
26031
26025
25544
27994
25373
26983
26864
28399
26640
27475
25615
27257
26566
26983
26232
27037
25516
26049
25458
26965
26182
25638
27030
27409
25205
26524
25195
26076
25616
25702
26441
27284
28083
27789
28343
25498
28670
26655
25685
27759
25400
25121
25536
27996
26126
26300
27109
25617
25914
25189
26765
27498
26758
26609
24647
26609
28201
26411
28670
28670
27193
25553
28670
25857
27975
26335
28670
26513
26305
26082
26679
26540
27794
26090
26928
26014
26031
25758
27320
24577
25854
28500
28663
26130
25145
24684
26896
25943
27285
25600
27595
24577
25872
27237
27569
25936
28476
25557
27814
26396
25636
26731
27965
24879
26292
27352
26882
26050
25750
28129
26060
24577
24577
25709
24577
27053
26783
28438
28670
26262
27311
26806
25872
27140
26699
27663
27692
27418
25327
27730
26252
25540
27473
26162
27159
28670
26042
27807
26686
28429
26753
28485
27731
27275
26919
25455
26884
27444
26204
27992
26369
26378
26536
26378
25917
24964
24703
28670
27002
27405
27871
25800
25914
28626
27314
26126
26649
25486
25364
25679
25765
27402
24577
26245
27308
27369
27337
26026
26181
28306
26125
26174
24577
28670
28007
26902
25006
3957
8535
19235
2580
22505
1294
2193
15428
2324
4071
10032
16837
12589
14209
2605
16334
13051
19055
14012
15123
8088
21223
10927
6240
2507
7574
18009
6456
18150
5143
339
17967
22098
250
5832
6840
21871
13200
6841
892
15822
14464
17400
20647
6265
8450
640
14659
10588
456
14732
20327
7736
22072
15817
14021
1098
18767
3926
3027
14383
15894
2217
12834
14525
12482
2209
4038
13248
1842
19831
20492
7334
3410
14408
5617
18679
5539
165
22459
11363
16927
6094
19860
13057
21749
18689
3508
19902
1035
18841
10504
13868
11330
3348
191
5749
15758
8001
462
22085
11046
21123
1810
5996
739
7878
3954
7511
17245
16094
18881
17090
11992
3423
10579
8728
8259
16798
19167
7608
7274
13273
18756
3680
670
15056
19937
20481
22905
21104
23475
21840
24574
22775
24317
23618
22682
23359
20556
23416
22044
20481
23763
24574
23368
21735
21265
21243
21296
21835
23059
20481
21762
22436
22220
22215
22903
24211
21228
22267
22389
21705
22120
20930
24164
22637
23058
20776
21437
22259
23221
23990
22536
23351
23577
21100
21235
21733
22878
23119
20871
22914
21704
22552
22365
23682
21791
22078
22336
20481
24164
20481
22035
22703
22558
24574
21904
22147
21811
23446
23741
20693
22436
24574
22672
23354
20481
22219
22325
20799
22673
21591
20571
24574
20575
22627
22082
22977
23722
20481
24248
23515
24574
22480
23089
23012
22379
24574
23976
23004
22009
23437
22962
21338
23685
24574
23366
21267
21943
23927
21650
22835
24574
24574
21588
24574
21969
20481
21682
24574
21095
22055
20481
24574
21964
23407
23266
24574
21685
20481
23330
20519
22372
23110
20494
23297
23625
21324
20528
22253
24034
22261
21539
22114
22187
23387
20481
22795
20481
23300
23140
22844
24574
23111
22615
22964
22696
21334
21940
21084
20637
23305
20648
23814
21369
22384
23038
22352
21352
23196
22721
20793
23746
22494
22384
22940
22649
23516
23290
24399
21464
21816
22487
23054
24574
21011
20893
24574
21801
24574
22623
20481
21193
22260
21310
23744
22287
20481
22263
21402
24051
24331
24021
20789
23297
22590
24574
21573
20948
23067
22215
21993
22290
21759
22557
22028
23621
23193
24574
21766
20481
20481
23658
21849
23726
23942
24212
24266
23406
21528
22432
21737
23714
23473
22664
20481
21339
21785
22059
20885
20873
22126
21618
20523
20481
22403
21488
24306
22354
21853
20481
24574
23052
23724
20675
21393
24065
20481
20947
20649
21315
22414
21594
20943
21452
22583
22824
24574
21366
23506
22802
22434
24574
23782
24044
24544
24494
23507
21405
23002
21623
23634
21899
20925
22253
22016
23941
22145
22556
23784
22792
21824
23696
22271
24574
22192
21136
23278
24468
20481
22878
20935
24574
22022
23342
23416
24574
21818
20703
22397
21327
23717
23548
21438
24238
22979
22996
22094
22274
20481
21649
22832
21460
21588
22547
24574
23276
22459
22902
22449
24574
23991
22391
22938
22735
21091
23593
22575
22219
21896
23646
22644
23915
22016
23702
22796
23655
21767
22890
21995
20886
23293
23303
21440
23378
21376
21039
24574
22176
23560
23949
23822
23080
22303
21775
24086
24398
21316
23123
23218
23036
22162
23320
24574
23625
22092
23673
22333
22242
22332
21974
22844
24170
24574
23451
22313
21188
21717
22452
20481
21341
24036
21254
22854
21539
23527
21779
23973
20481
24574
21220
20780
22268
22346
23368
21992
22564
24521
24574
24176
20697
22442
20618
22059
24414
23173
22636
21166
22505
21633
22448
23163
21366
22750
22785
21908
20883
22284
20663
22368
20481
23200
22184
20481
22732
24271
23777
23218
24128
23368
22839
23918
23873
22182
21706
22505
23075
24574
20707
24527
20890
24574
22685
22383
22279
21594
23151
22613
20753
21717
23521
21898
22491
23499
22876
22869
22677
23440
22124
20481
24574
23619
21647
23133
22719
24017
24574
23488
21157
23117
24045
23677
24574
24254
23425
23727
22693
23716
22637
21265
24574
21546
21118
21693
22814
21957
20481
22025
21307
22337
21102
21744
22198
24292
22179
23096
22960
21064
23647
20526
23482
20585
22975
23566
21203
20481
22528
23106
21706
23176
23233
24574
20481
24574
21721
23856
23237
24574
23342
23105
20632
23018
24563
22291
21329
21262
23997
24415
23769
22437
23044
22055
23063
22529
22317
23486
23708
24156
21721
21946
22878
21691
21651
23979
22166
21260
22295
23173
23815
24368
24574
23170
23290
20590
20481
22661
22196
22148
22005
22881
22153
21785
21600
22450
21022
22196
22547
22182
20481
21587
22779
22929
23594
24574
24574
22947
24574
23929
20606
22855
22547
21232
20997
24339
23681
22714
21482
22590
22833
23649
21345
23407
22347
22417
21386
22065
20915
22008
22892
24548
20861
21988
24574
22858
22335
21694
23551
22132
21570
24460
23275
22229
20739
23454
23826
20495
23002
23994
21804
21977
22305
20851
23824
22704
23468
22732
23987
24574
20481
22453
23015
24574
20810
22019
24533
24313
23330
22307
22471
21706
21722
20481
23221
22635
22642
24574
22747
22408
20481
20797
20914
24574
24148
22041
22587
24574
20481
21023
23279
21914
22200
24027
21185
23016
21971
22332
21238
23704
23028
22138
23260
23576
21977
23206
22132
20481
22654
23763
23374
24574
23411
23883
22197
23840
22407
22237
21426
22836
21069
21920
22812
22660
21267
24574
22140
24418
20481
22193
21728
23388
22109
22729
22678
22454
21267
23829
23959
24574
22555
22152
24514
22884
22821
24574
21338
23836
22170
23042
21720
22381
22159
22320
22335
22349
21743
21379
22455
23902
22903
23201
21550
22644
24190
23015
20481
24565
23226
24574
24118
24574
22933
21357
20481
22081
21482
22770
24574
20481
22711
21946
23171
20481
23510
23506
22087
20789
23724
22335
22858
21974
21784
21450
22824
20481
21997
24574
21324
22860
22424
20481
21165
21826
20481
22406
24286
20850
22311
24574
23231
22280
20628
24574
22487
24499
20481
22796
22865
22436
22004
22881
23691
20631
22085
21523
24372
21634
22446
20987
23056
21507
23139
20952
20775
21046
22352
23028
22932
21668
22349
22545
22807
23944
20992
22647
21671
22421
22847
24574
23938
22993
23072
21148
21971
21755
21774
22142
24574
23497
24139
22998
23642
22206
24574
22900
23417
21213
23763
22852
22896
21385
24574
24574
22859
22649
20481
21291
22630
23183
22400
21172
22286
24574
22295
20481
20481
22342
23230
22107
22602
23111
24119
23345
21615
22990
23517
23375
23499
20481
21660
20481
21054
21155
22941
22920
22765
22809
22101
23279
22397
21366
23688
22441
23165
23013
23311
20481
22836
20481
22569
22289
22029
23886
22527
22560
22464
21018
22994
23035
21977
23338
21970
24228
23134
21826
21607
21812
23075
24574
20755
22500
23660
20481
24574
22810
21343
22311
23331
20713
24574
24258
21861
22752
21381
23478
24232
20911
22768
22004
21855
20547
20991
22861
24574
20481
23196
22347
23681
23675
23133
24574
24061
21141
20560
23227
20481
21024
21950
22295
22381
22423
20481
22670
21465
21226
20846
22226
24448
23291
24574
21225
24510
24514
21419
22830
24075
20481
21673
21954
22707
21112
24483
24145
22895
23488
21963
23354
22633
22002
23309
23870
23055
22689
21789
23471
22444
24574
21236
23162
22505
22039
23420
24574
22504
22346
24361
24443
20481
22874
22254
23822
22017
20481
24574
23607
21948
20481
23099
24574
23799
22006
21299
21991
22837
20808
21671
22960
22728
22399
24574
23038
21617
24574
24332
23967
22193
22841
22447
21688
24574
24417
22866
22530
23448
23030
23586
24473
23630
22064
24528
22600
21765
21799
22568
23434
21530
20481
23187
21965
22444
23288
22444
23418
22945
21096
21053
23281
22036
22216
21017
20921
22570
23112
23512
22451
23153
24389
23162
22283
20481
23269
22004
22597
21525
22120
20481
21686
22318
20481
21952
20481
21873
22288
22908
21646
24081
21051
22459
23312
22286
21142
23035
21288
24189
23399
24143
22242
23461
21409
20751
22021
24574
22787
22174
23263
20481
21358
22888
21516
23511
22525
22018
21779
22459
23352
23533
20481
22710
24277
21322
24574
24574
22229
22015
21982
24562
20481
22451
23833
23162
23492
22702
23632
24145
23964
23212
22066
21734
23109
21690
22819
23923
21137
20481
20629
22180
22551
23478
23781
21671
23710
20481
22669
22858
20884
22912
22628
23754
24574
22594
20698
20481
20690
21085
23310
21631
21173
22560
23399
23920
23208
22387
22373
23156
21678
22789
22239
22943
22145
22712
22844
20481
24574
23258
21682
24351
22530
22251
22699
22496
23946
20879
22467
22190
24357
23720
23204
24221
22173
23108
22588
23377
21208
23474
22153
23126
21940
22964
22549
23901
24199
22632
23456
21765
22468
23588
22737
20481
22406
24313
22464
24184
21793
20878
20481
23909
22583
20917
22157
22507
21478
22122
22935
20928
21852
22189
21900
24555
22357
23849
23438
23960
21356
24574
21000
23306
21280
20481
21412
21869
20796
21145
22354
21614
23109
22230
24574
24500
20971
23579
21847
24556
22608
22979
22782
23312
23482
23018
20858
23874
21790
21561
22256
22015
20481
22575
21967
22366
22885
22027
22127
23666
21216
22125
24074
22883
23013
22500
23627
21281
21104
23223
23876
24503
24574
22618
22478
22671
21878
20589
22667
23196
23993
22249
22194
21702
23665
20929
23348
21938
20481
22136
22274
21811
23829
23237
23012
23343
20481
21616
22294
21815
22579
21532
23319
24574
21849
22971
23607
21889
24265
22702
24574
23054
20730
23173
22681
22542
23813
24024
22167
21897
21028
21256
22116
20662
23430
22448
22285
20862
23353
23463
23509
24574
20481
24284
23902
24574
23087
23814
24237
22743
23417
24223
21120
23623
20481
20481
23756
22017
21823
22682
21029
20672
24574
21599
22619
24574
22138
21422
23306
22526
22139
21910
20980
20481
23198
22989
23244
22575
21855
21522
21788
24434
23729
23162
23040
22101
20959
22475
22740
21497
23684
22713
24574
21769
21298
22724
23706
22927
23079
24167
22502
21177
22107
21109
23471
23701
22481
24495
24397
21237
22595
20517
22140
24574
23663
23834
21520
22898
23050
21517
21763
22867
24574
20654
22188
22442
23941
21524
20481
24110
23254
20483
20842
23016
24047
24253
20481
24574
21335
20866
22776
21746
24290
24574
22163
22610
21819
22484
21357
20481
22706
21573
24574
20657
22291
23550
20948
23061
23111
23296
23575
24574
22451
21556
21530
22721
22740
20481
23960
22428
23841
21240
20481
23007
20634
22408
22986
21548
23967
22463
22965
21358
21333
21388
23232
22818
23513
22225
22452
22241
23088
23773
21974
21621
23020
22544
21996
20481
20492
22611
23275
20481
21476
21410
23788
24574
23028
24484
22303
22630
24221
21963
20742
20908
23165
24421
23205
23242
22157
22028
22005
23295
23325
23839
20648
23845
24574
20481
21686
21930
23194
23714
24380
23773
20481
21047
21946
22215
22277
20549
23370
24008
22330
21300
24354
20945
23076
24515
22555
24574
20856
23617
22788
21440
22252
22634
24574
22557
20481
22637
20968
23649
23507
20481
22414
21767
23386
24574
23247
23344
22461
21608
24574
23791
22904
22042
21602
22183
23464
22046
20698
20481
24574
22152
23333
23186
24574
22698
22293
23474
21117
20481
22543
24574
21468
22333
21906
21780
24131
24397
23738
22108
22552
22135
23801
20725
21771
21718
22229
23138
21801
22324
21181
21492
21974
22523
22572
23187
20481
21689
23095
23644
21841
21874
24574
22647
23294
22297
22633
22155
23938
23446
22434
23203
22302
23648
21643
15378
17319
10933
16323
4816
8025
15799
13796
23819
6719
17227
1973
25760
24263
17063
23268
4560
9389
6348
26029
3860
19369
13799
16609
4270
8209
8239
5627
14047
22453
23246
1626
20493
9941
14051
17457
18377
2072
2436
8206
3631
8750
1736
26285
3653
6177
20419
13920
9472
1939
11942
22395
3044
25146
20893
20316
5111
12476
18383
17810
9210
23309
11692
16974
23482
17379
3813
785
2899
632
6453
5468
384
4830
7893
23098
19460
19995
24565
20305
14021
25104
17298
21399
3074
25191
14560
2820
11323
17146
6954
6389
7866
1198
24825
18375
25464
2979
16570
4008
10255
6783
17563
11052
26507
9748
15010
21910
16518
24093
16566
18378
3448
6407
9067
12844
14274
22225
5424
26526
8493
19673
19061
20314
6757
4525
23588
6969
901
22129
19510
25336
23934
4389
10248
13269
7623
14297
3176
4905
558
17405
5856
16382
20435
15611
16417
12740
13645
25850
18902
21601
12548
22590
5285
11659
16252
14548
18166
10344
7443
12033
20867
290
601
3546
10500
9334
14632
3338
23284
12919
18730
1291
4959
22715
11902
18685
16007
14718
13542
25632
18849
1759
11407
27114
26523
26689
25508
25000
27571
26255
26495
28670
27299
27616
26145
26270
27036
26402
27465
27009
26990
26912
28043
27415
24577
26983
27220
25501
24778
26392
26308
25600
24577
26727
27144
25865
25441
25432
26202
25726
27214
25839
28670
27258
26289
26292
27932
26460
25762
28614
27783
26229
28005
27819
27355
28568
28670
25247
27220
28670
25699
27160
24577
28224
25509
27562
27397
26045
24577
25180
26219
25123
26181
26667
27665
26187
26503
27508
26069
28130
25921
24714
26298
25950
24978
24577
27737
26083
28542
28670
26628
27149
24577
25905
26517
26451
28022
24577
26827
26002
26776
27837
28670
24577
28670
27641
25920
26087
24577
26921
25887
25593
28155
26244
27294
24577
28460
24577
25914
28378
25913
26823
28295
25085
28670
26343
24577
28670
28199
26540
26326
28516
25132
25022
25846
27239
27302
25408
27595
24800
24929
27943
26503
26427
27349
26847
26055
24577
25785
27152
26751
28670
28670
25496
26568
25473
26161
28039
28670
26817
28670
24867
25746
26904
25806
24601
26015
26752
24577
25963
25710
28670
25438
26984
24577
26294
26541
26333
28248
28670
27659
27613
25323
24887
27149
25635
24577
26010
28670
28547
27776
27138
26701
24577
24932
28670
27758
27951
26457
28183
25941
26069
27603
28172
25752
26406
24955
28191
26223
25322
28670
24577
28135
25247
28130
26057
25613
28023
25229
27093
25815
26260
28408
24577
26619
26435
27915
26516
27122
28124
26424
25059
25570
25051
27740
26570
26075
26231
25569
26938
26468
27117
28670
24744
27116
26323
26232
25508
24967
26870
27003
24577
26390
26657
27339
25682
24647
26250
26329
27677
25912
26313
26646
28317
28031
26585
26819
26705
26200
24577
25481
26206
25304
28538
28670
27099
25949
28565
27356
26014
25805
26536
27674
25742
27338
26973
26141
25086
27762
25065
25602
26746
28670
26492
25691
25484
24927
26920
25934
27947
25083
26533
26610
25566
26288
28670
25142
26187
27238
28431
27653
26918
26468
25907
25160
26657
28102
26610
26347
24577
26650
26035
25338
25401
27727
25450
27702
26597
25195
28184
26303
24920
26246
28411
28670
26365
24577
25749
27671
28298
28347
26665
26893
25613
27888
26683
28670
25570
26217
25935
26825
27902
28471
28280
25425
27080
27708
26974
25346
28543
27618
27296
28670
26241
26340
25486
24577
24873
26387
26564
25903
27382
25687
25759
28212
24577
28337
27215
25912
26384
27909
27405
26142
26993
26505
24577
28670
27280
26923
25508
25182
26621
24781
26904
25066
28639
26404
26666
26570
26003
26749
25435
24577
25929
25051
28092
27644
24577
27820
28247
25573
28427
26689
25336
25874
26444
26283
27040
26148
25058
25361
25072
26939
26107
27116
26183
26835
25451
25844
28554
28670
27863
27920
26718
25070
25046
26821
26540
24577
26060
26405
25181
28670
24999
27279
24577
28662
27185
26144
26885
25403
25624
25445
27449
27030
27235
24577
28670
27582
26086
26541
25192
24880
28222
26513
27102
27775
27668
27771
25921
26030
27523
27493
27345
27381
27680
24577
25147
24919
28058
25918
24577
25818
24913
26566
26257
28670
25452
27081
28670
24577
28072
27017
26696
28670
25601
28670
27385
25875
27615
24718
28605
28179
25166
24896
25741
26431
24577
28066
27423
27574
28670
28670
26046
27242
25479
24912
26785
26228
26740
26856
25402
26048
25639
25450
27410
27673
28670
26488
24577
25198
27450
27257
26530
25279
28489
25834
24577
24577
27690
26634
26224
27839
27158
28259
28248
27082
26476
25774
26078
25051
26422
25706
28199
27550
28670
27727
28464
25979
28670
26091
27358
27137
27531
28220
26935
26277
27447
25238
27517
25267
25945
25720
25825
24714
27910
28670
28092
26779
26398
26947
26932
25887
26956
27977
25266
26099
25173
25384
28651
26559
25745
27231
25150
26186
27117
25973
28198
24577
27983
26903
26397
27506
26330
25777
26602
26902
26974
27079
26000
28237
26531
24879
25837
26881
24577
28670
27783
25827
25132
27046
26407
28670
24612
25721
27154
28670
24942
25799
26078
27315
26371
27220
25288
27504
26271
24577
28080
25308
26451
28670
28505
26545
27588
24577
26857
25811
27717
28670
25327
28082
26568
25578
25795
27077
25130
28158
26802
26751
25860
27639
24577
27098
27533
25016
25908
26237
24908
25386
25337
28203
27710
25731
28652
28669
26452
27507
27084
28497
26110
26136
25892
25923
28433
26957
26144
24577
24752
24589
25248
27656
27036
26640
25720
27246
26275
27996
26385
26465
25715
25457
25292
28670
28670
26219
28604
26556
24577
26032
26758
25713
26472
27315
28276
26192
24577
26338
25508
26813
27556
27430
28670
24947
26114
24577
24577
26900
26245
25986
26560
26640
24577
27713
25985
27476
26426
26730
27664
24577
25290
27801
26026
27727
27708
27522
25260
26144
25731
25714
26109
28253
28348
26167
24577
28260
26034
28670
28480
27415
27458
28340
26387
25798
26465
25950
26048
26851
27819
27645
25085
25653
26487
27235
24719
28670
28670
25903
25913
27586
25192
28636
26627
26362
26536
26806
27752
26261
25646
28302
26195
24964
25983
26845
26416
28627
25333
27065
27713
26870
28670
25661
25689
24577
27557
24577
25379
25388
26393
26449
25577
26857
26303
27502
25720
26520
27231
28670
27351
27301
26600
26492
28017
25952
27534
26228
26206
28670
28670
27174
26790
27902
26928
25441
26288
24941
27393
27281
24746
25946
27473
27946
27242
25285
28376
26229
27243
27391
25174
28670
27134
26752
26674
28670
27639
26808
27304
25703
26883
25635
26063
28670
28670
27776
28670
24686
25102
26349
25088
28137
26217
27824
26196
27125
24629
25744
27323
24978
28263
26201
25116
25665
25515
28670
27287
27051
26277
28250
26646
24577
25393
26693
25848
25989
25570
27809
25538
26074
25865
27192
26774
24782
25637
27043
25275
27348
25921
25658
26993
25352
28345
25988
26863
25871
26686
28670
27971
24765
27270
24577
28670
27894
27716
24577
24934
27624
24577
25753
27185
26798
24577
26921
26629
26530
27213
26330
25300
26003
26539
26425
26607
26545
27109
26419
25880
26953
25538
26062
27070
26333
24985
26847
25549
27016
25889
26374
25837
25914
26606
24825
26154
28338
27586
27008
27797
24577
26351
28670
27800
24577
27207
27578
27195
26641
24577
25936
28467
27432
26149
28670
27353
27676
24577
27294
26169
28167
25916
27194
25899
26927
26413
26124
26245
27755
25070
24678
25464
25177
25548
25245
27445
25724
26765
25549
26019
27654
28670
27551
24625
26290
26579
27587
26886
25586
26787
27476
25933
28201
24577
27142
25993
28280
26217
25806
24577
27997
28670
25678
24577
27259
25613
26359
27068
25389
25355
25736
25702
26619
25166
26194
25066
27168
25473
28047
26744
24577
27591
24577
24996
26683
27162
28643
26382
27998
27629
26546
25713
26542
26148
25502
27615
28644
24986
27290
27629
26827
27898
28125
28670
28670
26027
28273
27353
25976
27734
26478
27527
28670
27640
24996
27720
26153
28287
27486
26373
26572
28442
25264
26217
28470
24577
24577
27085
25505
26422
27111
26556
26026
25617
25497
28670
27272
24577
25540
25641
26368
26612
28341
26351
27058
24945
24958
26110
27209
26717
28670
28512
27918
24577
25973
25198
28670
25555
28644
26989
27795
25867
27916
28380
25435
26990
24577
28069
27264
26402
27705
27546
24577
26546
28001
26133
27352
26456
28670
26013
27095
25949
27371
27451
26244
27398
28670
26435
25986
26571
26994
26318
25863
24577
26518
26080
27460
27865
27982
27203
24577
24577
27304
27329
24577
26742
27888
28670
26937
28123
24577
24577
27845
27559
24577
26799
28245
26900
26476
26767
24923
28670
28397
27472
27724
28670
27835
25694
24986
27194
28116
27311
25771
26791
25444
28670
26296
26575
26147
26212
25157
27510
28670
28204
25218
25497
26534
26996
25999
26464
27686
28022
27285
24577
27070
28670
25114
27135
27339
27513
25196
26227
26826
27460
26102
27493
27390
25477
27534
27754
25051
28388
26022
25451
26524
26020
26440
26566
27634
27533
27036
28128
25713
26495
25835
26899
26648
28602
26278
26145
24638
25724
28010
27104
25524
25066
25427
28349
25070
27573
27367
26313
27958
28651
25958
28188
28670
26552
26099
26592
26247
28293
24666
24582
26804
25536
25436
26954
26704
25784
26122
27843
28048
26614
26860
25353
26469
25636
26415
26228
24719
26956
28409
26132
27709
25657
26024
25842
24947
26068
27657
28444
24577
28130
25826
25522
26471
27821
25951
28355
25139
25569
27097
26231
28644
4385
11337
20887
4468
10071
6398
16485
4791
19526
8727
12268
2057
4915
14435
6475
17340
5441
21255
5143
15507
22445
13221
1470
3886
9698
14365
18979
21668
12499
17767
18253
16567
20340
8979
18944
20714
21220
12354
2837
8179
13790
7316
7540
4951
18854
14016
9791
11838
13156
6202
12006
7108
12963
5796
2820
2807
21553
9102
7605
13731
21374
18386
7246
22148
17447
17565
13070
1724
8605
3327
4157
16594
15016
18909
2391
14760
18342
16774
19670
12810
15169
9988
9660
5530
9965
499
9085
16478
9084
1588
20535
6944
16312
16261
19069
5412
11003
12515
14456
7420
19244
15575
11700
4919
2258
5752
13959
12466
9082
3781
7657
10920
21666
2577
14800
20569
808
11724
15630
11477
11032
4098
14765
14052
10557
337
3067
10769
19043
13173
6157
13495
19340
8373
17897
19871
16833
12396
1548
2444
3957
15274
19139
3823
20615
7438
24574
22880
22039
21541
21771
23755
22993
23728
22926
24574
22173
22922
23949
22458
23463
23329
23575
22818
20716
21755
21342
20834
21374
21714
23555
20481
21494
23406
21784
20481
23299
22001
21376
24452
22791
20977
22145
21116
20481
23422
20481
21347
21482
21377
22187
23907
23719
21562
20740
24340
22442
23985
23798
20921
21781
22494
21700
23261
23083
23666
21944
24242
24401
22024
20714
22830
21143
22640
22541
22033
21929
20933
21930
23679
24277
22109
21165
22585
23951
20721
21752
23950
22856
22506
22887
23538
23061
21819
21453
22554
22737
22777
23840
22031
22041
21877
21497
22929
23122
20481
21106
23612
22559
24574
22624
23407
23381
21511
23019
21802
22146
22926
22945
21354
23738
21933
21954
23409
20812
20871
23110
24574
23626
24317
23057
22553
23075
22649
22349
24574
23316
23277
21916
24386
23530
24214
23143
23503
24096
24574
22559
22565
24482
24574
23866
22760
22798
23887
24574
21182
22310
21601
22861
23722
20984
24044
21666
21914
20481
21992
21859
21444
20481
24358
23372
20612
23569
22494
24089
22637
21453
23432
22400
23369
21150
22920
23404
23435
22397
23348
20579
22071
22574
22262
21506
23053
21824
21712
24574
21570
21363
22351
23661
22776
22895
20481
21826
22512
21996
23493
22318
22725
21499
21414
22054
21895
22026
21289
21565
22024
23232
22634
23095
24080
22392
23364
22957
21088
22344
20481
22999
23525
23818
21458
23435
22553
21733
23660
23198
20481
22932
21490
22486
24574
20758
24574
22269
23177
23688
23603
22617
24574
23027
21772
22811
22937
20481
22571
22944
22710
23157
23633
22004
22984
21501
22239
24034
22407
22160
21284
20481
21873
24574
24524
23833
22044
22943
21243
22816
22886
23527
24521
22795
23180
22991
23159
23210
23407
21505
21948
24221
22785
22868
22177
23450
22165
23103
23713
23458
22245
22193
20597
21896
23751
20481
22509
21358
21927
21663
22812
24296
23292
20898
24574
23067
22022
22762
24574
23619
22672
21573
22839
24029
23021
21244
20481
23431
23706
23976
23030
21119
21453
24380
22102
22953
22273
20481
22773
22072
24192
23892
22208
23143
22329
22793
22930
22658
22312
22457
23037
21789
22109
20481
20481
20481
20481
23257
22071
23729
21662
22564
24574
23863
21584
23218
23327
20481
24574
22173
22021
24260
23804
21882
21539
20481
20767
22361
22542
20484
21860
21493
22133
22744
21310
23230
22730
22530
22356
22994
24574
23261
23769
21267
24574
21359
20775
22827
21160
21156
23865
22475
23715
22235
23143
23953
21986
22838
23955
21416
21645
22819
22561
22253
22597
23606
21636
20567
21926
22568
21856
23180
22808
23589
20481
22054
20605
20858
20481
22283
22458
20481
24574
23164
22112
24551
23416
21712
20616
23182
22380
21300
23484
20481
22474
21607
21134
22824
20816
23905
21446
23664
23793
20940
21960
22031
24574
21792
24208
21500
22337
24574
21838
21321
23570
21178
21563
21583
24574
23023
21348
21706
21982
22199
20481
23256
24073
22680
23455
22247
23261
24554
20553
23896
22097
21218
24574
23493
22661
21408
23641
21094
20481
23528
21824
21840
24574
20481
24158
21834
23994
23826
21250
24574
22940
23123
22010
22872
20643
23379
22972
22788
20853
23607
23811
20481
20481
22478
22781
24102
22707
24435
23763
24574
23298
23280
22168
21777
23670
21501
23281
21833
22945
21809
22390
22321
22122
24574
22966
21625
24271
22448
21566
22514
23065
22421
20481
20481
22069
21837
22392
23870
24266
24574
21652
22102
20481
22454
23767
23008
23702
20710
22706
21489
22948
21336
20481
21873
24574
23539
24289
20542
23514
20481
22155
23317
23368
23919
20663
21607
21607
22894
23243
22540
21371
23886
21352
21170
20743
24408
23212
24574
23483
22860
22296
24574
23366
23227
22219
22421
23587
22017
24207
22425
23483
22036
22530
20841
22251
21110
24574
22440
23429
23003
21716
23058
21663
21755
22611
21773
21677
22353
21463
21815
23988
22950
23668
23845
23256
24574
22085
24320
21996
23969
23924
20481
23691
22762
20481
23356
20553
21811
23070
23325
23829
22537
24574
21324
24574
22195
24574
23642
22607
22559
21678
21919
22940
22389
22871
23860
23596
22428
21721
20860
23069
23350
21412
23591
22219
24574
24428
23654
23285
24574
23411
23105
24574
22016
22894
21327
21956
21194
23540
23717
23295
20481
22324
23967
24464
23014
23838
22506
22721
23119
22888
21380
20691
22678
22681
23308
21773
22424
22974
23827
20481
24241
24321
22979
24224
22434
23106
23840
24574
23130
24463
20535
22013
24574
24574
21994
23149
23205
20481
22819
21245
20794
22059
23040
24505
20481
22345
21823
22715
22059
20785
23223
20590
21116
24574
21135
20827
23052
23323
23910
21329
22938
22732
20481
24574
22444
22832
22310
22604
21663
24355
22320
20481
22447
21125
23912
21000
23047
24574
23428
23103
24574
21101
22608
23425
21221
23243
22297
22015
22936
22729
23894
21743
24224
21645
23986
22218
22903
22720
20481
21692
21972
23950
24349
20481
23768
22101
21408
21080
23515
23805
23456
21169
23547
22887
23984
22293
21591
22949
21836
21590
22949
21862
24574
22995
22922
22298
22408
22258
22040
21535
21576
23069
23514
22028
22693
21826
22210
22587
22068
24408
21380
23651
23356
21077
24574
23412
21013
20836
21331
20650
20930
20481
21383
22725
21908
22302
22744
22261
23223
21068
22856
22582
23458
22998
22461
22046
21351
23016
22409
22699
20634
22176
22139
23090
22552
23732
21566
20529
22388
22040
21507
24084
22699
23099
22649
23926
21330
22165
24015
22047
24212
21643
22370
23412
23453
21719
22368
22396
22036
24007
23847
24290
22976
21932
20647
20481
21563
24574
22563
22402
21124
22720
22165
23908
22129
20586
21295
23188
20481
21818
21570
21877
21434
21204
21780
24468
21947
23917
24471
21727
20581
22673
23175
22862
24574
24268
23718
24574
22934
22606
24179
20793
21797
24574
23403
23774
22872
23478
22895
22276
21698
21572
21525
23025
22806
23808
22716
23987
23369
21353
22652
21950
22104
22484
23873
21120
22365
23872
22573
22555
22286
21466
23168
20904
23441
22445
22931
23977
22050
20738
20778
22542
21271
21554
24080
22230
24254
21631
21676
22710
23127
22797
23365
22908
23451
21166
24032
23306
21871
23953
24574
23095
23842
21781
22929
24044
22771
24515
20687
21719
21728
23228
24503
21208
23116
21154
24144
22154
23294
24564
22849
23282
21578
24506
23024
22996
21292
21722
22014
23810
21798
24574
20481
24574
20636
23943
22747
22441
23907
23674
22799
21823
23363
21513
22216
22510
20846
21944
24574
24574
22896
24233
20481
21338
21244
20518
22195
22624
23698
23159
20481
22818
22120
21204
23931
22232
23633
20807
24574
21596
21928
24385
24225
21098
22136
22371
22423
23055
22157
21840
21653
24496
22406
22391
20707
21910
24574
23402
21199
20481
22704
23336
22831
22132
23039
23243
22082
22023
22932
21084
22559
22969
23656
22254
21967
22453
23590
22448
22475
22888
21918
22388
21918
20854
22940
22527
21494
24574
20948
21847
21899
22560
20561
20481
22854
21060
23424
23176
22037
22821
24148
20900
24574
22326
22268
20481
24574
22515
23109
23299
21831
23098
23663
21513
22599
21613
22123
22392
24513
21840
20629
23241
23604
22582
23988
20656
22444
22590
21658
24574
23218
22422
23243
20481
21621
22041
22170
21063
21570
22881
22642
23179
21988
22799
21929
22981
23491
21306
22139
23983
23069
22041
21836
22212
21547
22524
22675
22185
22350
21732
21689
23241
24574
20910
22260
22428
21585
24574
22593
22783
21945
22863
22774
22674
21754
22190
23230
22359
21831
22606
21082
21074
20481
20481
23662
23722
23986
24430
22658
20481
22636
22481
23838
20481
23001
23249
21938
23873
23023
20911
23240
24574
23758
24333
22661
20583
22104
24574
21879
22452
22539
24429
22644
24574
23041
23361
22327
22546
24574
20707
21888
23506
23012
24574
21111
22890
20481
21328
22274
22473
20700
22882
22349
22119
24427
20851
22149
23447
23713
23483
20481
22832
23305
22861
21927
24141
23401
20584
22039
21805
24143
23045
24574
23009
24574
22795
21753
23252
22377
21224
22742
21927
22933
20736
22438
23194
24384
22137
23318
22227
23025
24516
22368
21554
24574
21396
20481
24357
22447
22044
22341
20481
21808
21751
22981
22291
21319
24526
21469
23356
24173
24574
22320
23624
24574
21007
21891
22378
24181
22415
22425
22612
22140
24574
22165
21508
21289
23413
24100
23397
22018
22070
22526
23723
24100
23715
22232
24574
24552
22468
21289
20862
22388
23939
23865
21325
24083
21610
22902
24574
23342
24227
22268
24019
20950
24159
22924
21824
23282
23695
23440
21553
22750
21273
22451
22733
24155
21557
21722
23223
24050
22335
20481
22594
21514
22069
22640
22111
23632
24044
23126
23441
21618
23958
21701
22345
20481
22682
21615
22972
22454
23780
21900
20995
21878
22173
24436
24574
22493
23292
23580
21785
23004
24574
20761
23213
22128
23838
20481
23148
22901
24064
21859
20939
20826
24574
22440
23073
20481
21895
24574
21777
24071
22117
22354
22446
22743
21783
22645
21975
22533
21341
24078
24530
22115
20481
21312
23094
23049
20913
23767
21927
23538
24414
22515
24574
22440
22476
22702
21051
21608
23409
21973
21743
23417
24116
21311
22828
24214
20481
23833
22137
23305
21583
21123
22088
22553
21791
23143
20481
22451
21492
24574
20884
21650
22978
23399
21605
21323
24479
21518
22255
24229
23918
21597
23086
21315
23552
21848
24574
22084
21484
22361
23407
20481
24357
22332
22608
21813
23633
20965
22273
21488
21639
21729
21649
23820
23779
20481
22820
23588
21049
20964
20485
22810
21405
21448
21857
21918
20519
24343
22722
23582
23097
22015
22677
24415
20481
21173
22915
21720
23613
21409
22542
22160
22978
22681
23221
20906
21701
21015
22366
21717
23469
22748
21332
24574
20742
24574
23123
23849
21030
22486
22524
24393
24443
21720
24361
22591
22746
20744
22778
23291
22593
21954
22806
22547
21982
23172
23100
21603
20685
22699
24450
21942
23590
20481
22450
22697
20481
22280
22558
22125
23530
22327
24574
22618
20481
22286
22648
21636
22629
21289
21861
23594
21195
23731
21048
21499
21504
22605
24574
21060
22165
22985
23419
21921
24229
22025
20845
20481
24525
23425
21922
21038
22148
22621
21487
20481
20991
23004
23927
21398
23123
21251
22292
24084
22131
21158
22847
21201
24574
23934
23261
20481
21617
22543
22725
22509
20481
22264
22397
22476
22903
23716
20481
24574
23690
21484
23332
21507
23033
24101
21651
21093
20938
21248
22450
23379
23863
20726
22612
21746
22017
23145
23254
20653
22217
22973
24409
24195
21985
24574
23893
22955
23918
24049
22465
22530
22581
22443
21483
21371
20481
22147
24094
23794
23624
22339
20481
21860
23772
21089
23870
21850
20481
22120
20481
24016
22969
22960
23377
23033
20930
22595
23232
24379
23702
24271
23068
22847
24566
20481
20481
22236
21580
22492
21114
21715
22479
22364
23455
21792
20952
24574
21373
22570
22423
20481
21327
23730
22344
22520
21157
21078
22383
21445
21892
23587
20844
21582
22951
21797
21042
20969
22964
22593
20882
24543
22089
24322
21023
23113
21698
24174
20481
24330
22548
21704
22120
20481
22094
20481
22457
23549
22149
23317
22375
22115
23922
21385
21560
23517
22945
23985
22675
22027
22091
24322
20481
23354
23502
21852
24165
20481
24280
22262
21237
24083
20816
23399
22266
22184
21269
21552
24092
24574
23508
22794
22977
21782
21892
22103
24574
22895
23467
22611
22313
24146
21762
21570
24184
21038
22679
21039
22955
21730
24111
23755
23298
22552
23480
20728
23218
22929
22284
22131
23805
21106
23621
22908
21744
20673
20481
22941
21583
21197
22520
23883
24574
23769
20788
22313
22203
22447
23085
21169
22865
22823
22592
23320
22664
20481
22732
20890
24574
23824
22035
22355
20481
21296
24574
20885
21290
21841
23704
22022
22779
22142
23387
23409
22687
20481
21735
23920
22113
20490
22760
21901
24013
22480
24574
22841
21761
21905
23826
20708
23343
23206
24574
23932
21156
21829
24352
22869
22129
20884
24339
23396
21149
23483
22319
23353
24115
21394
21944
22437
23578
22235
23674
21906
20958
23915
24574
24574
22220
21820
21701
23679
23246
21101
20500
21755
23381
22825
23497
23444
22328
20481
23345
21926
20806
23375
21645
24458
20481
21249
22927
20878
24324
22427
21636
20842
22170
21675
23257
22061
22917
23216
22143
22602
23016
20732
21289
22113
20481
22632
22912
20563
23844
22529
22188
23730
23662
23226
20895
20603
24095
22867
21979
22582
22869
22531
21007
23021
21957
22434
21027
23216
22851
24316
22017
20481
21077
23855
23567
22683
24574
21472
22512
22669
23880
21529
22982
22466
22251
22127
20481
21601
23491
23384
22887
23103
22899
23655
21773
20677
23443
23852
24574
21903
21577
24574
21251
20481
24181
23454
23976
23870
24574
24574
23891
21652
22607
24574
21973
23065
20517
21862
22254
23124
22979
20558
5597
20066
7417
9211
8673
10325
20790
25395
2705
2231
22419
1256
16788
20449
7324
13317
25199
5470
23467
185
21341
24826
24524
26239
24268
14873
24569
17299
14477
23050
10753
7354
5801
6418
13041
18190
25350
16138
10678
25952
6108
22473
638
22128
17485
18927
11467
8667
3451
12878
11842
16605
9124
15073
17619
14875
14265
23613
1585
15748
6417
10029
24149
20525
8144
22155
9077
14396
4720
17892
21731
15436
13045
14352
8002
18300
8297
25
26549
7604
12392
10854
17098
4830
48
9272
10993
1117
12841
8460
13748
8537
5670
15568
998
8603
1624
3878
10511
20379
5080
3096
19570
23841
4921
7083
20022
11408
993
24500
21640
14980
19799
1371
7552
13707
4690
540
1151
2436
15985
18423
11752
3980
21047
18208
22919
490
7434
14005
17146
18045
17546
6969
12912
16431
12944
17317
19774
16447
3205
11912
24303
19156
5693
16438
15181
3983
21064
10640
15289
4034
17968
23708
16911
15136
15117
21821
16702
13341
22862
7269
19857
3148
20388
7663
17215
17793
26317
24192
6088
1412
10702
7066
19833
23499
11376
12556
8576
16261
10876
8995
15440
24741
556
15171
16754
3781
5676
19576
18739
24543
5288
8191
151
26607
18984
13545
17290
11478
9122
1084
10348
8295
166
4654
13562
9229
26521
7000
14373
7365
7589
23413
18259
5393
327
14385
16856
14671
5972
10332
13971
17161

