14204
14052
13913
13966
13986
14809
15093
14491
14591
13902
14776
14098
14076
14567
14302
14625
14362
14547
14540
14483
13913
14302
14524
13870
14895
14936
14461
14880
13700
14519
14897
13905
14036
14747
14136
13798
15049
14353
14605
13901
14643
14123
14261
13871
14909
14110
13857
14003
14611
14472
14494
14142
14201
13710
14003
14589
15138
14780
14181
14380
13937
14016
15067
14013
13970
13983
14517
13767
14123
14118
14342
14001
14883
14725
15092
14422
14255
14917
14180
14179
14743
14363
14114
14111
14149
13995
13262
14645
14571
14301
14757
14474
13946
14202
15117
14614
13758
14828
14435
14504
13921
14143
13571
13518
13636
14850
14478
14311
14557
14101
14386
13572
14089
14424
14358
14165
14662
13899
14103
14358
14191
14588
14260
13545
14433
14504
14084
14629
13962
14502
14178
13630
14464
15241
14630
14497
13408
14678
14477
14601
13575
14340
14717
14368
14833
14728
14170
14235
14290
14430
14335
14270
14905
14760
15055
14632
14235
14734
14628
13726
14566
14122
14941
14509
14533
14538
13899
15280
14621
14189
14060
13973
14057
14703
14424
14825
14330
14054
14522
14707
13686
13862
14327
13960
14600
14140
15184
14068
14257
14384
14948
15278
14045
13985
14338
14207
14525
13979
14785
14429
14486
13827
14878
14375
14342
14414
14647
14732
14194
14133
13891
13889
13846
14439
14794
14954
13558
13848
14010
14613
14613
14254
14660
14024
14110
14563
14134
14398
13879
15066
14410
14689
14786
14836
14132
14320
14723
14054
14127
15109
14023
14345
14465
14387
14372
14417
14138
14124
14203
14512
14725
14552
14128
14479
14658
14387
14542
13845
13263
14393
14203
13917
14686
14313
13810
14962
14483
14252
14645
14925
14767
15177
14076
14109
14366
14434
14466
14212
14113
14757
13867
13805
14172
14589
14237
14334
14441
14898
14278
14632
14650
14037
14162
14327
14096
14457
14869
14325
14084
14504
14702
14302
13916
13974
14507
14934
13643
14728
14080
13866
13494
14679
13355
14557
14444
14519
14983
14209
14466
14391
13978
14602
14513
14356
13810
14497
14413
14020
14212
14415
14220
14024
13861
15037
13912
14782
14181
14073
13826
14209
13575
14695
14509
13862
14669
14564
14248
14128
13813
14670
14693
13566
14059
14273
13591
14328
14390
14757
14670
14495
14290
14338
14587
14668
13876
14616
13399
14191
14237
14970
14043
14501
14647
14820
14166
14364
13662
14626
14322
14300
14835
13759
14239
13999
13916
14662
14390
15464
14688
14311
14712
14637
12970
14285
14307
15546
13734
14275
14059
13825
14014
14517
14479
15242
13815
14413
13786
14263
14693
14206
14514
14657
14603
15001
14237
14376
13993
14295
14211
14257
14335
14873
14309
13807
14263
14533
14639
14621
14498
14465
14455
14182
14256
14684
14194
15295
14773
14476
14225
14775
14151
14658
14751
14694
14791
14326
13947
14123
14413
14028
13782
13910
14698
14169
14187
14027
14783
14039
14077
14097
13893
14610
14532
14429
14371
14459
14551
14767
14576
13172
14571
14723
14318
14832
14215
14371
13722
14748
13987
13995
14628
14149
13775
14646
13958
14179
13863
14661
14786
14137
14010
14683
14705
14016
13967
13962
15062
14550
14353
13580
13787
14431
14614
13910
14643
14005
14026
14425
13899
13536
15296
14400
13625
14475
14957
8375
21550
14326
16556
10865
2023
10208
10080
16160
19129
1875
16533
2391
17866
16799
20206
21309
9042
481
14783
21804
8334
5125
9481
1318
9909
7708
155
7183
7644
4386
2126
11464
7206
2155
15192
16311
4964
11723
7743
6752
6746
13788
14751
16395
19045
13052
8834
10230
17068
16428
12750
16739
18226
11721
20073
9934
22710
22095
21739
23008
22395
23256
22612
22215
22429
22530
22741
22095
22606
22067
22751
22593
23285
22817
22479
21971
22059
22916
22714
22440
22416
22975
22891
22080
23044
22827
22712
22505
22646
21990
22206
22160
22653
22986
23432
22412
22076
22769
22524
22559
23229
22841
22264
22920
22365
22084
23415
22739
22532
22551
23123
22600
22484
22872
22646
22744
22079
22251
23133
22752
22252
23159
22710
22664
23021
23006
22036
22831
21982
22650
22534
22632
22942
22249
22631
21721
22072
22300
23000
23170
22081
21337
22693
21596
22747
22912
23223
22675
22073
22707
22595
21990
22701
22543
22420
23193
22120
21996
22870
22701
21670
22519
21717
22941
22660
21771
22272
22954
21732
22762
22716
22616
22329
21940
22960
22383
22238
22850
22680
22251
21996
22980
22446
23052
22388
22827
22700
22453
22477
22276
22119
22341
21982
23049
21742
22144
21683
22317
22153
23160
21934
22816
22435
23140
21896
22550
22363
23335
23174
22959
22157
21297
22455
22404
22600
22583
23179
22862
22439
21911
23029
22470
22546
21790
22595
23026
22374
22131
23150
22457
22501
23103
22541
22540
22503
22514
21996
22330
22855
23215
22242
21931
22809
22059
22679
22120
22970
22558
22682
22896
22527
22351
22637
22424
22737
22622
23172
22574
22976
22293
22076
22308
22380
22770
22558
22279
22333
22999
22802
23473
22624
22377
22165
23332
23011
22422
22857
22434
22324
22395
22694
22958
22138
22252
21768
22766
22846
22693
22282
22820
22509
21786
22516
23007
22521
22299
22841
22408
22345
22564
23032
23080
22740
22315
22782
22077
22276
22381
21825
23472
22339
22614
22762
22889
21948
22301
22723
22503
22127
22587
22709
22044
22673
22799
22436
21953
22280
22847
21998
22426
22191
22940
23116
22696
22668
22490
22824
22870
22196
22053
22043
22320
21851
22775
22493
22261
22463
21823
22658
22783
22431
22502
23125
22068
22136
22534
22577
21853
22225
22398
22399
23491
22766
22312
21882
23404
22954
23026
22659
22831
22624
22325
22097
22285
22807
22719
21566
21637
22056
22782
22797
22897
22446
22209
21957
22243
22127
22256
22507
22347
22421
22432
22868
22501
23213
22231
22815
22160
22483
22529
22810
22478
22562
22589
22644
22434
21776
22684
22657
22634
22403
22250
22569
22220
22459
22623
22799
22010
21554
22022
22962
22182
22038
21925
22302
22279
21745
21695
22114
22616
22277
22565
22262
22881
22336
22598
21674
22097
22742
22253
23052
22880
22223
22487
22852
22882
22297
22616
23301
22902
22513
23381
22530
22789
22389
22513
22543
21910
22233
22671
22350
22907
22946
22528
22674
22100
22491
22620
22819
22467
22169
22284
22655
22885
22150
22193
22335
22416
22624
22336
22593
22835
22529
22711
22451
23007
22643
22819
22131
22163
22883
22807
22634
23219
22813
22146
23172
22549
22205
22464
22422
22439
22622
22552
22249
22428
22377
22798
21758
22565
22917
22257
22201
22565
22747
21767
22362
22658
22487
22330
22979
22533
22409
22809
23399
22293
22522
22300
23187
22704
22381
23123
22868
22829
22297
22786
22760
23213
22231
22512
22286
23582
21885
22364
21945
22703
22326
23043
22948
22680
23255
22897
22924
22045
22599
22591
22621
22271
22243
22167
22178
22676
22740
22835
21989
23126
22603
22194
22396
22429
22486
22238
22251
21712
22650
22809
22508
22331
22257
22057
23736
22171
21851
22492
22718
21880
21962
22350
22893
22464
22969
22077
22935
22451
22525
23019
22746
22026
22875
22668
22513
21204
22212
21367
22741
22399
23107
22279
22138
22098
22377
21286
21540
22459
22209
22716
22860
23097
22603
21911
22083
23603
22528
22617
22166
22606
22484
22045
23157
22542
22975
22456
22999
22661
22488
22327
22261
22939
22754
22417
22387
22334
22947
22924
22741
22601
22515
22677
23539
22157
22997
23093
23347
22202
22731
22281
22571
22675
21618
22909
22645
22730
22610
22242
22893
22035
22097
22425
22030
22352
22638
21904
22725
21868
22367
22591
21882
22939
22146
22563
22621
22753
22892
22937
22549
22078
21941
22460
22670
22713
22546
22229
22702
22836
22262
22902
22326
22963
22465
23012
22584
23421
22620
21833
22064
22868
22905
23021
22620
22406
22772
22869
22460
22470
22208
22562
22277
23095
22612
22065
22444
22103
22197
22219
22413
22436
22156
21321
22858
22261
21950
22782
22622
23236
22861
22447
22592
22077
22940
22995
22628
22108
22943
22170
22337
22474
22632
21786
22585
22699
22400
22712
22256
22813
23617
22246
21996
22224
22362
22142
22301
22028
22368
22304
22478
22469
22151
22733
22471
22878
22134
22151
23400
22240
21977
22348
22311
22668
22238
21773
22892
22020
22456
22929
22739
22660
22463
21586
22726
23128
22103
22662
22532
22024
22129
22296
22293
22263
21980
22388
22941
22562
22271
22973
22664
22879
22546
21928
23159
22555
22713
22348
22402
22660
21751
22234
22217
22088
21498
22876
22716
22202
22882
22745
22431
21830
22886
22079
22980
22872
21875
21809
22395
22901
23023
21809
22628
22886
23089
22585
23009
23074
23051
22031
22556
22417
22789
21816
22464
22841
21981
22008
21940
21882
22009
21872
22916
22415
22604
22495
22647
22506
23170
23282
22534
22505
22899
22576
22503
22817
23002
22848
22549
22342
22245
22345
22923
22910
22468
22961
22405
21955
22388
22562
22545
23107
21885
22545
21933
22632
21276
22115
22984
22771
22902
22764
22573
22475
21966
22972
22524
22019
22948
22329
22766
21802
22924
22802
22348
22258
22081
23130
22918
21917
22554
22686
22034
22203
22240
22477
22370
22990
22682
22876
22829
22336
21957
23002
22462
22750
22070
22854
22193
21566
22326
22789
22242
23422
22567
22660
22912
22717
22450
22483
22355
22755
22022
22395
22669
22999
22395
22873
23160
22899
21765
22459
22554
22403
22297
21784
22058
22757
22407
22491
22332
22005
22674
22105
21995
22660
22845
21976
22614
22413
22603
22528
22270
22223
22396
22580
23306
23077
21889
22389
23303
23664
22611
21916
22497
22791
22780
22334
22503
23253
22172
22445
22181
22573
22893
22248
22703
22025
22182
21532
22602
21973
22918
22677
22096
23081
22325
22920
22330
22864
22388
21917
22603
22087
23104
22343
22741
22947
22344
22678
22630
22315
22685
23055
23111
21496
22746
22436
22516
22936
22346
22044
22271
22896
21921
22636
23273
22907
22742
22529
22545
22078
22709
22761
22092
22202
22511
23268
22082
16775
15137
3083
17191
3279
17025
2677
14244
17548
11388
16693
14244
3308
10725
16255
8412
13561
4012
17018
5833
1872
10380
9687
1247
10798
13773
8044
6864
858
18232
16203
13412
14537
10460
4686
7141
9591
5380
13945
9490
14861
18409
17293
13754
14273
7485
17752
1230
10270
4426
13428
1670
12865
290
1451
11712
9004
17662
8071
12934
9114
226
7146
6168
1781
15151
13322
7798
13739
16236
12269
8389
2239
7859
7874
6874
10434
13152
11225
18354
8467
5876
4332
4209
10359
17693
5230
2262
7131
6942
16425
16752
10362
900
4029
5358
14171
10584
3839
4536
3735
6025
9009
13210
15839
7695
13902
6220
15542
5745
6418
18853
18063
18119
18590
17861
17665
18482
18394
17739
19025
18724
17712
18976
18395
18430
18268
18071
18163
17762
18196
17923
18100
17950
17779
18053
18063
18262
18322
18497
17978
17963
18097
18536
17260
18291
18363
18728
18698
17752
17895
18416
17824
18038
18241
18244
18344
18759
18772
18053
18906
18447
18308
18555
17821
18129
18356
18004
18150
18620
18659
18781
18908
18398
18341
18986
18367
17429
18490
18322
19219
18586
18404
18418
18297
18683
18287
19241
18012
17942
18266
17627
17936
18289
18075
18303
18139
18563
18545
18008
17499
18213
17894
18598
18512
18430
18927
18779
18383
18151
17919
17981
18146
18642
18559
19262
19025
18477
18015
18407
19004
18792
18783
17708
18357
18303
19074
18368
18752
18314
18167
18469
17860
18273
18924
18512
18345
18697
18727
18429
18343
18764
19128
17743
18570
18594
18241
19012
18268
17858
17728
18206
18921
19226
18302
18336
18241
18456
18388
18116
17876
18722
18077
18522
18062
18300
17996
18433
18366
18485
18517
18129
18335
18572
18801
18443
18035
18107
18578
18289
19024
18578
18127
19168
18538
18137
18358
18176
18827
18067
18720
18564
17730
19243
18609
18510
18164
18651
18472
18379
18385
18437
17840
18902
17988
18250
18950
18744
18755
19420
18069
18412
18607
18410
18005
17850
18593
18321
17979
18665
17726
18571
18332
19234
18776
19077
18652
18697
18699
18395
18659
18383
18444
18391
18010
18725
18427
18435
19096
19127
18036
18192
18537
18699
17936
18890
18000
18489
18846
17957
18461
18498
18365
18534
18102
18007
18613
18358
18404
18653
18458
18969
18400
18481
19076
18464
18947
18860
18138
17938
17939
18724
18796
18407
18095
18348
18903
18261
17604
17854
19027
18847
18054
18679
18390
17971
19031
18251
18307
18771
18132
18487
18021
18092
18463
18774
18150
18161
18680
18008
18900
18829
18406
18968
19118
18187
18222
18588
19030
18512
18551
17919
18649
18264
18333
19293
18680
19299
18199
17532
18687
18258
18928
18850
17973
18082
18537
18769
18180
18029
17863
18710
17872
18608
17965
18192
17856
18491
18625
18320
18310
18920
18675
18210
18067
18552
18510
18215
18246
18682
18719
18083
18254
18777
18107
18352
18236
17912
17936
18449
18239
18846
18012
19164
18676
18673
18319
18219
19578
18457
17866
18694
18741
18087
18365
18400
18158
19393
18265
18409
18580
18686
18553
18345
18039
18320
18325
17803
18194
18589
18819
18334
18141
18353
18751
18414
18195
18540
18047
18849
18887
18768
18971
18228
18710
18409
18581
18154
17680
18122
18468
18067
18544
18564
17972
18794
18472
18535
18783
18711
18328
17847
18576
18715
18559
19170
18718
18625
18820
19005
18535
18033
19266
18221
18859
18161
18262
18368
18152
18383
18773
18581
18601
18440
18377
18265
18952
17982
18541
18230
17597
18374
18701
17623
18687
19107
18355
17765
18404
18506
18561
18915
17848
18220
18604
17910
18176
18586
18331
18816
18034
19468
18318
18958
18231
17779
19128
18051
18692
18467
18341
18442
18103
17272
18462
18154
18866
18061
18645
18266
18384
18484
18323
18101
17914
18125
18406
19263
17947
19168
19283
18502
18165
18257
18706
18440
18752
4582
3432
6047
2903
2228
1142
2179
698
1972
4391
2524
5570
6013
3767
3693
2142
4793
1700
5996
1809
5375
2805
5387
5077
3230
1173
2050
5598
4744
5093
2131
2848
5901
5798
112
4008
2517
2523
2992
691
336
3599
4890
2107
5071
929
1195
4275
3901
259
4227
4079
3561
1260
5133
6456
5793
5771
5676
6104
6391
6257
6077
6131
6051
6816
6235
6654
6588
6096
5875
6747
5661
6308
6070
5845
6721
5893
6495
6082
5549
5988
6644
6050
6220
6104
6094
5977
6445
6458
6471
5443
6798
5966
6646
5965
6493
6043
6009
5799
5780
5875
5503
6025
5201
6783
5660
6095
5770
5840
6368
6045
6148
6487
6026
5898
5671
5519
6223
6405
6355
6030
6218
6784
6472
6278
6755
5882
6101
6744
6034
6368
5773
6473
6095
5442
5802
6597
6770
5965
6459
6229
5942
6442
5651
6546
6324
6108
6138
6834
5990
6118
6153
6209
6174
6844
5940
6217
6290
5835
6103
6737
6276
7110
6716
5867
6346
5501
5331
6417
6314
6538
6014
6403
5552
6560
6199
6761
5969
6350
6556
6283
6209
6913
6345
5920
6359
6365
6311
6726
6118
6084
5281
6022
5796
6115
6306
5785
6101
6459
6641
5999
6790
6387
6400
6270
6341
6305
5752
5889
6533
6269
5918
6191
6632
6049
6453
5964
6382
6474
6034
6310
6232
5677
5678
6383
5502
6392
6785
6372
6492
6915
6217
6199
6645
5576
5358
6142
6591
6249
7146
6259
6203
5978
5893
5657
6162
6718
6494
6032
6203
6163
6523
5903
6250
5862
6440
6559
5990
6849
6320
6576
6511
5708
6142
6281
5565
5985
6915
5752
6834
6028
6074
6377
5604
6094
6079
6228
5900
6255
6255
7023
5940
6629
6256
5339
6115
6423
6406
5760
5796
6488
5654
6008
5696
5796
6269
6201
5506
6295
6134
6790
5951
5697
5904
5768
5947
6045
6016
6287
5958
5994
5925
6047
6467
6339
5847
6562
6070
6238
6351
5674
5912
6896
6226
6503
6238
5883
5961
6535
6132
6127
5688
5882
6081
5889
7143
5802
5907
6151
6446
5714
6073
6320
6044
5950
6445
5542
5638
5851
5215
5645
5700
5683
5545
6042
6314
5991
6552
6149
5845
6337
6662
6405
5833
5468
5513
7005
5722
6121
6508
5658
6189
5937
6526
6123
6267
6379
5545
6189
6541
6797
6449
5994
5427
6263
6283
6195
6185
6007
5830
6160
5630
5864
6399
5516
6783
5784
6134
6208
5898
6700
5993
6363
5852
6092
5577
5637
6015
6420
6565
5089
6555
5871
6452
7322
5947
6454
6637
6702
6623
6555
5379
5934
6423
6423
5643
6607
6500
6394
6370
5932
6247
6159
6121
6603
6370
6270
5473
6039
5705
6293
6310
5738
6034
6193
6450
5400
6354
5832
5933
6335
5373
6481
6993
5711
6165
6108
6424
6053
6262
6107
6149
5639
6174
5848
5338
6086
6186
5906
6048
6120
6060
6512
6755
6144
6000
6592
5934
6501
6792
6595
6196
5835
6579
6332
6711
6015
6141
6203
5791
6271
6468
5453
6126
5524
5701
6236
6608
6469
6268
6786
6144
6566
5353
6669
6486
5969
6047
6568
5350
6090
6328
5750
6056
6279
6274
6516
6689
5776
5734
6091
6242
6738
6172
5721
6090
7067
6087
5424
6247
5646
5740
5560
6433
6101
6279
5937
6037
6301
5453
6516
6205
6330
6400
5806
6180
6727
6030
5496
6281
7064
6596
5687
6197
6020
6190
5846
6635
6539
6447
6167
6524
6420
6568
5387
6257
6098
5514
6144
5953
6464
5883
7076
5939
6225
5929
6752
6157
4925
6034
5534
5782
5715
6152
7262
5734
6140
6543
6285
6716
6381
6149
6668
6219
6319
6039
5674
6275
6303
6062
5994
5790
6224
6236
6409
6153
5811
6201
5351
6407
5827
5922
5572
5817
5945
6600
6321
6306
6062
6236
5636
6691
6281
6400
6826
6148
6152
5643
6370
6212
5813
5957
6899
5903
5755
6573
5891
5513
6187
5853
6094
6249
6309
6175
5712
5581
5890
5726
6667
6424
5378
5789
6396
6606
6275
6586
5730
5719
5899
6257
5898
5739
6281
5548
6156
6022
5719
5253
6428
5647
6567
6041
5865
6267
5597
5889
6566
5482
6566
6442
6152
6239
5501
6166
5711
6256
6234
6088
5159
5516
6356
6002
5847
6826
6490
6572
6517
6483
6352
6297
5513
6418
6665
5900
6378
6681
5266
6225
6453
5848
6054
6109
6113
6159
6990
5975
6082
5759
6872
6036
6293
5721
5953
6356
6275
5609
5715
5021
5825
6694
6411
5731
5772
6598
5743
6352
6317
5839
5886
6178
6646
5460
6231
6151
7009
5657
5592
5755
7094
6261
5858
5886
5494
6006
5759
5840
6206
6310
6208
5812
6420
6149
6474
6509
6466
6335
6290
5874
6662
6134
6097
6292
5803
6364
6044
6396
6012
5890
5169
5729
5763
5812
6258
6380
6439
5440
6634
6379
6045
6026
5378
5575
6050
6875
5928
6597
6056
5819
6502
5877
5942
6219
6690
5913
6200
6119
5784
5998
6769
5825
5967
6274
5886
6409
5968
6489
6004
5486
6006
5906
6137
6498
6017
5200
5597
6212
6259
6750
6340
6072
6148
6678
6221
6252
6468
6559
5377
6139
5699
6412
6516
6737
6177
6148
5644
6283
5775
5409
5696
6240
6881
6202
6744
6888
5982
6527
6219
5754
6188
5445
6601
6083
5631
6173
5797
6190
6726
6610
5673
5934
6230
6382
5850
6560
5969
6456
5803
7161
6300
6262
6078
7208
6156
6066
5604
5667
6367
6362
6076
7108
5872
5532
5882
6410
6206
6224
6614
6357
6294
6269
6035
6346
5937
5876
6112
5940
5769
6374
6105
6044
5704
6614
6353
6052
6175
6759
5747
5736
5804
6037
6734
5757
6266
6052
5750
6488
6641
6750
6408
5846
6171
6419
6290
5206
5973
6542
5931
6279
6372
6650
6902
6422
6458
6061
6294
5701
5936
6065
6406
6033
6775
5876
5619
6207
5732
5771
6103
6060
5899
5926
6101
6151
6250
6186
5542
6241
6124
5935
5772
5803
5433
5961
6452
5710
6574
6278
6064
6708
5932
6277
6634
6527
6900
6125
6541
5927
5546
6553
5743
6105
6057
5607
6352
5685
6408
5682
6242
5538
5544
5565
5837
5391
6444
5828
5705
5906
5745
5219
6090
6381
5658
6284
5271
6106
6914
6019
6166
6131
5843
6398
6756
6490
6353
6276
6248
6120
6220
6329
6521
6687
5452
6181
6007
6004
6212
5954
6345
6151
5875
5954
6204
6518
6647
5834
5812
5873
5666
6604
5990
5814
6065
6343
5713
6581
6295
6394
6204
6118
6354
6176
5995
5306
6384
5627
5819
6513
6415
5692
6484
5933
5936
6183
5347
5876
6290
6581
5731
5964
5814
6233
6541
7019
5668
5823
5477
6119
6273
6362
5612
5846
5819
5901
6525
6432
5957
6590
5579
5781
6620
6512
5961
5879
6093
6495
6285
6431
6610
6426
6385
6976
6656
6063
6676
6120
6018
5778
5683
6407
6670
5894
6451
5983
6001
5716
5789
5725
6090
6351
6188
6264
6312
5876
6206
6172
6818
5941
6248
5931
6268
6142
5316
6073
5444
6373
6489
6920
6049
5832
6023
6207
6700
6178
6306
6220
6202
6123
5245
5817
6756
6201
5615
5262
6128
6239
6430
6677
6065
6752
5562
6218
5923
6113
6064
6553
6810
5605
5477
6231
6609
6077
5804
6054
6357
6289
6928
6090
5190
5969
6159
5843
6049
5931
6241
5532
5501
6478
6130
6497
6452
6207
6018
5922
6118
6415
6150
6760
5986
6302
5804
6306
6147
6127
6728
5471
5783
5931
6065
5460
6783
6015
6200
5754
6303
5858
6422
5272
6376
5391
5822
6010
6449
6478
5580
5978
6195
6235
6484
6388
6406
6517
5694
5785
5937
6045
5286
6019
6134
6051
6378
6301
6203
6170
6131
6369
7366
6371
6537
6589
6532
5985
5191
5974
6257
5097
5536
5311
6574
6200
6887
6510
6030
6238
6200
6007
6475
6172
6810
6263
6252
5956
5910
5727
6333
6220
6207
6048
6634
6107
6124
6048
6098
6589
6137
6421
5469
5739
5565
6219
6434
5844
6021
5369
6162
6049
5749
6258
6839
6016
6309
6128
6444
6506
6946
6443
6299
6552
5763
6442
6248
6329
5815
6249
6471
6479
5929
5962
6352
6432
6314
5829
5188
6454
5922
6430
5641
5702
6188
6775
6288
6720
6146
6639
6513
6701
6359
6374
6022
6382
6061
5959
6331
6209
5934
6198
5798
6364
5228
6408
6194
4971
5857
6897
5651
6482
5842
6199
5792
5634
5873
6395
6465
6105
5230
5910
5928
6379
6437
6674
6574
6284
5349
5552
5778
5974
5807
5898
6338
5593
5618
6208
5756
5903
5901
5993
6109
6451
7000
6747
5566
5143
6214
6677
5884
6389
6689
6629
7171
6073
6643
5912
6719
6315
6155
5827
6343
6282
5554
6607
6060
6027
6185
6591
6188
6381
5909
6184
6966
6913
6022
6235
6177
6422
5800
6027
5902
6045
5896
6836
5688
5707
6618
6258
5900
5598
5648
6134
6312
6392
6468
6544
5492
6526
6378
5497
6122
5698
6229
6502
6236
6319
5815
6189
6083
6730
6703
6091
6215
5529
6113
6031
6473
6438
5952
6591
6546
6756
5997
6574
5528
6127
6738
7203
5978
6034
6099
5905
5976
5814
6268
5773
6390
6146
6702
5549
6645
5637
6644
6188
6639
5804
5705
6292
6352
6805
6981
5900
6080
6383
5872
5954
5345
5949
6533
6047
6338
6207
5719
6291
6146
6225
6061
6307
5311
6136
6488
6394
5941
5713
5654
5437
5532
6583
6239
6205
6453
6494
6541
5953
5368
6084
6170
5838
6046
5936
5965
6767
6437
6098
5971
6691
6439
6110
6385
6482
6400
6396
6332
6017
6594
5532
5603
6830
5646
5688
5994
6339
5725
6186
6074
5615
6111
6397
5816
6038
6624
5834
5732
6083
5981
6064
5953
5765
5734
5805
6585
6181
6161
6245
6562
6452
5724
6528
6016
5918
5889
5510
6043
6316
7049
5945
5801
5818
6055
5981
5992
6550
6231
5867
5380
5643
6171
5570
6725
6533
6638
6609
6506
7136
5684
5789
6853
5680
5539
5359
6257
6666
5928
6467
6885
7355
5500
5743
7060
6247
6317
6458
6628
5564
6463
6524
6071
5821
6572
6040
6308
6223
5952
5966
6574
6505
5884
6799
6006
5712
6199
6137
5986
5841
6265
6188
6407
6232
6418
6026
6354
5952
6153
5627
6542
6178
6123
6227
6433
6408
6279
6958
5595
6087
6504
6392
5534
6305
5742
6323
6339
5847
5887
5841
6218
6066
6015
6677
5523
5893
6019
6093
5424
6079
5783
5530
6310
6034
5892
6320
6767
5030
6189
5814
5894
6125
6977
6205
6573
7131
5906
5685
6387
6323
6083
6398
6239
6790
6811
6600
5568
6421
6131
6244
5748
5509
5789
6452
6730
6998
6570
5325
5606
6202
6170
6111
6477
6022
6659
6244
5755
6338
6268
6412
6133
6852
5972
5835
6263
6213
5974
6347
5894
5512
5670
5116
6716
5941
6341
6324
6311
6057
6912
6528
5682
6015
6757
6209
6011
6827
5592
5919
6049
5954
6121
6814
6078
5306
6146
5618
6182
5730
6130
6115
5535
6017
6249
6357
5788
5532
5981
6221
6236
6298
5974
5969
6256
6778
6783
5623
5848
5718
5839
6172
6237
5729
6580
5806
6008
6696
6039
6148
6385
6419
6540
6629
5949
6088
5208
5901
5780
6420
6220
6545
5931
6017
6461
6303
6670
6440
6143
5578
6470
6012
6115
5912
5863
6779
6029
6964
5936
6162
6344
5391
6087
6240
6543
6309
5834
6271
6640
6409
6006
5888
6455
5584
6287
5747
6522
6167
6916
6169
6139
6245
6156
5750
6325
5920
6486
6399
6112
5911
5804
6035
6424
5947
5830
5709
5396
6316
5931
5751
6442
6012
5721
5959
6817
5680
6105
6011
5290
5736
6094
6400
6093
5310
7407
5605
5587
6411
6505
6414
5706
6627
5760
6028
6997
6039
6170
5938
6089
6183
5882
5924
5169
5656
5757
6373
6587
5532
6729
5707
5681
5834
5495
6096
6427
6004
6456
5692
6435
6352
5889
6340
5789
6536
7388
5723
6126
6586
6089
5796
6330
6446
6367
5849
6243
5591
5889
6204
5477
5137
6141
6152
5703
6655
6096
6391
6422
6147
6008
6673
6335
6613
6395
5511
6317
6518
5792
6121
5850
5874
5910
6258
5891
5303
6265
5864
5832
6184
6428
6302
6916
6074
5922
5895
6029
6103
6165
6446
5562
5857
4705
6551
5648
7088
5939
6024
5953
6740
6346
5236
6096
6087
6027
5530
6180
6404
5827
6282
5180
6294
5545
5704
5761
6037
6233
5613
6956
6414
6178
6431
6148
6548
6449
6850
6712
5815
6667
6574
5311
5919
6389
5762
6100
6917
5430
5902
6309
6165
6429
6041
6379
5439
5660
6841
5770
5934
5881
5551
5471
6488
5832
5972
7098
6255
5949
5173
6688
5896
6539
6223
6163
5795
5675
5637
6684
7008
6398
6452
6405
6613
6254
6207
6532
6411
5466
6199
5708
5952
6074
5257
6509
6286
6401
6336
6711
5681
6296
6234
6638
6092
5731
5652
6909
6692
6023
6006
5949
5928
6247
5993
6345
6010
6673
6304
6036
5777
6091
6077
6589
6210
5980
5803
5941
6946
6093
6257
6079
6953
5932
6755
6515
6657
6952
6493
6064
6218
6253
6456
6395
6140
6624
6253
6637
5362
5968
5480
5456
6374
5953
6158
5472
5655
6425
6335
5978
6891
6397
6123
6398
6543
6668
6652
6280
6338
5769
6139
6047
6492
5682
5738
6308
6043
6258
5671
6039
5939
5510
6740
5772
6254
5986
6812
7164
6302
6126
5861
6310
6419
5821
6088
5769
5871
6049
5440
6325
5884
5798
6479
6207
5868
6561
6249
6554
6388
5832
5836
5387
6627
6825
6259
6201
6254
6172
6132
5949
6428
5543
6873
6418
6663
6616
6667
6536
6943
5824
6651
6848
6574
5765
6656
5801
6079
6712
5556
6242
6214
6692
5905
6139
5874
6338
6461
6309
6669
5423
5645
6579
6302
6817
6205
6535
6319
6150
5698
5438
6882
5930
5959
6046
5793
6149
6630
6569
6906
6028
6254
5629
6609
5801
5473
6830
6697
6399
6026
6250
6026
6103
6416
5493
6920
5746
6783
5954
7180
6399
5848
5480
6030
6230
7009
6323
6812
5614
6562
5552
6215
6444
5961
6617
6408
6878
6948
6540
6781
5871
5746
6554
6444
5950
5946
5902
5985
6394
5459
6492
5654
6428
6008
5632
5914
6577
5807
6110
6293
6243
6543
6278
5774
5685
5933
6244
6339
6659
6694
5569
6796
6177
6407
6657
5193
6659
6245
6162
6222
6236
6298
6316
6131
6392
6595
6355
5824
5543
6189
6161
5958
6689
5957
5759
5799
6398
6771
6397
6673
6199
5981
6313
5676
6136
6447
6754
5306
6513
5716
5792
6046
5533
6855
6564
5777
6074
5435
6162
6376
6499
6134
5198
6498
5794
5804
6300
6213
6272
5807
6781
5744
6209
5330
5700
6388
5809
5874
5694
6005
5336
6534
5341
5585
5961
6509
5623
5915
6610
5474
5679
5819
6393
6048
5670
6027
6373
5684
6547
5389
5924
5868
6864
5141
5920
5730
6678
5372
7226
6511
5781
6796
6331
6485
6179
6485
5962
5068
6515
5957
6390
5760
5922
6742
5904
6077
6184
5954
5866
5509
6106
6538
6175
7096
5465
5697
6129
5407
6351
6694
6508
6418
6306
6177
6690
5662
6317
6133
5985
6153
6483
5935
6088
5827
5669
6440
6100
6648
5853
6374
5967
6124
6004
6399
5593
6685
6633
6150
5978
6292
6486
6278
5808
5894
6116
6617
6229
6036
6285
6144
5945
6715
5966
6048
5937
5678
6240
5868
6440
6527
6540
6345
5759
6262
6194
5934
5539
5797
6332
6436
6569
6629
6467
6317
6065
6253
5913
5569
5663
6014
6855
6069
6409
6066
5302
6687
5982
6132
5751
6354
6090
6057
6369
5963
6566
5906
6173
5868
6223
5827
5695
6796
6596
6340
6113
6029
6514
6523
6334
5953
5997
6461
5614
6125
5875
6282
5146
5900
5516
6196
6409
6672
6281
6045
5975
5810
6891
6401
6594
5990
6142
5837
5522
6003
5946
6352
6325
5850
6120
5487
5892
5969
5754
5734
6115
5813
6125
5751
5968
5995
5563
5926
6901
6038
5838
5898
5984
6850
5741
5764
6013
6296
6239
5953
6898
6240
6578
6554
6139
5587
6337
6537
5833
6092
6852
5943
6320
6350
6833
5654
6042
5563
5505
6039
5675
6786
6296
5337
4976
6408
6076
6323
6775
6121
6489
6011
5759
6215
5873
6168
5578
6474
6077
6503
6128
5984
5829
6319
6107
5674
6381
5589
5839
6351
6871
6344
6001
6743
6008
6146
6603
6066
6209
6696
6472
6273
6256
5719
6365
5618
5447
6720
6299
6851
5451
6523
5323
5394
5873
6292
5891
6220
5919
6802
5942
6561
6025
6081
5868
6532
6192
6170
5963
5536
5919
6247
6265
6667
6063
6277
6174
6647
6390
6690
5962
5994
6163
5852
6442
5899
6461
5874
6406
6386
6420
6021
6641
7002
5981
5947
6319
6347
6156
6499
5559
5939
7057
6072
5553
6636
6082
6720
6396
6419
5970
5999
5939
6372
6651
6091
5945
6360
6387
6106
5869
5613
5494
5561
6367
5800
6182
5605
6028
6221
7039
5621
6147
6548
6092
5080
6066
5996
6215
6126
6306
6210
6658
6331
5687
5892
6968
6092
5188
6070
5534
6038
6009
6085
5522
6565
5745
6062
6106
5564
6616
6240
6331
6014
5709
6414
5487
6729
6697
5876
6161
6821
5586
5754
5808
6164
6248
6214
6556
6534
6077
6309
6466
6528
6979
5692
6137
5924
5943
5410
6267
6289
5978
5701
5998
5496
7123
6261
6289
6682
5969
6959
5721
6225
5660
5860
6316
5748
6265
6282
6503
6411
5763
5925
6342
7001
5710
5338
5900
6411
6620
5429
7144
5631
5846
6222
5962
6606
7041
6112
6995
6005
6370
5964
5886
5796
6100
5892
5938
6365
6155
5544
6607
6961
6673
6189
6599
6098
6100
5024
6153
6247
5998
6341
6144
6456
6101
5663
6086
6509
6892
5440
6286
6040
6265
6339
6305
5917
6444
7087
5962
5886
6000
6463
5381
6155
6089
6254
6055
6227
6821
5765
5548
6317
6295
5933
5800
6293
5560
6049
6303
6721
6560
6233
5208
6728
5338
6597
6420
5824
6708
6328
5881
5923
6406
6337
6246
6327
5861
6101
6388
5536
5905
6334
6252
5885
6240
6610
6224
7073
6329
6374
5529
5985
5985
5742
6412
6471
5607
6005
5885
5780
7016
6411
5084
6476
5965
6299
5991
6480
6291
5950
6294
6440
5787
6533
6105
6283
5376
6147
5696
6618
6522
6567
5917
6347
5817
6355
6113
5771
6033
6238
6829
5784
6638
6391
5738
6418
5979
5330
6571
5930
6473
6065
6393
6285
6045
5804
6524
6482
6040
6559
5432
5795
6588
6276
6446
5970
5518
6475
6159
6812
5769
6763
5664
6009
7110
6002
6040
5631
5951
6461
5581
5847
6196
6593
5663
5998
6520
6749
6054
5618
6459
6210
6077
6553
6369
6443
5879
6477
6715
6439
6330
5580
6222
6590
6200
6288
6300
6409
6218
6222
5723
6166
6898
6247
6508
6068
5703
5830
6523
6246
5986
6519
6625
6409
6235
6279
6296
6350
5425
6406
6930
6098
5523
7080
6367
5365
6524
6223
6182
6430
6024
6037
5873
5343
6471
6072
5859
6202
5780
6012
6540
5904
5928
6100
5713
6370
5552
5751
5929
6430
6019
6121
5764
5731
6118
6317
6841
5362
6135
5606
5276
6548
5887
6039
5740
5852
6718
5563
5602
6768
6271
6489
5859
6457
6444
5815
5646
6292
6174
5936
6890
6155
5873
6240
6561
6850
5778
6437
6364
7077
5738
6945
5531
5872
6834
6754
5691
6220
5540
5466
6619
6276
6121
6316
6645
6123
5943
6671
6176
6028
5683
6815
6361
5785
6197
6293
6071
5623
6084
5651
6607
5824
6414
6439
6106
6481
5690
5702
363
3709
373
5016
1456
657
4086
910
3404
1242
4422
5222
2779
4903
356
4333
2411
4610
5997
2458
5385
4755
327
3038
44
4022
5061
1254
4126
5601
977
6049
5910
385
4799
5153
5169
5246
353
273
4272
5521
825
4999
5059
2271
818
1508
3925
4079
6076
1739
4592
3468
2175
3511
1125
3338
395
393
981
4374
271
41
2838
4940
1778
697
4716
930
148
5857
4610
802
872
553
836
5910
1232
5295
5462
1982
4753
1733
1025
5088
2651
4239
4727
5959
5822
2833
5642
2955
4138
3287
468
5442
1494
2442
3803
4511
3257
2413
4522
2020
4054
6140
5414
709
657
433
4611
5437
1828
5551
3797
2113
3487
1940
4430
2027
3498
4916
3436
4525
1728
4355
3782
3508
4672
3419
314
4146
1217
2362
2177
5147
4999
1449
1285
356
2387
327
182
4798
1486
2476
580
1938
2462
6073
3593
5501
4267
5851
177
4103
4224
4158
2618
834
4959
662
4606
2535
3853
4179
3207
5642
2794
1543
4927
4380
2377
3283
908
3773
5836
2100
3975
2585
4874
4171
485
2685
3232
1198
1707
5414
3078
5549
129
4886
2475
4108
5652
5397
5614
4815
3428
4765
40
4063
5505
3517
673
5859
1843
1968
4413
4938
4480
2982
184
3983
1998
4244
5216
3013
635
2690
146
1250
888
4140
4139
2028
4129
5145
1038
521
3165
3859
4034
4387
5295
5743
551
858
341
4991
4429
4340
1906
609
3107
3114
2717
6129
1073
5683
1045
4948
569
597
2458
1414
4726
1272
1448
5678
5172
5552
3808
4997
2090
6070
3100
290
5101
281
5223
5339
1249
3943
2990
4354
770
5701
4185
4767
1358
4264
2667
3903
6053
5218
5613
734
204
2861
3400
3426
5827
4635
2567
1031
879
5990
3909
5570
3451
3248
3351
1214
4981
640
1036
3457
1446
3015
3346
2896
5517
4568
5681
2119
4231
1599
2989
3640
5584
2845
3356
5026
1176
1452
5054
1880
5371
2601
593
5233
524
5452
3368
2221
6114
3353
2916
1593
3590
2963
4502
5938
2204
3291
3916
6268
6328
6460
5868
5970
6163
6367
6539
5904
5746
5114
6161
5840
6130
6348
6128
6281
6237
6035
6203
5640
5799
6183
6189
6588
5732
6361
5991
6541
6374
6376
6348
6010
6303
6688
5910
5744
6161
5716
5907
6798
6040
6168
6108
6102
5166
6466
6711
5965
5867
7102
5605
6040
6333
6941
5815
6417
6460
6074
5601
6463
6940
5672
5869
6114
6380
5654
6850
6224
5954
6043
6205
5909
6645
6153
5567
5045
5489
6237
6399
6084
6607
6063
6329
5960
7248
6412
6376
5878
6470
5394
5797
6970
4883
5980
6149
6647
5972
5779
6819
5991
6570
6595
5334
5933
6207
6519
5486
6525
5989
5628
5858
6028
5875
6293
6061
6574
6777
6289
6191
6053
6209
6228
5862
5707
5921
6292
5566
6208
5779
6635
6120
5895
5816
6579
5857
5904
5925
6347
6106
6131
5589
6432
6121
6593
6043
5968
6538
6043
7276
5956
6388
5880
6300
6082
5643
5766
6643
6685
6519
5973
6169
5776
6160
6704
5407
6188
6365
5654
5837
6232
5982
5994
5521
5686
5977
5758
6352
6412
6256
5334
5948
6663
6297
6717
5816
6275
5819
6049
6154
6502
6422
5569
6121
6000
5566
5848
6393
6270
5845
5776
5879
6793
6339
5768
6059
6012
5417
5777
6174
5342
6225
6748
5976
6442
5971
5983
5934
6368
6737
5857
5937
6487
6037
6382
6354
6615
6267
6175
6440
5628
6054
6161
6334
6361
6421
6677
5536
5858
6078
5069
5399
5452
6425
6602
6145
5920
6091
6074
6884
6151
5633
6574
6027
6176
6331
5852
6642
5905
6852
6120
6265
5333
6261
5331
6041
6360
6529
5810
5977
6295
5675
5547
6319
6079
6398
5937
6390
5953
6142
6058
6410
5603
6031
6392
6421
6521
6235
5689
7390
6389
6197
5988
6131
5853
6243
5886
6039
6673
6237
5972
7165
6204
6361
6603
6528
5747
5915
6385
6134
6185
5884
6310
6146
5894
6783
5794
6674
6882
6747
6327
6180
6221
5970
6410
6181
5381
6902
6727
5949
5460
6309
6236
6397
7091
5671
6368
5533
6093
6268
5437
5510
6414
6589
6114
6354
6177
6278
6309
5975
6142
6283
6734
6197
6554
5951
5636
6304
6558
5716
6324
5778
6582
6556
6367
6469
6596
6160
5669
5502
6086
6380
6434
5803
7110
6218
6256
6194
5783
5821
6227
6392
5889
6334
6335
6344
5807
6299
6180
6329
6092
6450
5865
5706
5917
4848
6358
5984
6248
6218
7370
6179
5232
6632
6111
6488
6575
6191
5843
6008
5885
5975
6241
6718
5962
6059
6527
6141
5765
6074
5810
6512
6313
5395
6145
6700
5562
5822
6362
6338
5849
6093
6477
6249
5786
6193
6491
6100
6228
5700
5930
6614
5529
6547
5436
6179
5800
6076
5833
5706
6161
5547
5954
6256
5989
6776
6528
5985
6211
5880
6465
5958
6566
5599
6651
6517
5801
5979
5846
6373
6009
5970
5792
6073
6288
6369
6483
6018
5623
5609
6701
6206
6850
5301
6178
5170
5812
6427
6615
5561
5945
6417
5930
6157
6532
5660
5424
6470
5815
6168
6333
5711
6163
6190
6236
6417
6651
6353
5860
6062
6739
5353
6044
6409
5949
6033
5892
6567
6016
6600
5698
6000
6005
5928
5625
5213
6449
6153
6566
6087
6564
6177
6636
6101
6130
5832
5497
5958
5773
6856
5969
6757
6339
6152
6758
6306
6157
6559
5539
6567
5673
6657
5799
5309
6082
5745
6269
6765
6294
6217
6416
5852
6296
5365
6443
6256
6340
5922
6532
5669
6931
6730
5294
6853
5764
5911
5972
5747
5715
6222
6010
6385
6320
6119
5986
5503
6125
6287
5758
5874
6517
6088
5587
6393
6402
5728
5993
6115
6896
6424
6649
6019
6936
5903
6315
6774
6029
5745
5780
6563
6351
6278
6545
5811
5969
6973
6379
6521
6226
6799
7180
6026
6957
6073
6010
6817
6060
5856
6300
5577
6589
6484
6013
5896
5752
6594
5775
6295
6399
6043
5783
5674
5670
6017
5734
6145
6285
6631
6041
5880
6259
6725
6451
6365
5916
7084
6057
6243
6511
6158
6325
5353
5684
6267
5673
6430
6273
6740
6368
5967
5561
6382
6744
5587
5757
6332
6333
6421
6006
6242
6353
5872
5919
6721
5715
6114
6031
6220
5874
6200
6908
6303
6243
5749
6334
5963
5913
5629
6628
6040
5939
6436
5965
5946
5763
5296
6544
6356
5715
6574
5949
5662
5361
6523
5681
5740
5967
6127
7030
5910
5904
6563
6125
6106
6140
6016
5790
5720
6378
5947
5106
5672
6330
6074
5594
6217
5770
5916
6326
6325
6293
6331
6058
5842
6162
6073
6761
5204
6198
6663
5829
5997
6005
6520
6541
6744
6105
6598
5554
5951
6264
5978
6032
6131
5268
6285
5908
5801
6457
5863
5358
6696
6599
5971
5645
6329
6026
6133
6205
6759
6004
5843
6100
6804
6437
6257
5939
6045
6828
5682
5937
6113
6184
6671
5799
5264
6366
5627
5930
5489
6251
6276
6913
5365
5923
6117
6203
6417
5726
6487
6471
6348
5908
6241
6165
5938
6100
5753
6215
6507
6483
6166
7068
6582
5756
6311
5575
5830
5839
6233
6796
6567
6484
6047
6207
6281
6557
5778
6865
5911
6110
6133
5852
6780
6260
6334
6194
6433
5990
6002
6783
6607
6205
6203
5916
5395
6139
6532
6604
6116
6120
5514
6064
6627
6261
7143
5953
6664
7214
6853
6224
6524
6334
6874
6537
6116
5404
6123
5726
6211
5788
5293
6603
6545
5706
5958
6717
6095
6467
7248
7230
5986
6148
5499
6615
6635
6160
7254
6777
6462
6772
6243
6060
6016
6327
6717
5022
6195
5719
6260
6160
6511
5898
6420
5951
6092
5936
6671
6106
6303
6425
5956
5602
5777
6209
6117
6277
6234
7009
6229
6279
5310
6498
6106
6003
6192
5937
6217
6232
5691
5932
6745
5967
6951
6539
5910
5381
6683
6282
6381
5389
5805
6001
7033
6248
5245
5974
5958
5506
6571
6341
5881
6251
6139
6404
5583
6670
6105
6326
5981
6224
5460
6280
5254
6730
5860
6071
6336
5299
6578
6091
6049
6992
6029
6301
6148
6773
6793
6305
5694
5888
5802
5871
7049
5876
6612
5684
5518
5860
6111
6325
5963
5651
6114
6532
6137
5839
6081
5934
6122
6488
5825
5788
6374
6270
5857
6376
6130
5790
6156
6418
6248
5904
5744
5786
6066
6415
6224
5819
5746
6221
6078
6097
6003
6501
6053
5974
6315
6374
6375
6809
5640
6048
5727
6279
6239
5995
6382
5390
6437
6240
6340
6018
6266
5827
5740
6024
6103
5924
6138
5561
6093
5641
6370
5958
6132
6026
6110
5908
6493
6434
6403
5827
5849
5878
6148
5998
6023
5428
6051
6217
5691
6158
5774
5891
5788
5983
5939
6792
6514
5893
6236
6065
6056
5446
6162
5937
7160
5717
7105
6242
5563
6156
6902
6407
5736
6208
6345
5828
6141
6141
6170
6315
5317
6474
6096
5625
5612
6154
5996
5702
5784
6425
5758
5982
5925
5205
5937
6798
6528
5661
6720
6217
6278
6317
5840
6432
5920
7088
6121
5465
6202
6571
5736
6422
5643
5750
6097
5903
6203
5818
6651
5843
5910
5387
6823
5942
5441
6503
6204
6330
6010
5716
6546
6555
5845
5972
5879
6229
5849
6443
6860
6477
6589
6695
6631
5949
6076
6191
5893
5488
5742
5060
6250
7172
5068
5706
6353
6008
6433
6355
6371
5744
6530
5949
5798
6483
6346
6477
6046
7187
6190
6235
5606
6158
6405
5727
7288
7049
6682
6130
6104
6526
6487
6679
6213
6546
7196
6575
6704
5818
6920
7333
5847
6603
5948
5984
6682
6306
5739
6276
6136
6536
6658
6398
5825
6022
6697
6145
6205
7098
6752
6283
6129
6246
6127
6163
6671
6205
5876
6501
6039
5702
6515
6216
6254
5700
6197
5767
6545
6443
6072
7212
6112
6039
5336
6224
6633
5647
6311
5901
6093
6044
6385
5934
6055
5489
6611
5789
6374
6272
6455
5634
6027
6406
6497
5712
6914
6067
6252
5457
5941
6343
6279
5613
6383
6439
6562
6209
6187
5940
5621
6517
6023
5936
5661
6247
6286
6214
5886
5734
5590
6744
5864
6606
6227
6342
5847
6297
5751
5749
6741
6093
6449
6023
6082
5723
6225
5934
6070
6187
6250
5707
6253
5994
6252
5837
6560
5766
5949
6014
6168
6523
5619
6462
5941
5642
6066
6404
6091
6078
5915
6723
6331
6986
6006
6723
5980
6395
5506
5934
5850
6473
6175
5352
6589
6568
5808
6076
6326
5955
5896
6125
6431
6952
5682
6847
6002
5669
5871
6242
6060
5946
5880
6390
6168
6586
6831
6363
6164
5246
6707
6542
6297
6168
6891
6226
5677
6235
5950
4799
6845
6608
6243
6342
5742
5901
6219
6477
7049
6918
6184
6780
6357
5804
6285
6286
6389
6320
6222
6268
5966
5850
6977
6140
6066
6491
6388
5026
5352
5772
6570
5942
6091
5715
5477
5843
5930
5817
6102
6594
6612
5587
6447
5822
5902
5743
5731
6144
6335
6555
5880
5710
5501
6461
6004
6686
6392
6275
5559
6555
5834
6213
6361
5892
6618
6132
5712
6037
6843
6742
6125
5856
6017
6694
6959
6035
6312
5896
6181
5998
6539
5582
5721
6552
6814
5383
5726
6459
6357
6639
6172
6223
5348
6661
6694
6486
6321
6486
6246
5892
6179
6201
7293
5754
6023
6475
5832
6287
6293
5774
5892
6379
6102
6691
5632
6140
6098
5806
6412
5955
6466
5993
7164
6194
6422
6034
5528
6521
6014
6203
5956
6953
6517
6522
5675
5941
5809
6260
5910
6267
6023
6077
6468
6267
6291
5700
6272
6295
6172
5688
5935
6426
6467
5473
6543
5982
6041
6298
6030
6174
6350
6059
5839
5416
7023
6219
6343
5996
5434
6231
5778
5860
6305
5827
6960
5383
6146
5736
6061
6248
5822
5938
6574
5843
5964
6427
6387
6304
5627
6460
6659
6466
5416
6185
6211
6629
6721
6129
5631
6046
5848
6478
6200
6414
6120
5655
5886
6310
5795
5261
6253
6101
6607
6416
6129
6728
5836
5714
5348
5783
6203
5927
5835
7132
6064
6740
6225
6421
5445
6430
5938
7092
5937
5783
5492
6440
5358
5777
6046
5962
5952
6023
6820
6119
6663
6447
6535
5954
6032
6669
5719
6328
5769
6179
6224
6703
5865
7016
6315
6072
6677
6307
5368
15459
9008
5612
1203
2797
22791
22027
23196
24397
18278
24935
9101
16669
5699
14543
26415
7870
2114
8052
22478
4350
18935
5933
3529
4159
19399
4195
19425
7098
4425
842
21188
14464
4349
5223
12254
18594
19368
6875
7656
21229
2377
20298
3013
9628
4458
285
15474
19219
25710
15762
22838
26015
4615
2554
9848
13562
17276
23932
25892
15104
13602
2890
2765
694
18504
4167
1629
14573
7458
3305
10472
11389
20988
17022
18746
22982
15564
283
819
3487
3077
21688
5862
17079
11098
1739
19290
15942
26609
4912
25997
20080
3716
4258
15628
11073
1039
16935
15744
10483
341
4541
15313
1492
20968
16476
25670
25439
26106
17692
2241
1634
11304
3340
20643
3386
21573
10182
20426
2184
7222
18080
7361
13884
21585
3572
14968
15671
14983
20809
22392
13516
21150
6747
9302
12058
19202
12721
5565
12881
7067
22754
12684
22963
9386
10342
1077
11511
25471
2059
14493
8927
15888
8097
23591
13722
23747
20394
22035
10065
1218
1515
12946
18181
3303
16568
18140
3881
11976
150
4851
24145
24533
8223
23115
7600
8918
16582
12029
11872
22357
22906
1402
10485
26592
26615
27155
26429
25926
27281
26308
26741
26410
26487
26430
26347
26860
27757
25934
26597
26792
26942
26876
26644
26968
26261
26640
25997
26176
26616
27149
26135
26858
26568
27060
26707
27005
25913
27580
26765
26610
26643
26878
25979
26564
26892
26320
26467
26481
26234
25722
26252
26430
25715
26022
26773
26384
27091
26217
26492
26521
26879
25920
26735
25887
26071
26966
26847
26776
26009
26463
26014
26439
26321
27331
26242
26843
26506
26068
26216
25872
27019
27043
27361
27136
27300
26614
27058
26235
27062
26547
26542
26628
26279
26196
26596
26465
27031
26351
26195
27015
26843
26873
26574
25690
26022
26874
25603
26449
26152
26688
26435
26179
26541
26247
27061
26101
26265
26573
27005
26208
26053
27257
26239
26452
26551
26232
26269
26667
26635
26859
26668
27131
27481
26836
26962
26154
26999
27000
27262
26062
26671
26488
26596
26655
25846
27003
26107
25895
26610
27005
26909
26837
26755
26724
26838
26630
26359
26970
26635
26551
26622
27251
26906
26451
26683
26470
26994
26252
26018
26691
26260
25985
26774
25848
26014
26271
27138
26628
27050
27007
26857
27423
26516
26612
26377
26908
26869
25765
25721
26874
26942
26891
26833
26607
26382
27295
26350
26628
26739
26678
26278
26399
25964
26063
27099
26752
27310
26709
27125
26940
26432
26565
27080
27353
27034
25583
27040
26430
27231
26427
26543
27183
26518
26348
26979
27091
26524
26886
27169
25780
27231
26256
26653
25750
26948
27057
26491
26996
26521
26098
27018
26755
26136
26603
27209
26739
26320
26944
26746
27519
26861
26344
27250
26185
26744
26705
26384
26621
26701
26697
26601
26648
26729
26848
26658
26756
26186
27071
26541
26640
26828
26433
27052
26194
26771
26398
26024
26503
26990
26652
26650
26818
26802
26634
26806
26604
26653
26602
26469
26311
26754
26646
26740
26718
26639
26379
26422
26448
26444
26688
26489
26801
27002
26551
26271
26700
26333
27612
26351
26454
27234
26347
26565
26747
27154
26633
26229
26420
26564
26955
27148
27488
26250
26187
26826
26354
26505
26665
26587
26423
26378
26413
25623
26841
26349
26332
26494
26643
26824
26530
26060
26163
27038
26760
27085
26618
26515
26547
25685
26197
27277
26822
26625
26113
27130
26074
27150
26131
26564
26433
25814
26708
26734
25845
26638
26878
27142
25837
26817
26292
27144
27002
26632
26643
26717
26734
25863
26490
26731
26787
26674
26622
26726
27323
25873
26715
26122
27076
26430
26188
27186
26785
26701
26454
27314
26847
26481
26607
26958
26993
26931
27114
26318
26964
27089
26460
26878
26961
26002
26657
26198
26633
26927
26394
26284
25928
26869
26254
25915
26207
26517
26853
27186
27011
26568
26743
26069
26431
25613
26919
26575
26480
27105
27323
26372
26318
26054
26856
27001
26757
26793
26045
26306
26327
27849
27133
26986
26788
27140
27515
26529
26627
26456
26708
26895
26768
26447
26603
26019
26890
26486
26087
26553
26766
26924
26019
26756
27070
26714
26432
27022
26866
26365
26526
27010
26883
26104
26809
27141
26784
26741
26372
26860
26786
26930
26260
26509
26725
26170
25819
26276
27119
26582
26849
26696
26509
26923
26562
26618
26770
26571
26644
27124
26718
26430
26378
26338
26215
26771
26570
26383
26469
27542
26835
26834
26909
26219
26407
26069
25584
26901
26596
26896
26754
26628
26217
26347
25847
26268
26728
27136
26171
26585
26534
27362
27448
26691
26935
27043
26338
26617
26868
26564
26132
27077
26679
26542
26758
26347
26282
26532
26272
26150
26379
26706
26388
27069
26800
26278
26708
26430
26478
26015
25981
26949
26798
26297
25891
26701
26436
26852
26136
26451
26315
27058
26247
27024
26901
26725
26535
26490
26232
27167
26421
26452
26188
27226
26435
26643
26934
26387
26542
27192
26797
27270
26590
25961
26654
26085
25646
26140
26486
26201
26731
26978
25789
26054
26534
26094
27199
26590
26541
26159
27425
26804
26921
26752
26198
26183
26974
27019
26524
26429
27126
26157
26054
26143
26724
26642
26642
26090
26215
27436
26532
27274
26738
27380
26637
27086
26949
26355
26646
25771
26547
26232
26953
26825
26872
26724
27221
26532
26188
26669
26683
26750
26153
26322
27155
26246
27216
26786
27175
25820
25881
25785
26990
26577
26512
26042
26225
26553
26555
27381
26802
26602
26265
26781
26073
26466
26353
26011
27266
27006
26868
26546
26696
26841
27024
26327
26541
26986
27731
25199
26262
26528
27041
26839
26699
26258
27041
26820
26941
26174
26208
26379
27382
27185
26857
26987
26659
26538
27204
26995
26761
26941
27181
26527
25941
25653
26838
26574
27091
27055
26569
26953
26864
26488
27148
26806
26789
26161
26009
26825
26471
26969
26910
26592
27119
26862
26302
26801
26615
26662
26297
27052
26811
26699
26613
26437
27094
27080
26272
26068
26330
26853
26668
26285
26004
27029
26774
26834
26668
26854
25856
26384
26897
26693
26694
27020
26636
26670
27126
26688
26504
26817
26833
25411
26879
26690
27155
26357
26570
27067
26679
26395
26652
26700
26881
26396
26898
26258
26727
25840
26722
26337
27122
26693
26253
26771
27025
26803
26540
26695
26637
26776
25818
26949
26754
26804
27130
26513
25942
26193
26628
26919
26650
26111
26365
26579
27129
26591
26363
26954
26773
26726
26240
27421
26623
26646
26960
26252
26608
26531
26097
26788
27000
25861
26595
26531
26412
26361
26656
26495
26765
26419
26550
27167
26364
25842
26072
26575
26671
26737
26735
26182
26639
26316
26413
25803
26544
26725
27167
25848
27138
26369
26778
26661
25887
26646
25952
26483
26199
26510
26928
26253
26104
26538
26260
26764
26447
26153
27004
27006
26654
27167
26852
26851
27402
26742
25904
25591
26387
26215
26366
26816
25926
27423
26240
27383
27835
26545
27152
27351
26441
25902
26811
26032
26538
26651
26212
26015
26333
26092
26397
26850
26555
26302
26778
26863
26821
26401
26406
26791
26308
26757
27049
26256
26280
26363
26644
26209
26525
26646
26235
26450
26987
26199
27043
25848
26554
26456
26172
26631
27053
26310
27526
26238
27031
26852
26772
27547
26919
25999
26193
26519
26365
25669
26983
26545
26926
26283
26501
26302
26359
26312
26872
26552
26305
26316
26896
26903
26175
26311
26416
26729
26456
26614
26230
26597
26753
26724
25658
26640
26934
26238
27126
27062
26250
27001
26671
26949
27404
26880
26991
26502
26226
26673
26990
26125
26641
26249
26477
26511
26502
26385
26353
26294
26499
26392
26683
25948
26552
26295
25943
26362
26655
26686
26519
26978
26591
26365
25981
26911
26935
27092
26767
27242
27091
25819
27096
26166
26173
27153
26835
27175
26798
26797
26762
26635
26295
26202
27055
26459
26718
27213
27574
26656
27078
26988
26293
27071
26875
27210
26445
26718
27070
26957
26148
26441
26673
27017
26467
27102
25988
26747
27221
26882
26755
26534
26888
26034
26452
26709
27118
26800
26936
26984
27089
26658
26514
27119
26842
26319
27134
26703
26889
26555
26057
27233
26209
26015
25903
26816
26456
27286
26704
26699
26103
25807
26093
26375
26026
26642
26578
26221
26542
26035
26504
26825
26844
26961
27095
26737
26767
25743
26881
27246
26701
26713
26318
26737
26716
26852
26061
26555
26296
25744
26802
26602
26488
26740
27201
26668
27214
26698
26883
27113
26583
27022
26653
26456
27127
27031
27360
26933
27545
26339
26144
26586
26463
26960
26654
26776
26027
27382
26397
26789
26772
26849
26549
27099
26713
26895
26649
26094
25933
26406
27156
27042
26326
26306
26271
26994
26429
26344
26426
26756
26644
26847
26500
27264
26541
26002
26267
26168
27957
26265
26312
26591
26979
26427
27148
26088
25964
26815
26394
27602
25837
26578
27199
26006
26597
25847
26326
26601
26015
26607
26322
26715
26080
26936
26648
26262
27185
26918
27070
26130
26284
27302
27288
27535
27242
25781
26543
26192
26900
26313
27392
25963
26772
26321
26685
26833
26801
26124
26470
26575
26589
26185
27150
26749
26662
26721
26853
26389
26800
26564
26481
26906
26766
26337
25645
26502
26721
26033
26201
26379
25815
26987
26723
26104
26440
26393
26186
26598
26327
26355
27009
27453
26177
25910
26681
27043
26653
25894
26628
26350
25890
27059
27054
26460
27165
26308
26452
26377
26414
26601
26333
26423
26706
27494
26594
26224
26500
26681
26372
26110
26995
26770
26416
26077
27305
26088
26567
26709
26209
26649
26600
26989
26311
26916
25966
26810
26931
25771
26498
26722
26284
26631
26394
26719
25819
26994
26702
26864
26910
26827
26281
26932
26658
27340
26538
27084
26461
26442
27210
27395
26723
25878
26720
26320
27286
26863
26532
25926
26723
26149
26485
26287
26743
25620
26577
27124
25789
26554
26805
26652
26204
26320
26676
26442
26933
26065
26949
27013
26874
25859
26999
26693
26560
25924
26346
26720
26572
26576
26864
27094
26417
26112
26662
26793
26776
26627
26640
26306
26701
25981
26887
25884
26800
26697
26034
26299
26338
26658
27301
26158
26679
26333
26109
25894
26838
26326
26369
26972
26777
27058
26217
27130
25762
26497
26519
25670
26108
26767
26523
26478
26650
26673
26687
26620
26391
26380
26752
26195
26922
25748
26448
26805
26609
26505
26859
26912
26188
26764
26673
26486
26346
26132
26423
26194
26845
26596
27214
26862
26503
26856
26819
26963
27140
26961
26444
26928
26490
26762
27054
26241
26860
26125
26551
26817
26568
27125
27228
26378
27038
25900
26056
26114
26590
25908
27187
26611
26572
26595
26709
27116
26490
26640
26435
26479
26738
26205
27532
26274
26177
26434
26931
26369
26292
26510
26377
26586
26872
26265
27017
26477
26545
25970
26472
26540
26827
27229
26561
26435
25958
26866
26573
26841
26851
26747
26274
26238
27548
27473
26780
27352
26452
27173
26703
26976
26617
25989
26490
26740
26407
26960
26977
27025
25916
26212
27404
26182
26933
26861
26664
26646
26547
26023
26170
26673
26076
27200
25807
26990
26905
26972
26243
26381
26694
26366
27007
26077
26805
27260
26747
26928
25987
25852
26659
26643
27344
26137
26862
26167
26718
27580
26928
26674
26131
27074
26200
26731
26652
25830
26253
27095
26743
26480
26701
26780
26779
26432
26227
26603
26885
27359
26642
26032
26411
26392
27207
26728
26283
26883
26305
26521
26723
27031
26120
26482
27403
26026
27081
26716
26097
26248
26204
27248
27022
26846
26900
26193
26551
26277
27590
26952
25961
26501
25894
26443
26429
26919
27127
26645
26339
26195
26532
27074
26495
26107
26313
26539
26143
26634
26155
27190
26514
26154
26729
26655
27220
26556
26250
25906
26573
26141
26252
26750
26732
26481
26209
26203
26846
26839
25814
26861
26244
27077
26370
26796
26289
26214
26776
26658
26757
26455
26636
26773
27016
27264
26561
27180
26589
26811
26534
26014
26916
26701
27065
26215
26224
27582
26641
25733
27186
26736
26916
26250
26631
25905
26470
26814
27282
26521
26829
26599
27025
26575
26795
26668
27024
25959
26584
27511
26785
26242
27263
27092
26789
27121
26369
26372
27047
26526
26716
26542
27469
25924
27126
26173
26720
26847
26514
26405
26598
26934
26688
26982
26716
27267
26846
26537
26716
26817
26677
27165
27067
26500
27174
26630
26033
25943
26188
26489
25975
26973
26849
26692
26609
26546
26743
26545
26467
26636
26233
27319
26812
26583
26557
26250
26607
27010
26779
26460
26883
26047
26708
26473
26428
26519
27105
25888
26205
26180
25842
26395
26208
26649
26548
26676
27047
26526
26356
26205
25926
26367
26311
27124
26585
26064
26227
26896
26573
26530
26274
26695
26713
26936
26210
26531
26379
26432
26082
26073
26184
26507
25535
26863
26226
26091
26290
26867
26938
26501
26485
26892
26807
26385
26719
26713
26737
26033
26432
27498
26263
26348
26648
26419
26987
26595
26509
26359
26496
26306
26462
26332
27445
26342
26378
26375
26382
26118
26923
27073
26943
26591
26956
26637
26662
26985
26404
26903
26647
26679
27077
27203
26088
25866
26396
26613
27093
26827
26445
27292
26318
26182
26428
27093
26794
26534
26871
26757
26686
26283
26080
26811
26438
26661
26103
26470
26282
26794
26635
26926
26740
26380
26081
26910
25835
26742
27288
26655
26980
26946
26536
26962
26828
25692
26260
27075
26336
26926
26804
26428
27095
26924
26458
26745
26613
26033
26971
26949
26418
26194
26434
26979
27106
26325
26794
26690
26301
26678
27185
27196
26621
26777
27186
26084
26122
26383
26668
27057
26774
26205
26766
27332
26366
26639
26689
26781
26579
26882
27031
25880
26469
26840
26203
26515
26448
26539
26958
26417
26524
26407
26734
26733
26358
26022
26268
26768
26456
26208
25961
25948
26906
26819
26855
26224
26820
26731
26435
27190
26014
26558
26401
26497
26259
26859
26926
26720
26451
26166
26591
27212
26850
26703
26641
26419
25872
26375
26502
26971
26467
26903
26705
27342
26369
27329
26508
26768
26647
26492
26640
26507
26613
26573
26809
26630
26896
27002
26624
26668
25892
25912
26858
26975
26097
26803
26597
26222
27009
26670
26673
26622
25804
26846
26743
26627
26782
26919
26747
26656
27217
26929
27023
26564
26928
26475
26235
26978
26858
26920
27036
26070
27059
26973
26555
26708
26059
26929
26474
26277
26276
26610
26996
26788
26277
26505
26520
26103
26497
26648
26462
26385
26851
26829
26513
26773
27149
26891
26811
27148
26722
26733
26144
26789
27536
26602
27150
26520
26673
25994
27178
25934
27106
26913
26288
26737
26006
26707
26566
26726
26988
27093
27635
26338
27345
26209
25755
26509
26262
26683
26383
26802
26215
26655
26947
26569
27382
26893
27030
26696
26730
26080
26586
27156
27326
27500
26627
27094
26881
26583
25970
27357
26618
26781
26375
26459
26721
27593
26193
26123
26092
26416
26134
26746
25973
26863
26810
26422
26501
26491
27049
26474
26761
27415
26451
26692
26810
26234
26349
25868
25963
27266
26306
26100
26406
26600
26459
26092
26578
26099
27367
26368
27576
26410
26675
26912
26094
26822
26001
27049
26713
26444
25739
26952
26358
26733
27245
26787
27457
27186
26080
26264
26619
26973
27322
27300
26518
26916
25777
27218
26603
27277
27650
26117
26221
26309
25928
27267
27417
26634
27029
26838
27019
26100
27257
26478
27424
25819
26371
26723
27246
26622
26927
26613
26611
26859
26693
26802
26714
26932
26022
26200
27125
27027
25812
26490
27246
26542
26735
26108
26854
27569
26737
25569
26566
26523
26235
26579
26413
26544
27104
26510
26812
27378
27058
25916
26210
27511
26917
26842
26879
26609
26192
27273
26967
26501
26316
26644
26937
26502
27036
26503
25973
26687
26851
27063
26620
27184
26486
26487
27063
26538
26401
26598
26802
26861
26303
27402
26099
26645
26648
26319
26431
26691
26666
26776
26129
26033
26457
26575
26389
26849
26059
26710
26582
26434
26797
26290
26908
26195
27142
25972
26361
26397
26783
26858
26722
26643
27027
26714
27140
26312
27084
26221
26474
26340
26569
26174
26942
26975
27442
26147
26768
25597
26132
26360
26262
26607
26955
26781
26848
27197
26555
26901
26027
26581
26951
26227
26719
26162
26355
26957
26299
27081
26540
27140
26378
26829
26507
26445
26269
26929
27683
26451
27224
26975
27043
26789
27057
26333
26154
26341
26208
26088
26329
26708
27149
25859
26377
26128
26924
26575
26945
26632
26669
26165
26498
26883
26962
26031
26614
27310
27201
26552
26434
26477
26373
25996
26907
27149
25912
26867
27214
26643
26362
27443
26404
26300
26831
26208
27304
26855
26728
26347
26808
26836
26554
27237
26869
27346
26774
26848
26069
27073
26518
26534
26906
27268
26139
26565
26685
27054
26051
27193
26712
26985
26464
26387
27167
26394
26319
27126
26775
26561
26023
26378
26837
26289
26400
27227
26506
26812
26311
26230
26507
26348
26346
26495
26676
26399
26515
26716
26761
26895
26086
26662
26468
26580
26206
26649
26331
26578
26503
27094
26636
25652
26116
26056
26695
26461
26288
26929
26083
25406
25828
26430
26124
26135
26771
26823
26202
26194
26395
26223
26435
26118
26885
27143
25668
26941
26866
26946
27100
26953
27113
26083
26674
26746
27501
27211
26498
26273
27015
26615
26717
26768
26611
26665
26042
26946
26358
26917
26657
26063
26614
26554
26139
26821
26813
27224
27093
26704
26856
26675
26970
26964
26242
26504
26166
26594
25915
26266
26338
26116
26740
26183
26601
27125
26385
27001
26741
26769
26632
27073
26570
26761
26659
27150
27233
26974
26966
25942
26257
26607
25965
26343
26720
26242
27266
26355
27417
25953
27192
26908
26106
26938
26449
27269
26428
26521
26600
26778
26464
27190
26652
27153
26658
26365
26524
26630
26493
26923
27020
26361
27114
27359
26195
26444
26742
26261
26935
26310
27064
26451
26347
26233
26206
26278
26795
26939
25926
26544
26742
25823
26503
26342
26768
26678
26817
26777
26376
26274
27204
25942
26798
26676
26980
26447
26330
27052
26812
27187
27261
27112
26313
26935
27364
26722
27137
26311
27171
26860
26989
26547
26867
26543
26671
26543
26820
26897
26270
26690
26525
27015
26923
25880
25924
26717
26179
26745
26573
26403
26506
26533
26645
27241
26592
25916
26790
26998
27002
26535
26069
26486
25598
26635
26962
26347
26520
26685
26229
26483
27064
26145
26582
26696
26469
26480
27164
26767
27140
26607
26815
26714
26182
26401
27301
26984
27761
26792
26937
27306
26916
27023
28084
26835
26341
26448
27034
26858
26437
26855
26832
26993
26695
26666
26490
26605
26914
26238
26460
26485
25682
26280
27261
26710
26743
26235
26309
26896
26262
26873
26628
25851
26308
26512
26850
26161
26272
26456
26518
26728
26233
26631
26500
27073
25914
26840
26803
26506
26207
26516
27390
27146
27003
26429
26702
27003
26650
26633
26860
26337
26994
26463
26518
26569
26754
26791
26725
26136
26337
26102
27060
26345
27223
26792
26742
26574
26736
26542
26316
26859
26471
26503
27195
27179
26390
26541
27107
26110
26656
27066
25831
26350
26892
26614
26856
25959
26374
27311
27093
27357
27012
26837
26512
26593
26703
26517
26851
26744
26366
26682
25748
26637
26979
26568
26961
27010
26526
26788
26101
26349
26699
26596
26058
26696
26940
26322
27078
27117
26193
26405
26180
27172
26292
26736
27108
25302
26522
26281
26227
27153
26451
26198
26530
27777
26537
26204
26687
26155
27065
26863
26615
26483
26661
26222
26839
26779
26833
26617
27079
26570
26831
26896
26919
26723
26421
26742
26640
26911
26568
26434
26025
27218
26556
27048
26475
26441
26588
27229
26892
25910
26481
26995
26790
26484
27101
25979
27008
26340
26310
26310
26471
27430
26914
26881
25924
26458
26583
27121
26116
26993
26116
26549
26730
26583
27037
26216
27439
26876
26290
26590
25693
26919
26728
27075
26244
26794
26734
26009
26564
26830
26013
26980
26646
26959
26487
26575
26295
26818
26828
26495
27039
27023
27149
26253
26043
26662
26579
26275
26828
26345
26511
26686
27073
26210
26550
26525
26069
26912
25524
26911
26731
26774
26775
27388
26162
26048
26831
27160
26635
26603
25904
25860
26407
26904
26287
26642
26911
26883
26680
26606
26721
26653
26816
26101
26547
26444
26499
26004
26557
26581
26771
26579
26065
26439
26525
26968
26028
26673
26922
26499
26467
27227
27073
26380
26054
26683
25900
26579
26615
26604
26450
27264
26413
27258
27077
26920
26729
27231
25227
26532
27083
27185
26358
26976
26521
26373
26684
26895
26318
26340
26710
26304
25997
27116
26542
26139
26797
26371
26604
26669
26553
26806
26910
26524
26878
26656
27071
27339
27146
26643
26505
26899
26778
26306
26907
26958
26561
27439
26313
27051
26717
26701
26622
26804
26623
26532
26618
26092
26793
26609
26041
26619
25800
27128
26578
26368
26324
26472
26596
26727
26635
27236
25809
26820
26451
27483
26601
26453
26607
26938
26748
26056
26142
26746
26832
26790
27346
26748
27204
27045
26771
27190
26986
26452
26568
26437
25853
26368
26224
27113
26992
26378
26995
26490
26706
25554
27306
26904
26801
26333
26986
26613
27552
26668
25535
26697
26503
26903
26231
26537
26613
27207
26247
26688
26995
26919
26081
26555
26052
26785
26571
26310
26934
26551
25876
26622
26453
26730
26693
26132
26568
26593
26305
27100
26614
26410
26437
26586
26442
26329
26859
26590
26731
25819
27016
26319
26825
27088
26326
27639
26330
26227
26820
26291
26663
26724
26514
27319
25800
26866
26774
26572
26661
27462
25644
26351
26373
27076
26474
26804
26498
25522
26503
26073
26949
26697
26558
26184
26616
26554
26297
26777
27422
26389
26052
26746
26654
26711
26824
27408
26649
25953
26233
26625
26345
26659
26113
26399
26366
26527
26848
25696
26717
26458
26010
26679
29842
10381
219
9208
21669
24714
25948
20033
797
1289
22701
32524
22719
360
32472
23903
29726
7704
1243
11836
2784
32302
21976
32357
12519
22814
23875
32559
2016
24383
15266
6303
16419
17041
21822
30561
7470
24298
6949
8
6656
16371
33979
14728
2435
28314
13033
1622
33234
12500
34299
20371
18120
15355
32246
17034
28892
6903
8512
27081
19133
14260
3895
15388
30447
21090
5005
3730
354
6260
12056
31890
21173
5692
12301
30659
19651
1737
27369
16477
34514
2304
26737
8354
13559
8555
25795
4102
21523
2046
21531
33091
6610
30670
20169
13398
22756
6394
31305
11243
15811
23155
29140
31921
16270
29160
14462
21394
4109
4195
15102
8822
22909
28665
5833
29852
2299
19671
10271
13005
7204
27873
20425
23309
22769
13320
11429
14332
9347
28929
28709
761
13694
27346
10376
25420
19063
33706
32153
386
25797
11629
26361
28482
26437
7633
21085
8016
1966
2158
4237
30615
2099
4377
12762
1999
29322
3940
29729
15589
14823
350
22641
22708
33109
12115
33177
33234
29587
21802
3041
1424
30341
30336
30128
23214
15549
12916
16834
26177
17698
14490
30184
26336
18905
34661
5244
18821
8758
15980
1689
28021
13391
15678
21533
13857
21445
30663
21557
3808
957
30607
30207
30995
14510
29162
29044
19222
34000
23853
28681
2022
18760
9110
12053
28754
34201
10215
9174
3847
4997
4362
21449
17898
7264
5451
18336
22233
7877
17971
20549
19866
10433
18572
24493
31452
17299
9156
11591
5061
14359
1810
4823
19385
20230
26838
22994
25923
14104
27271
12316
31852
17091
21844
29762
26459
1028
22780
27982
29521
19639
2030
10207
13481
20805
26685
7461
30174
30024
16143
29732
20143
14942
2731
17357
7915
23773
14366
30437
21090
3062
179
18278
3180
12263
8858
18863
1497
13588
8774
27711
27642
12040
1630
3052
23748
34317
12128
28590
23787
24616
20537
4673
31557
24964
2016
19227
21761
4642
32180
10326
25036
12818
10354
25536
11778
33295
14773
17464
25085
16507
19272
26777
4776
14838
16388
16295
20255
2440
27833
21838
25603
26988
28517
30202
25420
11426
11993
6514
31912
24140
3730
12960
30046
27258
6380
22449
17504
12674
33402
24363
3418
33220
10147
16668
34708
34844
34898
34701
34684
35122
34557
34774
34951
34991
34495
34218
35514
34711
34440
34441
34769
35152
34658
34582
34174
34991
34469
34251
34910
35287
34790
35328
34702
34847
34478
34714
34654
34633
34355
35164
34231
34720
33886
34870
34389
34355
35508
34549
34983
34336
34657
34307
34625
34980
35496
35194
35022
35019
34349
34477
35518
34589
34733
34935
34744
34967
34827
35179
34996
35114
35134
34174
35252
35133
34530
34658
35545
35307
34981
34903
34730
34876
34852
34728
35588
34499
34188
34437
35353
34826
34827
35199
34450
34994
34755
34658
34537
34378
34794
34943
34865
33974
35194
34624
33939
34374
35319
34766
35006
34687
35536
34110
34949
34599
34742
35477
35058
34318
34913
35161
34003
35308
34885
34979
35034
34330
34791
35234
34615
34165
34880
34250
34839
35292
34299
34539
34876
35124
36165
35170
33700
34852
34946
34449
34706
35160
34342
34937
34268
34352
35352
33838
35537
34743
35198
35247
35449
34545
34910
35471
34525
35192
34628
35081
34244
35100
34649
35158
34626
34663
34248
34870
34633
34400
35498
35266
35127
35119
36191
34957
35102
34633
35140
34655
35357
34734
34812
34782
34376
35000
34268
34484
35734
34246
34670
34220
34939
33922
35331
35268
35085
35138
34681
34805
35317
35063
34247
35058
35506
34857
34994
35255
35258
35611
35020
34784
34227
34725
34718
34728
34614
34311
34986
34217
34259
34587
34966
35044
35088
35459
35246
34742
34498
35021
35369
34951
35020
34473
34505
34941
35121
34321
34884
34762
34778
34130
34268
34815
34793
34298
34971
35212
35224
34823
35284
34662
35009
34064
34527
35212
35018
33873
35252
34540
34746
34977
34281
34456
34938
34728
34477
34474
35228
34959
35295
34645
34793
34387
34901
34989
35177
35111
35316
34780
35486
35105
34899
34762
34062
34417
35013
34642
35003
34902
35065
34914
34784
34949
34926
35762
34558
34502
34616
34439
34851
34542
35256
34270
35135
34791
34532
35228
34592
34985
34952
34226
35503
35274
35192
35081
34754
34693
34629
34526
35217
34850
35321
34503
34234
34663
35675
34395
34608
34131
35787
34199
34825
35000
35759
34712
35547
34045
35091
35274
34983
34504
35143
34683
34342
35016
35157
34679
34416
34894
34644
34678
35154
35191
35204
35261
34743
34687
34830
34660
34713
35110
34860
34778
34182
34484
35140
35173
35239
35225
35746
35255
35176
35433
34399
34549
34993
35033
34777
34746
34664
35617
33976
34800
34813
35046
34527
34516
34502
35005
34974
34990
34330
34838
34652
34721
34286
34370
34525
35257
35053
35348
35177
34550
35262
35210
35276
35124
34424
34447
34919
34634
35225
35622
34339
34790
35022
35266
34030
34821
34853
34600
34993
35440
34884
35356
34599
34965
34945
34870
35214
34981
35006
34222
34787
34491
35505
35533
34485
34875
34914
34968
34634
34043
34553
34814
34740
34825
34545
34982
34884
34990
35111
34699
34493
34491
34439
34689
34824
34450
35011
34574
35139
34487
36617
34736
34647
34492
34461
33999
35115
34403
34976
34780
34444
35466
34231
34864
35064
34438
35240
34955
33924
34662
35038
34315
34897
34966
34705
33892
34743
34998
35451
34590
34981
35240
34942
34648
35210
35310
34630
35098
34759
35057
34803
35088
34712
34126
34768
34316
35287
34827
34736
34509
35512
34753
34205
34412
34997
35157
34761
34534
34443
35262
35374
34946
35138
34767
34143
34121
34554
34622
34899
35094
34812
35021
35395
35910
35365
34926
33565
35017
35207
35108
34638
34589
34863
35042
34226
34706
34887
34754
35141
35597
35698
34878
34987
35047
34134
34881
34686
34639
34921
34769
34416
35025
34443
34950
34540
35143
34869
35652
34719
34934
34664
35070
34829
34615
34987
34593
34292
34681
34728
34648
34401
34093
34795
34552
34658
34453
34881
34885
35004
35123
34037
35325
34485
34790
35474
35203
34833
34313
34092
34297
34401
35015
34686
35363
34631
34643
34049
34539
34313
34665
35404
34544
35167
35677
33916
33932
33939
35480
34971
35589
34962
35324
34154
34411
34695
34782
34804
34739
34972
34326
35049
34927
35011
34918
34816
35051
35098
35098
34979
34758
34920
33704
34776
34990
35194
34969
34981
34556
34982
34933
34677
34759
34075
34586
34390
35144
34407
34941
34322
34811
34827
34788
35074
35358
34988
34702
34531
34295
34291
35211
34944
34268
35328
34109
34041
34954
34899
34294
35407
34646
35018
34818
34689
35193
33751
35377
34614
35332
34984
34976
35234
35250
35331
35046
34472
35376
34892
33860
35574
34816
35378
34862
34686
34666
35768
34685
34658
34874
33971
34613
34330
34967
34869
34949
34476
34830
34052
34388
34645
35148
34644
34306
34729
34331
34601
35270
34049
35380
34525
34904
34888
35170
34725
35533
34611
34571
35064
35107
34424
34936
35024
35329
35460
34510
34694
34470
34806
35438
35400
35527
35002
34473
35879
34850
34698
34741
34754
34085
35125
34540
35300
34365
34304
34198
35163
34767
35054
34205
34920
35105
35752
35242
34410
35452
34693
34776
34359
34269
35180
35217
35197
35159
34569
34339
34561
34940
34687
34748
34048
35112
34449
34500
34668
35439
34662
34372
34674
34371
35068
34690
34978
34071
35152
34518
34717
34906
34139
34224
34607
34669
34238
34430
34826
34924
34687
34712
34364
34722
34818
34867
34331
33938
34753
34149
34756
34814
35478
35080
34342
35532
35354
34716
34788
34554
35460
34428
34456
35104
34728
34919
34305
34555
34892
34708
34372
34818
34850
34578
34712
35316
34424
34438
35067
35564
34204
34701
34470
35326
34190
35049
34661
35150
35470
34192
34665
34500
34586
34416
35690
34805
34845
35189
35434
34457
33887
34800
34182
34277
35054
35094
34909
35045
34425
34337
35514
35196
34476
35080
34591
35211
35119
34932
34300
34662
34470
35488
35326
34947
35333
34552
34702
34632
35090
34240
34513
34312
34984
34455
35019
34907
34330
34669
34616
34579
33895
34130
35119
34541
34152
34065
35575
35008
34535
35702
35265
34882
34824
35308
35710
35184
34755
34562
35097
34479
34816
34918
34862
34742
34941
35062
34990
35182
34688
34992
35225
34871
34293
34865
35296
35043
35314
34059
34778
35119
34844
34456
34029
35126
34902
34733
34949
34957
34757
34266
35087
34324
34911
35498
34758
34980
34680
35066
35271
34930
34665
35044
34936
34576
34482
34165
34108
35112
34678
34265
34551
34468
35002
34614
34491
34456
34989
35283
34150
34648
35489
34821
35250
35185
34255
34946
34778
35366
34796
34601
35969
34627
34806
35388
35020
34637
34557
35301
34256
35108
35078
10547
12007
8359
125
9704
3861
5744
2404
7764
1260
12721
12415
3787
5795
13378
9536
8218
474
11467
6162
12106
1406
462
155
613
1624
1624
6564
11525
11282
13825
6565
11687
7027
9610
13362
8343
9157
13982
8185
5876
12073
2762
5
7451
4550
5805
3371
10401
2545
9579
982
3136
2876
2175
13063
11431
9398
10739
1286
13943
12314
8291
9977
13683
10348
10065
5407
2162
12065
2245
4640
7039
2346
9253
9357
10236
10372
4635
308
9908
2869
6540
492
7748
330
84
8910
433
8485
11963
11356
13745
3756
1877
7936
5878
5180
10465
477
1822
90
11056
11600
6977
7732
721
2397
3432
8888
13298
308
14105
14875
14387
14854
13936
14739
14374
13435
13483
14929
14206
14274
14102
14185
14034
13709
14528
14135
13607
13955
14719
13865
14333
14398
14678
14136
14328
14607
14008
13841
14966
14336
14281
14378
14082
14009
14143
14421
14351
14902
14794
14384
14882
14543
15049
13547
13961
13786
13773
13605
14291
14514
14553
14294
14404
14650
14085
14410
14976
13899
14722
13515
14280
14901
14329
13820
13531
13877
15003
13691
14177
13450
13914
14118
14076
13592
15264
14686
13918
14206
13349
14118
14309
13283
13671
13589
14030
14624
13965
14489
14304
14535
14552
14796
15042
13752
14825
13973
14710
14064
13877
14774
14669
14521
14880
13743
13894
14383
13805
14473
14125
14669
15245
14307
13909
14374
14491
14174
13913
14723
13466
13953
14787
15015
13822
13929
14637
14436
14145
14877
14633
14963
14097
13837
14765
14863
14151
14728
14490
14074
14739
14960
13830
14599
14141
14250
14506
14651
13951
14366
13589
15164
15213
13961
15148
13990
14332
14716
14186
14637
14079
15091
13857
14416
13829
14325
14547
14695
14727
14410
14852
14675
14649
14865
14503
13455
13770
14290
14446
14293
14176
14371
14369
14578
14643
13917
14583
14619
13668
14174
14495
14643
13200
14188
14407
14446
13803
14210
14239
14465
14809
14831
14763
14362
14758
14742
14009
14488
14110
14177
14805
13753
14412
14377
14690
13653
15188
13951
14194
13933
15374
14436
14796
13892
14228
14438
14700
14396
13615
14173
14305
13733
14813
14267
14468
14468
14403
14805
14806
14276
14766
14198
14358
13901
13986
14676
14204
14091
14836
14554
14579
14432
14058
14160
13887
14626
14318
13950
14476
14698
14476
13977
14624
15361
15038
14302
14462
13305
14400
14229
14140
13962
14182
14491
13926
14070
14564
14602
14093
15300
14696
14273
13725
14957
13658
14273
13834
15179
13839
14198
14572
14211
14341
13651
14373
14702
15157
13978
14813
14035
13801
14335
14165
14156
13936
13838
14351
14749
14268
15156
14372
14332
13518
14353
14773
15048
14721
15127
14020
14862
14298
14695
14093
14813
14285
13923
14144
14019
14638
14050
14253
14041
14234
14840
14535
14607
14226
14616
14015
14337
15244
14546
14166
14329
14054
14632
14179
14839
14588
13920
14576
14645
14393
14206
14299
14438
12979
13869
14518
14112
14326
14002
15234
13246
14677
14409
14417
14461
13633
15214
14030
14527
14613
14239
14389
14229
15235
14245
13855
14449
14314
14129
13746
14117
14100
14332
14612
14957
14638
14343
14801
14048
14331
14761
14301
14794
14577
14081
14100
13857
14439
14424
14923
14791
13675
14755
13900
13748
14599
14141
13908
15038
14286
14521
14047
14496
13957
13939
15112
14362
14140
14350
14018
14327
14205
14087
13609
14171
14670
14435
14648
13969
13442
14117
14696
14090
13916
14525
14973
14594
14555
14250
14475
13984
14303
14565
14409
13846
14325
14323
14258
14499
15045
14330
14424
14962
14544
14015
13671
15140
14622
13966
14365
14251
13914
14194
14678
14360
14188
14705
14724
14947
14508
14251
14822
13913
14623
14202
14355
14514
14378
14224
14150
13165
14864
14404
14657
14219
14526
14060
14555
15043
14461
14461
14507
13958
14635
14539
14050
14322
14265
14546
14416
14178
14214
14628
14214
14778
14248
14402
13874
14132
14282
13943
14450
13913
14440
14781
14678
13762
14742
13723
13603
14672
14116
13682
15029
13991
14130
14563
14531
14893
14106
15000
14511
14714
14623
14602
14396
14683
14040
14381
14670
13955
14084
13923
14870
14340
14020
14175
14519
14274
14053
14546
14634
14344
14531
14565
14018
14243
14840
14412
14605
14428
14842
14866
14060
14229
13949
13697
14355
14811
14384
14565
13968
13978
14437
14309
14510
14519
14372
15241
13626
14063
14372
14822
13948
13951
14187
14286
15065
14263
14270
13639
14425
14539
14696
14478
14688
14190
14338
14457
14334
14684
14352
14224
13582
14697
14234
13954
14071
14866
14947
13926
15125
13958
14018
14407
14529
14331
14354
13808
15094
14542
15421
14540
14149
14506
13717
14339
14099
14688
14637
14686
13682
14233
14337
14183
13914
14148
14127
14006
13924
14097
14529
14763
14591
14193
14253
13812
13678
13994
13967
14908
14576
14128
14312
13910
14141
14449
15288
14417
14738
13940
14239
14360
14457
14321
13950
14921
13793
14302
13864
14375
14340
13690
14328
14628
13995
14567
14634
14056
14993
13731
14317
14430
14296
14525
14010
14222
14180
14110
14713
14471
14798
13833
14671
14478
14499
14448
13895
14763
13686
14495
14500
14050
14763
14374
14125
13685
14939
14151
15109
14714
13746
14740
13488
14760
14776
13967
14838
14205
14499
14381
14098
14943
15562
14349
14119
14549
13448
14321
14353
14811
14197
14068
14429
14748
14002
13634
14747
14990
14408
14431
14804
13999
14211
14145
14471
14254
15085
14178
14260
15293
14503
13916
14877
14350
14525
13701
13289
13887
14066
14418
13865
14368
14473
14001
14521
13907
14254
13844
14263
14075
14601
14322
14090
14856
14138
13918
14579
14901
14748
13572
14715
14106
14139
14096
14026
13901
14571
14593
13889
13846
13877
14891
13217
14147
14550
14123
14329
14093
14605
14344
14351
14426
14035
14781
14289
14681
13737
14219
15230
14579
13868
14530
14438
14536
15028
14650
14788
14492
14208
14223
14196
14311
14526
14211
14461
14802
14906
14392
14717
14286
14155
13738
14617
14646
14631
14882
14327
14736
14563
14223
14215
14228
14251
14168
13995
14300
14605
13770
14145
14499
14528
14954
15274
14494
13801
14046
14196
13831
14625
14457
13325
14246
14373
13726
14372
14365
14797
13770
14389
14157
14562
14477
15230
14037
14291
14978
14138
14237
14712
13945
14566
13965
14436
14924
13962
14876
13558
14039
14182
14504
14175
14234
14132
14751
14305
14773
14234
14347
14824
14315
14688
14443
14720
14091
14456
13708
14035
13738
14383
14468
13974
14437
13879
14802
13972
14140
14633
14890
13921
14469
14696
14587
14583
14477
14403
14498
14207
14043
14879
14611
13605
14819
13632
14791
14243
14309
14256
13743
13837
13794
14759
14250
15162
14603
14848
14304
14626
14150
15010
15029
14460
13963
14636
13778
14101
14525
14084
14062
14219
14018
14201
14385
13348
13988
14246
14941
14043
14054
13603
14106
14688
13897
14733
14312
13583
13902
14640
13371
14072
14093
14637
14493
14361
14446
14621
14628
14893
14895
14464
14226
14702
14442
14204
14328
15151
13803
14943
14791
14467
14806
13809
14749
14737
14764
14387
13904
13790
13974
14860
14281
15541
14279
13924
14463
13920
14634
14565
14398
14729
14580
14237
14563
13918
14198
14285
14068
13992
14074
14116
14120
13965
13539
14725
13769
14010
14470
14608
14342
14595
13717
15056
13732
14239
14559
14249
14239
14195
15050
14717
14403
14726
14470
14165
14561
14434
13569
13915
14324
14407
15149
14634
14384
13453
14113
14628
14174
14985
15121
14922
13979
13804
14241
13830
13985
14719
14462
14940
13725
14740
14778
14398
13992
14789
14930
14056
14475
14676
14333
14565
14495
13898
14192
14290
14609
14866
13753
14499
14275
13913
14302
14375
14672
14550
14636
15300
13992
14294
14488
13839
14731
14082
14938
14177
14048
14023
14401
13900
14869
14261
14149
14360
14769
14252
14884
13727
14323
14184
14408
14486
14335
13446
14202
14191
14278
14213
14572
14238
14392
14544
14278
14393
13905
13936
14512
14913
15154
14897
14496
13811
14889
15216
13635
14264
15186
13634
13851
13682
14307
14247
14245
14159
13903
13840
14298
14646
14431
13998
14364
13520
13844
14478
14157
14806
13743
14512
14796
14577
14127
14648
14600
14865
14703
14542
13919
14109
14798
14140
14044
14493
14440
13949
14244
14388
14548
14244
14227
14521
14241
14830
14156
14609
14659
13713
14296
14369
14189
14040
14447
13767
14218
13928
13904
13666
13744
14492
14136
14383
14223
14112
13734
13284
14953
13899
14689
14705
14425
14165
13860
14527
14335
13797
14517
14889
14533
14222
13308
14098
14643
13986
14250
14809
14302
14595
14318
14033
14967
14003
14212
14538
14633
14253
14191
13964
14048
14102
14190
14578
14996
14369
14473
14631
14566
13949
13947
13896
13636
14327
14054
13929
13745
14490
14233
14048
14131
13919
14514
14613
14032
15007
14505
13704
14141
14597
14729
14892
14569
14591
13930
14813
14453
14140
14515
14579
14008
15168
14862
13982
14041
14507
15003
13923
14478
14608
13994
14540
14338
13485
14325
14276
14884
14432
13915
14379
14330
14869
14518
13887
14936
14383
14089
13841
14426
14240
15042
14576
13668
14352
14177
14082
14377
14529
14226
14284
14288
13435
14132
13804
15152
14216
14264
14070
13815
14462
14092
13808
14985
14416
14573
13994
14255
14257
14940
14387
14521
13705
13698
14267
14622
14585
14359
14112
14528
14205
14364
14126
14173
14720
14852
14171
13957
14408
14335
14216
14035
14506
13951
14040
14003
14262
13721
14445
13353
14383
13765
14953
13777
14752
14619
14920
13967
14575
14214
14894
14134
14273
14473
14713
14976
14678
13975
14846
14669
13820
14710
14670
14387
14414
13785
15190
13904
14949
14557
13940
14589
14454
15066
14358
14045
14430
14089
14394
14319
13908
14634
14485
13958
14846
13855
14031
13982
14378
14690
14574
14294
14045
13540
14382
14516
14006
13888
14629
14019
14403
14364
14089
14255
14386
14387
14064
13624
14516
14736
14731
14359
14101
14642
14230
14514
14110
13678
14375
14358
14299
14365
14349
14658
13546
13944
14164
14089
13522
14060
14098
14119
14730
14150
14732
14577
14620
14158
14110
14480
14338
13647
14787
14699
13908
14525
15042
14887
15121
14340
14017
14412
14898
14378
14048
15440
14214
14131
14307
14833
14954
14706
14368
14673
14613
14064
15044
13618
14789
13900
14378
14688
14382
13973
14012
14300
14341
14334
14352
14499
14089
13956
14140
13790
14672
13676
14364
13924
14107
14664
14304
14180
13487
14559
14760
14388
13842
12704
26094
23400
3918
22660
3862
10202
100
14221
2326
18049
9759
9175
25145
11076
20669
16085
7965
15443
4201
15789
25399
4155
13395
6261
14584
16083
25017
7040
17197
7652
17840
6223
21887
3738
1769
22688
9359
26015
5146
10993
17022
3378
19611
17435
83
26032
11400
8570
15978
17031
4827
13703
11499
23151
11781
13025
2086
8046
5490
9459
8006
8798
26516
7743
8047
1808
13691
8981
25934
16297
2917
20616
10104
14506
18037
24080
16230
24593
12405
21297
19464
10162
23065
18571
24127
5608
12003
18197
5947
24974
24245
20754
19084
13869
2648
14555
3860
24403
3706
10214
23943
11299
6026
16316
21398
1849
17110
4710
14668
26478
7494
10320
22010
19231
26152
8266
10960
4837
23352
24178
19954
21377
23431
12370
8896
20169
24085
826
7444
21390
16309
22462
18762
8277
10278
25112
6568
11278
17751
5607
10967
18610
12274
3018
18531
19626
25229
12312
15413
16807
8829
16342
21726
15949
5033
899
10776
19149
11288
20514
7761
7543
24057
10497
21689
16257
21429
24941
13512
16162
26963
27107
27611
26576
26781
27410
26475
26172
26804
26681
26497
26484
26555
26434
26421
26767
26707
26369
26517
26334
26795
27088
27222
26348
26740
26317
26879
27034
26613
26742
27002
26078
26986
26733
25616
26368
26567
26723
26595
26258
25651
26297
26422
26565
26853
27328
26180
26675
26650
26527
26837
26512
27700
26221
25624
26156
26148
26307
27343
26723
26338
26829
26704
26265
25843
26653
26825
26415
27096
26933
26501
27026
26045
26496
26943
26381
26208
26255
26000
26783
26906
26953
26820
25835
26179
26286
26937
26863
26342
26036
26803
26132
26875
27434
27903
26060
27308
26612
26733
26076
26675
26367
26566
26620
26646
26356
26615
26119
26775
27373
26454
26868
26472
26607
27043
26283
26285
27373
25880
26288
26048
27025
27082
26583
26661
26724
27057
26665
26967
26589
26442
27038
26756
27173
26232
26647
26612
26340
26223
27061
26629
26240
26873
27015
26767
26846
26817
27077
26343
26481
26738
26561
27236
26248
26315
27024
27124
26500
27256
26700
27367
26669
26488
26974
26386
26146
26914
26388
26407
26420
26845
26696
26707
27485
26660
26594
26920
26467
26318
26641
26686
26869
27480
27288
27087
27348
26716
27248
26129
27252
26988
26710
26838
26151
25657
26583
26923
26114
26861
26301
27142
26023
27373
26737
27029
26881
26178
26157
26525
26558
26998
26358
26280
26839
26513
26960
26400
27347
26651
26326
26654
26354
26426
27025
26947
27144
26918
27167
26016
26488
26033
27274
26639
26261
26763
26270
26764
26404
27094
26771
27353
26434
26929
26617
26939
25525
26909
26676
26604
26533
27421
26009
26999
26224
27096
26788
26594
26617
26564
26328
26834
26100
26425
26784
27328
26785
26358
26726
26426
26229
26377
26373
26977
26328
26160
26111
27048
26255
26141
26461
26737
26766
26759
26613
26191
26672
26327
27381
26416
26366
27141
27283
27156
26648
26884
26927
26710
27609
26793
26596
26884
26547
26331
25994
26650
26161
26728
26501
26983
26629
26554
26446
27369
26538
26862
27580
26764
26766
26806
25829
27422
26389
26194
27076
26587
26511
26699
26352
26892
26217
27000
26690
26294
26291
27488
26287
26475
26129
26040
26522
26940
26340
26307
26075
26667
26586
26520
26688
26555
26513
27153
26476
26501
26012
26466
26611
27061
26860
26556
26416
27890
27051
27320
26450
27029
26747
27118
26269
26158
27190
25801
26625
26929
25916
27081
26877
26380
26472
26332
26658
27280
26119
26755
27023
26325
26688
26518
26735
27061
26768
26391
26079
26218
26460
25770
26383
27324
26700
27004
26127
26832
26224
26999
26547
26537
27047
27739
26136
26071
27200
26179
27490
26820
27404
25734
26555
26381
25842
26337
26724
26315
27159
26477
27255
26653
26374
26175
26754
26856
26452
26880
26487
25937
26030
26892
26080
26914
26938
26309
27179
26422
26670
27439
26916
26550
26502
26766
27088
25927
26642
25620
26207
26710
26925
27022
27544
26435
26575
26274
26660
26528
26533
26232
26649
26211
26735
26750
27051
26744
26324
26297
26685
26951
26510
27547
26578
26564
26160
26208
26905
26735
26687
26689
26367
26422
26557
25899
26119
27303
26941
26709
26828
27171
26933
26648
27005
26705
27068
26454
26461
25848
26565
27437
26452
26603
26442
26439
26983
26583
26166
26860
26319
26286
26516
26389
26094
27224
26466
26917
26101
25708
26193
26564
26622
27355
26899
26541
26634
26504
25867
26322
27383
26598
26020
26923
26980
25898
26367
26901
26941
26402
26485
26283
26937
27291
25959
26687
25950
26065
26765
27006
26912
25794
26135
26470
26597
25993
26748
26836
25953
27176
27120
25971
26905
26146
27648
26697
26631
26452
26946
27104
26568
26691
26318
26479
27266
26243
26348
26486
26259
26608
25743
26312
27476
26272
26159
26785
26560
26459
27189
26546
26777
26753
26956
26894
26429
26639
26516
27299
26630
27017
26764
27034
26463
26194
26839
26883
26954
27062
27005
26750
26254
27753
26164
26707
26373
26465
26651
26553
26225
26606
25956
27518
25986
26860
26342
26074
26431
26323
26509
26798
26940
26582
26765
26520
26122
26942
26312
26100
26805
26414
26760
26386
26987
26060
26610
26769
26517
26156
26131
26434
26522
26587
26385
25652
25885
26690
25894
26220
26593
26250
25989
25841
26588
26958
26277
25688
26824
26993
26765
26734
26083
25932
27191
25863
26516
27033
26509
26607
26995
26446
26639
27183
27030
26671
26807
26392
26694
27091
26929
26611
26414
26362
26737
26541
27161
26154
26179
26330
27120
26654
26784
26328
27306
26501
26546
26323
26622
26201
26598
26682
26360
26280
26765
26117
26279
26673
26144
26916
26721
27171
26189
26412
27142
26603
26457
25719
26571
27107
26346
26472
26690
26489
26690
26428
26985
26320
27020
26278
25628
26595
26984
26823
27380
26574
26741
27226
26213
26715
27531
26450
26395
27321
26825
26730
26736
26388
26402
26840
26553
25974
26231
26885
26839
26525
26645
26929
26890
26369
26789
25915
26336
26285
26513
26472
26633
26989
26205
27300
27113
27363
26325
26481
26820
27143
26622
26704
26231
26968
27045
26996
25734
26390
26572
26275
26556
26510
26738
26965
26888
26537
26893
27034
26578
26746
26761
26273
26308
26960
26691
26838
26934
26202
26512
26049
26826
26880
27236
26207
26566
26643
26513
26604
26574
25793
27314
25969
27004
26519
27181
25661
27265
26999
27064
26184
26301
26710
26934
26520
26368
26817
26724
27216
26843
27096
27194
26144
26362
26036
27658
26880
26374
26881
26669
26453
27266
26740
26866
26387
27196
25899
26379
26065
26446
26686
26725
26501
25872
26529
27079
25969
26529
26771
26624
27204
26814
26698
26945
26797
26084
26016
26886
26250
26219
26995
26800
27257
26641
25366
26194
26557
26817
26527
26793
26215
26624
26526
26564
26165
26686
27068
26469
26077
26660
26652
26425
26806
27013
26695
26735
26164
27033
26810
26834
26439
26998
26994
26199
26754
26868
27316
26309
26684
26012
26712
26430
26028
26528
26403
26736
27059
26722
26897
26478
26864
26523
26655
26196
26653
25806
26603
26093
26918
26144
26882
27071
26329
27011
26326
27231
26095
26616
26919
26943
26256
26577
26721
26195
26793
27734
26720
26647
26325
26932
26858
27210
26357
26851
26253
25854
27048
26140
26431
26624
26089
26435
26698
26161
26675
26161
27212
26692
26289
26714
26378
26693
26876
25884
26253
26476
26204
27208
25859
26168
26470
27525
26369
26341
26856
26285
25936
26873
26828
26682
26178
26287
26242
26317
26175
26441
27493
26903
26988
26532
26456
26284
26151
26423
26919
26285
26821
26805
26014
26367
26467
27035
25579
27465
26855
26246
26067
26961
26130
26252
26369
26642
26801
26613
27031
26881
27135
26280
26094
27691
26553
26479
26423
26010
27335
27396
27249
26843
27183
25838
26820
26848
25809
26898
26657
27305
26683
26677
26953
26541
25963
26868
27014
26075
26397
25868
26271
26778
26755
26909
26632
26839
26212
26977
26695
26512
26507
26798
26821
25761
26746
26707
26923
26768
26635
25765
26499
26540
26434
26706
26418
26796
26860
26847
25615
27074
26432
26888
26513
26949
26607
26127
27108
26803
25766
27296
25978
26307
26062
26791
26874
26905
26057
26244
26413
26958
27180
26446
25890
27144
26397
26924
27023
26650
26244
27042
26041
26628
27037
27203
26942
26572
27020
26303
26399
27291
27126
26186
26799
27138
26323
26737
26938
27013
27127
26491
26740
26296
26791
26296
27078
26744
26756
27230
26334
27368
26129
26571
26492
26969
26587
26941
26515
26263
26016
26603
26519
27113
26822
26739
26985
26317
27011
26448
27201
26158
26695
26810
25955
25976
27195
26759
27038
27043
27155
26633
27007
26648
27014
26467
26743
26271
26107
26405
27317
26531
26921
25677
27330
26709
26612
26209
26248
27353
26529
4581
11594
19284
14103
20672
12697
14550
17434
12368
5271
11697
20058
7298
14883
8093
19639
11498
16792
10114
20068
5120
7450
4887
16356
96
3149
12688
3197
7959
2008
1652
8823
20580
5629
18164
8819
20925
14727
4351
4461
13705
21200
6338
21545
6321
6990
20517
3654
20026
15288
4290
14166
19759
3413
18824
21672
12896
642
8254
14609
17420
17106
2046
3599
17612
1990
19394
19408
18855
6536
11115
5961
4844
18780
11013
20644
11615
10090
17040
2315
8845
2990
18028
10087
6975
13311
13958
3221
21588
3940
8102
4515
6493
9684
20007
18024
11961
14452
18909
10063
15225
19369
9103
6440
19077
22160
8417
18762
7811
6311
21062
21603
1554
16345
2400
15824
7097
619
15773
1218
18349
11010
18803
4118
4231
3330
14923
17496
12698
4938
6006
10516
6295
17565

