2094
2063
1986
2056
2111
2019
2039
2007
2171
2080
1995
2018
1953
1990
2030
2000
1992
2210
2107
2035
2019
1819
2153
2019
2188
2140
1985
2020
1989
1970
1991
1943
2037
1915
1971
2008
2366
2123
2007
2186
2030
1989
2117
2000
2048
2043
2069
1845
2054
2054
2031
2161
2050
2111
2114
2098
2043
2017
2167
2017
2005
2061
2088
2043
2009
2065
1927
1829
2082
2133
1905
1874
2085
2100
1976
2139
2067
2052
2003
2185
1928
1991
2151
2050
1931
2030
2081
1893
2110
2314
2052
2154
1984
2050
2141
2121
2070
1867
1964
2077
2155
2068
2071
1888
2125
2110
2155
2119
2110
2037
2000
2006
2039
2042
2073
2164
2098
1921
2123
1807
1834
2205
2178
1883
2220
2033
2130
2140
1933
2075
1959
1980
2050
2246
2103
1995
2006
2013
2080
2054
2052
2140
2129
2148
2131
2043
1978
1868
1996
2032
2113
2114
2114
1917
2219
2078
1928
2091
2167
1970
2082
2029
1980
1878
2159
2066
2003
1975
2155
2007
2095
1993
2096
1955
2115
1968
2105
2096
2204
2218
2034
2058
2010
2032
1984
1941
2082
2018
1953
1952
1988
1942
2078
2153
2003
2194
1926
2000
1874
2005
2135
2007
2083
2078
2087
1985
2233
2106
1991
2040
2014
1976
1761
1810
2112
2144
2157
2049
2089
2185
1925
1990
2008
2059
2041
2098
2217
2231
1979
2027
2191
2195
2201
2230
1976
2135
1979
1925
1940
2011
1972
2044
2048
2184
1865
2109
2018
1985
2084
2143
2171
2009
2415
2021
2102
2030
2072
1999
2063
1960
2016
2155
2186
2102
2112
2045
2019
2091
2003
1856
1994
1937
2006
2115
1796
2033
2188
1973
2183
2074
2117
2239
2110
2011
1916
2001
1982
2081
2326
1972
1966
1891
2219
2069
2069
1901
2000
1967
2088
2136
2225
1992
1928
2142
2042
2121
2181
2050
2092
2119
1912
1958
1984
2069
2197
2035
1947
2186
2016
2023
2146
2111
2006
1880
2129
2061
2068
2040
2005
2054
1898
1927
1995
2374
1911
2002
1956
2199
1879
1988
2122
2052
2189
2198
1924
1904
2089
2118
2089
2099
2055
2030
2048
2111
2092
1963
2247
1937
2043
1974
1707
2163
1878
2009
2047
2037
2083
2028
1920
1996
2277
1974
2272
2145
1977
2097
1945
2125
1950
1923
2070
2037
1961
2050
2040
2018
2242
2092
1985
1949
2068
1923
2105
2154
1978
1892
2151
2060
1954
2109
2133
2032
2108
2096
1996
2102
2080
2152
2043
1937
2008
1929
2121
2045
2234
1957
2058
2235
2149
2101
2085
1825
2185
2211
1963
2130
2045
2015
1949
1879
2219
2064
2087
2176
2004
2010
2014
2160
2057
2040
2095
1908
1992
1862
1890
2066
2095
2183
2257
1890
2101
2225
2005
2260
2170
1884
2069
2094
1824
2114
2074
1878
2271
2012
2033
1922
2226
2058
2131
2116
2012
2183
2017
2076
2046
1959
2102
1927
2032
2184
1949
2117
1983
2042
2004
2112
2027
2123
1894
2199
2285
2003
2057
2032
2009
1984
1940
2007
2059
2108
1930
2100
2030
2165
2292
2141
2014
2062
2005
2021
1996
2090
2048
1968
2057
2036
2137
2229
2046
2025
2220
2040
1937
1960
2095
1964
2040
2282
2134
1927
1937
2232
2355
1952
2009
2001
2083
2158
2130
1959
1958
1783
1912
2105
2090
2166
2028
2086
2008
2030
1969
2086
1986
2381
1950
2073
2096
1922
2033
2003
2061
2009
1915
2043
2077
2009
2091
1981
1866
2113
1951
1909
2084
2103
2168
2073
2131
2054
2069
1875
2082
2055
1977
1958
2153
2029
2089
1983
2048
2117
1868
2107
1987
2075
2216
2160
1980
2196
2115
1842
2087
2063
2076
2223
1998
2208
1971
2122
1892
2159
2129
2158
2084
2183
1996
2201
2067
2196
1946
2099
2008
1976
2132
1904
2082
2071
2119
1908
2120
2006
1987
2196
2122
2100
1933
1987
2127
1947
2089
2207
2072
2040
2153
2063
2066
1989
2128
2294
2078
1887
2091
2053
1970
2053
2141
1951
1896
1976
1968
2053
1986
1889
1949
2113
2042
1843
2002
2070
2005
2086
2014
2104
1970
1922
2031
2040
2079
2042
2097
1953
2027
2040
2211
1881
1914
1743
2060
2011
2167
1848
1919
2008
2091
2063
2150
2005
1923
2169
2004
2156
2263
2010
2169
1987
2225
2029
2072
1974
1920
1838
2218
2112
1992
2008
2132
2028
2095
2054
1889
2038
2169
2037
2099
2043
2014
1960
2112
2003
2101
2264
2022
2017
2020
2053
2126
2128
2392
2100
2186
1998
1809
2060
2241
2208
1904
2222
2022
2010
2000
2034
1877
2019
1967
1989
1952
2000
1925
2078
2164
2135
2007
1957
2083
2156
2145
1975
2028
1948
1924
2101
2119
2019
2173
2020
1936
2267
2006
1956
2031
1924
2048
2131
2053
2050
1936
2096
1965
2064
1987
2044
1974
2042
2070
2121
2018
2031
2061
1977
1909
2178
2135
2121
2049
2124
2117
2176
2187
2085
2019
2127
2193
2117
1933
1921
2186
1902
2052
1962
1813
1908
1939
2083
1896
1915
2064
2199
2023
2033
2108
2112
2111
2132
1886
2074
2105
2170
2046
1985
2149
2095
2087
2041
2369
2158
2007
2035
2138
2062
2104
2057
2140
2170
2066
2055
2044
1949
1992
2053
2031
2058
2238
2034
2102
1956
1990
1994
2062
2151
1957
2124
2245
2129
2085
1971
2171
2142
2007
2012
2026
2209
2162
2166
2085
2006
1917
2048
1978
2109
2094
1954
2132
2169
1792
1921
1979
1939
1952
2086
1835
2126
2031
2207
2079
2003
2085
2136
2180
1941
1932
2100
2019
2147
2140
1884
1951
2119
2039
1852
1865
2069
2110
1905
2120
1923
1949
2101
2170
2105
2217
2012
1909
2043
2075
2014
1915
2138
2062
2090
2029
1946
2022
2050
1943
2028
2140
2173
1954
1841
2012
1953
2097
2282
2017
1950
2140
2051
2125
2067
2136
1987
1957
1939
2183
1932
2101
2093
1975
2069
2250
2041
2091
1991
1882
2121
2145
2097
1914
1916
2125
1990
1927
1902
2111
2127
2149
2187
2072
2125
2118
1991
1979
2084
2027
2018
2199
2046
2113
1941
2018
1988
2107
1906
1924
2164
1951
2160
2041
2122
2102
2121
2247
1930
1899
2044
2029
2145
2058
2033
2069
2041
2060
2054
1812
2107
2064
2091
1950
2041
2116
2115
2157
1962
2018
1990
1944
1943
2060
2170
2021
1909
1859
1890
1994
2139
2199
2164
2229
1979
2039
1832
1850
2097
2152
2083
1942
2062
2087
2059
2110
1956
1960
1970
1960
1964
1965
1909
2281
2087
1897
1977
2043
1946
2080
1963
2102
1950
1927
1962
1984
2156
2010
2225
2215
1904
2085
2156
2164
2026
2028
1957
2105
2167
1964
2138
2065
2064
1994
1811
2126
1953
1960
2059
1961
2079
2015
2011
1991
1991
2070
2094
2026
1935
2171
2169
2041
2148
1984
2077
2064
2075
2085
2226
1994
2153
2050
2178
1910
1910
2124
2010
2138
2070
2190
2124
1936
2161
1900
2146
2165
2198
2132
1907
2026
1984
2143
2079
2224
2028
2010
2234
1977
1940
2037
2046
1994
1905
1889
1930
1767
2227
1958
2112
2056
2113
2105
2076
2217
2150
2010
1978
1904
1883
2013
2039
2123
1949
2071
2038
2218
2038
2133
2168
1972
2184
2246
2162
2126
1927
2023
2082
2238
1946
2223
2136
2011
2035
2090
2097
2069
1994
2019
2129
2178
2094
2129
1988
2028
1956
2076
2037
2346
2161
2029
2059
1974
1969
2010
1887
2051
2095
2112
2195
2031
1941
1931
1985
1988
2163
2202
2094
2039
1851
1930
2113
1876
1902
1793
2100
2066
2050
1917
2152
2038
1998
1966
2111
2061
1962
2017
1998
1850
2037
1996
1934
2195
2139
2145
1977
2084
2060
1978
1952
2021
1997
2159
1978
1994
1998
2009
2264
2126
2095
2048
2203
2059
2168
2214
2073
1959
1863
2067
2095
2108
2095
2001
2089
2058
2166
1956
2022
2138
2025
1904
2075
2162
2263
2150
2126
2183
1975
2124
2048
2116
2089
2139
1992
2070
2009
2284
2208
2029
2110
1898
2178
2010
2025
1902
2138
2085
2182
2167
1846
1931
2040
2247
2175
1886
1870
2010
2127
1938
2145
2105
2070
1954
1957
1923
2149
1829
1968
2109
1983
2138
1909
2206
1920
2193
2274
1909
1868
2166
1991
2027
1992
1965
2013
1987
2057
2003
2004
1943
2018
2001
2112
1942
1883
2091
2032
2012
2140
1998
2168
2171
2020
2104
2029
2025
2148
1937
1977
1883
2013
2008
1893
1993
2053
2057
2042
2126
2093
1973
1839
1908
2016
1929
1994
2058
2106
2073
2153
2017
2156
2107
2110
2064
1952
1895
2066
1888
2062
2136
2103
2155
1901
2052
2073
2024
2070
1934
2075
2115
1968
2062
2034
2155
2140
2004
2148
2011
2069
2152
2112
2185
1957
1941
1950
2057
2024
2088
1915
2066
2013
2106
2188
2199
2193
2055
1993
1981
2089
2027
2057
2001
2155
2331
2159
2042
1905
2060
2085
1977
2150
2146
2090
2121
1938
2147
1967
2170
2031
2099
2012
2289
2200
2013
2037
2151
2132
1986
1882
2137
2203
2091
2285
2047
1938
1840
1863
1921
2059
2149
1996
2084
2205
2014
2217
2177
2022
1811
2237
1981
1985
1801
2052
2208
1852
2139
1970
1930
1938
2097
2020
2055
1858
2059
2060
1991
1993
2079
2173
2101
1902
2126
2094
2041
1888
2030
2228
2127
1804
2050
1946
2078
1973
2131
2190
2002
1938
2078
2116
1952
2046
2200
2093
1900
2157
2136
1930
1917
2069
1979
1967
2288
2143
2100
1851
1942
2047
2037
1836
2084
2027
1890
1950
1954
2051
2039
2202
2024
2124
1975
1910
2016
2151
2095
2001
2161
2050
1944
1953
2054
2012
2135
2091
2145
2162
2042
2200
1958
2167
1920
2175
2131
2050
2123
1946
2096
2071
1915
1872
2110
1912
2081
1977
2141
2201
2031
1998
2012
1937
2111
1982
2204
2234
1891
2056
2047
1953
2161
2084
2088
1864
2000
2065
2045
1917
2057
2060
2251
2197
2027
1855
2299
1952
2006
2011
1821
2209
2105
2137
2026
2084
2024
1997
2001
1976
2033
2063
2042
2218
1996
2140
1997
2242
2053
2068
2080
2121
1867
1979
2125
2027
1904
2063
1965
2099
1974
2234
2037
1947
2076
2044
2039
1955
2017
2095
1980
2007
2049
1910
2153
1925
2048
1967
1945
2211
2125
2240
2016
2159
2133
2115
1985
2025
2132
2407
1988
1977
2073
1957
1964
2038
2086
2074
2261
2067
1964
1954
1832
2071
2010
2059
2131
2133
2156
1995
2229
2119
1990
1982
2049
1959
2048
2021
1947
2225
2197
1871
2305
1914
2037
2139
2078
2031
2015
2129
1889
2084
2103
2073
2015
2104
2153
1876
2159
1829
1953
1986
2025
1960
1988
2005
1988
2098
1976
2039
1941
2205
2114
1968
2053
2114
2109
2051
2020
2028
1930
2019
2171
2028
2114
1967
2006
1897
2036
2012
2247
2154
1991
2180
2010
2022
2045
1920
2082
2129
2104
1989
2153
2183
1917
2125
2087
2041
2195
1983
2048
2066
1931
2105
2084
2215
2028
2127
2018
2145
1996
1969
2031
2062
2049
2090
2067
1998
1941
1976
1972
2058
2023
2017
1987
2099
1832
1998
2110
2020
1981
2027
1981
2162
2052
1984
1939
1987
2013
1945
2085
2020
2056
2060
2006
2096
2008
1852
2285
1890
1964
1948
2075
1953
2159
2006
1971
2105
2071
2026
2132
1988
2092
2186
2026
1919
2102
2117
2091
1847
2143
1930
2035
2107
2155
2108
1942
1964
2088
2059
2225
1936
1982
1990
2033
2096
1948
2062
1770
2066
2040
1995
2137
2065
1991
2116
2223
1823
2220
2091
2050
2147
2141
1905
2039
2241
1964
2212
2014
2053
1980
2083
2160
1872
2002
2077
2194
1917
2212
2158
2042
1986
2097
1891
1987
2022
2080
2015
1989
2099
2005
2074
2009
2018
2094
2145
1940
2134
2029
2061
1955
1972
2026
1926
2142
2160
2138
2143
2184
1960
1949
2181
2054
2182
2050
1946
1982
1921
1746
1983
2154
1790
2032
1940
2154
1947
1978
2031
1980
2076
1905
2026
1984
2204
2149
2075
2198
2173
2043
1959
2035
2028
2149
2184
2089
1836
1904
2140
2138
2059
2129
1849
1932
1876
2016
1933
2098
1968
2092
2058
2191
2036
2143
2040
1992
1781
2040
1738
2090
1933
1906
1995
1973
1860
1959
1981
1844
2118
2110
1975
2188
2009
2101
2030
2009
2001
2023
2237
2020
1908
2071
2028
1982
2151
1989
2093
2114
2026
1998
1990
2118
2109
2069
2057
2056
2249
2032
2022
2021
2193
2114
2105
2111
2053
2108
1990
2022
2017
1912
2042
2098
1807
1937
2010
1965
2232
1978
1942
2095
2119
1918
2143
1896
1947
2111
2002
2016
1794
2171
1981
1977
2025
2028
2034
2048
2163
2202
2067
2030
1888
2011
2157
2061
2167
1955
1992
2024
1960
2033
1900
2089
1925
2201
1938
1973
2047
2071
1997
2050
2212
1892
2164
2008
2069
1953
1807
2047
2240
2063
2084
2000
2218
2069
1942
2100
2227
2087
2009
2084
2175
1980
2041
1955
1842
1902
2163
2161
2118
2070
2190
1880
1962
2144
1948
1945
2093
2118
1971
2188
1999
2037
1815
2068
2040
2081
1973
1853
2054
2044
2148
2108
1796
2076
2006
1827
1929
1980
2052
2256
2332
2129
2063
2125
2122
2009
1922
2095
2111
1929
2087
2163
1934
2183
2119
2047
2182
2136
2083
1893
2228
2258
2036
2123
2182
2251
1964
1994
2046
1985
2106
2115
2042
2132
2220
2046
2068
1946
1999
1937
1997
2093
2170
2169
2170
2085
1831
2046
2166
2023
2009
1997
1871
1955
2007
2154
2033
1924
2228
1903
1974
2098
2009
2144
1908
1952
2115
1989
2050
2039
2001
2095
2105
2203
2011
2109
1978
2049
2099
1930
2199
1975
1957
2096
1961
2086
2091
1975
2088
2086
2027
1924
2118
2033
2161
2090
1945
1910
2044
2070
2041
2002
1960
1993
2021
2044
2074
1852
2091
2074
1959
1957
2113
2083
2105
1919
2078
2133
2231
1906
2060
2056
2022
2049
2028
1897
2076
2077
2005
1967
1970
1992
2020
2131
1878
2031
2034
2012
1922
2012
2099
1912
2130
2003
2085
2031
1926
2177
2112
2103
2009
2074
1949
2040
2050
2088
1964
2098
2124
2166
1825
2090
2043
2295
2017
2043
1887
2113
2024
2071
2024
2163
1915
2123
2025
2175
2280
1951
2072
1946
2071
2252
2050
2085
2156
2056
1868
2143
2188
1871
2165
2161
2297
1959
2168
2108
2047
2084
1867
2106
2040
1951
2030
2186
2078
2108
2026
2175
1885
2048
2033
2028
2023
2115
2211
2058
2111
2158
2135
2119
2065
2123
2213
2132
2022
1921
2201
2015
2030
2124
2107
1822
1809
2165
2128
1810
1927
2149
2032
2084
1987
2072
2069
2213
2020
2267
2137
2065
2230
2051
2106
2114
1968
2098
2140
1983
1914
1944
2166
1966
1935
2084
1937
2092
2097
2059
2132
1997
1915
2063
2345
2077
1881
1962
2112
1982
2095
2182
1970
1844
2043
1952
2014
2018
2139
2144
2211
2044
1997
2108
1983
2073
2000
1929
2074
2166
2062
1926
2069
1952
2250
1936
2065
1939
2093
1935
1979
1914
1994
2099
1987
2178
2146
2185
2084
2137
2084
2019
2027
2008
2130
2110
2217
1961
2058
2006
1982
2015
2031
1993
2049
2084
1980
2135
2131
2126
2092
2070
1888
1912
1947
2106
2166
1827
2004
2004
2098
2114
2077
2007
2251
2076
2013
1964
2057
2039
1989
2056
2040
2156
1868
2098
1895
2119
2054
1955
2058
2030
2041
2103
2156
2003
1837
2197
2068
2087
2060
2128
1863
2256
2092
2049
2126
1986
1995
2085
2040
2116
2060
1946
2065
1966
2194
1903
2205
1940
2010
2007
2155
2008
1877
1948
2122
2018
1861
2068
2244
1994
1889
2129
2073
1809
2008
1938
2251
1981
2128
1910
2019
2143
2073
2062
2146
2082
2014
2060
2120
2190
1935
1929
1912
1831
2072
2199
2189
2159
1826
1983
2236
2275
1899
1867
1943
2004
2099
1945
1845
2068
2258
2046
1994
2208
2169
1983
1940
1910
2133
2176
2148
2020
2060
2053
2226
2038
2143
2120
1957
2137
2004
2018
2196
2142
2039
2154
1822
2180
1989
2168
2117
2083
2045
2029
2146
2021
2004
2110
2083
2102
2036
1926
1896
1925
2119
2022
1975
2089
2039
2140
2089
2130
1968
2134
2117
1969
2137
2023
1992
2104
2123
2179
2155
2139
2052
2065
2123
2194
2137
1905
2196
1891
2172
1944
2009
2178
1970
1885
2129
2023
1733
2099
2048
1967
1980
1989
2091
1969
2098
2180
1958
1832
2005
2102
2037
2002
2011
2159
2008
2012
2197
1989
1938
2140
2206
1793
2000
2070
1979
2164
2163
1957
2017
2176
2055
2092
2057
1994
2221
2162
1937
2262
2026
1898
2006
2001
2031
2032
2026
2173
2247
2044
2209
2030
2002
1899
1989
2033
2037
2001
2049
2140
2004
1905
2012
2115
1865
2071
2132
2111
2218
2021
2199
1886
1898
2171
1964
2017
2148
2062
2000
2006
2148
2365
1904
2243
2023
2167
2025
2038
1933
2076
2008
1980
1892
2043
2001
1926
2107
1887
2125
2157
1950
1922
1936
2020
2191
1822
2104
2158
1943
2200
1947
2013
1959
1966
2247
2224
2015
1938
2008
1977
2142
2140
2102
2174
1987
2215
1979
2036
1906
2066
2147
1963
1918
2087
1971
2313
2070
2003
1974
1931
2023
1982
2006
2089
2015
2023
2073
1878
1869
2175
1998
2000
2168
2214
2005
2025
2194
1883
2031
2169
2004
2096
2123
2021
1892
1888
1942
2195
1816
2023
2090
2031
2021
1980
1947
1975
1975
2010
2025
2167
1892
2061
2036
2107
1897
2144
2164
2041
2126
1997
2030
1974
1930
2173
2118
2067
2023
1867
2022
1970
2066
2080
2284
2047
2121
1957
2035
2321
1955
2028
2021
2059
1871
2065
2109
1795
1888
2001
2233
1914
1959
1915
2049
2129
2072
2069
1967
2062
1942
2224
2045
2089
1926
1994
1849
2074
2056
1952
1823
2068
2011
2023
1961
1981
1884
1915
2150
2045
2054
2267
2120
2112
2124
2161
1982
2175
2060
1836
2176
2052
1856
2185
2096
2009
2033
2233
2153
2228
2100
2100
2021
2070
2172
2085
2187
2160
2198
2076
2136
2000
2011
2051
2112
1979
2024
2021
1984
2246
2118
1813
2052
2012
2115
2183
1993
2105
1928
2046
1907
2028
1945
2145
2044
2172
2008
1932
2116
2025
1974
2047
2008
2167
2131
2006
1997
1979
2049
2066
2115
1964
2002
1895
2051
2151
2061
2118
2072
2035
2128
2043
2093
1908
1898
2038
2027
2140
2131
2141
2081
2179
1904
2233
2060
2035
2031
2074
2025
1785
1983
2109
2000
2165
2111
2056
1982
2097
1944
2244
2084
2194
2015
2070
1983
2252
1937
1926
1950
2233
1963
2108
1990
2088
1946
2003
1906
2047
2238
2238
2046
2033
1991
2281
1993
2020
2183
1933
2140
2037
1961
1995
2007
1790
2087
1918
1882
2130
2156
2028
2046
2044
2014
2152
2015
2077
2027
2005
1927
2089
2167
2242
2325
1964
2070
2137
2119
2032
1924
2086
2175
2171
2050
1971
2211
1960
1978
2022
2198
1959
1930
2095
2007
2211
2060
2171
1808
1920
2080
2151
2099
2119
2173
2025
2018
2075
1964
2197
1895
1916
1939
2001
1924
2068
2052
2116
2075
2056
2158
2004
2093
1964
2029
2004
2077
356
4598
4920
4101
2505
4490
278
3727
197
3468
11
2453
2563
4181
3983
4969
2404
5637
2530
3864
5867
810
1745
4126
2259
5107
2369
1674
150
3071
623
4933
2712
2274
2127
2602
964
5224
410
657
3138
6128
3477
2997
3633
5709
4331
148
6048
3420
3986
5433
3238
3879
182
4557
889
2882
3747
887
1844
811
3024
3088
3519
2233
1693
119
5251
5410
424
2846
4788
5940
4294
5223
2505
754
1407
2121
206
2226
794
3769
3432
3315
2029
1021
2947
509
1339
5195
3388
235
1658
2291
1043
3367
3716
1485
537
4118
281
3017
5145
729
2779
5306
3639
4535
2822
3803
5040
3148
2956
592
5932
5088
4360
3471
2544
5244
4666
6131
3322
1378
2752
2766
609
4090
2569
904
2452
1659
653
3864
244
997
2611
5171
4004
4374
4526
375
2619
1230
5960
5894
5592
72
3494
3618
2498
4896
4678
2035
1858
4367
501
2019
2137
2176
2633
281
650
4806
2249
2479
3136
4672
1928
1530
2953
5664
5638
5896
5291
3443
3057
500
6064
3055
650
2166
5574
5470
2793
539
5276
6118
2846
5564
4584
2432
3010
756
4820
2175
5064
4677
6125
3921
448
3810
2760
204
3837
1971
1584
396
2845
1772
1351
1490
4166
1830
4390
1551
1909
4186
2468
4584
868
5656
701
6064
1754
742
4926
1458
5746
1055
728
2520
5595
4017
4139
2733
5228
3523
1383
3391
864
184
192
3008
3479
3180
3758
4497
3175
1052
3237
1198
4196
511
4706
2518
4765
134
5372
4609
3026
4624
967
1878
4436
3885
5761
1181
3164
4036
1904
1072
4936
4040
2635
1347
2150
2322
2447
3041
3415
1212
1973
4646
492
2033
3385
1040
3841
1920
2463
499
4290
4396
922
2000
2320
4549
445
4563
2783
5217
1885
2745
3690
5466
3377
522
3614
5521
3877
1127
2866
1691
4231
2059
1125
957
4063
1557
2724
1805
5811
2974
374
4428
3045
2188
616
3351
442
5947
5508
3300
795
5198
1152
6053
5950
3247
1553
2491
2119
5868
4415
6070
685
2511
5949
6211
6058
6154
6210
6210
6196
6112
6054
6146
6146
6070
6113
6199
6285
6040
6185
5989
6019
6267
6204
6353
6051
6039
6164
6317
6291
6164
6040
6009
6079
6019
6213
6260
6021
6048
5893
6308
6195
5985
6059
6191
5971
6077
6051
6215
6009
6229
6135
6231
6266
6173
6124
6160
6197
6027
6133
6113
6120
6278
6100
6212
6152
6311
6128
6195
6085
6134
6073
6165
6198
6096
6058
6133
6145
6144
6250
6166
6025
6225
6156
6356
5945
6302
6128
6114
6167
6025
6109
6048
6152
6380
6249
6103
6262
6004
5920
6210
6027
6085
6191
6105
6164
6001
6035
5997
6084
5999
6211
6191
6215
5872
6106
6313
6046
6079
6259
6228
6129
6148
6288
6194
6085
6038
6015
6126
6192
6013
6121
6233
6134
6051
6121
5998
6167
6106
6291
6283
6066
6055
6148
6048
6056
6043
6238
6043
6285
6020
6187
5934
6129
6219
6182
6268
6154
6108
6127
6141
6141
6020
6193
6051
6054
6229
6049
6092
6239
6184
6182
6146
6162
6049
6220
6142
6000
6173
6259
6059
6144
6027
6121
6275
6085
6212
6250
5985
6145
5999
6238
6016
6165
6094
6019
5904
6283
6109
6088
6025
6184
6068
6252
6043
5992
6146
6177
6056
6150
6110
6219
6007
6241
5935
6163
6192
6257
6259
6162
6110
6181
6046
6080
6002
6204
6108
6237
6091
6131
6212
6055
6091
6123
6120
6140
6084
6202
6256
6261
6131
6130
6114
6045
6129
6277
6283
6126
6116
6151
6267
6086
6270
6185
6271
6120
6070
6223
6246
5960
6297
6157
6126
6136
6037
6139
6086
6322
6319
6223
6260
6106
6048
6178
6107
6153
5921
6267
6263
6080
6214
6199
6122
6325
5973
6150
6285
6162
6225
6134
6207
5889
6286
6164
6029
6194
6290
6104
6397
6261
6238
6168
6007
6047
5999
6016
6029
6159
6369
6326
6285
6347
6148
6271
6069
6201
5990
6155
6247
6206
6078
6199
6127
5964
6209
6178
6344
6048
6118
6109
6163
6076
6077
6245
6088
6064
6259
6061
6083
6248
6130
6289
5945
6230
5966
6206
6315
6018
6220
6310
6198
6141
6228
6134
6175
6070
5972
6165
6239
6263
6226
6251
6026
6004
6194
6002
6108
6095
6135
6205
6029
6140
6128
6209
6200
6047
6105
6169
6110
6228
6151
6281
6241
6149
6169
6266
6262
6133
6241
6093
6021
6023
6185
6165
6072
6135
6211
5928
5974
6388
6268
6204
6214
6109
6104
6267
6185
6333
6000
6101
6152
6109
6017
6156
6377
6037
6152
6049
6095
6080
6115
6147
6269
6187
6178
6075
6154
6126
6215
6222
6164
5984
6263
6090
6228
6207
6121
6225
6151
6322
6056
6030
6041
6256
6220
6236
6107
6317
6128
6264
6024
6266
6128
6016
6220
6135
5948
6341
5790
6234
6150
6168
6094
6095
6153
6165
5921
6120
6179
6123
6108
6021
6301
5932
6176
6074
6078
6277
6237
5922
6169
6017
5976
6237
6275
6107
6156
6154
6343
6266
6192
6015
6164
5975
6235
6066
6058
6079
6067
6241
6213
6113
6189
6013
5996
6193
6297
6140
6081
6287
6050
6005
6249
6000
6154
5992
6247
6267
6170
6241
6221
6306
6247
6299
6213
6266
6201
6011
5972
6225
6063
6260
6317
6212
6153
6280
6010
6141
6160
6061
6166
6223
6186
6118
5959
6071
6001
6093
6253
6203
6121
6004
6270
6166
6200
6155
6049
6185
6039
6135
6133
6211
6088
6044
6073
6291
6113
6133
6217
6143
6050
6221
6334
6096
6308
6227
6169
6288
6081
6216
6170
6177
5949
6142
6241
6102
6107
6106
6052
6210
6146
5983
6070
6241
5854
6061
6195
6138
6268
6073
6130
6150
6060
6182
5989
6062
6068
6104
6272
6087
6033
6086
6228
6174
6211
5922
6181
6188
6124
6082
6038
6020
6122
6205
6222
6252
6246
6058
6236
6196
6179
6172
6252
6135
6152
6127
6177
6100
6030
6077
6109
6240
6192
6080
6139
6016
6150
6212
6038
6081
5953
6280
6099
6191
6132
6301
6296
6142
6328
6053
6193
6055
6231
6359
6093
6114
6116
6104
6151
6145
6191
6202
6134
6003
6126
6108
6141
5964
6089
6240
6295
6385
5983
6178
6145
6108
6285
6243
6154
6179
6259
5974
5962
5873
6050
5961
6087
5997
6054
6051
6097
5990
6098
6155
6011
6250
6167
6027
6063
6200
6173
6075
5881
6060
6185
6107
6148
6216
6185
6211
6203
6221
6247
6012
6038
6082
6082
5996
6214
6223
6124
6155
6090
6051
6196
6147
6257
6130
6238
6147
6015
6118
6070
6168
6058
6051
6133
6235
6127
6064
6143
6103
5994
6183
6097
6213
6053
6060
6049
6303
6198
6023
6138
6048
6000
6114
6087
6081
5933
6090
6027
6134
6263
6073
6048
6141
6147
6417
6113
6106
6119
6044
6064
6253
6185
6265
6047
6275
6048
6243
6088
6125
6286
6092
6064
6321
6161
6266
6163
6019
6105
6155
6260
5934
6098
6083
6215
6232
6067
5972
6068
6026
6164
6365
6119
6032
6281
6130
6169
6402
6119
6137
6001
6190
6021
6046
6152
6135
6237
6209
6325
5967
6171
6150
6207
6062
6108
6192
6071
6048
5998
6199
6140
6152
6158
6124
6104
6283
6219
6261
5940
6303
6121
6204
6234
6183
6066
6066
5953
6080
6374
6004
5991
6084
6120
6189
6285
5989
6010
6115
6123
6097
6150
6138
6105
6027
5971
6363
6219
6034
6128
6046
6033
6135
6370
6245
6209
6112
6064
6211
6121
6189
6015
6084
6168
6168
6170
6032
6238
6236
6229
6218
6161
6097
6154
6026
6190
6107
6135
6074
6138
6095
6079
6035
6171
6229
6145
6373
6065
6227
6159
6225
6095
6115
6200
6247
6200
6259
6261
6065
6118
6101
6138
6112
6239
6164
6186
6210
6198
6218
6030
6212
6319
6154
6212
6271
5997
6114
6117
6162
6083
6227
6280
6239
6060
6117
6076
6037
6032
6082
6164
6272
5993
5957
6115
6190
6074
6056
6166
6118
6272
6119
6002
6079
6110
6073
6091
6138
6283
6286
6102
6173
6224
6210
5883
6122
5967
6174
6215
6189
6112
6302
6039
6233
6049
6269
6146
6189
6260
6243
6193
6196
6179
6089
6048
6244
5975
6146
6058
6117
6075
6242
6081
6030
6345
6190
6231
6020
6067
6151
6132
6024
6132
5987
6180
6350
6072
6214
5995
6019
6171
6075
6225
6275
6153
6008
6157
6125
6353
6260
6495
6169
6134
6030
6308
6219
6137
6180
6185
6115
6170
6100
6079
5989
6116
6124
6035
6204
6059
6120
6090
6245
6129
6301
6002
6197
6392
6115
6076
6124
5961
6107
6201
6131
6129
6047
6146
6122
6090
6127
6239
6117
6285
6144
6083
6273
6128
6013
6034
6064
6145
6214
6304
6052
6050
6161
6201
6162
6162
6077
6196
6358
6078
6120
6200
6138
6324
6155
6237
6187
6206
6039
6248
6178
5917
6192
6346
6024
6047
6131
6072
6120
6216
6255
6144
6233
6027
6171
6131
6159
6237
6070
6181
6147
6112
5970
6158
6057
6211
6017
6177
6200
6095
6179
6339
5963
6180
6183
6119
6058
6138
6006
6086
6026
5993
6099
6098
6128
6134
6160
6283
6026
6341
6154
6221
6218
6188
6134
6073
6188
6198
6052
5960
6140
6035
6288
6070
6138
6102
6184
6382
6088
6298
6026
6159
6110
6013
6100
6092
6130
6149
6173
6203
6081
6207
6249
6143
6224
6128
6320
6048
6171
6112
6065
6132
6174
6127
6234
6180
6223
6135
6062
6120
6292
6205
6110
6048
6137
6197
6203
6149
6353
6017
5985
6127
6272
6189
6317
6229
5994
6303
6211
6190
6033
6228
6055
6211
6118
5805
6395
6194
6066
6191
6296
6316
6158
5990
6260
6159
6084
6052
6165
5990
6074
6036
6089
6219
6110
6068
6217
6309
6202
6175
5880
6199
6005
6230
6109
6167
6291
6038
6357
6160
6161
6140
6115
6096
6104
6225
6264
6132
6163
6260
6213
6087
6158
6172
6116
6039
6037
6287
6014
6241
6019
6151
6177
6120
6232
6095
6179
6081
6014
6108
6154
6039
6284
6346
6231
6124
6169
6166
6166
6090
6092
6078
6047
6102
6131
6255
6206
6058
6208
6154
6299
6207
5990
5998
6050
6171
6130
6186
6377
5981
6065
6114
6365
6163
6222
6115
6122
6003
6183
6146
6000
6283
5963
6174
6151
6201
6229
6443
6181
6050
6015
6176
6172
6095
6080
6000
6110
6157
6104
6144
6014
6052
6193
6222
6205
6195
6077
6212
5982
6277
6278
6177
6181
6169
6309
6162
6127
6227
6302
6066
6232
6125
6176
6193
6191
6176
6185
6004
6044
6119
6047
6160
6162
6155
6004
6049
6102
6117
6190
6151
6144
6273
6205
6088
6287
6067
6234
5978
5999
6078
6209
6228
6288
6270
6067
6047
6229
6140
6068
5969
6267
6000
6109
6026
6110
6137
6121
6239
6073
6103
6276
6162
6335
6161
6286
6125
6221
6099
6028
6073
6210
6312
6202
6238
6057
6222
5980
6054
5990
6021
6184
6369
6235
6312
6254
5951
6049
6182
6035
6060
6232
6139
6145
6074
6166
6130
6157
6254
6292
6050
6089
6096
6170
6101
6256
6115
6034
6111
6327
6343
6209
6029
6189
6136
6077
6234
6143
6109
6193
6192
6188
6351
6159
6254
6176
6156
5998
6151
6038
6399
6222
6160
6371
6120
6009
6041
6167
6132
6111
6146
6079
6299
5988
6170
6001
6227
6061
6240
6254
6093
6196
6131
6294
6244
6279
6076
6195
6076
6336
5981
6202
6125
6210
6283
5923
6247
6230
5985
6038
6025
6363
6140
5984
6077
6270
6057
6092
6170
6135
6275
6234
6263
6129
6049
6181
5970
6398
6121
6055
6293
6397
6317
6033
6218
6189
6052
6099
6270
6025
6173
6048
6234
5836
6163
6124
6190
6055
6241
6077
6386
5930
6170
6174
6272
6057
6089
6004
6007
6153
6087
6287
6136
6131
6016
6378
6101
6093
6162
6016
6121
6040
5950
6129
6323
6338
6157
6088
6195
6098
6172
6062
6106
6322
6045
6290
6048
6220
6096
6327
6175
6110
5960
6220
6082
6045
6118
6330
6077
6035
6179
6103
6195
6294
6207
6221
6075
6194
6050
6222
6051
6274
6123
6228
6107
6146
6250
6097
6110
6209
6126
6175
6237
6083
6063
6046
6365
6096
6338
6232
6194
6048
6361
6132
6326
6060
6099
6183
6288
6195
6127
6093
6100
6151
6139
6422
6067
6165
6167
6101
6023
6260
6135
6090
6250
6073
6175
6126
6224
6186
5910
6140
6124
6124
6108
6015
6085
6142
6296
6276
6333
6121
6084
6228
6292
6110
6040
6153
6135
6124
6113
6091
6048
5992
6125
6227
6276
5940
6138
6145
5963
6039
6130
6062
6174
6343
6208
5999
6140
6007
6117
6212
6355
6157
6156
6181
6307
6064
6302
6191
6148
6227
6213
6137
6261
6031
5997
6068
6233
6318
6170
6060
6059
6352
6147
6090
6051
6222
6124
6224
6273
6292
6100
6216
6085
6181
6180
6012
6059
6060
6082
6144
6212
6232
6171
6062
6280
6080
6143
6280
6132
6021
6155
6093
6128
6205
6088
6057
5960
6237
6360
6105
6117
6073
6145
6064
6181
6385
6151
6124
6126
6133
6221
6225
6175
6081
6053
6107
6064
6231
6034
6278
5993
6012
6305
6038
6165
6049
6208
6184
6080
6099
6186
6242
6021
6102
6100
6108
6172
6018
6227
6263
6019
6297
6301
5963
6102
6371
6160
6038
6170
6201
6206
6085
6273
6203
6068
6064
6140
6206
6314
5966
6241
6105
5909
6046
5873
6271
6051
6060
5908
6175
6122
6168
6189
6152
6177
6277
6369
6259
6155
6176
6051
6219
6099
6285
6187
6003
6159
6025
6266
6105
6126
6214
6195
6081
6033
6323
6200
6096
6080
6084
6204
6184
6227
6101
6218
6073
6135
6279
6316
6279
6209
6252
6135
6284
6300
6211
6126
6011
6222
6118
5918
6130
6078
6182
6120
6113
6054
6129
6327
6035
6064
6275
6111
6248
6168
6178
6132
6148
6077
5924
6246
6188
6136
6016
6312
6316
5993
6131
5942
6188
6129
6147
6254
6057
6179
6210
6151
6206
6352
6131
6084
6109
6017
6228
6113
6002
6261
6136
6037
6169
5978
6063
6088
6222
6177
6086
6075
5798
6214
5971
6179
6074
6070
6222
6202
6074
6131
5965
6117
6166
6208
6054
6124
6188
6191
6056
6153
6278
6103
6312
6133
6159
6200
6114
6027
6115
6002
5984
6135
6340
6134
6232
5981
6219
6279
6210
6088
6119
6079
5971
6094
6045
6181
6131
6259
6124
6198
6069
6180
5977
6225
6062
5994
5998
6078
6160
6197
6069
6072
6447
6254
6251
6050
6307
6019
6124
6083
6217
6258
6154
6209
6046
6350
6142
6005
5908
6049
6150
6052
6265
6299
6101
6207
6220
6183
6155
6289
6337
6158
6288
6289
6030
6012
6090
6079
6298
6075
6138
6116
5906
5987
6104
6164
5954
6081
6185
6023
6266
6104
6179
6100
5972
5971
6179
6097
6187
6155
6270
6108
6280
6200
6109
6187
6050
6098
6042
6164
6134
6123
6328
5993
6195
6197
6113
6187
6151
6209
6120
6344
6151
6143
6304
6102
6017
5924
6112
6188
6187
6209
6024
6121
6015
6021
6215
6064
6223
6113
5984
6032
6269
6151
5951
6217
6136
6341
6143
6099
6131
6135
6008
6208
6095
6043
6311
6104
6245
6242
6297
6249
6050
6071
6007
5888
6098
6202
6123
6202
6244
6022
6212
6080
5988
6121
6086
6035
6070
6086
6176
6204
6276
6251
6256
6152
6070
6072
6204
6215
6114
6137
6100
6221
6259
6229
6160
6202
6254
6169
6091
6280
6157
6146
6093
6156
6060
6276
6110
6265
5892
6322
6211
6135
5904
6243
6046
6171
6322
6062
6184
6249
6075
6236
6085
6061
6141
6161
6065
6293
6438
6291
6218
6121
5873
6185
5980
6161
6119
6060
6217
6077
6176
6092
6193
6145
5930
6105
6240
6274
6050
6180
6144
6322
6118
6097
6158
6399
5978
6187
6198
6033
6220
6086
6109
6183
6062
6105
6104
6200
6325
6137
6141
6261
6261
6132
5986
6117
6143
6200
6071
6074
6116
6275
6024
6198
6193
6119
6097
6059
6131
6263
6134
6093
6188
6145
6122
6247
6114
6159
6181
6009
5960
6128
6225
6051
6157
6181
6078
6118
6090
6263
6227
6121
6065
6130
6318
6095
6100
6208
6158
6061
6012
6096
6294
6157
6277
6095
6332
5988
6196
6026
6004
6114
6034
6159
6070
6000
6113
6092
6126
6096
6234
6200
6145
6236
6179
6160
6084
6082
6191
6367
6064
6061
6081
6085
6230
6181
6160
6290
6035
6293
6197
6132
6177
6139
5926
6150
6104
6288
6108
6212
6145
6282
6263
6196
6080
6162
6028
6141
6241
6013
6157
6165
6225
6089
6165
6025
6280
6147
6191
6106
5994
6345
6198
6154
6105
6258
6231
6190
6089
6075
6174
6160
6151
6050
6294
6122
6085
6064
6225
6129
6057
6096
6230
6228
6063
6099
6133
6089
6200
6037
6356
6209
6126
6218
6016
6138
6275
6201
6183
5991
5957
6164
6141
6066
5960
6204
6100
5991
6025
6339
6251
6164
6220
6087
5958
6148
6119
6024
6154
6013
6254
5950
6181
6108
6057
6179
6117
6152
5985
6329
5918
6060
6062
6186
6135
5907
6005
6133
6152
6178
6128
6279
6110
6267
6046
5990
6185
6235
6130
6004
6315
5986
6008
6157
5927
6124
6168
6117
6170
6054
5952
6205
6037
6084
6154
6186
6180
6256
6154
6208
6235
6057
6004
6233
6249
6112
5953
6189
6118
6172
6115
6122
6133
6067
6153
6107
6212
6227
6182
6077
6105
6078
6146
6033
6390
6190
6135
5972
6006
5477
8327
7096
5274
1546
5134
4646
1457
9316
10000
4442
9358
9843
748
908
2051
9722
7149
2830
5548
8960
3125
4352
5722
783
9532
6631
9698
1546
2696
2772
6996
733
2903
3206
4893
5448
5779
1030
4280
5589
1565
8597
9698
4368
3581
1607
3243
6090
6789
5965
7247
4647
6343
10073
9031
2885
5844
2245
2956
2228
6502
8219
9383
764
8598
2609
8873
5225
6984
9529
8561
8468
7126
51
610
9793
6380
608
4017
1701
3378
9959
3426
7453
7157
10015
7189
7305
10005
88
4217
2277
1667
7851
4921
9768
5873
690
6628
10138
7627
1069
1063
6959
4611
2951
10137
6223
8438
5869
1429
9270
2647
8770
7233
7176
4258
4624
8688
7601
7620
8424
8942
118
5464
6411
4216
6993
9058
4548
2098
10108
3116
4396
9286
1887
6537
591
283
4289
2474
1252
6534
7270
8936
1807
3038
8366
7165
1271
8376
5862
7303
26
8493
9865
9396
1218
5681
5796
4379
9085
6207
8750
7765
1173
7718
8978
4981
8179
7249
4218
4959
7732
6581
7207
5046
4229
685
8190
9696
624
5345
7381
6743
5862
6807
2766
4343
272
64
7380
3872
8954
4666
4705
9284
2440
9927
4413
3389
2415
3115
2096
1076
505
752
639
3875
2847
9040
1104
3875
6280
2867
1367
2804
7956
3552
7563
3224
6447
9012
7133
6496
6289
9167
2773
3653
7132
7614
832
3663
935
4940
6717
3110
5281
743
3097
5291
5708
508
9756
3953
1350
3068
8407
2128
8194
2426
1991
992
9176
2991
7005
5125
3550
9735
9978
3804
2171
111
3161
3774
10235
7177
6022
3818
5286
5926
6610
9245
8051
1482
3299
3863
8094
6568
10212
10470
10062
10343
10346
10290
10328
10192
10234
10269
10149
10342
10271
10190
10146
10421
10231
10163
10217
10142
10140
10243
10182
10238
10221
10219
10115
10243
10385
10217
10368
10331
10464
10225
10172
10239
10360
10290
10255
10353
10157
10258
10086
10334
10143
10046
10123
10182
10221
10383
10231
10200
10364
10141
10470
10159
10377
10384
10149
10206
10437
10394
10261
10122
10060
10221
10248
10227
10205
10341
10166
10262
10068
10322
10063
10445
10047
10225
10188
10139
10251
10243
10286
10199
10381
10249
10391
10290
10191
10049
10129
10231
10278
10196
10374
10181
10242
10012
10312
10185
9985
10089
10151
10274
10262
10199
10182
10358
10055
10391
10235
10269
10231
10267
10257
10192
10337
10006
10323
10305
10153
10101
10368
10227
10106
10302
10265
10227
10026
10196
10176
10137
10091
10096
10232
10121
10235
10293
10149
10158
10208
10255
10294
10284
10247
10227
10254
10361
10224
10170
10165
10226
10344
10236
10221
10348
10242
10259
10143
10044
10268
10156
10354
10393
10223
10318
10178
10172
10262
10407
10016
10273
10054
10279
10160
10319
10264
10406
10301
10285
10272
10393
10280
10221
10302
10221
10046
10171
10176
10353
10178
10315
10205
10081
10282
10344
10209
10019
10174
10291
10128
10053
10220
10570
10180
10249
10233
10403
10160
10257
10059
10341
10280
10506
10275
10172
10200
10231
10215
10305
10287
10442
10174
10129
10120
10265
10377
10262
10217
10311
10316
10400
10409
10189
10234
10192
10245
10102
10359
10393
10127
10163
10139
10262
10125
10500
10246
10131
10121
10249
10150
10098
10243
10228
10392
10260
10287
10256
10184
10365
10142
10166
10320
10257
10238
10082
10291
10137
10123
10216
10336
10165
10173
10394
10166
10159
10125
10190
10273
10125
10388
10295
10251
10294
10230
10111
10177
10289
10185
10270
10246
10243
10093
10165
10342
10237
10174
10193
10198
10205
10246
10270
10112
10148
10456
10205
10373
10292
10521
10177
10270
10205
10527
10261
10166
10376
10183
10308
10324
10327
10406
10181
10257
10244
10242
10172
10304
10324
10376
10190
10350
10137
10102
10176
10259
10229
10296
10379
10171
10099
10364
10050
10137
10055
10156
10113
10149
10404
10136
10292
10203
10130
9997
10130
10456
10399
10321
10155
10206
10241
10205
10236
10229
10053
10120
10154
10268
10421
10237
10193
10498
10233
10179
10128
10222
10119
10205
10172
10319
10261
10038
10347
10312
10195
10227
10237
10061
9969
10251
10390
10337
10256
10165
10203
10218
10231
10284
10408
10389
10276
10084
10296
10280
10312
10377
10428
10280
10130
10337
10242
10248
10163
10251
10167
10206
10185
10180
10289
9984
10188
10162
10054
10128
10305
10266
10224
10345
10225
10331
10335
10302
10183
10302
10309
10256
10206
10129
10555
10234
10441
10298
10364
10335
10282
10308
10238
10343
10306
10434
10223
10366
10047
10228
10225
10184
10228
10259
10300
10278
10158
10163
10208
10134
10220
10200
10316
9997
10260
10272
10218
10253
10284
10083
10120
10380
10115
10225
10179
10369
10110
10123
10141
10399
10264
10319
10189
10205
10236
10268
10124
10220
10329
10223
10265
10220
10238
10305
10233
10231
10111
10079
10189
10226
10273
10159
10272
10340
10075
10101
10319
10269
10162
10239
10121
10308
10022
10283
10187
10240
10397
10405
10183
10152
10407
10224
10230
10072
10307
10460
9996
10351
10290
10107
10238
10156
10350
10234
10411
10202
10402
10363
10400
10260
10173
10289
10206
10315
10279
10185
10439
10176
10358
10095
10434
10124
10248
10337
10182
10281
10324
10201
10337
10094
10261
10299
10188
10289
10078
10172
10285
10104
10257
10180
10218
10099
10052
10092
10244
10464
10270
10007
10112
10319
10274
10128
10128
10362
9975
10444
10249
10194
10273
10100
10275
10371
10361
10307
10212
10313
10048
10271
10446
10245
10333
10283
10107
10123
10302
10168
10059
10098
10255
10223
10077
10151
10443
10348
10073
10264
10098
10204
10183
10255
10286
10317
10200
10141
10129
10068
10176
10328
10300
10232
10021
9991
10039
10277
10230
10321
10278
10364
10105
10191
10292
10177
10240
10525
10089
10326
10118
10176
10227
10254
10202
10112
10174
10380
10188
10151
10249
10248
10225
10159
10280
10095
10194
10193
10367
10264
10142
10206
10208
10275
10249
10258
10072
10108
10208
10111
10249
10270
10444
10261
10150
10454
10242
10060
10413
10193
10180
10363
10366
10248
10307
10058
10309
10296
10362
10065
10097
10313
10134
10265
10201
10211
10154
10284
10173
10089
10403
10217
10366
10492
10231
10292
10226
10061
10237
10133
10401
10320
10473
10342
10195
10168
10194
10221
10179
10364
10251
10104
10354
10233
10190
10249
10342
10267
10144
10249
10020
10261
10104
10408
10133
10285
10234
10334
10215
10227
10094
10269
10301
10367
10294
10323
10263
10122
10140
10181
10217
10284
10402
10259
10211
10312
10370
10303
10095
10222
10181
10297
10254
10138
10129
10379
10443
10444
10245
10211
10274
10247
10217
10198
10268
10426
10198
10374
10183
10206
10222
10158
10147
10294
10264
10337
10201
10271
10270
10016
10529
10232
10298
10223
10260
10074
10151
10182
10268
10094
10092
10218
10253
10274
10082
10329
10117
10141
10210
10049
10320
10254
10193
10072
10084
10293
10213
10010
10185
10204
10288
10175
10410
10143
10221
10376
10288
10074
10228
10218
10243
10202
10261
10282
10155
10207
10415
10276
10350
10211
10254
10369
10244
10191
10197
10352
10140
10078
10183
10462
10377
10199
10290
10367
10305
10315
10125
10360
10265
10113
10210
10121
10251
10179
10388
10266
10337
10246
10222
10193
10255
10340
10234
10267
10146
10179
10074
10187
10191
10298
10328
10324
10296
10572
10359
10137
10188
10195
10155
10268
10121
10294
10296
10374
10331
10074
10337
10417
10237
10312
10131
10108
10177
10251
10308
10152
10276
10255
10051
10311
10190
10263
10111
10274
10299
10142
10273
10183
10165
10423
10386
10119
10281
10289
10247
10307
10118
10264
10335
10142
10211
10355
10104
10265
10146
10359
10194
10001
10326
10166
10304
10182
10162
10145
10353
10150
10180
10365
10326
10007
10200
10191
10340
10274
10237
10236
10197
10179
10257
10053
10246
10329
10328
10261
10123
10306
10121
10008
10130
10213
10147
10086
10304
10211
10007
10118
10213
10310
10163
10335
10053
10127
10422
10459
10403
10391
10234
10340
10279
10354
10309
10241
10112
10197
10314
10310
10192
10175
10272
10185
10236
10297
10544
10294
10158
10101
10243
10154
10250
10193
10231
10195
10126
10109
10268
10436
10195
10128
10206
10227
10201
10201
9986
10260
10337
10184
10287
10061
10090
10304
10210
10220
10182
10275
10228
10378
10375
10323
10227
10310
10200
10258
10167
10170
10202
10260
10271
10242
10331
10388
10339
10203
10115
10221
10143
10387
10337
10312
10160
10158
10222
10303
10096
10191
10059
10296
10297
10159
10180
10239
10200
10302
10217
10322
10218
10171
10269
10418
10203
10303
10446
10283
10299
10075
10295
10423
10260
10406
10173
10212
10435
10008
10240
10164
10223
10317
10280
10233
10284
10233
10122
10263
10135
10251
10407
10195
10288
10314
10365
10263
10069
10294
10428
10183
10340
10164
10284
10196
10324
10156
10328
10269
10345
10222
10217
10185
10217
10263
10182
10158
10346
10388
10276
10115
10015
10338
10434
10386
10175
10325
10370
10183
10296
10297
10256
10200
10212
10350
10349
10271
10081
10222
10355
10192
10293
10345
10499
10304
10330
10161
10270
10218
10245
10278
10259
10338
10080
10242
10175
10263
10222
10258
10117
10242
10296
10319
10247
10595
10244
10247
10428
10194
10287
10360
10226
10201
10323
9974
10062
10415
10257
10076
10213
10208
10190
10136
10286
10221
10295
10337
10199
10424
10186
10297
10011
10142
10361
10268
10250
10323
10302
10177
10338
10111
10227
10007
10161
10294
10346
10228
10184
10215
10120
10225
10250
10024
10349
10349
10171
10278
10462
10219
10307
10207
10348
10124
10080
10187
10284
10296
10217
10155
10312
10230
10310
10153
10221
9879
10385
10202
10347
10427
10222
10199
10295
10249
10161
10013
10188
10309
10238
10242
10151
10383
10070
10364
10184
10114
10261
10343
10202
10175
10188
10187
10209
10278
10282
10233
10216
10243
10272
10273
10277
10433
10346
10333
10313
10244
10255
10161
10274
10363
10155
10282
10199
10222
10305
10377
10284
10164
10250
10276
10260
10249
10182
10254
10273
10272
10277
10311
10176
10246
10349
10158
10375
10223
10204
10236
10235
10346
10118
10239
10217
10234
9983
10261
10030
10293
10168
10275
10191
10137
10211
10197
10279
10108
10141
10235
10246
10276
10218
10436
10157
10211
10266
10188
10065
10283
10296
10293
10372
10086
10293
10304
10223
10191
10265
10349
10226
10307
10312
10222
10196
10201
10340
10302
10169
10322
10229
10329
10278
10237
10122
10319
9915
10171
10382
10187
10272
10173
10147
10400
10311
10202
10333
10282
10328
10192
10171
10101
10193
10169
10275
10272
10189
10173
10168
10212
10190
10427
10243
10115
10242
10424
10180
10372
10255
10079
10264
10224
10295
10177
10166
10293
10307
10120
10185
10156
10355
10104
10412
10282
10257
10367
10244
10145
10260
10208
10311
10289
10201
10245
10281
10387
10259
10291
10147
10097
10201
10210
10344
10116
10267
10216
10129
10216
10359
10395
10372
10211
10403
10209
10091
10103
10233
10251
10250
10302
10155
10295
10173
10305
10176
10067
10400
10062
10479
10159
10143
10426
10334
10409
10177
10253
10437
10144
10117
10024
10144
10348
10288
10241
10231
10353
10303
10275
10219
10224
10320
10002
10375
10172
10118
10121
10292
10264
10271
10210
10237
10205
10228
10291
10129
10090
10349
10070
10171
10052
10378
10211
10211
10072
10411
10222
10340
10193
10087
9971
10038
10443
10214
10239
10229
10489
10225
10254
10338
10336
9980
10229
10394
10319
10289
10369
10247
10239
10334
10299
10316
10306
10029
10254
10216
10100
10209
10099
10380
10273
10295
10258
10227
10381
10102
10146
10054
10085
10252
10101
10343
10323
10272
10162
10410
10303
10217
10313
10040
10066
10253
10219
10113
10276
10292
10389
10253
10412
10356
10281
10271
10203
10287
10204
10239
10336
10303
10330
10346
10215
10451
10237
10218
10168
10373
10137
10252
10147
10391
10151
10141
10307
10231
10278
10226
10185
10246
10217
10219
10290
10269
10207
10157
10392
10334
10428
10350
10248
10206
10108
10138
10370
10488
10007
10297
10129
10177
10098
10339
10057
10223
10338
10104
10188
10356
10154
10199
10311
10222
10000
10167
10216
10031
10358
10313
10231
10375
10117
10263
10199
10340
10559
10218
10248
10308
10304
10116
10194
10262
10143
10418
10215
10179
10242
10236
10369
10090
10296
10415
10301
10174
10452
10363
10144
10296
10182
10195
10359
10118
10440
10420
10157
10418
10312
10217
10460
10299
10251
10254
10142
10204
10216
10222
10193
10278
10335
10257
10278
10364
10363
10212
10288
10307
10395
10392
10129
10158
10160
10372
10258
10328
10317
10402
10166
10099
10314
10061
10320
10217
10302
10457
9960
10339
10083
10258
10151
10040
10239
10266
9954
10187
10315
10279
10280
10272
10328
10211
10108
10173
10341
10240
10417
10229
10237
10073
10181
10231
10348
10223
10131
10188
10292
10106
10364
10045
10315
10199
10031
10218
10250
10227
10304
10350
9999
10385
10255
10386
10229
10152
10204
10320
10305
10134
10277
10306
10134
10162
10223
10256
10228
10171
10034
10318
10215
10236
10189
10110
10113
10033
10118
10185
10029
10482
10136
10197
10249
10273
10214
10341
10266
10190
10342
10264
10270
10292
10090
10321
10192
10118
10180
10196
10353
10155
10161
10084
10086
10234
10192
10290
10200
10298
10140
10143
10226
10124
10177
10253
10232
10126
10198
10257
10358
10200
10251
10196
10103
10177
10150
10140
10071
10244
10241
10357
10137
10350
10303
10271
10188
10318
10483
10283
10212
10262
10351
10214
10104
10171
10167
10253
10158
10368
10272
10358
10293
10438
10313
10262
10273
10373
10254
10332
10370
10379
10114
10318
10207
10373
10065
10443
10325
10130
10286
10207
10303
10234
10068
10276
10355
10294
10268
10107
10167
10135
10109
10254
10203
10133
10201
10380
10315
10216
10307
10325
10402
10265
10289
10187
10340
10205
10128
10236
10263
10336
10233
10144
10341
10412
10082
10326
10080
10289
10249
10391
10334
10288
10324
10288
10248
10124
10308
10198
10256
10178
10207
10043
10166
10215
10403
10185
10369
10183
10180
10239
10132
10161
10249
10309
10328
10323
10339
10164
10274
10299
10146
10204
10248
10385
10295
10210
10150
10343
10313
10206
10270
10301
10241
10199
10317
10183
10224
10193
10160
10143
10275
10176
10295
10199
10178
10347
10126
10055
10137
10220
10083
10325
10252
10277
10267
10352
10168
10097
10288
10432
10269
10408
10304
10155
10315
10117
10246
10241
10213
10306
10225
10298
10152
10189
10283
10231
10444
10144
10364
10331
10229
10323
10317
10313
10085
10139
10186
10186
10085
10190
10174
10063
10049
10283
10390
10371
10019
10179
10241
10168
10275
10313
10222
10153
10207
10104
10179
10367
10259
10204
10235
10131
10286
10316
10266
10209
10192
10054
10285
10378
10209
10353
9980
10120
10035
10310
10294
10175
10164
10126
10118
10171
10333
10202
10318
10295
10226
10386
10249
10262
10077
10339
10317
10264
10332
10083
10289
10366
10190
10259
10074
10278
10256
10153
10247
10202
10118
10350
10304
9995
10349
10231
10204
10187
10112
10467
10288
10328
10186
10412
10308
10225
10130
10273
10334
10312
10280
10262
10304
10193
10144
10308
10412
10213
10109
10144
10173
10193
10249
10170
10209
10373
10146
10259
10185
10165
10144
10245
10295
10363
10266
10148
10363
10196
10176
10105
10252
10045
10116
10321
10119
10102
10319
10231
10367
10191
10462
10167
10171
10299
10183
10239
10308
10299
10219
10379
10236
10155
10209
10297
10190
10280
10369
10284
10333
10098
10577
10306
10430
10297
10109
10103
10221
10266
10135
10252
10164
10261
10120
10153
10128
10399
10201
10198
10167
10087
10260
10249
10290
10026
10316
10098
10396
10404
10113
10316
10191
10184
10184
10276
10124
10163
10027
10281
10193
10218
10376
10366
10409
10336
10266
10254
10451
10358
10218
10330
10282
10089
10180
10279
10287
10218
10284
10095
10351
10352
10308
10127
10104
10026
10201
10193
10237
10228
10166
10327
10242
10282
10162
10216
10220
10349
10375
10246
10382
10264
10180
10341
10147
10274
10172
10023
10137
10137
10123
10144
10355
10249
10205
10307
10119
10297
10082
10185
10489
10275
10265
10279
10278
10541
10399
10234
10179
10180
10340
10281
10287
10170
10244
10328
10281
10199
10230
10362
10122
10319
10314
10286
10425
10247
10288
10149
10248
10166
10286
10257
10035
10235
10193
10295
10240
10266
10099
10292
10275
10259
10302
10222
10186
10575
10087
10039
10173
10078
10074
10208
10330
10242
10268
10299
10296
10005
10128
10179
10112
10337
10104
9938
10262
10096
10154
9833
10214
10270
10261
10262
10194
10355
10356
10332
10392
10227
10336
9907
9955
10358
10171
10223
10114
10247
10184
10301
10193
10491
10306
9988
10333
10399
10254
10280
10180
10067
10069
10185
10326
10230
10228
10222
10068
10180
10254
10310
10189
10158
10251
10135
10278
10228
10114
10251
10219
10140
10196
10233
10127
10239
10254
10053
10142
10160
10340
10388
10274
10178
10133
10292
10288
10368
10112
10124
10208
10193
10326
10279
10372
10213
10388
9991
10270
10224
10164
10240
10175
10424
10138
10188
10326
10228
10278
10186
10280
10117
10359
10259
10213
10407
10099
10184
10067
10429
10298
10216
10127
10452
10180
10216
10128
10142
10297
10144
10158
10026
10263
10191
10153
10306
10315
10193
10272
10157
10238
10232
10435
10275
10213
10315
10210
10289
10403
10250
10278
10298
10259
10322
10243
10393
10214
10182
10182
10356
10258
10387
10424
10130
10273
10100
10178
10203
10207
10287
10387
10207
10481
10282
10199
10197
10103
10284
10274
10238
10209
10379
10370
10036
10271
10471
10136
10276
10323
10100
10157
10388
10111
10038
10299
10055
10249
10031
10274
10249
10314
10212
10225
10215
10288
10114
10363
10301
10289
10341
10136
10182
10177
10345
10201
10160
10263
10379
10324
10249
10194
10210
10204
10134
10259
10133
10256
10222
10291
10303
10403
10244
10161
10313
10238
10301
10149
10392
10463
10389
10146
10237
10096
10326
10312
10384
10195
10169
10274
10247
10196
10334
10257
10392
10237
10253
10403
10241
9962
10252
10261
10146
10458
10231
10197
10369
10264
10189
10192
10330
10378
10258
10203
10276
10339
10134
10237
10477
10343
10226
10241
10160
10323
10238
10206
10207
10429
10304
10278
10117
10236
10344
10033
10181
10330
10214
10042
10227
10034
10343
10171
10123
10173
10186
10213
10276
10137
10357
10388
10238
10333
10255
10281
10106
10295
10109
10254
10255
10295
10138
10080
10125
10311
10345
10079
10309
10067
10247
10179
10167
10112
10331
10115
10194
10314
10164
10194
10348
10486
10189
10111
10247
10177
10266
10409
10259
10176
10221
10331
10387
10283
10329
10206
10238
10327
10311
10350
10230
10201
10517
10291
10242
10372
10311
10111
10115
10167
10108
10185
10160
10179
10233
10425
10115
10346
10058
10359
10153
10249
10222
10201
10031
10147
10365
10428
10176
10274
10140
10247
10097
10264
10217
10125
10208
10234
10350
10254
10270
10279
10099
10228
10181
10440
10375
10172
10240
10172
10414
10293
10206
10321
10295
10169
10242
10288
10332
10200
10195
10182
10338
10387
10040
10258
10316
10126
10187
10100
10243
10115
10242
10393
10279
10196
10149
10247
10171
10224
10110
10210
10146
10242
10377
10396
10402
10055
10129
10269
10176
10274
10236
9914
10143
10188
10102
10204
10058
10497
10141
10328
10214
10527
10210
10255
10277
10142
10310
10290
10182
10196
10318
10147
10165
10187
10145
10114
10383
10255
10128
10072
10215
10256
10111
10215
10347
10114
10168
10267
10359
10251
10235
10247
10148
10198
10516
10234
10240
10429
10234
10295
10323
10218
10367
10301
10348
10221
10337
10162
10265
10226
10315
10248
10311
10188
10193
10351
10248
10224
10351
10126
10178
10214
10096
10153
10304
10115
10163
10150
10206
10427
10356
10196
10161
10174
10161
10168
10231
10153
10316
10260
10360
10279
10203
10257
10358
10175
10338
10310
10326
10228
10269
10187
10081
10243
10208
10269
10238
10286
10172
10074
10074
10309
10473
10369
10257
10357
10271
10218
10161
10265
10230
10191
10165
10475
10229
10226
10373
10404
10365
10204
10308
10259
10310
10220
10243
10249
10211
10121
10295
10173
10189
10355
10231
10238
10339
10098
10240
10121
10267
10236
10226
10225
10319
10182
10497
10435
10232
10283
10314
10269
10247
10239
10184
10373
10171
10376
10377
10173
10259
10288
10356
10234
10266
10383
10308
10201
10311
10362
10461
10009
10301
10250
10284
10088
10320
10160
10230
10502
10394
10166
10309
9894
10217
10222
10206
10223
10083
10246
10265
10165
10292
10276
10219
10242
10166
10405
10291
10306
10224
10173
10149
10231
10019
10237
10244
10060
10236
10186
10188
10399
10261
10347
10086
10236
10090
10306
10135
10028
10144
10241
10362
10198
10338
10230
10219
10186
10055
10198
10177
10165
10138
10325
10165
10265
10264
10192
10186
10178
10250
10240
10301
10183
10180
10153
10435
10367
10150
10376
10315
10262
10340
10282
10244
10135
10189
10109
10376
10262
10255
10251
10298
10139
10212
10313
10315
10074
9998
10322
10371
10236
10231
10213
10360
10269
10093
10142
10145
10252
10044
10367
10313
10303
10425
10274
10240
10060
10189
10231
10137
10333
10217
10209
10237
10033
10252
10309
10247
10166
10120
10265
10270
10309
10182
10178
10108
10302
10262
10217
10124
10279
10375
10404
10174
10147
10205
10348
10281
10396
10372
10215
10344
10258
10199
10202
10309
10171
10278
10052
10232
10112
10345
10381
10300
10277
10233
10394
10347
10334
10100
10407
10333
10266
10106
10278
10192
10215
10382
10162
10431
10263
10157
10214
10284
10110
10252
10325
10243
10314
10261
10260
10161
10380
10152
10266
10286
10065
10177
10231
10402
10190
10335
10113
10410
10130
10033
10452
10197
10209
10336
10421
10472
10213
10282
10292
10251
10236
10179
10142
10202
10130
10282
10098
10077
10110
10268
10168
10248
10113
10360
10269
10229
10339
10191
10251
10165
10074
10282
10158
10324
10265
10131
10226
10167
10143
10376
10134
10193
10193
10263
10198
10169
10289
10260
10230
10429
10312
10138
10158
10213
10349
10317
10015
10416
10241
10290
10282
10233
10367
10390
10181
10179
10163
10049
10137
10149
10354
10212
10327
10270
10324
10408
10245
10308
10293
10220
10279
10276
10216
10190
10199
10323
10328
10179
10459
10173
10288
10257
10228
10210
10418
10249
10362
10035
10136
10397
10415
10334
10392
10251
10016
10258
10362
10423
10361
10297
10182
10285
10233
10199
10467
10354
10238
10217
10315
10072
10317
10400
10133
10203
10284
10231
10443
10160
10178
10290
10326
10276
10305
10218
10300
10386
10162
10304
10244
10183
10268
10243
10130
10089
10151
10168
10421
10335
10325
10265
10363
10259
10186
10246
10230
10072
10268
10199
10226
10259
10241
10445
10147
10117
10274
10135
10193
10092
10202
10272
10205
10325
10192
10295
10263
10073
10139
10334
10305
10494
10241
10323
10399
10504
10094
10148
10293
10098
10243
10345
10287
10242
10312
10324
10278
10276
10129
10116
10267
10130
10136
10238
10292
10175
10185
10246
10227
10169
10195
10214
10325
10200
10245
10379
10276
10183
10223
10320
10318
10221
10357
10184
10160
10265
10231
10323
10409
10115
10149
10227
10115
10225
10184
10272
10139
10157
10401
10368
10329
10313
10207
10148
10256
10287
10162
10231
10282
10332
10225
10004
10451
10221
10384
10314
10268
10400
10314
10309
10329
10289
10202
10201
10237
10311
10199
10226
10161
10171
10403
10106
10231
10295
10145
10162
10196
10225
10308
10240
10414
10239
10402
10322
10153
10268
10168
10209
10249
10296
10208
10330
10249
10123
10176
10125
10190
10289
10263
10176
10250
10336
10297
10249
10077
10208
10160
10238
10105
10301
10368
10240
10334
10311
9980
10232
10191
10249
10283
10319
10375
10295
10229
10148
10262
10218
10335
10340
10091
10144
10306
10036
10251
10214
10024
10320
10160
10178
10404
10265
10135
10308
10222
10246
10208
10234
10190
9960
10391
10403
10107
10219
10519
10311
10131
10201
10166
10300
10129
10315
10274
10257
10358
10123
10171
10105
10245
10196
10255
10255
10212
10458
10241
10364
10279
9996
10163
10353
10113
10224
10301
10230
10285
10390
10265
10187
10370
10068
10104
10293
10264
10235
10060
10329
10384
10119
10274
10202
10179
10328
10176
10261
10092
10244
10398
10240
10233
10257
10193
10181
10176
10195
10150
10254
10064
10288
10357
10254
10126
10377
10223
10280
10360
10140
10140
10144
10066
10184
10210
10274
10274
10362
10271
10361
10254
10220
10251
10173
7044
11937
2806
2432
351
6338
6283
9036
6688
12814
8299
10424
9527
11503
3447
763
432
8155
8085
475
698
7272
12304
4375
13379
1546
12309
10092
9042
3766
13881
961
5146
12646
5577
11656
2261
11653
6631
1026
14193
13761
12745
1841
10289
6780
2341
9517
12660
4936
8740
10698
7214
7059
7244
5842
13707
5768
8656
2866
12536
11485
13836
9498
2390
11769
7875
12399
966
3745
5385
11610
10038
12825
12167
10869
13299
4676
6188
10287
9415
6886
882
4312
13914
962
9524
10869
14138
14085
1177
895
11755
3165
5084
6337
4472
11423
1265
7103
9395
7189
5899
2480
14331
8309
174
13317
6076
3311
8741
12040
6034
8523
2695
13269
953
12873
8400
7389
5897
3705
4096
5027
12524
3992
10749
13153
5279
5746
184
4270
5361
6460
1895
10105
12910
12253
13934
196
5615
7350
1814
5889
11485
4363
3066
5551
1657
2269
9503
11637
9435
13430
3734
2230
9463
13867
11309
2023
10763
7445
13552
3925
7658
6535
7487
6017
8256
9087
3812
11020
7611
14198
5158
2130
6107
4401
5231
10333
2663
6487
558
2208
5920
3757
12224
13384
65
12271
10985
2651
13417
3024
3919
11594
1775
2723
398
181
6028
2401
13663
11971
2196
1364
6512
11376
10466
8061
11992
703
2542
5985
12747
3597
10691
7061
1851
7875
956
2389
1173
9880
5361
4597
7379
4121
8258
6973
5540
11452
2316
7624
6781
13467
13514
3945
9635
11561
11897
14121
8440
13863
11330
3550
10504
12287
4645
1244
8186
8820
5684
12932
3552
9264
3246
9765
2218
9696
5508
7510
6354
5197
1127
10380
8736
3471
9231
4063
6113
6898
6067
1961
356
10908
8344
960
7854
2879
3704
9469
9684
10141
3541
10609
11181
10549
13234
6958
11163
6251
6383
937
576
5878
7946
7048
7167
13900
13881
9655
11425
9750
7878
6105
7033
5567
561
11065
13007
7311
5667
1271
9981
6338
8674
7783
1387
6040
11097
8427
12349
5467
12437
6558
10964
2303
8176
7818
206
13487
3295
11994
47
12940
9807
7206
2570
2767
7665
2168
11123
13883
2499
11684
8193
10799
14323
13694
8571
3997
11024
5530
30
14138
2608
4828
973
10845
5774
11444
6008
4485
2346
702
10746
11088
14227
9395
63
6360
2666
401
4941
2958
1151
13639
6539
8391
3109
825
12418
9963
12784
11408
2492
714
9354
14068
14198
7505
14041
2065
2091
12444
6503
6445
10723
14414
14440
14211
14467
14418
14344
14157
14246
14430
14300
14307
14257
14286
14278
14269
14510
14329
14504
14347
14258
14324
14150
14362
14323
14354
14334
14326
14343
14295
14283
14342
14484
14374
14425
14416
14358
14558
14258
14519
14263
14601
14474
14305
14206
14203
14374
14235
14227
14237
14355
14390
14276
14390
14325
14607
14448
14435
14376
14260
14235
14338
14426
14297
14221
14513
14432
14352
14211
14421
14598
14403
14340
14305
14161
14459
14161
14453
14256
14301
14229
14214
14295
14416
14476
14387
14406
14416
14480
14400
14362
14230
14368
14319
14126
14310
14415
14367
14325
14334
14293
14394
14167
14370
14515
14328
14375
14499
14260
14361
14504
14313
14287
14574
14391
14397
14337
14319
14384
14510
14362
14430
14462
14216
14396
14426
14468
14150
14267
14430
14469
14347
14606
14336
14333
14143
14324
14453
14170
14370
14491
14458
14391
14315
14280
14187
14249
14407
14293
14221
14459
14123
14311
14117
14360
14454
14437
14324
14261
14350
14380
14520
14316
14416
14467
14323
14270
14450
14239
14348
14309
14414
14387
14167
14258
14394
14275
14209
14397
14288
14457
14290
14435
14258
14270
14355
14127
14390
14290
14387
14142
14276
14296
14301
14421
14265
14418
14205
14319
14338
14356
14409
14137
14310
14162
14267
14273
14437
14193
14302
14295
14308
14305
14155
14374
14183
14371
14325
14481
14508
14184
14281
14204
14371
14446
14360
14292
14258
14413
14499
14317
14429
14250
14369
14257
14448
14316
14325
14466
14398
14306
14240
14299
14474
14227
14410
14193
14490
14301
14317
14262
14453
14397
14273
14359
14455
14218
14366
14403
14231
14257
14411
14207
14121
14296
14388
14211
14402
14393
14340
14351
14510
14174
14166
14211
14374
14185
14359
14348
14174
14227
14296
14337
14425
14311
14361
14188
14298
14247
14238
14227
14296
14439
14388
14263
14309
14407
14334
14455
14321
14260
14311
14383
14419
14338
14232
14187
14398
14252
14361
14323
14285
14512
14218
14490
14416
14357
14359
14415
14353
14453
14330
14382
14307
14378
14497
14294
14300
14511
14529
14442
14236
14399
14374
14253
14399
14339
14420
14449
14375
14238
14351
14509
14404
14342
14150
14538
14319
14321
14346
14342
14314
14370
14267
14178
14329
14196
14402
14213
14337
14418
14455
14113
14492
14362
14320
14293
14233
14433
14488
14396
14343
14462
14151
14140
14333
14342
14423
14506
14212
14233
14321
14622
14188
14354
14329
14352
14424
14364
14573
14394
14292
14255
14433
14223
14237
14296
14422
14148
14492
14295
14416
14175
14413
14365
14378
14400
14251
14515
14391
14271
14361
14607
14389
14367
14423
14385
14489
14392
14508
14331
14372
14446
14270
14318
14298
14347
14396
14248
14419
14415
14332
14177
14595
14412
14363
14375
14239
14495
14367
14265
14242
14339
14581
14191
14391
14271
14199
14510
14321
14348
14291
14393
14516
14220
14220
14375
14308
14211
14350
14180
14274
14326
14264
14210
14393
14338
14425
14326
14362
14267
14168
14348
14356
14314
14372
14574
14360
14345
14471
14259
14133
14179
14148
14240
14217
14263
14281
14154
14319
14450
14396
14416
14235
14342
14216
14298
14279
14403
14386
14221
14371
14440
14216
14294
14243
14510
14357
14421
14332
14386
14179
14455
14264
14468
14418
14351
14257
14339
14376
14418
14188
14199
14389
14648
14296
14247
14393
14397
14480
14339
14375
14443
14242
14500
14642
14406
14296
14571
14287
14322
14313
14196
14549
14354
14518
14361
14340
14566
14410
14425
14441
14267
14402
14182
14276
14156
14439
14438
14459
14565
14284
14382
14442
14344
14047
14280
14108
14480
14238
14351
14207
14376
14185
14455
14101
14242
14409
14368
14327
14208
14278
14350
14214
14552
14574
14266
14301
14256
14389
14375
14470
14321
14187
14213
14279
14228
14354
14279
14564
14384
14352
14268
14440
14313
14274
14198
14553
14469
14392
14439
14356
14349
14121
14279
14308
14284
14343
14250
14356
14327
14351
14177
14298
14520
14312
14376
14280
14506
14254
14453
14304
14442
14314
14462
14130
14404
14284
14397
14187
14345
14239
14328
14245
14256
14235
14406
14418
14310
14393
14468
14117
14341
14227
14336
14446
14300
14294
14261
14348
14347
14349
14327
14353
14353
14318
14399
14250
14453
14369
14515
14374
14237
14278
14400
14230
14227
14346
14369
14215
14288
14221
14236
14269
14420
14333
14485
14403
14465
14375
14378
14191
14460
14570
14338
14368
14481
14330
14332
14432
14287
14429
14380
14262
14357
14354
14483
14365
14329
14348
14342
14391
14369
14301
14343
14424
14298
14386
14311
14270
14137
14197
14294
14420
14531
14356
14253
14415
14272
14426
14324
14365
14392
14433
14435
14408
14446
14340
14266
14224
14409
14367
14354
14390
14315
14267
14282
14261
14138
14276
14404
14244
14275
14308
14421
14221
14287
14466
14343
14239
14391
14326
14114
14441
14383
14232
14441
14440
14361
14275
14327
14294
14404
14405
14235
14278
14151
14168
14356
14304
14609
14233
14365
14303
14307
14200
14468
14360
14257
14391
14295
14277
14258
14320
14288
14321
14337
14367
14429
14437
14149
14500
14238
14521
14301
14415
14359
14343
14380
14609
14251
14285
14343
14402
14262
14415
14309
14515
14254
14288
14397
14239
14196
14544
14433
14403
14234
14395
14371
14429
14302
14539
14371
14261
14276
14404
14213
14226
14351
14347
14345
14262
14359
14463
14266
14375
14438
14388
14374
14449
14307
14243
14378
14435
14396
14307
14404
14468
14274
14274
14323
14541
14357
14459
14258
14286
14178
14385
14374
14361
14243
14135
14225
14437
14361
14318
14264
14402
14375
14190
14440
14268
14267
14267
14471
14380
14327
14315
14469
14103
14337
14491
14323
14500
14241
14209
14273
14310
14324
14224
14304
14279
14281
14289
14468
14250
14385
14206
14341
14303
14419
14320
14337
14375
14335
14331
14256
14233
14434
14324
14220
14470
14557
14274
14270
14263
14400
14367
14372
14504
14451
14069
14376
14348
14380
14420
14412
14209
14429
14386
14294
14107
14190
14458
14373
14366
14354
14468
14234
14194
14225
14374
14316
14292
14415
14522
14579
14202
14402
14411
14381
14009
14568
14359
14241
14191
14393
14219
14380
14360
14326
14124
14383
14604
14327
14257
14451
14314
14424
14149
14309
14338
14181
14420
14336
14287
14511
14484
14345
14313
14367
14247
14380
14421
14353
14524
14058
14328
14286
14393
14536
14480
14258
14355
14216
14209
14383
14219
14470
14254
14180
14493
14374
14375
14289
14252
14142
14322
14366
14240
14012
14553
14358
14463
14454
14366
14261
14317
14342
14242
14314
14129
14330
14292
14394
14432
14306
14378
14216
14334
14370
14411
14180
14209
14383
14357
14343
14407
14213
14248
14350
14243
14277
14506
14334
14394
14297
14274
14281
14362
14289
14353
14491
14432
14237
14238
14342
14412
14267
14156
14486
14308
14335
14292
14428
14519
14295
14157
14332
14451
14325
14292
14342
14359
14397
14526
14359
14410
14415
14305
14297
14245
14185
14100
14440
14296
14223
14102
14394
14377
14330
14343
14228
14365
14327
14341
14392
14441
14359
14338
14239
14187
14370
14260
14390
14240
14392
14442
14273
14334
14401
14233
14098
14449
14313
14392
14353
14294
14547
14270
14431
14322
14232
14436
14374
14195
14277
14287
14298
14631
14191
14246
14349
14334
14396
14165
14306
14313
14491
14313
14305
14408
14240
14289
14352
14383
14434
14372
14374
14394
14505
14362
14287
14373
14445
14327
14301
14428
14228
14343
14423
14475
14546
14342
14438
14395
14204
14192
14370
14307
14467
14480
14331
14230
14462
14259
14334
14217
14457
14548
14522
14431
14409
14138
14178
14377
14205
14016
14286
14278
14210
14411
14363
14410
14282
14365
14428
14355
14270
14106
14494
14244
14348
14190
14362
14278
14434
14189
14393
14514
14369
14351
14355
14396
14381
14338
14051
14359
14452
14231
14319
14328
14393
14322
14328
14349
14368
14306
14425
14331
14492
14488
14472
14339
14433
14288
14337
14409
14437
14264
14392
14429
14203
14432
14601
14364
14166
14304
14309
14349
14398
14350
14278
14232
14278
14179
14196
14203
14192
14176
14078
14340
14477
14389
14437
14549
14298
14411
14162
14264
14370
14379
14598
14225
14209
14376
14301
14295
14366
14320
14220
14260
14382
14352
14402
14305
14342
14419
14494
14255
14398
14399
14318
14172
14461
14376
14234
14330
14303
14358
14375
14368
14252
14563
14206
14309
14368
14343
14370
14440
14156
14458
14309
14182
14298
14281
14309
14266
14351
14389
14420
14414
14298
14275
14449
14419
14470
14491
14339
14375
14358
14514
14349
14433
14243
14342
14429
14439
14111
14406
14338
14492
14357
14312
14630
14606
14215
14368
14394
14216
14326
14436
14366
14320
14193
14105
14441
14232
14305
14386
14313
14134
14347
14411
14353
14306
14436
14527
14290
14329
14262
14253
14284
14304
14345
14296
14253
14215
14407
14395
14319
14432
14445
14091
14303
14212
14327
14336
14311
14265
14252
14384
14184
14404
14219
14268
14473
14432
14139
14439
14182
14528
14413
14351
14606
14293
14379
14158
14379
14457
14339
14061
14421
14188
14370
14358
14319
14320
14372
14452
14207
14240
14371
14470
14350
14314
14220
14466
14412
14221
14295
14178
14222
14325
14350
14444
14456
14159
14170
14475
14307
14390
14315
14572
14293
14198
14320
14322
14301
14232
14452
14262
14455
14446
14112
14189
14303
14366
14337
14345
14386
14356
14590
14286
14376
14391
14292
14345
14389
14306
14259
14320
14121
14334
14287
14335
14177
14339
14226
14277
14281
14254
14265
14241
14254
14450
14353
14373
14404
14256
14300
14431
14406
14317
14278
14512
14179
14460
14145
14316
14286
14188
14154
14401
14161
14289
14250
14195
14330
14455
14404
14264
14359
14288
14273
14265
14536
14222
14148
14412
14281
14239
14258
14261
14387
14390
14329
14320
14371
14307
14148
14411
14312
14365
14500
14164
14291
14295
14546
14477
14274
14202
14372
14283
14388
14325
14355
14531
14179
14435
14453
14242
14335
14414
14300
14451
14212
14391
14462
14356
14521
14400
14104
14219
14280
14189
14375
14336
14298
14439
14337
14392
14370
14349
14369
14328
14167
14284
14511
14329
14286
14330
14454
14481
14404
14460
495
391
159
482
1138
1939
1781
1393
729
1301
1875
718
674
805
210
932
1229
913
1674
1677
2003
507
1447
1503
661
820
492
1302
538
46
1836
651
1575
1179
729
1964
1623
1302
1412
2009
308
1320
641
1718
809
268
1473
509
264
478
121
134
86
681
893
1038
831
1470
66
36
1515
683
1897
1102
300
1491
1891
1916
2037
267
1426
266
1554
675
581
1465
1577
742
1606
1889
75
897
526
1436
2042
535
278
371
1002
2022
1992
1250
929
1704
1934
1159
1385
2039
1863
585
1573
1447
739
941
117
1280
662
483
42
946
1530
792
1605
817
1586
784
1629
1077
700
667
114
1756
192
974
395
248
1951
885
545
715
1347
1554
1960
483
1315
1024
1096
553
1879
1523
1330
520
847
856
1806
509
1748
1440
170
64
908
219
1224
2032
1710
991
1718
695
1831
591
229
1495
227
1522
1770
604
38
520
1455
1033
336
2040
129
832
662
1420
1460
2220
2202
1990
2176
2155
2004
2106
1852
1982
2051
1973
2159
2093
1990
1855
1734
1840
2304
2028
1915
2017
1941
2034
2222
2067
2031
2133
2016
1989
2133
2053
2173
2045
1986
2142
2094
1967
1962
1853
2022
1906
2287
2204
2085
2153
2070
1979
1912
2242
2000
1984
1915
2005
2181
2134
2050
1936
1951
1872
1947
1896
2161
2146
1877
2090
2105
2035
1959
2008
1910
1833
2255
2090
1992
2104
2159
2008
2213
2365
2145
1969
2296
2045
1952
2042
1987
1945
2048
2073
2056
2026
2060
1975
2126
2095
2154
2204
1992
2017
2033
2230
1999
2008
1958
2149
1918
2087
2083
2035
2053
2288
2029
1810
1994
2100
1996
2012
2153
2041
2026
2039
1949
2090
2003
1917
2134
2027
1752
2115
1962
2005
2044
1987
1986
2160
1819
2212
1870
2032
2139
2006
2079
2094
1887
2040
2021
2188
2069
2040
1895
1983
2151
2051
1974
1939
2033
1985
1986
2195
1935
2016
1941
1951
2163
2036
2197
1960
1913
1931
2083
2007
2040
2046
2149
1868
2054
2016
1920
1845
1872
1912
1864
2012
2191
2144
2227
2280
1972
2110
1974
2069
2076
1901
1948
2093
2123
1973
1900
2019
2059
2085
2082
1885
1936
2007
2056
2120
2201
2112
2046
2033
1960
2106
2136
1953
2104
2049
2015
2077
2124
2165
2140
1918
2014
2057
1963
1992
2177
1974
2090
2185
1994
2040
1854
2006
2136
2036
1917
2089
2061
1880
1995
2017
1941
1914
2008
2015
1891
1971
2050
2155
2044
2048
1990
2063
1965
2135
2036
1881
2042
1901
2040
2157
2163
2019
2005
2158
2055
1975
2060
2057
1974
2074
1972
1879
2103
2190
1888
1963
2001
1927
2026
2148
1912
2100
2210
2041
2091
2038
2194
2019
2169
1941
2147
1998
1976
1852
1990
2053
2250
2111
2000
1906
2017
2095
2192
1946
2141
2058
2119
2026
2067
1982
1932
2106
2130
1998
2088
1970
2037
1964
2067
1984
1813
2135
1996
2210
1701
2137
1980
2075
1980
2128
2109
1978
2057
2302
2227
2072
1988
1966
2070
2270
1822
2180
2130
2007
2192
2250
2009
2149
2078
1898
2025
2079
1970
2175
2059
2019
1904
2053
2099
2248
1868
2055
1879
1949
2240
2152
2066
2078
2138
2072
2204
1894
2015
2093
2010
2140
2119
2027
1944
1905
2321
2137
2038
2246
2018
1944
1944
2148
1987
2263
2014
1975
1954
2013
2106
1992
1890
1994
2047
1930
1967
1954
2168
1882
1930
2021
1889
1928
2026
2047
2030
2102
2158
2141
2089
2021
2043
2124
2121
1906
1975
2097
1910
2190
2275
2009
1939
2060
2089
1991
2038
2082
1993
1872
2018
1889
2184
2052
1982
2003
1933
2124
2170
1897
2125
1944
1920
2037
2024
2152
2095
2127
2067
2207
1933
2004
1970
1954
2120
1986
1988
2030
2139
2117
2023
1912
1994
1910
2047
2006
1961
1955
2253
2148
2291
2046
2117
2192
2116
2352
1969
2223
2053
1937
1954
2142
1999
2088
2048
1936
2034
2121
1973
2089
2088
2068
2012
1976
1910
2184
2001
2058
2029
2080
2034
2059
2063
2135
2052
2017
1914
1841
2050
2152
1918
2084
1977
2069
1957
1987
2029
2132
2073
2094
2060
2132
2058
1961
2079
1829
2205
1947
1963
2029
1962
2051
2025
1731
2183
2125
1926
2022
2110
1969
2193
1986
1940
2007
1918
1988
2039
1965
2137
2023
2064
2026
1925
1994
2003
1978
1899
2146
2069
1900
2173
2061
2168
2083
1882
2052
1989
2039
2036
2130
2056
2004
2147
2143
2100
2117
2120
2103
2100
2060
1937
1924
2100
2090
1940
2127
2180
2188
1990
2075
2034
1926
1894
1925
2074
2132
2131
2072
2196
1951
1877
1921
1960
1900
2050
2026
2162
2036
2096
1952
2241
2007
2192
1995
2098
2191
2001
2010
1916
1949
2027
2105
2258
1874
2021
2056
1947
1849
2160
2162
1928
2062
2111
2209
2164
1904
2064
2221
1966
2099
1854
1970
2061
2162
2108
2147
2066
1956
2038
1928
2063
2060
2159
2200
1947
2008
2227
2085
1994
2045
2120
2045
2079
1966
2238
2072
2083
1992
1903
2333
2137
2171
1999
2177
2116
1940
2074
2199
2025
2068
2106
2079
2138
1799
2132
1972
1976
1926
1928
2170
1956
1906
1847
2034
1990
2062
1948
1973
2007
2071
1967
1902
1942
2103
1941
1984
2151
1933
2017
2047
2196
2112
2078
1884
2040
1969
1985
1996
2013
2204
2109
1987
2000
1930
2129
2065
2260
1961
2187
2091
2004
1947
2020
2069
2096
2153
2080
2046
2001
1891
2067
2036
1924
2136
2034
1940
2127
2208
1969
1932
2061
2043
1851
2087
2120
2063
2197
2220
2108
2101
2069
2090
1975
2122
2100
1974
1991
2170
1992
1970
2246
2101
2299
2108
2089
2201
2149
1953
1954
1990
2079
2183
2063
2160
2188
2012
2084
2084
1969
2067
1931
2002
2037
2097
1851
2248
1998
2037
2017
2094
2053
2114
2104
2091
2215
2105
1897
2006
1888
2063
2086
1955
2017
2165
2173
2030
2066
1713
2088
2004
1978
1953
1846
2101
1832
1933
2012
2088
2164
1995
2067
1832
2204
2117
2035
2027
2080
1958
2173
2049
2194
2155
2033
2104
2039
2108
2181
2110
2073
2006
2190
2026
1979
2020
1971
1955
2039
1898
2129
1977
2118
2038
1878
2143
2144
1982
1822
2003
2046
2078
2186
2088
2006
1790
1988
2183
2071
2051
2010
1909
2035
1850
1968
2011
2133
2070
2004
2034
2086
2077
2129
1956
2204
2086
2019
2094
1863
2208
2001
2078
2017
1957
2028
2033
2044
1904
2249
2013
2044
2097
2106
1995
2186
2215
2191
2089
2121
2046
2064
1975
2149
2046
2044
2129
1957
2109
2148
2034
2042
1987
2129
2086
2149
1972
2184
2114
1869
2019
2205
2067
2126
2095
2104
2026
2074
1930
2240
1989
2170
1991
2076
2129
2032
2162
2061
2057
2092
2095
1941
2186
2226
2015
2020
1934
2091
2063
1933
1968
2086
1999
1903
2046
2123
2204
1921
2089
2114
1833
1873
2083
2250
2016
2264
2001
1951
1908
2053
2148
2037
2121
1932
2116
2172
1945
2099
2018
2099
2037
2087
1954
2230
2013
1997
1966
2096
2086
2011
2012
1986
2151
2091
1983
2003
1961
1927
1923
1890
2169
2000
2099
2019
2278
2168
2110
1969
2136
2272
2147
1907
2077
2098
1858
2178
2069
1748
2145
2075
2038
1996
1989
1950
2005
2056
2025
2075
2049
2085
2069
1972
2009
2025
1969
2079
2043
1916
1998
2119
1986
1803
1931
1959
2149
2025
1959
1999
2168
2128
2013
2179
2059
1821
2100
1886
2024
2112
2046
2109
1875
2133
2036
2049
2018
1976
2010
1839
2024
1983
2042
2141
2128
1930
2019
1996
2040
2224
2047
2059
2047
2028
2214
2005
2168
2101
2081
2073
1890
2001
2072
1931
2144
2149
2093
2052
1971
2060
1980
2084
1982
2051
2015
2100
2199
1880
2015
1987
2165
2116
2110
2011
2098
2186
2212
1882
2213
1943
2143
2241
1946
2138
2231
1886
2139
1980
1960
1887
2020
2030
1967
1981
2045
2066
1973
2001
2037
2076
2102
2013
2130
1857
2026
1970
1919
2180
2040
2139
2016
2202
2083
2173
1966
2117
2030
2178
1894
2011
1879
2203
1929
1972
1988
1915
2117
2092
1945
1934
2118
2172
1977
1940
2213
2027
1959
2017
1901
1952
2066
2203
2137
2062
1848
2097
2055
2081
1894
2065
2043
2036
2032
2078
2125
2193
2188
2087
2023
2017
1938
2217
2189
1933
2047
1995
1883
2073
1910
2015
1842
2141
2038
2101
2173
2104
1989
2021
1991
2107
2000
1983
2042
1836
2016
2030
1861
2028
2036
2118
2189
2047
2060
2081
2130
2054
2006
1995
2160
2112
2127
1921
2141
2052
1937
1985
2021
2092
2220
2083
2006
2026
1829
2089
2069
2154
2021
2195
1919
2066
2174
2055
2022
1948
2008
1842
2209
2033
2133
2116
2108
2112
1888
2087
2187
1938
2211
2167
2026
2017
2137
2156
1982
1986
2112
2064
2129
1991
1941
2119
2114
1953
2252
2041
1948
2052
2113
2117
1979
1979
1993
2094
2066
2040
1955
2162
2332
2111
1965
2231
1956
2028
2024
2119
2084
2086
2131
2098
2038
2087
2020
2107
1817
2255
2169
2163
2203
2039
2176
2027
1983
2059
2164
2150
1728
1987
2231
2022
2204
1990
2043
2000
2143
2111
2153
1944
1862
1954
2085
1956
2075
1969
1946
2225
1970
2011
1757
2089
2037
2188
1953
1999
2268
1952
1987
1944
2110
2064
2108
1911
2012
2043
2215
2022
2094
2014
2173
2018
2164
2109
2104
1962
1949
2110
2015
2050
2012
2040
2034
2011
2093
1987
1959
2194
1926
2190
2016
1863
2205
1994
1850
2040
2076
1730
2089
2139
2008
1789
1894
2002
1893
2051
1988
2129
2074
2032
2170
1933
2097
2134
1774
2092
1958
1974
1990
1974
1984
2079
2057
1963
2071
2054
1939
2072
2109
1985
1885
2034
1967
2110
2209
2020
2113
2108
2025
2198
2059
2066
2263
2014
2223
2093
2162
2089
1990
2169
2149
2188
2140
2062
1935
1884
2048
2209
1799
2056
1953
2032
1945
2125
2049
1772
1945
2055
2093
2246
1970
1917
2134
2135
2039
1795
2188
2134
2087
1955
2016
1940
2011
1982
2124
2137
2162
1984
2193
2004
2166
2168
1959
2147
1968
2275
2021
2016
2273
2156
2171
2162
1980
2148
2034
2027
2092
1984
2061
2233
2095
2008
2014
2002
2226
2044
2086
2006
1983
1970
2089
1980
2059
2074
2025
2088
2019
2028
2174
2057
1845
1894
1981
2030
1926
2097
2045
2008
2088
2067
1932
1908
2119
1971
2016
2017
2014
2061
2043
2232
2181
1946
1836
2112
2136
2100
2168
1976
1949
2229
2303
2018
1938
2055
2043
2026
2084
2167
2091
1928
2132
2112
2124
1865
1970
2115
2077
2123
2059
2272
2083
2034
1951
1931
2040
1973
2040
1908
2101
1869
1981
2002
2185
2094
2055
2118
2041
2081
2059
1946
2040
1910
2009
2212
2017
2042
1942
2162
2113
2206
2038
2144
1764
2314
2057
2081
2109
1950
2142
2153
1975
1803
2087
2054
2057
2021
1997
1993
2132
1895
2043
2308
2089
1797
1912
2130
2071
1994
2181
2185
2030
2018
1998
1953
1955
2298
2185
2096
2227
2010
2142
2072
2053
2111
1906
2143
2121
2083
2103
2047
2114
1903
1954
2125
2054
2054
1964
2063
2066
2036
1985
2104
2074
2236
2112
2098
1951
1930
2086
2141
2088
2165
2060
1963
2004
2062
1998
2059
1969
2028
2012
2072
2306
2071
2248
2071
1963
2038
2055
1973
1935
1955
1946
2072
2003
1930
1885
1981
1943
2167
2062
1991
2010
2004
2054
2103
2153
1978
2027
2151
2119
2196
1945
2067
1931
1970
2162
2097
1950
2057
2162
2073
1911
2015
2154
2143
2127
1971
1968
2055
1938
1936
2030
1980
2024
1894
1972
2136
2076
1991
2082
2076
2019
1967
2098
2054
2026
1988
2137
2007
2090
2085
1976
1997
2169
1965
2020
2064
2182
2215
2077
1983
2017
1924
1879
2066
2110
1944
2017
2070
2081
2102
2139
2261
2071
2133
2038
2016
2040
2074
2007
2072
2056
2016
1805
1919
2032
2044
2070
2103
2063
1993
2000
2128
2094
2109
2003
2247
2214
2029
2052
1967
1929
2128
2124
1999
2089
2031
2037
2086
1877
1949
2026
2182
2115
2036
2093
2104
1870
2085
2039
2258
2163
2145
2198
1800
2030
1967
2027
1788
2203
1982
1962
2069
2090
2074
1929
1906
2114
2010
1848
1976
2219
2037
2133
2112
1955
2026
1994
2058
2116
2172
1863
2058
1986
2140
2022
2152
2070
2155
2318
2130
1994
2086
1977
2116
1988
1841
1940
2227
2249
2044
2097
1959
2077
2082
2101
2128
1885
1961
2116
2141
1933
1984
2075
2061
2064
2202
2087
2011
2095
2059
1935
1997
2111
2045
2081
2183
2138
2173
2040
2124
2156
2014
2049
1988
1805
2193
2060
2158
3355
11324
9416
2229
9153
3253
10859
17252
16302
1383
6698
1175
5453
9115
16297
674
7800
1722
1004
3492
4579
12231
7938
5059
8147
2704
17810
13655
3540
5532
16713
5923
17965
13912
12182
6227
10276
8704
5613
8363
9746
7426
17805
8835
16481
1204
9313
17764
274
12370
16389
6457
16640
15779
655
1933
16152
7715
2052
9003
18290
17739
286
8875
8159
17621
2874
14363
7240
11965
5871
13908
11160
1068
10463
2279
7613
6579
8359
14303
2034
9825
9755
13497
682
8607
17509
1068
15452
14203
8929
17649
4487
13102
4989
5520
6967
3463
12345
14551
4790
13257
1705
2121
876
10221
16702
2773
2077
16543
14802
16044
2902
13791
3766
3333
646
12544
3515
7729
11504
13605
3577
9095
4930
14649
11731
6028
10890
12087
14782
2359
16526
10041
17147
15553
13320
9181
773
5166
13067
7274
17977
6648
4535
11884
18036
1603
10944
8842
2681
8661
2749
8998
5456
4680
14558
15503
8693
16283
12663
1064
17579
14571
8563
9504
10475
4889
8114
2149
823
4779
17025
5678
9622
1297
5763
4940
16538
3068
3270
3195
13189
14460
17549
6962
12660
17319
15789
3588
69
14331
13327
2259
14333
36
15955
16050
16317
126
17382
1951
8499
1374
10273
8879
7907
7535
14444
11948
10212
7425
10581
16352
12767
3020
18451
18474
18438
18270
18473
18517
18251
18316
18574
18397
18319
18338
18353
18481
18398
18580
18340
18537
18455
18358
18628
18377
18533
18483
18395
18398
18472
18470
18462
18494
18495
18393
18298
18398
18404
18541
18380
18520
18457
18524
18496
18596
18409
18438
18431
18616
18306
18399
18284
18476
18539
18413
18463
18276
18535
18448
18480
18240
18435
18441
18413
18484
18475
18275
18317
18471
18329
18378
18441
18468
18393
18445
18347
18580
18463
18429
18531
18330
18433
18449
18558
18445
18298
18401
18577
18598
18458
18593
18300
18453
18287
18379
18289
18461
18454
18408
18297
18401
18454
18568
18245
18363
18701
18547
18412
18421
18473
18508
18541
18391
18391
18310
18456
18526
18385
18385
18486
18572
18360
18344
18509
18492
18288
18557
18439
18519
18445
18455
18608
18304
18473
18491
18303
18461
18193
18529
18512
18475
18429
18386
18480
18373
18444
18534
18306
18422
18339
18561
18447
18573
18420
18373
18476
18355
18643
18404
18240
18440
18465
18509
18225
18451
18698
18398
18319
18414
18308
18491
18366
18362
18514
18448
18276
18413
18212
18472
18464
18419
18568
18363
18481
18364
18409
18376
18341
18357
18488
18316
18521
18502
18502
18378
18460
18360
18321
18597
18466
18404
18343
18293
18536
18539
18520
18388
18575
18443
18206
18419
18529
18479
18300
18417
18464
18363
18394
18385
18452
18450
18247
18366
18539
18397
18367
18312
18449
18671
18547
18447
18401
18464
18411
18470
18554
18384
18338
18762
18394
18453
18306
18475
18503
18540
18613
18360
18448
18380
18452
18374
18422
18478
18480
18432
18305
18448
18339
18641
18335
18493
18337
18549
18569
18420
18486
18522
18361
18422
18538
18338
18416
18558
18531
18473
18464
18452
18324
18338
18453
18319
18216
18392
18607
18388
18296
18608
18391
18300
18532
18373
18587
18428
18558
18615
18259
18379
18515
18542
18563
18431
18482
18576
18329
18370
18378
18247
18320
18477
18263
18414
18349
18577
18487
18546
18536
18486
18488
18517
18414
18465
18645
18565
18528
18418
18536
18344
18470
18474
18475
18559
18524
18439
18446
18325
18412
18491
18381
18249
18364
18214
18395
18496
18304
18483
18320
18429
18421
18486
18371
18545
18468
18353
18503
18354
18495
18500
18572
18405
18448
18364
18363
18584
18375
18594
18466
18384
18457
18337
18345
18348
18382
18254
18472
18485
18567
18445
18398
18331
18510
18544
18419
18375
18524
18318
18458
18400
18397
18651
18402
18383
18292
18337
18266
18519
18477
18412
18373
18343
18328
18373
18561
18446
18390
18451
18534
18588
18391
18283
18334
18530
18310
18267
18652
18479
18334
18380
18622
18507
18504
18350
18550
18330
18320
18445
18529
18391
18555
18360
18513
18411
18514
18516
18404
18260
18437
18331
18384
18463
18430
18335
18556
18416
18530
18576
18304
18317
18403
18162
18319
18411
18365
18545
18367
18579
18533
18333
18481
18289
18336
18342
18425
18432
18423
18489
18554
18532
18434
18374
18437
18498
18479
18379
18418
18448
18359
18294
18334
18560
18263
18403
18627
18371
18481
18405
18296
18434
18432
18349
18541
18364
18342
18446
18392
18455
18473
18472
18475
18357
18553
18404
18577
18446
18575
18296
18411
18465
18618
18226
18605
18373
18334
18483
18413
18434
18570
18510
18399
18395
18519
18456
18381
18473
18673
18463
18367
18449
18256
18437
18535
18377
18328
18474
18291
18416
18405
18396
18533
18497
18513
18547
18349
18498
18281
18241
18508
18339
18215
18536
18509
18374
18243
18399
18287
18482
18413
18379
18463
18232
18486
18314
18507
18167
18531
18420
18382
18442
18597
18351
18475
18441
18407
18248
18449
18426
18469
18432
18460
18680
18380
18559
18133
18273
18359
18399
18462
18516
18439
18598
18242
18322
18394
18448
18396
18404
18581
18413
18338
18237
18594
18253
18490
18496
18504
18415
18547
18357
18362
18372
18431
18577
18482
18308
18557
18355
18467
18542
18474
18312
18609
18313
18400
18562
18538
18491
18469
18691
18321
18486
18494
18448
18431
18519
18401
18326
18448
18325
18440
18388
18432
18479
18467
18502
18310
18357
18573
18454
18390
18459
18600
18397
18423
18434
18203
18326
18277
18446
18482
18482
18704
18212
18480
18328
18442
18513
18340
18346
18432
18537
18454
18549
18405
18332
18262
18271
18266
18425
18502
18443
18379
18464
18496
18498
18396
18510
18216
18591
18578
18374
18561
18364
18592
18265
18313
18577
18361
18402
18452
18512
18395
18670
18413
18376
18368
18458
18426
18594
18430
18506
18396
18283
18518
18549
18389
18482
18372
18593
18325
18500
18542
18556
18438
18530
18325
18539
18397
18442
18475
18380
18383
18458
18433
18433
18571
18555
18461
18405
18540
18468
18451
18371
18535
18435
18502
18597
18545
18277
18484
18435
18209
18307
18473
18364
18348
18313
18516
18625
18142
18296
18437
18382
18481
18277
18552
18356
18268
18369
18456
18387
18548
18610
18202
18375
18558
18404
18513
18362
18473
18309
18583
18457
18182
18397
18344
18232
18263
18497
18438
18299
18414
18448
18300
18410
18450
18406
18137
18420
18572
18306
18328
18375
18485
18491
18433
18461
18342
18343
18268
18387
18463
18595
18285
18418
18573
18592
18392
18467
18410
18455
18410
18513
18518
18427
18426
18396
18307
18551
18475
18271
18390
18543
18336
18462
18461
18535
18454
18494
18470
18356
18544
18295
18303
18463
18556
18351
18445
18544
18405
18448
18284
18514
18467
18459
18560
18530
18349
18478
18470
18392
18373
18510
18565
18587
18415
18522
18435
18455
18449
18484
18461
18492
18306
18312
18522
18197
18408
18365
18590
18320
18523
18536
18513
18404
18534
18470
18463
18357
18352
18425
18437
18609
18465
18573
18435
18465
18227
18477
18533
18501
18331
18230
18336
18548
18354
18400
18618
18437
18297
18420
18639
18720
18317
18339
18527
18487
18453
18519
18520
18444
18183
18317
18469
18476
18405
18214
18455
18501
18502
18430
18478
18508
18394
18479
18528
18407
18482
18533
18523
18391
18348
18501
18282
18502
18459
18381
18340
18397
18634
18478
18414
18346
18652
18502
18548
18529
18388
18431
18465
18370
18383
18320
18514
18376
18550
18537
18249
18441
18524
18444
18581
18470
18613
18487
18569
18450
18612
18370
18296
18424
18384
18485
18402
18469
18449
18426
18420
18594
18379
18507
18578
18432
18600
18447
18583
18387
18316
18376
18456
18587
18407
18429
18489
18371
18531
18402
18437
18397
18464
18286
18355
18480
18148
18444
18440
18439
18504
18572
18458
18353
18518
18490
18590
18569
18448
18313
18371
18354
18516
18599
18568
18634
18497
18255
18421
18317
18377
18152
18500
18592
18555
18405
18324
18480
18314
18361
18479
18503
18331
18544
18389
18398
18351
18341
18419
18432
18338
18476
18550
18254
18575
18374
18253
18477
18414
18386
18564
18320
18441
18488
18265
18380
18397
18437
18196
18390
18501
18492
18407
18383
18264
18413
18571
18435
18460
18592
18531
18289
18444
18494
18404
18384
18406
18462
18466
18414
18311
18611
18274
18384
18429
18422
18361
18454
18353
18363
18451
18372
18376
18560
18461
18484
18416
18444
18401
18494
18457
18421
18409
18347
18555
18547
18354
18408
18474
18449
18354
18408
18482
18405
18367
18379
18401
18467
18345
18296
18263
18530
18371
18426
18479
18450
18486
18675
18546
18538
18310
18502
18155
18438
18291
18424
18457
18393
18555
18460
18506
18389
18536
18453
18384
18367
18667
18436
18359
18527
18558
18453
18394
18533
18591
18544
18401
18461
18405
18448
18490
18453
18466
18647
18414
18404
18618
18370
18501
18461
18395
18512
18449
18406
18356
18308
18507
18526
18617
18527
18239
18541
18502
18307
18637
18164
18401
18357
18312
18443
18368
18370
18397
18381
18503
18540
18347
18459
18682
18432
18409
18430
18359
18303
18502
18290
18446
18397
18481
18266
18497
18352
18435
18341
18499
18486
18553
18249
18532
18477
18658
18402
18244
18274
18554
18387
18501
18546
18535
18352
18442
18427
18499
18525
18411
18442
18495
18451
18353
18465
18457
18285
18527
18491
18405
18460
18538
18489
18470
18337
18649
18532
18481
18322
18551
18439
18439
18412
18393
18247
18549
18431
18626
18401
18480
18511
18504
18295
18396
18495
18299
18593
18491
18488
18582
18656
18372
18473
18363
18371
18494
18452
18366
18427
18443
18546
18461
18529
18319
18454
18265
18421
18485
18544
18385
18469
18479
18320
18386
18398
18488
18375
18349
18424
18546
18501
18325
18434
18626
18369
18412
18355
18380
18655
18553
18418
18471
18650
18479
18425
18471
18290
18502
18393
18353
18229
18495
18232
18397
18324
18435
18527
18612
18553
18394
18375
18374
18467
18284
18358
18351
18463
18487
18438
18522
18673
18553
18369
18250
18470
18576
18281
18409
18291
18271
18454
18545
18390
18478
18213
18347
18332
18457
18455
18670
18361
18403
18362
18513
18324
18411
18385
18536
18601
18564
18380
18421
18442
18285
18455
18437
18540
18294
18375
18376
18363
18338
18327
18502
18475
18508
18551
18343
18486
18533
18734
18486
18536
18432
18372
18417
18447
18436
18459
18468
18449
18480
18473
18285
18578
18477
18447
18385
18399
18377
18483
18314
18265
18320
18404
18308
18350
18482
18373
18476
18529
18433
18357
18471
18436
18373
18568
18395
18276
18448
18356
18370
18543
18211
18285
18548
18301
18392
18558
18390
18341
18319
18419
18302
18463
18550
18209
18390
18401
18365
18529
18414
18644
18450
18454
18483
18319
18554
18414
18400
18314
18362
18440
18245
18196
18356
18479
18426
18469
18416
18459
18417
18501
18185
18609
18492
18428
18510
18382
18540
18390
18430
18369
18295
18432
18532
18404
18385
18369
18485
18331
18466
18583
18461
18545
18434
18394
18381
18347
18325
18371
18297
18514
18336
18392
18515
18464
18561
18424
18382
18345
18301
18583
18485
18244
18431
18551
18286
18472
18555
18439
18406
18403
18632
18370
18428
18350
18365
18390
18357
18308
18383
18562
18522
18401
18440
18612
18483
18338
18450
18420
18456
18353
18394
18288
18576
18237
18361
18413
18568
18419
18569
18364
18263
18141
18393
18250
18581
18320
18291
18388
18453
18331
18715
18437
18343
18642
18376
18222
18547
18316
18515
18514
18567
18474
18362
18536
18393
18350
18440
18176
18257
18282
18470
18502
18620
18387
18401
18338
18597
18385
18431
18351
18442
18505
18298
18247
18354
18377
18278
18486
18390
18341
18643
18402
18593
18617
18329
18749
18512
18370
18411
18582
18341
18436
18544
18591
18461
18283
18433
18619
18405
18407
18438
18392
18512
18530
18434
18525
18231
18299
18309
18508
18617
18198
18400
18419
18421
18623
18394
18428
18510
18482
18451
18253
18538
18396
18493
18362
18527
18605
18477
18428
18353
18572
18387
18399
18554
18594
18437
18631
18428
18336
18354
18408
18393
18389
18430
18523
18328
18465
18393
18356
18520
18513
18498
18426
18319
18461
18413
18542
18392
18531
18468
18320
18400
18648
18460
18424
18358
18567
18264
18356
18436
18455
18154
18552
18336
18276
18460
18371
18589
18425
18560
18450
18512
18466
18542
18483
18378
18342
18361
18550
18502
18553
18374
18380
18515
18527
18593
18389
18326
18423
18533
18440
18516
18504
18479
18387
18447
18426
18423
18377
18361
18265
18281
18473
18409
18491
18434
18296
18428
18225
18316
18428
18428
18472
18321
18656
18347
18469
18628
18529
18517
18423
18464
18494
18454
18438
18481
18433
18272
18519
18309
18379
18367
18409
18364
18495
18376
18396
18535
18511
18473
18391
18419
18498
18393
18409
18356
18460
18498
18396
18436
18579
18308
18383
18397
18566
18288
18298
18427
18437
18437
18187
18532
18417
18462
18421
18602
18324
18254
18467
18522
18246
18378
18325
18437
18348
18324
18466
18487
18405
18502
18381
18376
18285
18496
18476
18226
18208
18439
18692
18595
18584
18324
18425
18471
18500
18449
18492
18338
18521
18529
18419
18466
18406
18408
18311
18329
18356
18468
18374
18625
18238
18423
18566
18254
18555
18283
18481
18327
18355
18499
18568
18409
18513
18521
18352
18317
18500
18475
18448
18505
18390
18388
18231
18499
18497
18289
18464
18503
18528
18399
18575
18242
18311
18575
18371
18597
18464
18576
18506
18409
18486
18458
18478
18624
18465
18548
18512
18349
18454
18403
18481
18360
18517
18407
18397
18404
18432
18400
18635
18373
18538
18560
18327
18332
18404
18420
18450
18434
18608
18501
18591
18443
18268
18422
18524
18311
18453
18341
18417
18598
18391
18362
18415
18439
18561
18203
18469
18342
18410
18383
18340
18547
18343
18478
18255
18350
18536
18467
18338
18444
18224
18331
18371
18350
18629
18384
18420
18734
18380
18491
18280
18348
18562
18403
18456
18374
18556
18365
18399
18235
18628
18321
18410
18474
18480
18380
18356
18488
18251
18250
18354
18500
18474
18308
18406
18236
18397
18397
18323
18354
18484
18424
18619
18655
18250
18592
18484
18487
18605
18434
18553
18515
18336
18358
18394
18355
18497
18573
18605
18331
18517
18477
18536
18425
18564
18456
18359
18344
18351
18497
18575
18526
18373
18362
18502
18335
18362
18501
18549
18376
18203
18428
18422
18284
18480
18630
18461
18540
18376
18367
18385
18281
18542
18593
18382
18415
18298
18408
18272
18629
18613
18501
18384
18447
18430
18564
18309
18444
18438
18352
18533
18520
18284
18390
18267
18457
18471
18317
18396
18524
18277
18299
18378
18350
18307
18463
18676
18320
18370
792
722
701
948
957
949
726
978
1145
541
696
494
622
897
1950
526
2015
1235
157
1600
1515
177
306
703
544
1474
1774
720
257
277
57
113
1223
1727
1733
221
51
1434
428
1389
130
334
1757
851
1122
797
360
1727
253
1903
500
1671
851
1226
1103
327
485
474
1555
1876
1119
875
1400
1330
1830
423
1044
1710
1891
1728
596
488
1985
1124
1676
1822
437
12
1353
1328
1686
1341
915
1463
624
1290
221
1689
1635
243
1492
442
1133
690
1584
1755
539
89
493
1451
333
821
894
58
536
855
789
129
1480
179
1257
1781
1276
1787
1631
964
947
396
1653
1100
1060
1756
1516
1035
1428
445
1849
1605
745
24
118
860
1177
336
1784
284
1758
169
922
1184
853
1183
641
681
249
957
836
350
341
695
1433
1447
1264
1205
299
1011
1597
1190
1870
649
395
1123
537
1206
210
1723
1731
1089
204
93
1344
161
658
669
1245
1174
783
1922
142
445
590
205
437
572
1661
1377
1869
746
1191
392
497
1813
1358
1755
1002
759
1869
672
1108
1854
46
1181
748
913
1029
439
243
570
1744
2035
342
54
1752
900
1545
157
703
1160
342
949
1935
1092
1697
217
1991
701
1452
400
138
1368
1845
1475

