30666
30660
30540
30703
30603
30558
30663
30822
30695
30712
30648
30688
30701
30848
30797
30768
30704
30784
30673
30792
30674
30730
30711
30830
30792
30716
30663
30848
30814
30536
30641
30737
30712
30697
30664
30882
30648
30810
30787
30786
30764
30736
30934
30586
30814
30918
30720
30766
30670
30764
30634
30722
30716
30885
30785
30720
30624
30640
30633
30865
30629
30694
30659
30654
30754
30742
30680
30643
30744
30524
30588
30752
30645
30542
30522
30416
30815
30888
30732
30568
30495
30821
30635
30579
30798
30677
30698
30516
30730
30736
30747
30737
30665
30757
30753
30837
30566
30682
30768
30619
30480
30866
30699
30795
30919
30701
30610
30811
30608
30682
30832
30624
30897
30739
30762
30643
30663
30691
30638
30700
30626
30728
30777
30665
30589
30655
30697
30706
30705
30615
30815
30666
30742
30663
30885
30517
30705
30712
30743
30641
30668
30973
30767
30717
30772
30870
30754
30690
30800
30622
30712
30735
30795
30620
30747
30780
30744
30819
30802
30584
30706
30659
30749
30677
30786
30883
30664
30756
30741
30712
30732
30709
30522
30568
30814
30621
30429
30641
30716
30538
30701
30744
30734
30897
30757
30613
30713
30719
30885
30742
30691
30707
30774
30883
30760
30756
30569
30830
30707
30648
30694
30649
30722
30587
30745
30603
30728
30828
30716
30930
30752
30653
30801
30707
30623
30611
30775
30852
30710
30581
30648
30853
30617
30739
30879
30724
30692
30838
30840
30694
30686
30650
30491
30865
30747
30902
30662
30736
30476
30717
30847
30727
30652
30683
30938
30583
30705
30839
30686
30532
30784
30743
30697
30652
30863
30770
30637
30824
30773
30827
30540
30546
30636
30763
30803
30681
30631
30706
30668
30817
30718
30533
30786
30818
30693
30724
30787
30723
30826
30602
30585
30858
30694
30680
30740
30777
30661
30635
30691
30709
30584
30778
30605
30665
30604
30821
30733
30571
30616
30800
30824
30716
30816
30679
30706
30642
30650
30726
30582
30788
30833
30674
30735
30789
30774
30730
30811
30659
30911
30766
30721
30672
30790
30662
30742
30523
30701
30744
30679
30697
30765
30695
30721
30855
30742
30846
30753
30697
30762
30557
30891
30643
30602
30674
30757
30738
30822
30769
30527
30750
31020
30772
30773
30809
30723
30764
30578
30629
30566
30778
30720
30747
30741
30922
30617
30640
30780
30688
30694
30921
30601
30784
30718
30640
30706
30705
30824
30721
30857
30620
30688
30702
30796
30603
30782
30635
30760
30518
30648
30688
30817
30866
30789
30784
30723
30651
30787
30609
30756
30696
30617
30569
30673
30699
30623
30658
30627
30686
30881
30671
30765
30647
30638
30635
30696
30791
30780
30630
30824
30825
30877
30605
30826
30888
30666
30615
30777
30841
30801
30821
30717
30681
30897
30837
30632
30812
30949
30669
30670
30792
30620
30661
30690
30727
30594
30715
30888
30754
30632
30652
30400
30814
30698
30767
30716
30784
30709
30619
30685
30653
30761
30811
30780
30813
30707
30762
30633
30692
30448
30627
30770
30630
30662
30749
30653
30900
30666
30797
30701
30651
30733
30688
30614
30662
30761
30766
30856
30758
30907
30690
30715
30715
30424
30633
30664
30735
30553
30740
30572
30744
30784
30698
30830
30792
30754
30743
30679
30555
30800
30500
30790
30801
30670
30716
30681
30767
30897
30820
30719
30626
30758
30676
30887
30878
30928
30727
30614
30772
30764
30492
30769
30761
30842
30709
30648
30650
30672
30605
30714
30786
30762
30693
30813
30628
30758
30553
30781
30785
30717
30729
30686
30741
30658
30821
30762
30740
30633
30720
30856
30905
30713
30720
30705
30718
30808
30567
30774
30722
30804
30742
30734
30519
30635
30920
30599
30681
30788
30808
30779
30854
30803
30707
30555
30616
30720
30740
30808
30701
30851
30815
30759
30616
30582
30800
30682
30596
30504
30646
30571
30710
30791
30807
30654
30853
30618
30780
30594
30758
30898
30638
30519
30589
30735
30598
30674
30863
30680
30662
30674
30548
30795
30740
30603
30910
30724
30807
30816
30623
30421
30757
30666
30882
30640
30760
30808
30710
30525
30562
30693
30679
30773
30807
30840
30899
30799
30584
30932
30587
30692
30731
30719
30821
30770
30765
30777
30655
30763
30623
30777
30611
30915
30864
30579
30615
30912
30745
30599
30691
30833
30559
30824
30833
30649
30869
30748
30968
30858
30641
30762
30609
30832
30545
30587
30692
30605
30687
30799
30567
30658
30790
30450
30823
30729
30861
30683
30750
30656
30726
30875
30603
30523
30820
30742
30724
30721
30887
30895
30681
30843
30687
30636
30684
30745
30669
30645
30706
30648
30722
30780
30872
30764
30717
30601
30603
30757
30870
30663
30978
30629
30664
30810
30822
30624
30796
30617
30837
30883
30901
30888
30839
30742
30662
30655
30837
30645
30704
30581
30525
30735
30733
30867
30766
30690
30676
30589
30593
30786
30736
30780
30820
30655
30860
30660
30783
30757
30797
30596
30682
30611
30694
30791
30610
30824
30863
30732
30568
30790
30872
30772
30757
30644
30837
30697
30712
30769
30746
30793
30737
30654
30747
30631
30700
30737
30651
30747
30782
30647
30683
30560
30578
30803
30629
30606
30616
30871
30601
30782
30805
30736
30609
30589
30846
30757
30772
30767
30767
30650
30889
30672
30751
30669
30728
30681
30593
30860
30850
30806
30745
30808
30676
30747
30671
30599
30849
30837
30811
30688
30765
30808
30800
30710
30457
30643
30725
30839
30784
30820
30751
30695
30816
30700
30777
30679
30855
30831
30879
30779
30699
30734
30698
30760
30797
30759
30577
30617
30760
30824
30561
30581
30678
30798
30686
30686
30680
30796
30780
30530
30790
30510
30754
30554
30671
30688
30689
30656
30784
30830
30603
30776
30549
30732
30717
30961
30824
30736
30675
30743
30828
30639
30585
30738
30556
30861
30733
30650
30722
30721
30732
30543
30797
30584
30701
30704
30794
30842
30538
30621
30717
30611
30934
30859
30677
30632
30873
30568
30706
30823
30434
30892
30743
30729
30745
30777
30734
30662
30735
30663
30644
30728
30843
30688
30767
30675
30883
30748
30546
30696
30661
30798
30736
30589
30825
30613
30830
30813
30492
30730
30799
30844
30757
30847
30650
30614
30764
30806
30779
30707
30913
30900
30784
30776
30729
30667
30770
30585
30833
30608
30546
30834
30927
30752
30580
30739
30777
30780
30835
30972
30699
30638
30722
30803
30767
30666
30697
30786
30767
30592
30810
30826
30761
30662
30706
30739
30603
30728
30726
30828
30664
30691
30835
30754
30689
30731
30719
30763
30736
30690
30684
30513
30492
30694
30833
30567
30802
30707
30741
30776
30639
30902
30736
30706
30776
30736
30704
30803
30826
30679
30647
30550
30690
30549
30624
30837
30619
30698
30605
30590
30700
30703
30707
30643
30876
30807
30833
30619
30922
30710
30741
30731
30611
30719
30804
30867
30529
30701
30874
30627
30663
30533
30709
30919
30559
30671
30765
30667
30931
30860
30507
30653
30851
30779
30680
30787
30735
30825
30788
30792
30684
30842
30941
30759
30661
30687
30691
30597
30578
30680
30859
30705
30731
30659
30754
30612
30646
30568
30680
30685
30850
30564
30747
30728
30679
30564
30715
30582
30588
30657
30687
30600
30710
30592
30765
30740
30670
30756
30746
30617
30855
30738
30907
30732
30785
30774
30615
30934
30747
30662
30764
30787
30640
30651
30820
30712
30698
30722
30622
30586
30572
30542
30513
30502
30713
30758
30665
30550
30706
30753
30709
30664
30693
30654
30735
30767
30689
30596
30771
30588
30815
30633
30781
30791
30897
30641
30772
30662
30728
30830
30803
30486
30588
30759
30767
30653
30640
30631
30660
30538
30689
30764
30686
30707
30648
30769
30736
30746
30588
30850
30712
30692
30754
30683
30652
30936
30716
30518
30654
30693
30689
30825
30669
30845
30725
30754
30789
30852
31056
30660
30652
30696
30829
30736
30741
30600
30806
30687
30748
30634
30609
30642
30837
30632
30751
30566
30781
30725
30746
30621
30598
30663
30801
30634
30618
30686
30673
30741
30735
30779
30871
30710
30656
30852
30826
30672
30704
30763
30795
30689
30850
30803
30828
30830
30693
30712
30774
30739
30714
30736
30677
30606
30794
30866
30737
30778
30777
30639
30916
30858
30667
30737
30744
30546
30664
30669
30719
30855
30702
30650
30774
30805
30930
30889
30621
30760
30658
30773
30758
30816
30781
30754
30612
30843
30667
30645
30787
30510
30401
31036
30557
30581
30797
30724
30541
30749
30834
30760
30780
30692
30781
30640
30613
30595
30820
30731
30803
30682
30744
30770
30501
30628
30666
30701
30795
30612
30563
30692
30603
30573
30509
30670
30543
30552
30615
30845
30831
30611
30757
30749
30769
30499
30719
30591
30766
30844
30799
30828
30830
30801
30541
30650
30600
30740
30683
30686
30858
30482
30647
30706
30656
30640
30510
30630
30668
30504
30783
30898
30702
30869
30691
30692
30604
30619
30761
30810
30641
30551
30734
30886
30789
30810
30682
30864
30735
30818
30754
30705
30887
30808
30771
30805
30749
30621
30813
30803
30643
30708
30648
30706
30791
30619
30547
30758
30630
30760
30850
30453
30813
30799
30868
30632
30716
30674
30693
30828
30689
30695
30661
30763
30885
30636
30724
30714
30735
30616
30591
30950
30632
30534
30598
30624
30570
30798
30680
30944
30585
30696
30547
30710
30768
30706
30520
30854
30776
30778
30852
30566
30667
30638
30907
30692
30708
30914
30703
30786
30737
30705
30563
30842
30691
30575
30632
30674
30744
30629
30700
30595
30814
30773
30655
30907
30727
30783
30797
30856
30758
30739
30783
30788
30617
30826
30580
30676
30729
30788
30771
30832
30682
30687
30592
30559
30846
30838
30741
30874
30758
30758
30718
30610
30840
30742
30681
30686
30750
30635
30705
30606
30873
30733
30765
30736
30637
30650
30566
30805
30737
30747
30623
30592
30658
30883
30902
30717
30809
30957
30747
30767
30678
30817
30790
30685
30816
30583
30821
30621
30696
30580
30761
30546
30667
30816
30659
30716
30484
30683
30685
30476
30679
30705
30822
30760
30561
30795
30639
30667
30785
30885
30734
30912
30579
30665
30710
30763
30719
30478
30797
30743
30841
30664
30562
30694
30700
30712
30816
30589
30738
30636
30564
30866
30707
30892
30742
30752
30808
30613
30726
30711
30706
30736
30777
30854
30614
30864
30666
30705
30655
30690
30675
30802
30807
30782
30612
30780
30673
30751
30705
30729
30680
30706
30646
30987
30785
30798
30629
30770
30747
30613
30643
30695
30712
30664
30742
30979
30700
30808
30640
30682
30930
30734
30944
30791
30612
30664
30503
30726
30770
30641
30808
30752
30827
30840
30671
30793
30741
30652
30638
30782
30719
30717
30518
30721
30799
30861
30650
30782
30659
30833
30787
30792
30782
30784
30715
30740
30652
30758
30796
30641
30828
30631
30628
30589
30678
30881
30684
30695
30800
30602
30818
30852
30624
30649
30644
30899
30665
30684
30974
30810
30781
30626
30620
30740
30832
30703
30859
30816
30822
30554
30628
30776
30646
30837
30709
30750
30580
30839
30907
30708
30663
30709
30721
30652
30889
30609
30807
30637
30684
30812
30782
30781
30694
30673
30740
30623
30804
30675
30601
30754
30709
30693
30677
30655
30660
30609
30769
30461
30656
30615
30804
30688
30719
30787
30749
30737
30701
30893
30874
30580
30762
30658
30683
30951
30810
30662
30782
30750
30735
30717
30687
30731
30787
30653
30907
30726
30572
30548
30780
30600
30784
30644
30712
30902
30964
30828
30703
30743
30738
30740
30900
30776
30612
30629
30763
30738
30590
30696
30933
30835
30682
30700
30895
30932
30605
30797
30685
30775
30640
30607
30699
30761
30884
30714
30803
30832
30871
30928
30893
30688
30772
30688
30845
30787
30899
30940
30823
30723
30648
30707
30867
30658
30908
30850
30992
30753
30700
30582
30590
30761
30503
30742
30643
30854
30729
30583
30614
30669
30815
30716
30675
31027
30781
30586
30784
30795
30814
30809
30721
30883
30693
30641
30822
30600
30738
31022
30882
30554
30857
30697
30740
30725
30653
30730
30744
30603
30624
30577
30749
30790
30614
30774
30666
30603
30698
30922
30877
30777
30862
30706
30768
30877
30531
30866
30545
30704
30791
30775
30587
30694
30834
30550
30559
30839
30713
30649
30657
30763
30972
30725
30750
30860
30685
30765
30624
30699
30615
30819
30844
30559
30637
30871
30614
30638
30723
30786
30636
30637
30725
30715
30626
30788
30675
31030
30785
30767
30653
30742
30699
30524
30733
30770
30862
30699
30639
30519
30682
30683
30566
30709
30704
30719
30717
30622
30782
30906
30841
30772
30829
30764
30641
30597
30672
30676
30706
30669
30700
30546
30685
30764
30815
30719
30695
30678
30480
30907
30526
30825
30719
30722
30598
30627
30716
30774
30776
30906
30714
30825
30593
30706
30710
30812
30522
30711
30669
30659
30714
30821
30635
30717
30755
30698
30711
30699
30741
30756
30752
30859
30750
30721
30588
30722
30566
30912
30676
30572
30701
30839
30619
30716
30681
30595
30767
30792
30849
30761
30899
30680
30543
30757
30835
30760
30688
30655
30588
30726
30947
30758
30821
30564
30757
30691
30784
30687
30732
30671
30649
30686
30842
30704
30602
30650
30451
30754
30749
30659
30869
30804
30740
30576
30714
30754
30717
30820
30841
30706
30913
30684
30832
30745
30597
30734
30829
30781
30602
30693
30671
30745
30633
30551
30682
30627
30675
30914
30681
30723
30667
30779
30820
30651
30992
30578
30567
30530
30730
30666
30688
30759
30733
30746
30707
30662
30685
30655
30752
30788
30638
30721
30689
30781
30735
30718
30973
30760
30607
30651
30735
30543
30626
30741
30677
30768
30842
30651
30594
30726
30776
30806
30748
30800
30924
30680
30687
30832
30726
30751
30847
30807
30659
30697
30616
30653
30669
30667
30580
30736
30788
30721
30829
30772
30759
30819
30723
30963
30790
30581
30712
30693
30752
30624
30881
30612
30596
30914
30799
30547
30720
30812
30738
30685
30521
30845
30606
30671
30838
30708
30678
30767
30596
30763
30669
30786
30791
30872
30718
30596
30567
30601
30639
30816
30685
30593
30732
30879
30493
30704
30751
30603
30729
30909
30752
30627
30591
30568
30746
30595
30867
30674
30613
30650
31006
30598
30824
30783
30757
30683
30551
30775
30870
30934
30833
30624
30819
30663
30544
30736
30639
30911
30775
30662
30718
30633
30657
30726
30640
30607
30772
30769
30528
30577
30764
30698
30757
30822
30602
30793
30669
30922
30751
30701
30751
30589
30540
30659
30592
30716
30750
30852
30776
30805
30439
30684
30718
30661
30783
30629
30608
30639
30639
30780
30668
30677
30673
30814
30688
30720
30760
30872
30761
30626
30763
30844
30754
30723
30744
30816
30751
30908
30915
30726
30700
30668
30593
30688
30575
30797
30786
30731
30640
30697
30967
30642
30909
30576
30775
30715
30845
30598
30681
30709
30823
30789
30881
30561
30855
30694
30560
30917
30661
30649
30763
30738
30837
30666
30687
30759
30779
30624
30617
30733
30527
30564
30649
30558
30713
30686
30528
30683
30627
30544
30683
30596
30845
30608
30781
30738
30596
30796
30793
30821
30831
30789
30773
30631
30855
30647
30928
30591
30683
30625
30757
30657
30850
30684
30709
30756
30755
30792
30807
30785
30852
30854
30734
30752
30759
30653
30601
30595
30691
30771
30783
30848
30689
30796
30762
30728
30790
30560
30802
30624
30573
30650
30753
30715
30744
30759
30960
30785
30653
30721
30574
30552
30552
30660
30733
30794
30638
30876
30636
30779
30653
30664
30948
30728
30640
30647
30786
30909
30676
30661
30739
30717
30902
30636
30668
30534
30540
30856
30636
30662
30769
30660
30573
30592
30685
30647
30822
30683
30808
30841
30798
30709
30706
30602
30613
30818
30754
30551
30665
30718
30742
30742
30775
30803
30641
30669
30761
30652
30805
30747
30801
30624
30545
30745
30689
30620
30568
30844
30701
30772
30795
30721
30640
30669
30727
30730
30710
30663
30724
30506
30637
30718
30732
30842
30717
30686
30745
30749
30537
30780
30778
30664
30799
30792
30813
30839
30794
30754
30834
30851
30750
30750
30697
30651
30692
30802
30842
30666
30564
30781
30834
30775
30824
30588
30654
30925
30694
30663
30673
30612
30672
30614
30701
30817
30696
30659
30683
30792
30750
30820
30665
30884
30600
30776
30670
30823
30927
30729
30621
30709
30589
30709
30702
30532
30674
30684
30873
30598
30853
30583
30986
30775
30674
30577
30738
30759
30668
30690
30403
30680
30738
30910
30768
30730
30808
30800
30740
30813
30540
30681
30684
30690
30494
30651
30745
30787
30710
30898
30754
30671
30589
30805
30595
30612
30817
30849
30798
30725
30570
30773
30593
30739
30571
30837
30845
30880
30665
30744
30816
30671
30657
30790
30558
30727
30582
30653
30656
30569
30635
30771
30755
30694
30699
30611
30645
30727
30764
30741
30640
30783
30635
30667
30700
30938
30743
30754
30768
30680
30842
30711
30599
30560
30952
30739
30655
30741
30531
30645
30608
30692
30650
30619
30751
30779
30557
30865
30650
30839
30672
30803
30811
30488
30619
30739
30914
30862
30742
30627
30906
30668
30709
30808
30612
30532
30628
30794
30692
30774
30637
30736
30827
30667
30861
30615
30886
30700
30746
30732
30894
30835
30661
30621
30695
30608
30743
30611
30904
30681
30957
30778
30892
30766
30881
30766
30791
30522
30682
30508
30605
30797
30663
30653
30809
30585
30578
30851
30829
30648
30566
30614
30671
30731
30788
30807
30587
30608
30606
30812
30923
30692
30716
30728
30823
30615
30683
30566
30773
30807
30587
30563
30751
30596
30666
30571
30680
30742
30731
30698
30765
30540
30776
30615
30631
30759
30626
30755
30605
30637
30739
30537
30782
30683
30742
30789
30735
30650
30711
30757
30725
30653
30551
30679
30568
30964
30595
30780
30820
30808
30943
30770
30763
30659
30633
30680
30660
30607
30774
30783
30667
30720
30739
30783
30930
30737
30639
30612
30749
30749
30687
30748
30666
30815
30832
30747
30727
30723
30659
30765
30737
30770
30780
30501
30809
30591
30742
30736
30789
30624
30780
30619
30737
30942
30800
30727
30655
30825
30751
30782
30854
30748
30659
30844
30649
30779
30839
30746
30711
30741
30855
30660
30627
30792
30572
30703
30716
30757
30820
30671
30742
30854
30739
30670
30879
30689
30614
30645
30691
30788
30673
30748
30753
30775
30496
30768
30773
30686
30623
30710
30663
30564
30711
30788
30603
30700
30741
30821
30650
30682
30742
30836
30741
30904
30636
30780
30740
30643
30896
30728
30717
30549
30733
30714
30764
30692
30646
30897
30591
30751
30740
30730
30503
30687
30809
30827
30565
30787
30792
30760
30768
30699
10441
10100
5186
8310
7989
4106
11278
11036
5517
10044
10456
7676
8755
4216
4790
9116
7258
1013
7102
11747
4986
7149
410
10569
5656
153
12778
5675
8193
1063
11113
7624
9514
14239
10507
8569
13224
768
9560
12729
4783
8987
9886
2525
4316
3803
141
12663
6102
13300
6870
11047
6278
2500
3515
7297
9789
8404
5181
14318
11314
8450
9595
4314
11432
9290
439
3913
9861
6315
792
3719
9587
13310
7763
6225
9948
7885
1744
6852
4060
3333
13168
11472
4218
5500
3866
6271
13870
8536
3678
3687
13369
1620
1534
13673
10426
9301
1213
8314
6167
13244
5860
8042
3792
13071
1864
5109
5597
4817
10555
13373
1953
845
6063
6511
6089
7016
6947
5856
13087
4633
6209
10830
7714
6573
12631
5010
8652
6843
7745
4299
1346
5076
9213
13546
397
13334
13542
3274
12168
6436
2215
2099
10783
4954
3359
10298
5469
6464
5638
8036
1915
7824
4124
10121
11658
1409
8635
1362
2726
4113
9744
1596
770
3508
8589
11733
11409
14008
12735
13391
6876
5829
10301
13924
8496
1666
1716
9823
8798
2303
1009
5424
9108
4918
11200
10105
8883
3278
12930
4586
7447
12405
11479
2697
5926
8348
4449
7881
5798
13698
10620
3276
5401
11394
2358
1421
1607
10135
3434
13940
6568
3270
11254
8579
6083
7373
9431
7478
3171
8339
3210
4912
11988
8194
4804
9461
1378
441
11587
1879
1215
3060
3724
13837
12713
1596
159
13826
7150
4609
858
2217
2580
10769
2854
8757
11517
10700
8169
6375
1521
13905
10119
440
10695
9732
7726
464
5595
11007
7770
5168
402
564
9395
11215
6736
7826
9097
14107
7295
5688
11944
9568
12158
3027
2048
4840
14215
5093
5801
10995
12182
14269
2127
5614
2712
5407
9814
8458
4729
699
4068
4245
2458
13301
9626
1544
7077
2144
3172
173
3077
1506
3320
499
1390
8459
9274
13637
6195
753
9486
3923
9306
4214
5832
13590
5046
1175
14305
14442
14414
14241
14268
14304
14105
14319
14522
14509
14476
14294
14194
14374
14283
14227
14364
14170
14203
14132
14350
14462
14532
14247
14456
14255
14310
14342
14200
14317
14391
14300
14366
14219
14227
14430
14437
14339
14277
14235
14239
14363
14304
14390
14373
14235
14281
14353
14309
14328
14241
14202
14292
14408
14398
14252
14283
14430
14425
14361
14383
14277
14445
14409
14304
14339
14314
14307
14343
14475
14376
14474
14485
14308
14255
14436
14235
14462
14343
14255
14237
14353
14361
14300
14308
14175
14294
14331
14120
14423
14392
14317
14391
14401
14370
14236
14387
14403
14315
14352
14403
14252
14211
14441
14261
14210
14418
14411
14334
14292
14131
14358
14314
14304
14418
14348
14470
14257
14196
14313
14471
14420
14433
14442
14273
14441
14366
14305
14130
14437
14447
14449
14361
14396
14336
14397
14274
14403
14216
14293
14313
14396
14182
14317
14345
14366
14342
14258
14287
14272
14178
14267
14489
14092
14415
14301
14329
14339
14343
14424
14383
14253
14375
14321
14367
14385
14329
14344
14568
14363
14349
14341
14453
14395
14334
14178
14359
14396
14442
14352
14445
14157
14176
14299
14402
14236
14450
14273
14337
14425
14275
14450
14315
14516
14313
14606
14389
14168
14327
14364
14322
14478
14357
14413
14469
14414
14460
14339
14211
14450
14248
14372
14356
14444
14350
14218
14435
14273
14383
14533
14159
14236
14319
14211
14330
14201
14276
14398
14464
14302
14176
14504
14369
14392
14186
14357
14247
14374
14266
14444
14335
14212
14294
14391
14441
14351
14413
14315
14402
14307
14335
14158
14442
14281
14292
14315
14287
14322
14361
14303
14318
14401
14296
14300
14317
14163
14483
14176
14285
14283
14337
14329
14423
14328
14237
14303
14194
14242
14330
14348
14269
14282
14265
14241
14382
14401
14418
14336
14322
14330
14319
14253
14226
14201
14365
14190
14380
14357
14213
14158
14307
14232
14467
14379
14332
14285
14290
14461
14373
14178
14426
14407
14268
14330
14387
14460
14443
14442
14390
14399
14246
14409
14417
14327
14275
14396
14509
14442
14420
14437
14142
14230
14310
14569
14394
14318
14215
14383
14322
14283
14285
14240
14349
14300
14254
14331
14453
14347
14284
14236
14299
14430
14414
14312
14217
14396
14288
14137
14411
14388
14125
14290
14306
14446
14445
14390
14219
14423
14215
14227
14282
14348
14218
14248
14383
14323
14355
14168
14369
14372
14321
14370
14342
14162
14175
14393
14313
14346
14272
14581
14571
14204
14551
14304
14248
14431
14310
14445
14331
14164
14397
14357
14213
14224
14316
14216
14080
14350
14339
14309
14174
14450
14269
14534
14373
14325
14283
14392
14173
14362
14275
14365
14209
14220
14351
14367
14401
14569
14321
14245
14245
14413
14243
14480
14344
14138
14347
14469
14269
14481
14307
14285
14311
14332
14347
14307
14575
14349
14202
14396
14403
14387
14300
14384
14391
14362
14355
14324
14433
14223
14433
14266
14272
14319
14517
14269
14195
14333
14243
14185
14249
14345
14304
14322
14244
14177
14244
14251
14434
14231
14371
14303
14420
14267
14329
14440
14282
14305
14326
14550
14376
14301
14395
14323
14209
14444
14324
14169
14315
14159
14241
14359
14457
14286
14258
14385
14451
14246
14355
14176
14301
14338
14670
14321
14194
14349
14322
14401
14191
14316
14342
14576
14282
14370
14453
14429
14319
14518
14305
14443
14308
14376
14408
14443
14271
14167
14350
14266
14313
14144
14325
14333
14263
14313
14328
14459
14180
14216
14416
14384
14169
14370
14311
14457
14483
14264
14240
14200
14335
14330
14502
14385
14395
14466
14333
14229
14424
14287
14253
14337
14261
14281
14332
14402
14347
14346
14330
14194
14349
14534
14217
14462
14429
14406
14458
14195
14306
14254
14381
14334
14333
14199
14424
14398
14226
14297
14427
14379
14410
14415
14357
14323
14467
14276
14253
14313
14385
14345
14413
14462
14233
14458
14151
14428
14146
14135
14328
14263
14405
14444
14323
14259
14308
14469
14333
14435
14204
14278
14469
14371
14278
14359
14452
14305
14468
14359
14184
14210
14460
14341
14460
14351
14254
14205
14289
14348
14358
14343
14313
14243
14287
14297
14272
14339
14571
14373
14467
14379
14523
14452
14344
14292
14479
14203
14289
14397
14308
14302
14073
14486
14368
14375
14225
14367
14251
14270
14228
14299
14286
14106
14138
14298
14371
14326
14203
14480
14344
14322
14388
14324
14322
14415
14239
14429
14219
14414
14171
14280
14204
14492
14283
14433
14338
14478
14088
14365
14255
14511
14260
14081
14291
14300
14325
14355
14390
14331
14313
14399
14388
14369
14522
14350
14343
14335
14265
14518
14408
14345
14336
14304
14305
14338
14192
14211
14413
14366
14415
14406
14418
14523
14318
14225
14305
14358
14502
14400
14390
14223
14244
14341
14388
14334
14194
14284
14195
14251
14128
14355
14397
14275
14483
14350
14277
14299
14452
14281
14282
14250
14369
14505
14254
14233
14402
14238
14375
14417
14268
14479
14394
14344
14461
14271
14375
14373
14316
14534
14363
14345
14390
14272
14396
14400
14276
14386
14326
14182
14276
14245
14322
14251
14188
14394
14303
14361
14334
14314
14143
14277
14322
14223
14270
14241
14398
14297
14195
14288
14263
14261
14481
14429
14427
14394
14403
14283
14502
14352
14203
14461
14181
14481
14329
14383
14209
14427
14363
14486
14316
14373
14326
14267
14454
14497
14374
14202
14363
14577
14255
14428
14349
14366
14342
14382
14467
14248
14362
14381
14331
14142
14337
14218
14360
14413
14301
14262
14351
14277
14383
14239
14327
14336
14451
14462
14287
14461
14336
14434
14317
14341
14482
14321
14321
14315
14424
14367
14467
14441
14443
14425
14461
14371
14328
14330
14223
14252
14291
14313
14287
14481
14310
14196
14288
14249
14365
14486
14389
14300
14375
14330
14236
14344
14400
14391
14293
14332
14496
14299
14358
14269
14409
14384
14439
14312
14341
14321
14271
14289
14211
14439
14569
14463
14238
14458
14317
14322
14234
14380
14356
14310
14473
14360
14152
14222
14459
14441
14388
14442
14321
14298
14065
14303
14481
14239
14456
14245
14290
14305
14362
14346
14204
14320
14381
14348
14276
14375
14323
14409
14494
14612
14240
14338
14270
14234
14392
14338
14293
14464
14389
14522
14301
14369
14290
14212
14260
14386
14319
14331
14462
14305
14164
14201
14283
14452
14080
14168
14174
14220
14240
14236
14300
14083
14370
14328
14326
14395
14324
14241
14414
14326
14472
14294
14273
14567
14385
14326
14332
14334
14422
14331
14362
14227
14270
14645
14308
14263
14078
14148
14243
14304
14269
14261
14270
14519
14185
14381
14422
14440
14345
14422
14247
14373
14230
14299
14490
14590
14443
14420
14490
14276
14391
14399
14349
14154
14289
14299
14308
14248
14299
14356
14320
14272
14288
14271
14303
14333
14388
14198
14491
14402
14186
14163
14332
14407
14378
14480
14375
14428
14273
14154
14355
14323
14483
14476
14083
14482
14256
14321
14351
14396
14399
14538
14229
14395
14326
14429
14355
14214
14284
14248
14168
14524
14427
14274
14283
14358
14487
14398
14387
14388
14329
14374
14333
14230
14089
14374
14280
14301
14443
14497
14592
14314
14526
14427
14382
14520
14318
14267
14279
14306
14318
14414
14229
14289
14440
14412
14397
14353
14143
14368
14357
14306
14252
14160
14229
14218
14388
14465
14159
14392
14403
14206
14504
14315
14518
14314
14393
14287
14428
14263
14412
14283
14524
14316
14312
14383
14500
14279
14332
14167
14477
14350
14268
14206
14541
14234
14215
14456
14303
14407
14162
14225
14455
14456
14477
14234
14486
14401
14267
14172
14405
14352
14184
14201
14436
14295
14456
14232
14264
14271
14509
14420
14426
14243
14322
14325
14453
14326
14184
14559
14374
14237
14238
14535
14189
14373
14347
14218
14352
14202
14308
14457
14249
14269
14418
14468
14436
14048
14188
14326
14294
14349
14210
14347
14315
14290
14346
14311
14227
14240
14286
14474
14414
14169
14477
14152
14370
14237
14486
14334
14483
14396
14249
14285
14410
14263
14319
14342
14383
14356
14273
14380
14348
14273
14456
14182
14315
14454
14479
14100
14330
14240
14436
14322
14346
14250
14378
14418
14401
14204
14210
14382
14273
14532
14371
14240
14270
14250
14312
14321
14367
14328
14328
14482
14313
14348
14246
14355
14165
14499
14583
14356
14241
14259
14453
14288
14255
14305
14180
14325
14470
14476
14075
14509
14333
14145
14320
14480
14431
14360
14413
14264
14196
14266
14317
14324
14290
14212
14358
14289
14476
14471
14217
14466
14465
14468
14361
14369
14304
14461
14239
14487
14496
14325
14406
14553
14377
14265
14308
14326
14374
14363
14315
14397
14479
14419
14383
14238
14317
14566
14362
14388
14365
14356
14319
14351
14321
14315
14179
14229
14173
14244
14416
14299
14271
14433
14491
14356
14517
14352
14228
14397
14297
14373
14293
14507
14429
14245
14229
14181
14198
14444
14357
14252
14307
14464
14402
14410
14399
14271
14513
14449
14249
14103
14405
14376
14420
14188
14252
14305
14164
14412
14212
14301
14314
14275
14315
14386
14281
14597
14338
14321
14403
14186
14261
14230
14241
14209
14478
14172
14388
14304
14405
14238
14390
14436
14205
14461
14330
14411
14342
14266
14267
14598
14413
14298
14236
14151
14437
14374
14280
14493
14315
14316
14367
14324
14338
14333
14475
14373
14411
14570
14501
14091
14304
14372
14452
14234
14199
14270
14189
14175
14314
14371
14272
14277
14223
14494
14478
14309
14151
14468
14243
14368
14393
14103
14265
14402
14394
14298
14378
14284
14412
14388
14346
14294
14502
14392
14411
14512
14324
14269
14289
14394
14251
14575
14358
14295
14373
14376
14297
14238
14304
14310
14361
14415
14237
14439
14272
14457
14390
14356
14299
14237
14416
14250
14320
14325
14201
14303
14292
14494
14343
14335
14298
14342
14140
14260
14242
14483
14407
14338
14320
14464
14484
14336
14283
14241
14362
14361
14403
14141
14176
14304
14427
14281
14200
14267
14346
14338
14403
14363
14223
14351
14479
14248
14439
14280
14304
14269
14357
14274
14406
14243
14405
14245
14358
14347
14375
14382
14405
14515
14433
14205
14325
14273
14433
14292
14392
14493
14527
14306
14258
14262
14249
14494
14367
14326
14281
14426
14332
14298
14508
14346
14336
14038
14335
14356
14292
14383
14423
14279
14270
14377
14312
14531
14514
14434
14270
14421
14431
14284
14310
14254
14176
14218
14447
14369
14218
14270
14406
14258
14431
14435
14259
14298
14379
14296
14343
14376
14452
14352
14328
14293
14434
14307
14468
14376
14429
14400
14444
14262
14347
14535
14459
14425
14275
14347
14239
14320
14136
14155
14363
14299
14442
14422
14377
14283
14241
14418
14306
14352
14354
14403
14368
14289
14353
14239
14284
14394
14300
14376
14303
14408
14240
14391
14272
14293
14394
14394
14512
14339
14251
14347
14284
14308
14466
14237
14426
14352
14267
14458
14204
14169
14477
14421
14168
14330
14245
14429
14302
14543
14094
14349
14332
14397
14407
14412
14306
14331
14339
14617
14317
14397
14307
14331
14252
14252
14238
14229
14486
14305
14463
14390
14411
14381
14194
14380
14227
14379
14394
14218
14269
14488
14188
14557
14339
14140
14441
14259
14318
14338
14320
14435
14363
14559
14137
14483
14451
14295
14492
14380
14320
14447
14349
14482
14317
14406
14200
14368
14342
14454
14385
14242
14388
14288
14539
14389
14271
14347
14118
14264
14383
14411
14266
14489
14360
14274
14325
14395
14352
14199
14212
14370
14312
14247
14307
14425
14397
14309
14149
14372
14455
14519
14461
14308
14478
14210
14224
14310
14324
14217
14341
14215
14462
14431
14483
14266
14318
14291
14264
14300
14235
14326
14343
14477
14345
14300
14291
14227
14298
14302
14350
14418
14403
14433
14260
14383
14292
14421
14324
14287
14257
14432
14322
14204
14211
14267
14377
14353
14403
14343
14199
14272
14330
14338
14205
14418
14294
14277
14525
14325
14171
14256
14226
14312
14299
14342
14379
14367
14307
14500
14376
14459
14115
14300
14330
14264
14619
14428
14369
14231
14290
14347
14311
14294
14272
14217
14470
14308
14262
14174
14279
14410
14476
14388
14302
14383
14114
14474
14242
14272
14506
14272
14305
14401
14147
14533
14285
14270
14316
14124
14355
14373
14338
14325
14346
14369
14279
14378
14294
14170
14129
14100
14236
14412
14380
14415
14530
14269
14189
14332
14494
14449
14306
14416
14388
14394
14215
14568
14365
14314
14381
14262
14534
14277
14578
14422
14273
14440
14432
14298
14278
14413
14422
14405
14455
14321
14371
14433
14441
14278
14395
14253
14302
14370
14432
14375
14365
14246
14265
14119
14517
14481
14296
14206
14346
14294
14292
14351
14220
14350
14489
14485
14161
14427
14477
14265
14267
14318
14294
14391
14393
14268
14416
14322
14491
14116
14265
14332
14289
14403
14326
14367
14415
14281
14263
14372
14359
14295
14228
14376
14292
14531
14357
14299
14416
14365
14239
14488
14543
14443
14318
14212
14322
14538
14376
14261
14355
14282
14337
14265
14496
14197
14364
14376
14235
14210
14397
14025
14216
14135
14077
14275
14479
14416
14254
14476
14400
14471
14434
14458
14242
14319
14510
14330
14480
14350
14245
14299
14349
14328
14434
14388
14570
14354
14551
14408
14317
14264
14502
14472
14377
14334
14292
14264
14184
14366
14353
14218
14411
14123
14135
14216
14455
14408
14478
14480
14354
14332
14468
14295
14330
14380
14360
14400
14349
14298
14306
14280
14254
14533
14232
14295
14427
14392
14384
14159
14458
14077
14331
14323
14322
14352
14344
14290
14444
14358
14467
14320
14335
14186
14379
14358
14418
14246
14235
14508
14126
14298
14300
14222
14319
14235
14415
14506
14265
14344
14185
14189
14421
14334
14464
14272
14542
14528
14332
14335
14142
14267
14245
14139
14297
14554
14418
1926
1359
1014
1323
792
436
454
604
193
46
1028
1736
990
1591
198
366
1717
139
1804
1790
250
1242
901
1116
208
1927
1742
1895
1970
1037
31
1816
1351
1071
1962
1775
1618
218
301
1534
1714
669
1398
1489
1496
1889
1274
1613
1893
950
1925
1671
3
250
719
1343
1389
830
1304
574
1379
2008
319
85
726
1069
851
516
197
2031
808
531
501
1256
345
866
374
762
1691
373
1836
152
1513
765
967
1301
1909
1511
738
1635
1017
1853
12
660
82
476
1667
143
1421
166
1556
796
898
471
1598
39
1410
152
1353
639
95
1863
166
1270
1057
1980
796
1175
912
695
1471
1366
867
1613
792
1087
1642
1870
1639
454
1913
1906
1645
633
1064
301
1156
2047
27
1026
1734
127
1600
1314
498
1645
1920
54
674
582
163
193
809
1293
461
722
1385
1189
317
858
1604
1154
1499
1255
558
1696
938
1387
507
1960
407
1176
1581
236
1224
347
496
1038
597
1902
700
1703
1132
2019
186
101
1765
252
1292
1896
55
1537
421
1436
1497
1564
1477
1395
1136
460
1720
780
881
1789
424
1766
14
757
682
108
251
2001
1571
1260
241
2039
1183
332
164
634
2015
543
1461
1437
1693
1199
1114
882
142
1113
1963
34
1124
344
1897
695
1727
1885
250
2090
1933
1928
2077
1908
1947
2000
2181
2136
2044
1998
1926
1989
1960
2045
1999
2077
2003
2033
1947
2023
1942
2140
2009
2125
2004
1949
2033
1939
1981
2082
2139
2106
1983
2059
2104
1940
1862
2179
2079
1883
2068
2030
2192
2107
1942
2087
2134
2197
2007
1991
2152
1934
1965
2082
2014
1866
2123
2010
1991
1960
1989
2035
2105
2044
2132
2178
2106
2091
1944
2025
2101
2143
2419
2139
2020
2090
2115
1915
1928
1988
2115
2060
2181
2049
2059
1872
2109
2041
1863
1953
1932
1972
1962
1913
1836
1975
1889
2068
1906
2110
2149
2082
2111
2040
1937
2074
1834
1928
1970
2260
2142
2113
2021
1898
1935
1791
2107
2093
2078
2191
2043
2186
1965
1953
2021
2172
2001
2115
2109
1884
2006
1845
1952
2163
2003
1968
2016
2010
2076
2230
2036
2092
2052
2043
2018
1991
1882
2016
1888
2146
2193
2017
1916
2133
2017
1946
2005
1920
2031
2108
2046
2058
2086
1914
1960
2084
2191
2028
1943
1942
2057
1923
1983
2046
1880
2084
1882
2074
1955
2043
2057
2030
2022
2021
2177
2251
2060
2033
2149
2261
1959
2140
2180
2102
2100
2171
2025
2003
2017
1947
2003
2127
1794
1975
2020
1972
2159
2164
2071
2287
1956
1959
2129
1979
1846
2070
2131
2104
2240
1934
1975
2013
2085
2088
2067
2258
2061
1979
1947
2181
1895
1975
2040
1994
2024
2044
1884
2188
2084
2028
2034
2186
2056
2078
2025
1909
2090
1856
2053
1965
2053
2049
2113
2226
2075
2052
1946
2114
2038
2019
2081
2169
2119
2157
2003
1907
2075
2030
2054
1985
2099
1982
1968
2233
1933
2028
2203
1932
1928
2127
2153
2217
2117
2098
1987
1943
2070
2203
2109
1945
1977
1986
2013
1907
2046
1967
1952
2026
2074
2126
2136
2080
2093
1940
2031
1948
2047
2099
1712
1981
2116
1946
2073
2202
1899
2044
2031
2033
1843
2131
1875
1933
1965
2040
2102
2069
2128
2047
2221
2014
2182
2020
1860
2036
2179
2123
2060
2140
2148
2086
1951
2036
1979
2098
2119
1834
2012
2132
2170
2215
2020
2050
2118
1946
1996
2078
2061
2029
2001
1959
2019
2007
2106
2012
2030
2060
1871
2020
2110
2056
1985
2231
2002
2061
1966
2006
2269
2045
1978
2025
2014
2108
2035
2266
2090
1951
2185
2057
1866
2057
1910
2190
2055
2129
2182
2023
2093
2325
2068
2270
2139
2172
1966
1932
2097
1916
2026
2070
2078
2116
2098
2056
1990
1956
2122
2131
2183
2057
1858
1948
2008
1934
1926
2081
1986
2265
2009
1915
2040
2161
2065
2252
1966
2106
1960
2074
2147
2010
2067
2066
2086
1830
1864
2164
2101
2150
2123
2170
2249
1964
2123
2168
1992
2142
1999
1845
2003
1829
2205
2063
2048
2008
2136
2072
2145
2138
1880
2158
2089
1969
2068
1874
1931
2016
2070
1922
2149
2095
2087
1986
2095
2139
2036
1990
1988
1960
1901
1865
2163
1750
2072
1941
1929
2245
2061
1894
2002
1996
2036
1938
2038
2082
1901
2078
1856
2291
1940
2266
1882
1981
2220
2102
2017
1941
2170
1877
1986
2160
2057
2215
2118
2090
1965
1930
2159
1980
2146
2007
2112
2058
1948
2038
2034
2168
2123
2146
1967
2122
2081
2151
1968
2202
2062
2050
1919
1993
2017
2044
2111
2087
2102
1943
1917
2004
2027
2083
2062
2080
1963
1827
2343
2158
2043
2005
2108
2006
2071
2073
2083
2003
1880
2004
2142
2198
2083
2283
2108
2061
1750
1951
1984
2001
2204
2013
2022
2069
1888
2115
1873
2008
2144
2220
2081
2011
2121
2052
2231
2203
2034
2077
1959
2002
1955
2033
1980
2119
1998
2218
2037
1896
2029
1903
2195
2141
1934
2033
1964
2147
2030
2015
2015
2098
2050
2029
1908
2005
2233
2044
2192
2184
2002
2192
2098
1921
2026
2294
2205
1996
2086
1936
2209
2189
2038
2030
2179
2087
1982
2117
2184
2130
2112
2149
2026
1914
2069
2120
2064
2181
2101
1996
1956
1908
2120
2122
2198
1899
2022
1975
2032
2049
2057
1976
1973
1947
1971
1961
1976
2055
1932
2013
2148
2169
2130
1886
2032
2222
1938
1995
2036
1968
1990
2219
1886
2061
2132
2206
2017
2178
1969
2110
1884
1978
2300
2089
1974
2237
2072
1996
2213
1918
2045
2051
2103
1941
2126
2003
1993
2013
2025
2109
2090
1923
1814
1918
2252
1986
2097
2078
2038
1977
1912
2033
2248
2084
2166
2263
2061
1944
2100
2058
2192
1855
2013
1916
2012
2070
2190
2091
2026
1902
2192
1925
2021
2106
2226
2064
2021
2109
2045
2077
1913
2000
2029
2015
2031
1900
1976
2157
1906
1826
2007
2090
1932
1996
2089
2122
2149
2230
1906
2079
1960
2093
1928
2091
2185
2086
1920
2267
1952
1970
2129
2025
2133
2110
1963
1972
2097
2092
2224
2110
2161
2060
2199
2037
1932
1921
1963
2127
1952
2093
2158
2108
2119
1941
2029
2116
2096
2139
2270
2077
2012
1861
2122
1850
1964
2087
1925
1952
2165
2050
2148
1934
2065
1907
1870
2039
2122
1976
2059
2086
2050
2034
1957
1912
2030
2087
2171
2028
2012
1946
2115
1792
1909
2207
2145
2110
2062
2044
2001
1972
1959
2124
2197
1867
1988
2122
1998
1830
2164
1915
1913
2095
2083
1980
2095
2080
2138
2099
1916
2192
2133
1969
2016
1947
2248
2117
2070
2073
2038
2149
2074
1979
1978
1954
2238
1969
2063
1869
2085
2066
1950
1924
2158
2040
2089
2061
2108
1975
2030
2070
2032
2118
1972
2208
2123
1997
1979
1927
2056
1983
2412
2056
1998
2045
2166
2109
2030
2014
1802
1990
2048
1919
2095
1852
2167
1966
2156
2140
2075
1899
1942
1967
2187
2164
2028
1951
1811
2104
2154
1978
1912
2213
1982
2088
2226
2125
1963
1990
1947
1801
1998
1931
2213
2225
2084
2006
1972
2240
1914
2060
2067
2199
2077
1977
2152
2070
2052
1985
2046
2062
2170
2044
2197
1986
2179
2285
2146
1952
2164
2029
1975
2099
2100
2061
2068
2153
2162
1907
2013
2036
2088
2188
2018
2253
2006
2054
2011
1998
1743
1999
1928
1996
1791
2291
2100
2070
2165
2099
2121
1867
2113
2121
2126
2008
2070
2072
2126
2019
2038
1965
1941
2063
1990
1890
1936
2097
1987
1972
2193
2178
2119
2117
2083
2096
1932
1882
2046
2058
2036
1943
2001
2117
2033
2059
1960
1955
2155
2105
2037
2027
2021
2137
2029
2029
2009
2079
1966
2075
1972
1926
2015
2177
1988
2276
2136
2027
2059
2074
2091
2040
2075
2115
2082
2078
2001
2007
2004
2010
2024
2025
1956
1945
1921
1943
2190
1820
1873
2240
2215
2110
2115
2033
1960
2105
2040
2027
2213
1871
1944
1973
2105
1915
1870
1899
1988
2092
2173
2110
1906
1898
1816
2085
2112
1937
1987
2038
2044
1982
2157
2028
1962
2079
1990
1956
2043
2012
2197
2076
2119
2153
1765
2130
2160
1900
2226
1987
2236
1990
1972
2138
2070
1953
2126
1973
2209
2161
2275
2104
2162
2187
1950
1979
2048
2023
2044
2028
2108
2066
2018
2122
2129
2238
2130
2283
1970
2117
1924
2112
2079
2084
2005
1928
2237
2229
2085
1978
2091
2022
1958
2175
1984
2103
2054
2205
2033
2130
1943
1999
2122
2009
2001
1992
2001
2011
2137
2277
1858
2225
2127
1964
2024
2253
2012
2047
1958
1803
2232
2052
2082
2135
2008
2200
2214
2077
2097
2202
2007
1980
2084
2078
2006
1940
1897
2001
2144
2113
2112
2043
2214
1968
2062
1833
2000
2114
2074
2037
1813
1973
1856
1939
2199
2053
1891
2012
1973
2100
1918
2039
2052
1987
2181
1991
1830
2064
2109
2271
2042
2063
2039
2022
1986
1891
2115
2095
2084
2090
1852
2034
2042
2136
1990
1972
1947
2233
2034
2353
2110
2162
1983
2035
2061
2001
2202
1976
1931
2114
1989
2031
1935
2254
1756
2167
2125
2066
1960
2207
2168
2213
1814
2132
2063
2119
2018
2090
2096
2091
1992
2106
2059
2014
2074
2137
1922
2096
2194
1997
1969
1989
2168
1969
2045
2161
2075
1937
2062
2339
1980
2017
2064
2104
2119
2031
1855
2241
1980
2119
1913
2139
2156
2143
1988
2068
2016
2013
2171
2209
2070
1914
2003
1936
2159
2228
1944
2174
2005
2230
2096
2009
2139
2140
2051
2115
2026
2085
1930
2181
2138
2101
2228
2075
2095
2178
2024
2063
2047
2007
2024
2094
1904
2136
2147
2098
2055
2107
1894
1878
2180
2140
2052
1904
1978
2039
1977
2049
2255
1914
1862
1983
2069
2132
2179
1909
2067
2081
2001
2039
2257
1994
1979
2035
2182
2100
21831
24999
25105
26348
24985
25801
1825
16341
2045
23859
2239
9306
21986
24338
13784
9123
7687
15446
19452
20483
8518
23595
6527
18251
20985
7890
9436
9292
15568
1325
9015
23906
2907
16271
8673
12932
14054
17983
9005
19962
18444
24691
23681
8434
8722
18751
6057
11918
18373
11030
16571
3275
2114
16466
23223
8349
12465
5338
25198
1310
17752
10392
3601
4289
9419
15626
6034
22630
15600
5627
2949
23944
2093
8598
1928
12095
2518
8808
8000
20087
19944
2938
7390
11418
16526
23810
21019
15231
22150
10039
7345
7096
6441
6595
16672
6673
13205
22588
3526
2679
9163
9650
8711
21933
25432
12682
25661
858
4405
79
21891
19162
11748
14401
6520
17305
7784
11972
1844
17090
20448
13635
17714
19224
7064
25329
6324
19282
709
8437
3172
2117
7223
6793
2216
14699
10158
17479
19197
13653
21400
5576
7837
15628
14927
17756
10912
8281
20408
3315
16270
2694
16292
21543
553
9821
18409
14433
26607
26657
26637
26496
26597
26539
26752
26616
26751
26617
26606
26564
26568
26542
26733
26534
26730
26694
26696
26487
26634
26591
26430
26608
26532
26719
26579
26530
26648
26638
26565
26722
26598
26657
26481
26800
26516
26544
26728
26575
26595
26651
26593
26611
26612
26744
26621
26633
26686
26613
26672
26620
26508
26651
26683
26450
26772
26667
26759
26700
26691
26645
26631
26651
26707
26462
26858
26738
26773
26691
26595
26717
26583
26488
26564
26702
26684
26679
26541
26629
26702
26574
26583
26540
26700
26720
26698
26482
26820
26502
26599
26692
26694
26661
26806
26600
26632
26492
26757
26567
26659
26720
26761
26449
26541
26569
26719
26679
26740
26572
26628
26696
26677
26772
26623
26733
26509
26533
26635
26745
26499
26697
26663
26602
26692
26604
26518
26581
26485
26699
26540
26505
26734
26759
26553
26603
26768
26513
26605
26605
26574
26565
26497
26462
26857
26602
26691
26654
26480
26616
26658
26674
26586
26561
26401
26675
26720
26455
26868
26430
26487
26638
26670
26643
26637
26675
26617
26714
26555
26600
26483
26522
26702
26685
26534
26565
26762
26748
26640
26597
26534
26819
26476
26727
26506
26613
26713
26695
26629
26546
26768
26807
26685
26496
26632
26559
26667
26810
26630
26531
26630
26497
26696
26695
26722
26644
26533
26527
26638
26643
26582
26601
26518
26651
26635
26576
26618
26961
26707
26667
26514
26506
26495
26679
26581
26540
26492
26755
26653
26759
26500
26613
26804
26737
26577
26466
26576
26760
26598
26603
26577
26484
26578
26469
26557
26588
26573
26586
26706
26614
26583
26484
26545
26712
26734
26647
26542
26647
26672
26760
26606
26790
26709
26704
26882
26599
26688
26665
26333
26656
26670
26695
26708
26729
26658
26731
26787
26782
26722
26660
26716
26560
26435
26461
26784
26476
26442
26604
26537
26497
26558
26746
26506
26766
26668
26691
26593
26643
26540
26662
26774
26652
26800
26572
26774
26574
26632
26668
26726
26515
26558
26702
26729
26668
26628
26499
26608
26663
26612
26580
26684
26610
26720
26611
26735
26629
26642
26545
26559
26616
26330
26751
26670
26614
26613
26693
26693
26488
26486
26730
26772
26652
26620
26667
26696
26750
26616
26748
26648
26542
26503
26715
26747
26702
26556
26483
26678
26608
26638
26807
26677
26728
26649
26525
26748
26523
26630
26435
26581
26775
26675
26726
26726
26551
26526
26772
26648
26531
26568
26492
26771
26585
26661
26788
26648
26632
26705
26818
26566
26429
26663
26649
26818
26706
26509
26553
26574
26607
26553
26719
26640
26568
26676
26499
26570
26626
26670
26592
26516
26709
26833
26839
26455
26717
26597
26383
26615
26706
26538
26661
26564
26617
26633
26615
26591
26457
26493
26607
26633
26638
26661
26494
26515
26646
26690
26546
26716
26720
26689
26447
26683
26708
26627
26681
26493
26650
26714
26574
26677
26817
26705
26559
26563
26630
26485
26722
26729
26485
26672
26708
26558
26502
26534
26557
26448
26554
26517
26749
26433
26571
26786
26641
26410
26790
26598
26662
26587
26673
26636
26576
26586
26667
26562
26559
26559
26817
26658
26676
26800
26663
26569
26674
26492
26619
26711
26743
26623
26444
26543
26683
26707
26511
26615
26589
26637
26473
26668
26718
26782
26739
26765
26526
26537
26483
26686
26554
26604
26749
26580
26586
26462
26519
26577
26711
26731
26539
26664
26701
26645
26626
26691
26665
26767
26633
26582
26576
26741
26661
26739
26608
26547
26481
26726
26453
26647
26622
26509
26657
26681
26627
26428
26594
26738
26371
26752
26508
26565
26412
26635
26727
26647
26724
26659
26582
26817
26523
26644
26691
26617
26668
26653
26430
26712
26645
26649
26545
26384
26607
26545
26670
26724
26803
26824
26552
26618
26658
26678
26677
26649
26659
26626
26580
26683
26535
26515
26681
26601
26792
26558
26492
26478
26561
26586
26623
26604
26742
26623
26606
26702
26650
26763
26649
26798
26749
26553
26593
26561
26531
26505
26626
26717
26833
26620
26863
26631
26668
26526
26600
26523
26716
26695
26631
26544
26737
26666
26435
26664
26624
26662
26602
26734
26639
26638
26589
26509
26500
26816
26492
26584
26598
26525
26665
26616
26605
26655
26680
26641
26642
26605
26708
26679
26511
26634
26688
26742
26565
26590
26680
26606
26765
26642
26568
26661
26564
26493
26536
26651
26433
26631
26583
26571
26575
26720
26615
26738
26566
26501
26679
26690
26637
26678
26616
26766
26551
26779
26523
26792
26776
26675
26422
26503
26444
26876
26694
26730
26779
26528
26675
26332
26618
26658
26602
26491
26492
26608
26743
26505
26558
26610
26690
26595
26728
26621
26669
26635
26711
26566
26663
26583
26662
26799
26801
26570
26640
26604
26476
26565
26497
26626
26596
26500
26543
26692
26644
26682
26830
26584
26809
26651
26667
26633
26413
26622
26603
26631
26503
26446
26623
26511
26610
26711
26536
26624
26471
26466
26707
26772
26643
26486
26658
26582
26706
26648
26785
26555
26556
26679
26601
26742
26589
26515
26654
26742
26763
26565
26417
26633
26688
26809
26411
26636
26703
26571
26657
26695
26466
26418
26688
26805
26643
26619
26627
26609
26511
26574
26545
26543
26526
26796
26583
26620
26527
26591
26663
26768
26763
26719
26598
26824
26871
26669
26674
26553
26564
26543
26734
26330
26714
26634
26717
26657
26801
26691
26691
26827
26660
26591
26538
26736
26558
26735
26550
26739
26591
26704
26471
26583
26512
26698
26679
26638
26636
26666
26495
26546
26638
26610
26678
26647
26601
26647
26656
26631
26645
26686
26591
26552
26702
26531
26684
26629
26540
26576
26555
26922
26649
26670
26595
26491
26463
26714
26575
26559
26660
26720
26488
26506
26596
26643
26603
26674
26666
26609
26623
26657
26739
26694
26349
26805
26716
26626
26794
26532
26662
26747
26588
26534
26754
26619
26539
26569
26827
26434
26592
26705
26770
26672
26539
26534
26795
26644
26639
26706
26553
26668
26645
26795
26532
26675
26568
26762
26707
26791
17821
23197
11279
3938
17056
28418
27954
23007
9180
5881
22351
695
5229
17758
1397
22102
18924
7555
27775
25184
23355
18142
1399
25563
14536
7762
22406
20299
25722
2606
22142
26670
18369
22800
26091
8459
6759
13928
2912
6449
20146
15946
17240
28004
2668
17129
9033
3989
23161
7831
1148
16349
15773
6286
25908
27086
20437
25450
23089
18981
3439
10055
18723
7749
22328
24295
22557
3827
8369
4586
27385
22391
6432
22495
399
6489
19241
6646
6193
9985
24833
26110
26795
15889
24593
20191
2143
13437
13549
1961
27832
22062
576
30032
14376
12353
6042
20274
14819
25152
27720
20788
10681
6478
30817
30763
30627
30731
30829
30786
30767
30756
30622
30787
30627
30709
30906
30817
30815
30733
30709
30692
30883
30727
30843
30593
30680
30839
30631
30861
30799
30557
30728
30533
30923
30817
30763
30602
30673
30775
30747
30462
30607
30667
30722
30693
30677
30755
30816
30951
30660
30608
30794
30760
30582
30557
30718
30557
30591
30939
30648
30767
30656
30796
30694
30669
30707
30873
30795
30621
30617
30609
30664
30769
30735
30688
30652
30772
30808
30677
30781
30899
30663
30952
30731
30651
30613
30810
30921
30814
30704
30616
30758
30464
30908
30671
30702
30708
30573
30729
30652
30875
30623
30550
30774
30658
30852
30673
30706
30738
30583
30601
30976
30690
30583
30660
30635
30720
30833
30843
30772
30797
30592
30820
30681
30666
30834
30594
30826
30783
30775
30790
30869
30836
30568
30710
30692
30687
30768
30577
30664
30782
30727
30679
30711
30765
30839
30608
30739
30748
30900
30699
30796
30807
30911
30707
30620
30621
30812
30677
30732
30876
30595
30856
30640
30787
30864
30875
30572
30670
30791
30642
30869
30590
30865
30729
30734
30741
30837
30691
30804
30872
30725
30594
30822
30716
30834
30699
30914
30869
30769
30923
30644
30886
31004
30753
30488
30603
30624
30661
30782
30854
30692
30743
30616
30598
30785
30770
30778
30755
30673
30715
30687
30633
30652
30684
30879
30775
30660
30726
30630
30733
30834
30662
30662
30666
30473
30818
30740
30533
30829
30534
30726
30632
30872
30742
30869
30753
30653
30698
30722
30655
30541
30864
30599
30589
30532
30733
30599
30766
30752
30763
30736
30882
30841
30737
30758
30782
30816
30793
30815
30718
30694
30848
30632
30704
30863
30751
30763
30769
30774
30733
30620
30643
30745
30823
30838
30756
30630
30778
30723
30686
30680
30593
30709
30733
30698
30707
30759
30756
30692
30796
30887
30787
30590
30630
30728
30737
30698
30851
30763
30840
30658
30650
30856
30701
30664
30539
30649
30882
30756
30741
30714
30638
30586
30800
30795
30646
30667
30841
30625
30774
30539
30736
30622
30816
30621
30684
30748
30905
30962
30775
30663
30750
30827
30519
30879
30688
30636
30839
30673
30842
30638
30734
30857
30729
30667
30739
30955
30776
30682
30762
30699
30700
30497
30750
30688
30586
30588
30804
30748
30848
30714
30712
30711
30691
30746
30728
30729
30694
30658
30698
30753
30811
30688
30688
30725
30860
30629
30700
30738
30827
30733
30600
30767
30767
30812
30705
30875
30781
30761
30650
30771
30654
30613
30642
30836
30686
30614
30567
30828
30853
30562
30890
30621
30727
30795
30522
30775
30871
30578
30755
30750
30740
30785
30811
30796
30652
30677
30738
30863
30834
30736
30778
30710
30744
30687
30778
30653
30718
30646
30671
30690
30564
30747
30827
30657
30784
30601
30801
30633
30777
30783
30564
30661
30703
30754
30838
30825
30702
30772
30604
30771
30576
30660
30845
30727
30830
30556
30896
30647
30699
30714
30710
30588
30562
30601
30720
30693
30607
30710
30728
30781
30755
30695
30574
30728
30868
30690
30720
30693
30804
30770
30630
30768
30651
30725
30754
30560
30952
30825
30896
30718
30806
30703
30611
30746
30701
30472
30813
30732
30788
30826
30577
30856
30807
30587
30873
30733
30727
30400
30878
30658
30749
30763
30571
30720
30632
30791
30781
30690
30542
30911
30700
30433
30722
30675
30557
30799
30547
30576
30603
30713
30684
30668
30759
30786
30709
30830
30560
30629
30840
30798
30737
30714
30671
30536
30799
30685
30894
30950
30605
30643
30563
30732
30780
30491
30909
30765
30669
30532
30674
30795
30573
30696
30845
30625
30514
30510
30892
30712
30688
30677
30737
30819
30631
30790
30631
30707
30660
30661
30725
30665
30787
30838
30684
30777
30819
30682
30785
30986
30511
30602
30796
30813
30750
30590
30695
30867
30656
30705
30422
30646
30951
30613
30689
30636
30622
30607
30714
30677
30643
30647
30743
30689
30742
30757
30749
30531
30773
30655
30790
30732
30882
30827
30633
30817
30778
30704
30731
30816
30758
30760
30921
30706
30686
30769
30737
30734
30718
30694
30673
30877
30798
30738
30818
30832
30564
30740
30632
30500
30415
30707
30729
30660
30733
30707
30812
30705
30788
30640
30674
30636
30757
30845
30701
30647
30713
30612
30600
30835
30606
30749
30814
30694
30814
30474
30909
30852
30714
30714
30611
30660
30719
30744
30826
30715
30829
30846
30776
30583
30885
30699
30761
30805
30677
30789
30741
30689
30571
30559
30671
30645
30757
30537
30534
30889
30599
30582
30682
30708
30555
30696
30847
30799
30791
30695
30650
30686
30516
30697
30749
30704
30763
30818
30744
30870
30880
30787
30717
30471
30741
30752
30779
30719
30666
30798
30919
30567
30770
30616
30858
30805
30523
30675
30727
30927
30706
30839
30687
30690
30764
30645
30799
30684
30711
30690
30656
30820
30625
30501
30826
30783
30768
30701
30934
30568
30833
30724
30567
30889
30667
30710
30881
30960
30683
30717
30856
30927
30891
30752
30803
30775
30892
30703
30504
30922
30666
30812
30693
30748
30642
30768
30670
30594
30741
30755
30516
30797
30783
30833
30706
30546
30723
30657
30730
30720
30798
30567
30748
30749
30681
30680
30929
30829
30727
30631
30655
30521
30695
30736
30581
30623
30744
30835
30607
30904
30901
30821
30753
30793
30635
30918
30575
30604
30588
30701
30681
30922
30670
30766
30648
30827
30752
30664
30811
30704
30647
30897
30773
30887
30646
30832
30657
30804
30539
30884
30737
30797
30669
30639
30767
30593
30575
30731
30579
30691
30675
30684
30593
30806
30657
30657
30650
30587
30763
30601
30776
30912
30725
30606
30858
30819
30859
30652
30769
30684
30771
30889
30779
30708
30645
30709
30771
30538
30824
30475
30768
30695
30876
30684
30619
30723
30769
30701
30756
30632
30646
30719
30799
30823
30756
30777
30751
30732
30638
30643
30716
30562
30807
30714
30550
30673
30668
30700
30602
30799
30756
30668
30630
30794
30839
30703
30779
30806
30794
30796
30647
30833
30642
30671
30968
30824
30820
30718
30700
30748
30610
30608
30864
30714
30867
30724
30614
30623
30829
30889
30729
30738
30690
30761
30658
30773
30919
30704
30857
30739
30772
30726
30715
30729
30789
30733
30671
30799
30577
30733
30754
30852
30578
30730
30616
30535
30722
30869
30611
30796
30739
30713
30764
30689
30775
30638
30610
30717
30602
30620
30615
30720
30605
30748
30862
30713
30636
30654
30629
30645
30786
30661
30614
30517
30807
30604
30657
30567
30727
30702
30878
30679
30754
30760
30806
30599
30785
30773
30543
30570
30808
30742
30665
30659
30801
30729
30793
30723
30580
30797
30726
30617
30606
30630
30600
30884
30798
30792
30781
30646
30808
30717
30736
30701
30710
30850
30752
30972
30729
30685
30841
30654
30753
30753
30804
30764
30681
30795
30652
30617
30828
30812
30829
30811
30691
30893
30748
30730
30744
30686
30724
30667
30574
30705
30741
30726
30797
30595
30835
30631
30754
30802
30823
30688
30688
30602
30743
30719
30961
30912
30610
30711
30520
30699
30842
30618
30730
30593
30670
30590
30975
30591
30787
30851
30530
30608
30715
30708
30679
30765
30802
30831
30736
30804
30753
30765
30491
30764
30654
30817
30621
30616
30810
30642
30758
30830
30906
30774
30708
30606
30752
30738
30801
30708
30732
30920
30728
30836
30719
30813
30583
30678
30676
30800
30675
30764
30633
30778
30736
30691
30797
30766
30897
30873
30831
30723
30777
30960
30934
30490
30865
30720
30561
30554
30829
30741
30483
30595
30654
30774
30762
30842
30653
30836
30796
30625
30816
30705
30639
30652
30713
30708
30817
30872
30874
30641
30621
30794
30574
30739
30780
30733
30800
30650
30790
30592
30670
30688
30773
30587
30706
30811
30848
30925
30777
30843
30571
30588
30629
30441
30692
30696
30667
30569
30728
30743
30638
30770
30825
30748
30714
30737
30684
30729
30538
30711
30522
30673
30805
30701
30722
30784
30716
30739
30780
30490
30667
30831
30859
30849
30732
30838
30778
30669
30796
30679
30710
30707
30628
30779
30591
30703
30819
30656
30642
30594
30656
30727
30776
30518
30851
30825
30648
30669
30835
30903
30673
30596
30647
30623
30588
30562
30804
30968
30755
30624
30552
30748
30595
30664
30642
30740
30592
30610
30609
30821
30784
30912
30998
30586
30834
30695
30888
30701
30741
30656
30779
30802
30744
30770
30723
30735
30640
30726
30802
30720
30884
30713
30697
30689
30797
30712
30819
30788
30892
30698
30710
30752
30878
30615
30616
30822
30825
30777
30857
30783
30813
30674
30611
30726
30611
31039
30742
30898
30898
30654
30776
30788
30805
30574
30714
30597
30677
30628
30680
30864
30907
30739
30898
30559
30577
30495
30721
30611
30658
30757
30614
30674
30707
30871
30740
30659
30802
30732
30858
30699
30594
30740
30601
30597
30761
30656
30621
30624
30739
30704
30667
30689
30723
30683
30906
30592
30677
30914
30736
30931
30829
30685
30460
30535
30689
30727
30883
30722
30707
30799
30829
30728
30634
30757
30768
30840
30706
30582
30612
30639
30701
30767
30668
30759
30474
30772
30762
30677
30727
30724
30773
30672
30863
30574
30799
30684
30810
30668
30689
30698
30744
30725
30703
30661
30833
30552
30615
30693
30677
30761
30680
30541
30913
30737
30870
30652
30751
30618
30763
30671
30517
30775
30604
30626
30557
30618
30783
30800
30601
30727
30680
30733
30735
30663
30737
30720
30727
30695
30752
30708
30778
30979
30613
30839
30775
30718
30732
31029
30739
30461
30637
30736
30661
30738
30747
30713
30718
30732
30689
30821
30782
30768
30671
30661
30680
30592
30768
30623
30841
30810
30780
30756
30868
30764
30583
30798
30832
30701
30644
30723
30754
30652
30524
30805
30741
30674
30810
30982
30669
30818
30550
30922
30735
30623
30868
30716
30436
30495
30666
30653
30612
30697
30578
30612
30630
30636
30583
30889
30609
30606
30836
30483
30743
30455
30601
30820
30812
30752
30686
30686
30671
30563
30890
30709
30653
30815
30720
30799
30749
30709
30770
30627
30605
30532
30765
30685
30718
30813
30809
2547
7498
5170
8687
8834
4995
4990
6227
4331
6904
1609
3275
5524
4818
583
10164
6174
1272
6224
7156
4563
8225
1339
9700
6684
779
3745
9876
7930
3735
70
797
8290
5205
1607
9012
7114
5037
9802
5437
1407
4778
6121
9780
4034
3800
7196
2912
3659
1197
10147
1714
2892
5651
9721
1410
2520
5829
2584
5197
8267
4151
5949
3720
4514
3841
3327
1527
4692
7346
2579
9198
343
687
5273
7736
4626
3016
5410
152
8399
1985
5481
5670
4914
9354
7028
4461
9809
7731
2220
293
5130
2694
5763
9343
8002
8976
336
2571
6363
3500
8316
3187
9637
5087
4365
3006
6178
3530
7468
1997
9140
9953
908
9066
5333
87
3324
3814
2682
6511
6667
4468
4795
4678
471
566
6264
6727
581
8654
6341
3822
6816
9163
722
7334
1349
7606
6805
5210
2943
1005
376
5655
92
7933
113
1203
7150
1056
7806
8748
405
1354
3229
5567
1182
1786
7838
4781
6792
1778
5944
9776
3200
9977
5770
8570
9103
2836
10137
2032
10146
10304
10258
10174
10461
10145
10194
10143
10237
10302
10222
10158
10469
10217
10236
10228
10272
10312
10176
10297
10198
10472
10220
10299
10215
10142
10319
10300
10353
10167
10277
10117
10211
10271
10174
10397
10124
10249
10349
10161
10446
10131
10338
10168
10242
10499
10473
10337
10088
10243
10183
10201
10317
10249
10257
10138
10318
10351
10218
10243
10251
10237
10197
10243
10336
10332
10290
10264
10098
10272
10302
10405
10243
10374
10350
10165
10236
10278
10275
10286
10193
10402
10313
10188
10048
10265
10360
10152
10229
10352
10148
10272
10255
10407
10326
10362
10235
10380
10273
10337
10407
10357
10375
10241
10329
10278
10148
10169
10154
10333
10107
10125
10044
10315
10236
10295
10223
10270
10263
10289
10098
10228
10426
10130
10069
10164
10227
10191
10253
10149
10185
10254
10452
10064
10053
10262
10188
10346
10359
10359
10291
10239
10312
10142
10232
10242
10136
10385
10362
10270
10349
10387
10344
10282
10165
10212
10269
10245
10195
10107
10176
10433
10183
10292
10299
10246
10352
10207
10206
10174
10256
10137
10456
10229
10260
10093
10214
10248
10244
10389
10169
10181
10149
10405
10491
10236
10234
10299
10280
10155
10157
10271
10381
10388
10350
10195
10371
10331
10128
10200
10499
10250
10339
10331
10298
10268
10130
10359
10233
10161
10093
10308
10195
10164
10235
10302
10424
10415
10356
10288
10135
10433
10245
10437
10125
10139
10406
10181
10374
10210
10081
10259
10203
10391
10229
10230
10381
10191
10257
10316
10246
10381
10238
10175
10160
10266
10220
10308
10258
10491
10091
10210
10209
10150
10214
10273
10166
10271
10159
10090
10086
10297
10144
10213
10253
10071
10189
10193
10006
10140
10152
10250
10317
10436
10432
10291
10222
10286
10272
10351
10188
10236
10115
10324
10212
10281
10198
10333
10265
10191
10214
10088
10235
10233
10245
10263
10139
10177
10321
10265
10449
10151
10296
10291
10228
10187
10435
10425
10020
10274
10263
10086
10292
10236
10190
10278
10118
10293
10175
10116
10198
10255
10026
10218
10345
10305
10149
10353
10042
10145
10182
10316
10051
10360
10107
10287
10162
10358
10132
10311
10338
10151
10145
10383
10308
10186
10243
10238
10316
10179
10224
10387
10235
10271
10102
10115
10248
10202
10186
10181
10301
10099
10244
10238
10116
10128
10184
10389
10149
10193
10149
10236
10320
10172
10145
10163
10334
10081
10354
10357
10274
10235
10235
10179
10514
10291
10205
10177
10221
10104
10294
10114
10197
10249
10244
10308
10186
10260
10185
10292
10238
10278
10077
10269
10167
10379
10111
10354
10048
10343
10192
10157
10211
10263
10193
10138
10309
10162
10271
10293
10226
10118
10126
10289
10503
10258
10058
10305
10245
10193
10246
10214
10258
10263
10215
10316
10324
10199
10348
10175
10385
10298
10278
10318
10431
10134
10335
10292
10330
10249
10237
10128
10273
10070
10258
10155
10219
10194
10011
10204
10312
10220
10311
10243
10314
10340
10309
10341
10564
10205
10197
10225
10336
10273
10282
10285
10256
10327
10220
10262
10169
10258
10202
10225
10348
10234
10439
10305
10220
10364
10459
10151
10201
10223
10367
10139
10330
10093
10412
10094
10126
10286
10130
10187
10240
10386
10285
10206
10110
10219
10427
10289
10117
10314
10237
10030
10347
10435
10324
10393
10313
10167
10387
10482
10213
10278
10156
10261
10308
10272
10182
10431
10239
10300
10315
10355
10133
10197
10434
10147
10124
10309
10378
10358
10308
9993
10186
10050
10127
10226
10280
10189
10311
10286
10173
10224
10225
10216
10373
10204
10270
10236
10295
10251
10233
9989
10272
10083
10434
10150
10078
10162
10146
10207
10328
10223
10096
10197
10305
10325
10071
10159
10250
10170
10380
10255
10169
10238
10182
10219
10321
10368
10109
10147
10267
10276
10144
10087
10093
10238
10314
10192
10034
10109
10233
10281
10080
10140
10339
10215
10090
10170
10224
10226
10158
10251
10087
10191
10341
10400
10316
10306
10349
10289
10301
10197
10212
10248
10251
10113
10191
10205
10223
10218
10427
10172
10262
10408
10199
10399
10177
10351
10417
10271
10018
10411
10249
10142
10144
10212
10478
10384
10249
10198
10144
10169
10215
10108
10268
10382
10226
10317
10334
10231
10305
10239
10233
10160
10366
10305
10381
10123
10259
10357
10226
10231
10220
10245
10199
10258
10356
10301
10110
10140
10248
10180
10291
10149
10200
10185
10231
10295
10325
10347
10236
10282
10175
10206
10129
10027
10293
10280
10344
10253
10175
10265
10135
10151
10194
10260
10318
10210
10186
10350
10159
10174
10212
10163
10322
10177
10215
10169
10299
10206
10101
10216
10323
10192
10337
10066
10242
10261
10159
10189
10388
10209
10267
10138
10249
10343
10131
10271
10381
10102
10286
10163
10055
10236
10155
10237
10173
10279
10361
10269
10097
10288
10239
10262
10398
10302
10240
10310
10247
10103
10133
10209
10125
10241
10240
10185
10190
10175
10295
10066
10208
9893
10247
10198
10217
10335
10340
10262
10188
10184
10304
10262
10129
10271
10171
10211
10304
10149
10145
10236
10170
10196
10286
10278
10214
10309
10267
10428
10208
10181
10235
10182
10435
10135
10154
10101
10219
10233
10237
10174
10209
10181
10118
10338
10369
10172
10324
10269
10342
10096
10240
10209
10283
10262
10553
10136
10200
10162
10203
10282
10373
10188
10213
10219
10380
10114
10299
10131
10278
10293
10110
10207
10230
10277
10325
10287
10279
10124
10216
10246
10215
10242
10245
10401
10459
10324
10192
10099
10101
10199
10348
10149
10168
10379
10216
10468
10254
10297
10349
10379
10170
9965
10435
10148
10273
10115
10092
10296
10436
10108
10045
10313
10209
10164
10289
10069
10190
10361
10105
10250
10114
10370
10151
10071
10345
10200
10415
10119
10202
10148
9931
10270
10247
10373
10441
10336
10197
10294
10306
10368
10172
10169
10153
10233
10445
10091
10076
10177
10463
10186
10208
10211
10282
10300
10242
10318
10165
10288
10279
10110
10406
10190
10103
10397
10121
10164
10124
10305
10204
10296
10249
10326
10127
10189
10338
10181
10351
10212
10192
10205
10267
10262
10131
10298
10299
10126
10216
10321
10334
10208
10311
10287
10386
10337
10210
10312
10419
10300
10370
10110
10190
10157
10191
10256
10147
10404
10141
10297
10356
10326
10233
10212
10265
10255
10217
10071
10242
10148
10068
10273
10104
10240
10270
10255
10286
10062
10241
10121
10082
10121
10286
10350
10363
10104
10334
10151
10238
10106
10196
10297
10173
10250
10080
10239
10549
10257
10280
10023
10265
10227
10119
10265
10312
10173
10328
10268
10257
10224
10154
10084
10055
10122
10141
10114
10204
10249
10133
10265
10140
10349
10226
10393
10255
10252
10257
10132
10297
10257
10173
10270
10209
10121
10355
10112
10056
10233
10179
10215
10288
10322
10380
10176
10444
10217
10287
10225
10202
10290
10389
10302
10195
10157
10298
10181
10175
10025
10285
10134
10250
10259
10154
10138
10211
10226
10250
10428
10270
10258
10082
10404
10299
10294
10239
10163
10240
10173
10232
10305
10187
10344
10373
10067
10461
9962
10190
10248
10394
10146
10086
10260
10139
10376
10180
10420
10339
10337
10312
10347
10118
10325
10363
10373
10254
10212
10247
10337
10405
10226
10127
10208
10291
10184
10192
10438
10224
10129
10195
10245
10170
10172
10267
10262
10233
10281
10150
10162
10206
10360
10198
10285
10233
10234
10331
10169
10193
10187
10272
10238
10172
10121
10332
10122
10538
10230
10364
10339
10288
10315
10193
10460
10052
10168
10119
10209
10399
10353
10345
10239
10495
10267
10208
10298
10214
10282
10182
10343
10254
10203
10115
10233
10312
10338
10189
10151
10143
10167
10352
10104
10253
10171
10314
10240
10248
10296
10071
10302
10315
10310
10188
10316
10281
10136
10425
10005
10154
10209
10323
10223
10155
10295
10297
10305
10283
10268
10287
10209
10339
10212
10213
10477
10330
10255
10167
10229
10298
10321
10248
10164
10291
10251
10044
10407
10223
10183
10208
10135
10203
10256
10300
10431
10198
10206
10327
10092
10082
10263
10269
10309
10200
10115
10559
10224
10454
10193
10256
10353
10170
10195
10219
10184
10216
10416
10079
10332
10109
10135
10320
10178
10360
10285
10269
10299
10286
10274
10290
10123
10026
10307
10174
10066
10319
10249
10240
10301
10394
10282
10127
10163
10303
10240
10534
10135
10251
10413
10117
10294
10252
10251
10287
10418
10266
10464
10106
10098
10218
10071
10216
10178
10430
10370
10141
10481
10159
10285
10418
10192
10049
10281
10111
10267
10219
10116
10184
10345
10223
10367
10052
10286
10299
10287
10192
10235
10215
10241
10331
10189
10221
10229
10178
10331
10083
10185
10295
10303
10355
10271
10248
10228
10136
10372
10218
10370
10279
10428
10288
10181
10033
10243
10168
10307
10208
10385
10239
10221
10426
10348
10286
10283
10371
10116
10325
10066
10306
10177
10352
10105
10270
10358
10379
10227
10328
10131
10203
10276
10138
10248
10102
10160
10291
10117
10049
10124
10254
10289
10383
10197
10297
10136
10188
10166
10205
10133
10226
10457
10199
10278
10218
10201
10107
10261
10205
10313
10193
10258
10414
10089
10153
10621
10162
10255
10291
10129
10344
10039
10265
10126
10386
10080
10310
10278
10155
10226
10245
10174
10330
10372
10213
10057
10385
10316
10198
10161
10243
10345
10285
10428
10334
10288
10200
10004
10076
10241
10225
10339
10195
10252
10243
10063
10273
10210
10109
10296
10377
10271
10200
10224
10118
10294
10165
10221
10085
10360
10200
10366
10084
10261
10185
10392
10248
10168
10124
10066
10268
10268
10102
10171
10190
10261
10278
10116
10166
10275
10219
10220
10433
10026
10294
10184
10203
10117
10139
10302
10058
10117
10186
10077
10263
10018
10199
10251
10301
10309
10220
10186
10058
10250
10386
10289
10309
10319
10257
10262
10352
10286
10158
10388
10265
10285
10415
10248
10134
10200
10087
10335
10073
10362
10135
10240
10002
10318
9978
10251
10261
10126
10158
10284
10265
10411
10255
10078
10370
10262
10284
10315
10236
10243
10273
10216
10116
10123
10357
10241
10105
10242
10189
10338
10282
10436
10205
10254
10042
10251
10103
10340
10161
10206
10253
10303
10420
10332
10424
10154
10337
10269
10319
10279
10270
10380
10060
10346
10135
10216
10170
10228
10310
10184
10369
10425
10204
10221
10194
10349
10353
10092
10251
10393
10257
10251
10309
10204
10125
10253
10279
10401
10300
10282
10165
10094
10330
10243
10233
9974
10090
10321
10088
10198
10211
10305
10269
10397
10230
10129
10398
10170
10197
10186
10315
10109
10009
10273
10266
10145
10087
10321
10388
10334
10307
10203
10083
10308
10246
10282
10235
10138
10335
10063
10257
10096
10192
10212
10383
10272
10307
10186
10288
10305
10173
10174
10391
10262
10248
10215
10078
10210
10037
10025
10207
10421
10114
10304
10303
10349
10191
10293
10234
10287
10151
10298
10336
10231
10215
10178
10248
10229
10202
10186
10428
10212
10376
10169
10199
10273
10335
10182
10230
10240
10142
10318
10378
10280
10473
10329
10013
10209
10229
10152
10127
10112
10411
10371
10298
10124
10161
10284
10276
10373
10130
10206
10251
10222
10100
10307
10227
10266
10280
10036
10237
10189
10153
10128
10202
10315
10241
10191
10325
10217
10216
10292
10075
10275
10035
10298
10224
10145
10130
10304
10080
10136
5588
13834
15415
5709
11672
14556
4313
17367
1893
3486
12561
16038
6665
1589
5741
1874
1828
8955
14820
9973
6900
15181
1822
11143
2033
4830
5766
3631
9619
6037
9830
15405
11831
16263
834
1977
13593
2163
17333
8992
12821
3724
1716
7101
191
1216
4492
3813
9644
1023
17263
11521
2615
5836
14870
5980
7410
15673
11585
2698
6738
2793
7978
17569
2658
15584
9485
12687
484
13619
14626
3977
14018
14592
2449
8483
13031
7184
1978
13514
6698
13403
11753
18272
16095
11878
17858
16251
205
3315
4536
13490
7646
15824
6472
156
6999
2004
1106
17849
9739
9082
15883
10417
18035
4071
4108
1677
11870
5085
8207
13475
15843
18004
11988
16277
5311
9439
7190
16648
16364
5495
15342
2965
12038
13022
17565
117
12044
13713
9346
612
8449
412
17178
400
5920
15889
8992
208
6865
7701
17786
7027
17294
16473
6389
7750
2253
10972
18233
6503
11022
1330
6577
6148
14649
3444
249
3691
7572
15119
1446
4664
13399
2939
16548
8225
6968
9236
12523
4643
5940
16489
14360
14055
4194
10751
5076
3299
3734
7399
5894
3356
5950
5487
211
4605
8036
11163
4606
2469
3926
14450
2011
17004
13060
18494
18463
18582
18382
18262
18366
18498
18399
18326
18394
18438
18430
18639
18372
18270
18514
18372
18608
18369
18498
18473
18555
18355
18514
18321
18445
18503
18440
18533
18365
18339
18298
18553
18300
18484
18597
18306
18486
18584
18401
18472
18615
18496
18489
18192
18549
18519
18468
18160
18511
18488
18389
18476
18418
18365
18408
18521
18402
18498
18592
18490
18475
18332
18376
18490
18423
18246
18476
18424
18473
18452
18226
18416
18505
18291
18469
18529
18282
18574
18362
18557
18370
18245
18426
18527
18508
18547
18460
18425
18381
18264
18226
18551
18406
18566
18550
18604
18339
18317
18525
18356
18399
18281
18339
18392
18420
18392
18514
18448
18620
18336
18347
18457
18649
18398
18467
18486
18504
18291
18412
18449
18427
18373
18424
18308
18402
18492
18310
18363
18461
18457
18475
18424
18560
18426
18522
18288
18461
18202
18467
18604
18320
18420
18385
18342
18513
18460
18509
18365
18421
18492
18486
18351
18443
18500
18479
18312
18453
18388
18487
18519
18393
18494
18276
18603
18338
18391
18222
18513
18411
18554
18382
18494
18371
18646
18255
18442
18275
18435
18413
18500
18321
18602
18622
18194
18325
18384
18405
18366
18457
18585
18442
18339
18514
18277
18506
18477
18619
18671
18569
18523
18321
18458
18406
18527
18435
18470
18686
18307
18374
18424
18398
18406
18400
18436
18521
18393
18421
18444
18460
18518
18392
18467
18692
18233
18454
18364
18615
18488
18557
18433
18625
18360
18319
18346
18500
18130
18443
18633
18481
18438
18465
18245
18479
18537
18423
18545
18521
18598
18411
18461
18336
18465
18439
18559
18367
18452
18464
18346
18331
18447
18469
18587
18394
18330
18238
18451
18373
18366
18543
18402
18413
18382
18477
18327
18410
18627
18371
18397
18412
18498
18417
18422
18376
18286
18280
18170
18422
18498
18544
18465
18733
18271
18456
18614
18535
18444
18435
18583
18420
18446
18431
18359
18465
18328
18355
18361
18377
18556
18271
18481
18384
18310
18376
18436
18362
18602
18464
18376
18511
18287
18398
18214
18359
18474
18309
18517
18474
18353
18356
18525
18452
18219
18454
18375
18344
18354
18531
18405
18365
18481
18277
18534
18391
18495
18469
18531
18454
18411
18387
18311
18385
18332
18386
18379
18355
18431
18394
18364
18515
18281
18381
18413
18338
18422
18365
18441
18223
18303
18412
18536
18481
18425
18616
18492
18429
18596
18321
18452
18354
18477
18541
18417
18505
18548
18414
18445
18356
18507
18516
18354
18482
18209
18335
18477
18476
18182
18444
18381
18558
18292
18486
18438
18477
18445
18535
18457
18549
18349
18336
18587
18469
18451
18441
18366
18365
18356
18477
18412
18280
18297
18454
18311
18282
18412
18478
18280
18442
18431
18393
18409
18421
18585
18349
18313
18464
18575
18232
18185
18563
18206
18258
18422
18421
18653
18458
18483
18443
18388
18262
18428
18527
18313
18503
18553
18511
18405
18353
18453
18402
18415
18616
18564
18352
18314
18567
18595
18359
18230
18419
18475
18328
18532
18468
18305
18464
18458
18491
18315
18560
18463
18459
18389
18528
18332
18348
18335
18478
18430
18435
18277
18407
18323
18519
18360
18446
18377
18488
18398
18539
18492
18458
18510
18335
18330
18614
18410
18448
18356
18541
18369
18366
18314
18565
18521
18592
18539
18418
18468
18361
18666
18534
18667
18180
18477
18485
18166
18192
18112
18423
18640
18588
18357
18476
18288
18252
18525
18359
18481
18322
18408
18547
18605
18438
18598
18322
18436
18500
18503
18336
18587
18401
18420
18386
18362
18594
18496
18418
18598
18463
18492
18457
18495
18390
18381
18573
18467
18352
18459
18620
18491
18445
18486
18512
18342
18518
18362
18352
18370
18204
18274
18516
18507
18477
18466
18482
18495
18548
18441
18334
18384
18366
18382
18488
18528
18284
18525
18434
18485
18603
18407
18352
18494
18425
18190
18444
18502
18554
18429
18443
18426
18445
18257
18459
18277
18441
18302
18579
18235
18543
18290
18334
18681
18256
18470
18463
18326
18503
18261
18248
18412
18414
18451
18511
18516
18377
18553
18391
18569
18451
18509
18399
18385
18415
18621
18513
18438
18327
18309
18444
18485
18472
18466
18345
18400
18462
18406
18064
18471
18465
18273
18583
18494
18636
18404
18466
18374
18265
18372
18215
18475
18477
18270
18469
18332
18471
18391
18342
18511
18590
18495
18365
18318
18300
18522
18427
18563
18359
18391
18291
18486
18426
18705
18602
18624
18418
18509
18273
18575
18338
18410
18399
18460
18382
18403
18400
18379
18302
18612
18464
18596
18483
18585
18469
18618
18293
18348
18529
18347
18481
18436
18229
18396
18431
18649
18417
18566
18208
18448
18409
18446
18303
18348
18360
18347
18392
18406
18666
18595
18329
18516
18493
18301
18432
18322
18432
18534
18395
18282
18416
18310
18382
18415
18382
18511
18545
18305
18522
18427
18401
18419
18413
18532
18554
18399
18442
18542
18472
18339
18452
18339
18410
18491
18481
18601
18275
18370
18425
18554
18433
18351
18613
18507
18524
18246
18279
18488
18474
18287
18339
18583
18362
18404
18433
18404
18551
18251
18484
18535
18346
18431
18459
18363
18509
18319
18448
18362
18516
18370
18170
18636
18484
18440
18346
18632
18371
18467
18353
18502
18377
18415
18469
18496
18478
18315
18649
18379
18583
18346
18279
18599
18627
18419
18396
18519
18497
18495
18478
18354
18298
18485
18676
18406
18466
18406
18523
18335
18576
18379
18418
18311
18422
18668
18349
18271
18354
18495
18466
18478
18156
18636
18638
18373
18416
18540
18446
18378
18369
18397
18641
18371
18452
18485
18343
18264
18348
18485
18292
18463
18279
18506
18484
18503
8970
6442
6775
4842
5110
1489
1685
5627
4917
1535
3391
7492
7391
6962
5542
1008
6922
1653
5457
9977
6296
3416
5250
9407
1730
3927
612
9277
6386
8763
5401
7194
2887
7710
2218
5668
3267
6077
3974
652
955
8754
231
1425
3797
1917
8628
2916
5413
909
8444
9170
442
2915
7809
9
4987
9346
2883
7185
1994
10168
2821
2440
9854
4205
9315
9448
8048
2764
5860
623
9240
539
6825
2032
1624
1035
3785
3036
2777
4377
7687
4593
6061
9491
4684
2363
4651
3561
2476
7108
2894
6986
9631
4871
2230
4296
10079
10248
10435
10115
10227
10167
10146
10156
10280
10341
10315
10332
10105
10262
10092
10063
10238
10076
10300
10121
10232
10054
10226
10279
10229
10191
10288
10125
10338
10381
10064
10288
10264
10149
10350
10000
10207
10215
10029
10126
10223
10488
10135
10254
10172
10290
10368
10346
10390
10074
10176
10257
10344
10242
10017
10073
10251
10226
10342
10160
10064
9967
10119
10225
10168
10284
10242
10272
10193
10056
10212
10144
10312
10160
10302
10282
10290
10058
10327
10311
10260
10419
10285
10045
10257
10204
10170
10184
10055
10211
10129
10161
10113
10154
10271
10229
10413
10428
10180
10164
10259
10342
10146
10236
10158
10471
10174
10272
10163
10166
10220
10202
10191
10211
9949
10202
10352
10128
10246
10060
10154
10296
10295
10294
10191
10202
10148
10217
10145
10409
10216
10203
10216
10102
10036
10276
10164
10283
10145
10359
10291
10265
10197
10221
10111
10172
10139
10362
10336
10236
10323
10240
10315
10281
10123
10154
10240
10233
10153
10401
10208
10054
10035
10222
10352
10334
10211
10351
10148
10342
10229
10341
10162
10384
10220
10268
10087
10273
10166
10309
10314
10189
10377
10394
10294
10085
10127
10356
10371
10481
10223
10219
10065
10304
10177
10348
10225
10202
10196
10400
10295
10170
10253
10171
10358
10287
10178
10387
10238
10137
10254
10140
10266
10224
10234
10341
10258
10255
10275
10221
10104
10227
10260
10118
10221
10355
10231
10262
10317
10313
10215
10121
10271
10149
10354
10320
10407
10175
10264
10145
10368
10334
10251
10316
10294
10256
10281
10369
10164
10266
10262
10136
10466
10269
10234
10287
10245
10370
10362
10128
10221
10295
10142
10404
10188
10212
10284
10184
10188
10336
10276
10294
10283
10147
10363
10206
10278
10197
10335
10106
10247
10192
10271
10240
10281
10290
10369
10104
10221
10361
10114
10309
10217
10284
10239
10385
10307
10335
10323
10274
10177
10276
10286
10285
10270
10118
10200
10238
10130
10262
10258
10214
10271
10290
10330
10290
10291
10274
10303
10237
10209
10233
10195
10445
10230
10226
10187
10135
10418
10066
10094
10273
10317
10247
10232
10222
10231
10095
10258
10370
10247
10272
10200
10177
10108
10298
10304
10113
10119
10318
10179
10253
10137
10440
10118
10178
10194
10257
10358
10218
10216
10185
10143
10084
10396
10103
10337
10341
10243
10095
10292
10335
10111
10152
10291
10105
10244
10277
10279
10341
10219
10145
10269
10332
10328
10158
10260
10395
10249
10278
10166
10208
10392
10196
10188
10188
10149
10386
10280
10119
10131
10263
10315
10155
10245
10207
10216
10132
10304
10176
10243
10285
10066
10262
10189
10250
10043
10443
10235
10245
10202
10176
10180
10414
10114
10353
10003
10288
10216
10237
10293
10298
10306
10266
10130
10301
10217
10311
10294
10266
10222
10256
10402
10205
10347
10294
10159
10225
10320
10230
10229
10266
10472
10341
10314
10077
10192
10471
10049
10163
10284
10172
10317
10408
10210
10128
10139
10169
10276
10268
10226
10190
10367
10244
10132
10253
10263
10245
10292
10267
10265
10453
10231
10280
10280
10141
10189
10132
10143
10237
10288
10178
10213
10385
10111
10218
10077
10382
10294
9971
10156
10174
10219
10222
10170
10310
10322
10223
10250
10305
10417
10166
10380
10153
10366
10216
10325
10283
10092
10255
10227
9997
10161
10212
10195
10214
10245
10230
10223
10225
10279
10161
10217
10219
10282
10437
10163
10176
10454
10267
10075
10347
10191
10249
10225
10375
10125
10226
10350
10249
10307
10266
10179
10157
10165
10551
10386
10105
10276
10248
10238
10223
10394
10164
10329
10337
10240
10243
10423
10161
10227
10243
10330
10185
10127
10230
10189
10194
10044
10193
10125
10112
10222
10120
10286
10278
10289
10226
10290
10125
10159
10318
10287
10119
10362
10289
10277
10358
10078
9995
10171
10248
10257
10231
10217
10398
10297
10221
10132
10111
10299
10223
10146
10313
10376
10024
10188
10278
10424
10257
10226
10230
10152
10229
10455
10145
10177
10122
10211
10316
10204
10180
10228
10163
10306
10086
10207
10328
10199
10135
10112
10176
10036
10322
10282
10089
10254
10210
10404
10085
10342
10207
10150
10183
10170
10463
10308
10298
10307
10155
10419
10247
10173
10238
10206
10243
10031
10170
10040
10278
10286
10148
10285
10270
10213
10238
10227
10094
10141
10183
10185
10188
10196
10289
10105
10347
10162
10219
10229
10260
10192
10118
10371
10259
10007
10353
10442
10189
10162
10219
10042
10214
10299
10326
10011
10175
10203
10243
10267
10129
10216
10105
10125
10032
10248
10159
10315
10362
10075
10424
10358
10249
10318
10243
10267
10146
10172
10161
10189
10322
10203
10123
10265
10415
10204
10219
10126
10307
10384
10311
10237
10114
10294
10138
10381
10318
10253
10396
10323
10197
10208
10136
10137
10312
10267
10269
10182
10311
10287
10239
10293
10148
10250
10143
10365
10308
10333
10300
10397
10171
10365
10105
10268
10306
10171
10363
10254
10289
10301
10108
10238
10309
10148
10335
10315
10289
10274
10237
10213
10392
10458
10238
10192
10199
10193
10308
10242
10344
10220
10222
10090
10251
10118
10042
10273
10324
10205
10265
10279
10202
10312
10320
10328
10262
10156
10290
10329
10111
10338
10346
10118
10327
10184
10188
10165
10230
10317
10239
10075
10134
10147
10203
10286
10227
10133
10410
10332
10266
10225
10236
10365
10168
10309
10318
10171
10214
10257
10320
10193
10245
9968
10255
10197
10246
10298
10189
10163
10142
10271
10135
10284
10070
10263
10450
10098
10243
10145
10345
10335
10181
10331
10299
10199
10355
10126
10171
10224
10291
10369
10337
10149
10247
10032
10325
10249
10186
10114
10192
10272
10252
10130
10331
10161
10323
10325
10300
10067
10374
10372
10326
10274
10234
10240
10119
10115
10358
10169
10304
9925
10171
10025
10241
10283
10243
10350
10219
10207
10113
10226
10331
10324
10017
10370
10179
10235
10164
10225
10402
10289
10206
10074
10254
10464
10111
10188
10198
10159
10043
10326
10264
10190
10257
10161
10208
10121
10210
10218
10257
10258
10411
10100
10153
10477
10049
10305
10111
10466
10272
10065
10482
10413
10266
10216
9953
10233
10304
10157
10371
10066
10302
10248
10209
10356
10173
10227
10174
10412
10211
10283
10354
10210
10299
10183
10123
10284
10295
10297
10268
10087
10256
10223
10289
10206
10341
10306
10227
10313
10212
10290
10235
10278
10181
10241
10197
10140
10352
10373
10284
10300
10204
10289
10371
10093
10135
10225
10185
10228
10216
10313
10220
10183
10405
10179
10433
10156
10076
10241
10274
10165
10162
9989
9978
10253
10191
10285
10189
10196
10361
10066
10080
10149
10399
10374
10201
10344
10106
10236
10018
10367
10263
10036
10175
10215
10161
10315
10196
10339
10143
10202
10475
10444
10200
10281
10398
10334
10132
10308
10276
10355
10220
10282
10171
10270
10114
10293
10109
10337
10305
10208
10313
10180
10208
10376
10182
10170
10408
10198
10305
10270
10257
10201
10235
10150
10203
10229
10363
10163
10353
10153
10300
10118
10315
10414
10274
10193
10154
10311
10171
10315
10165
10249
10256
10400
10232
10231
10426
10228
10236
10490
10392
10102
10356
10277
10355
10396
10221
10359
10113
10207
10330
10282
10320
10346
10448
10153
10432
10137
10281
10230
10293
10303
10319
10083
10233
10196
10233
10270
10190
10301
10157
10278
10329
10340
10344
10414
10204
10241
10211
10336
10308
10364
10173
10178
10174
10191
10232
10252
10121
10129
10121
10271
10251
10269
10229
10208
10253
10284
10097
10127
10187
10324
10289
10288
10202
10360
10089
10229
10304
10181
10215
10214
10259
10067
10279
10084
10313
10422
10277
10218
10075
10197
10295
10261
10285
10008
10201
10375
10305
10240
10305
10268
10175
10124
10141
10423
10075
10148
10481
10216
10270
10085
10386
10291
10191
10418
10217
10365
10365
10249
10280
10388
10270
10288
10226
10235
10254
10180
10245
10118
10161
10223
10327
10189
10116
10261
10136
10086
10253
10169
10257
10276
10289
10402
10187
10477
10124
10367
10278
10267
10172
10329
10040
10248
10497
10326
10159
10232
10372
10224
10398
10162
10268
10210
10268
10341
10435
10322
10365
10325
10240
10286
10274
10279
10341
10344
10276
10111
10282
10278
10302
10290
10211
10261
10193
10237
10251
10311
10166
10214
10213
10074
10297
10467
10132
10213
10316
10286
10364
10155
10296
10162
10276
10399
10152
10278
10270
10132
10290
10400
10280
10251
10236
10200
10245
10161
10314
10417
10327
10167
10101
10135
10085
10264
10010
10043
10120
10379
10234
10212
10247
10169
10262
10491
10230
10173
10262
10315
10133
10318
10135
9999
10313
10285
10354
10199
10314
10181
10157
10321
10144
10246
10270
10300
10283
10454
10204
10412
10347
10280
10158
10277
10273
10063
10179
10233
10232
10290
10122
10458
10349
10170
10178
10193
10411
10115
10326
10439
10183
10302
10194
10118
10141
10277
10115
10078
10140
10222
10225
10263
10242
10305
10250
10210
10323
10379
10132
10162
10247
10284
10247
10359
10210
10242
10237
10149
10332
10140
10084
10378
10147
10381
10214
10312
10354
10175
10224
10122
10309
10336
10137
10206
10150
10283
10217
10203
10258
10365
10375
10298
10218
10190
10346
10287
10423
10433
10322
10269
10036
10226
10215
10280
10194
10221
10173
10204
10408
10310
10084
10327
10316
10456
10266
10267
10242
10107
10307
10202
10268
10139
10228
10186
10433
10415
10108
10087
10270
10224
10264
10003
10332
10169
10193
10206
10211
10267
10194
10384
10237
10279
10410
10134
10175
10089
10166
10223
10127
10194
10179
10263
10184
10167
10232
10210
10227
10147
10174
10124
10353
10193
10286
10218
10222
10252
10267
10365
10228
10259
10354
10366
10212
10191
10140
10332
10207
10249
10042
10142
10080
10308
10281
10229
10121
10199
10113
10296
10321
10263
10134
10323
10251
10338
10104
10262
10144
10323
10263
10196
10159
10280
10327
10213
10196
10097
10117
10255
10330
10268
10338
10253
10215
10103
10246
10086
10187
10201
10340
10209
10263
10178
10302
10239
10188
10203
10456
10116
10327
10247
10159
10232
10153
10277
10213
10307
10348
10259
10265
10234
10203
10357
10188
10365
10421
10305
10285
10253
10299
10095
10282
10107
10310
10322
10148
10244
10045
10287
10148
10223
10090
10143
10183
10305
10270
10245
10309
10274
10356
19697
11942
13329
9906
11241
12253
19487
16771
18775
626
13828
16397
12209
10724
14338
21942
1201
6296
5921
19453
1529
4237
5000
2565
11928
3860
17341
9277
7216
132
10669
13563
18558
12894
19570
4209
18794
5736
15776
6647
14024
9256
2545
6796
16853
6399
21915
8450
835
17528
12644
1514
16065
18764
12453
17995
17290
20492
4306
10264
20249
1887
8195
12280
1428
8168
15702
3569
17693
12395
9155
8238
15053
20574
6977
14077
6361
1375
8365
3896
21037
13649
3414
9873
3474
19197
22471
17477
21041
22190
20368
8802
13000
17817
4811
14793
3136
20123
16959
8868
19765
21033
5706
17476
3828
794
3627
1609
22322
17595
8893
6281
19754
8154
2413
16991
4436
18222
10407
11269
15675
3513
20086
4377
11149
178
20935
12267
10038
11099
13790
1493
22081
15621
13974
22440
21195
7992
14852
2135
9463
15404
20059
19984
3614
14988
12665
12429
1181
1888
9417
7366
4236
5068
10911
16518
7191
1650
974
2811
10751
5765
12780
19870
16368
11516
19442
6879
7747
13172
16293
16193
9646
18430
12700
16932
6184
7424
15513
13845
22432
22408
22645
22566
22633
22559
22527
22482
22474
22550
22599
22362
22656
22481
22613
22514
22316
22507
22510
22571
22396
22701
22387
22583
22480
22467
22557
22775
22549
22471
22662
22514
22449
22317
22569
22808
22428
22411
22296
22472
22463
22531
22499
22504
22673
22512
22446
22536
22302
22563
22561
22585
22464
22537
22442
22590
22561
22566
22467
22476
22567
22514
22588
22328
22363
22469
22603
22492
22446
22610
22552
22483
22679
22391
22647
22492
22457
22495
22754
22526
22470
22394
22513
22429
22599
22542
22579
22468
22609
22432
22497
22542
22274
22425
22700
22670
22445
22420
22459
22426
22543
22667
22482
22520
22551
22502
22470
22491
22639
22655
22366
22352
22479
22507
22641
22588
22470
22553
22624
22516
22432
22359
22444
22448
22444
22486
22513
22420
22457
22598
22553
22696
22323
22485
22535
22665
22539
22569
22605
22763
22541
22516
22397
22647
22412
22438
22586
22496
22764
22556
22628
22469
22612
22595
22612
22607
22364
22476
22660
22733
22307
22473
22525
22604
22374
22571
22673
22449
22540
22614
22625
22543
22631
22623
22582
22474
22564
22687
22540
22545
22621
22679
22442
22494
22700
22452
22451
22334
22521
22597
22661
22556
22511
22518
22444
22602
22470
22495
22390
22376
22633
22549
22575
22449
22350
22585
22545
22443
22420
22366
22574
22416
22489
22413
22399
22441
22437
22591
22685
22460
22521
22446
22527
22634
22457
22373
22590
22423
22578
22563
22489
22651
22580
22510
22554
22503
22584
22436
22630
22627
22546
22456
22430
22637
22415
22564
22618
22626
22629
22401
22469
22380
22596
22501
22575
22355
22433
22434
22518
22495
22433
22452
22547
22507
22492
22621
22700
22482
22364
22557
22525
22705
22533
22460
22457
22534
22748
22457
22460
22582
22409
22380
22527
22399
22562
22406
22434
22440
22578
22853
22629
22522
22545
22631
22288
22519
22518
22558
22541
22402
22548
22603
22426
22445
22360
22507
22551
22607
22704
22355
22436
22585
22633
22551
22545
22417
22711
22444
22552
22339
22618
22615
22298
22476
22566
22486
22407
22600
22625
22555
22442
22508
22458
22550
22629
22426
22654
22566
22666
22651
22346
22830
22644
22608
22530
22528
22422
22485
22497
22687
22710
22594
22523
22594
22564
22459
22520
22526
22598
22502
22541
22397
22455
22523
22658
22558
22537
22448
22527
22634
22383
22458
22483
22625
22390
22453
22570
22403
22494
22435
22733
22525
22382
22467
22534
22518
22602
22552
22631
22339
22380
22538
22410
22597
22821
22494
22472
22560
22555
22485
22442
22372
22597
22346
22617
22530
22419
22568
22663
22429
22611
22487
22666
22340
22492
22446
22424
22387
22211
22619
22624
22433
22625
22469
22397
22563
22575
22536
22459
22605
22352
22419
22575
22444
22543
22575
22506
22584
22581
22395
22485
22509
22559
22528
22398
22538
22503
22481
22547
22432
22564
22588
22524
22591
22524
22539
22481
22400
22603
22455
22633
22568
22685
22488
22571
22650
22473
22690
22585
22706
22454
22472
22580
22612
22715
22597
22548
22524
22667
22622
22504
22304
22650
22480
22579
22684
22403
22412
22366
22463
22350
22532
22490
22585
22645
22743
22472
22616
22643
22514
22405
22451
22471
22333
22562
22746
22508
22496
22509
22361
22335
22384
22462
22624
22421
22440
22441
22667
22530
22536
22415
22616
22571
22586
22589
22478
22438
22446
22624
22703
22345
22569
22688
22661
22608
22655
22414
22615
22548
22321
22489
22590
22454
22565
22415
22507
22476
22678
22409
22633
22491
22491
22640
22551
22509
22527
22551
22452
22564
22475
22347
22550
22462
22475
22438
22518
22605
22493
22498
22668
22393
22646
22566
22672
22589
22392
22630
22645
22647
22490
22596
22550
22543
22437
22316
22655
22595
22628
22514
22614
22523
22510
22446
22530
22601
22512
22486
22509
22549
22698
22597
22556
22530
22350
22409
22548
22377
22500
22538
22594
22446
22619
22572
22572
22400
22511
22508
22483
22576
22431
22595
22530
22503
22474
22414
22544
22476
22435
22447
22345
22360
22500
22569
22480
22502
22778
22521
22525
22567
22573
22581
22555
22484
22459
22570
22484
22346
22534
22540
22451
22604
22507
22643
22494
22465
22623
22493
22597
22548
22590
22334
22722
22417
22652
22465
22617
22647
22567
22594
22539
22430
22622
22575
22595
22620
22755
22500
22435
22498
22560
22618
22500
22361
22476
22563
22426
22545
22457
22623
22463
22858
22414
22604
22583
22655
22612
22494
22579
22522
22474
22454
22584
22567
22394
22568
22551
22498
22457
22421
22431
22512
22605
22394
22800
22442
22670
22615
22532
22439
22453
22452
22427
22457
22476
22600
22513
22615
22554
22683
22475
22487
22605
22608
22470
22620
22727
22366
22471
22318
22540
22547
22631
22635
22558
22302
22581
22394
22578
22536
22438
22664
22550
22601
22535
22409
22522
22438
22716
22561
22356
22682
22441
22487
22481
22405
22637
22502
22425
22445
22576
22627
22589
22541
22540
22615
22524
22551
22631
22504
22509
22528
22520
22570
22442
22522
22567
22454
22655
22575
22536
22665
22599
22664
22628
22571
22603
22640
22414
22576
22346
22540
22464
22720
22513
22619
22465
22433
22557
22353
22493
22390
22407
22566
22526
22590
22507
22529
22560
22498
22762
22688
22524
22631
22567
22609
22680
22372
22504
22383
22620
22559
22672
22440
22502
22523
22601
22506
22573
22630
22452
22466
22323
22653
22669
22434
22505
22394
22425
22546
22525
22484
22319
22693
22675
22514
22473
22594
22414
22517
22584
22566
22412
22398
22455
22386
22531
22460
22661
22573
22377
22468
22530
22566
22528
22484
22443
22398
22540
22557
22767
22450
22668
22520
22583
22648
22606
22583
22304
22725
22442
22664
22554
22442
22442
22514
22695
22421
22476
22471
22472
22738
22667
22491
22524
22619
22530
22497
22535
22480
22516
22479
22456
22388
22634
22594
22573
22636
22374
22633
22354
22575
22529
22591
22509
22450
22695
22680
22531
22656
22585
22665
22495
22383
22613
22538
22556
22475
22529
22562
22482
22563
22641
22605
22610
22591
22691
22630
22584
22640
22853
22384
22502
22353
22623
22469
22542
22472
22537
22663
22565
22618
22602
22645
22519
22736
22552
22411
22627
22699
22461
22775
22581
22618
22849
22542
22543
22445
22465
22582
22443
22566
22575
22708
22495
22519
22540
22613
22468
22526
22477
22625
22366
22534
22605
22460
22631
22498
22529
22643
22556
22580
22496
22401
22443
22390
22503
22405
22604
22448
22597
22581
22611
22526
22512
22725
22510
22465
22498
22527
22588
22650
22613
22414
22660
22458
22406
22440
22563
22438
22602
22409
22494
22398
22415
22509
22514
22594
22548
22521
22525
22481
22531
22721
22478
22643
22499
22398
22446
22589
22488
22498
22579
22480
22531
22550
22499
22332
22601
22652
22468
22470
22523
22512
22370
22510
22710
22440
22429
22483
22604
22481
22404
22566
22519
22525
22495
22718
22581
22591
22579
22319
22550
22331
22567
22482
22524
22510
22513
22411
22605
22434
22360
22474
22414
22508
22234
22474
22577
22635
22504
22501
22456
22506
22404
22377
22592
22523
22512
22592
22606
22411
22454
22412
22529
22470
22495
22458
22696
22536
22574
22448
22493
22357
22621
22579
22596
22578
22750
22561
22662
22674
22523
22534
22329
22528
22578
22490
22469
22593
22545
22549
22551
22592
22526
22536
22401
22626
22488
22525
22530
22445
22430
22522
22581
22647
22581
22373
22483
22560
22548
22545
22301
22599
22553
22369
22595
22438
22403
22567
22541
22449
22514
22604
22449
22681
22386
22526
22533
22481
22647
22486
22477
22296
22603
22674
22546
22487
22598
22369
22600
22348
22577
22488
22630
22786
22714
22596
22489
22572
22420
22532
22651
22560
22560
22355
22500
22577
22503
22540
22613
22310
22490
22652
22418
22418
22590
22461
22501
22405
22523
22427
22743
22347
22484
22333
22498
22571
22715
22341
22586
22538
22396
22383
22526
22388
22634
22450
22551
22593
22583
22460
22562
22351
22419
22394
22426
22522
22771
22648
22721
22458
22550
22633
22544
22473
22494
22423
22426
22554
22432
22371
22401
22591
22626
22442
22498
22617
22644
22508
22503
22484
22625
22412
22643
22698
22584
22664
22408
22349
22628
22634
22616
22642
22638
22453
22493
22627
22571
22625
22733
22463
22494
22620
22538
22532
22540
22327
22495
22556
22470
22410
22436
22563
22588
22428
22463
22533
22493
22485
22461
22402
22579
22703
22472
22533
22313
22627
22384
22425
22480
22604
22465
22527
22470
22534
22573
22790
22611
22357
22431
22603
22476
22507
22594
22555
22508
22688
22466
22610
22644
22493
22601
22696
22496
22626
22441
22563
22476
22287
22530
22682
22654
22677
22613
22668
22525
22505
22624
22437
22563
22415
22649
22466
22546
22642
22424
22458
22458
22675
22539
22437
22582
22567
22590
22642
22541
22481
22592
22663
22561
22609
22468
22508
22603
22374
22655
22711
22549
22456
22593
22385
22521
22553
22362
22550
22596
22490
22547
22557
22605
22495
22392
22566
22657
22675
22611
22679
22596
22704
22454
22690
22515
22589
22648
22375
22803
22460
22583
22456
22475
22492
22570
22544
22582
22490
22613
22538
22421
22476
22470
22492
22573
22596
22646
22460
22574
22486
22473
22711
22553
22524
22402
22386
22772
22450
22481
22505
22708
22327
22444
22613
22433
22590
22518
22490
22548
22592
22571
22496
22483
22430
22405
22464
22443
22550
22439
22328
22485
22484
22681
22562
22528
22509
22517
22507
22519
22485
22609
22524
22604
22401
22625
22335
22502
22739
22606
22540
22381
22584
22329
22312
22466
22603
22391
22544
22485
22427
22556
22545
22307
22502
22445
22584
22571
22616
22533
22479
22611
22627
22456
22498
22615
22636
22337
22524
22703
22394
22472
22424
22482
22581
22677
22566
22521
22584
22458
22385
22626
22380
22446
22383
22578
22424
22602
22626
22484
22425
22494
22526
22443
22542
22464
22745
22525
22737
22698
22500
22582
22442
22565
22484
22441
22438
22724
22588
22538
22501
22630
22450
22401
22569
22563
22362
22549
22482
22528
22685
22547
22407
22404
22429
22538
22457
22574
22519
22530
22522
22411
22414
22474
22419
22501
22414
22482
22496
22581
22513
22484
22611
22471
22513
22404
22487
22650
22332
22583
22625
22468
22399
22601
22676
22550
22504
22675
22719
22540
22637
22521
22697
22387
22603
22456
22518
22320
22700
22731
22447
22528
22542
22306
22523
22400
22506
22437
22446
22476
22543
22337
22590
22437
22643
22551
22654
22534
22410
22582
22602
22564
22579
22351
22420
22425
22503
22587
22578
22583
22478
22411
22491
22581
22659
22549
22374
22500
22491
22377
22436
22647
22538
22497
22403
22606
22393
22493
22544
22487
22469
22552
22522
22506
22486
22342
22469
22659
22526
22551
22605
22560
22580
22559
22494
22594
22523
22593
22452
22526
22827
22546
22358
22652
22578
22441
22437
22302
22525
22616
22451
22499
22583
22454
22642
22531
22432
22351
22644
22498
22460
22340
22611
22387
22333
22465
22505
22636
22604
22352
22521
22503
22447
22587
22379
22451
22491
22587
22625
22491
22468
22617
22679
22491
22461
22789
22613
22374
22466
22485
22563
22547
22490
22554
22601
22468
22648
22505
22488
22304
22650
22352
22578
22407
22466
5208
11033
15590
15577
15394
4096
16492
6253
6703
18368
16844
2390
16288
18052
2626
1525
1310
1975
8305
8055
4969
10168
8385
8759
11225
6256
12785
3712
8703
4437
9138
4355
316
792
3022
3983
6872
2360
11107
4566
11682
16784
10647
11105
1939
10363
12130
1299
6160
11663
12050
9300
5136
5192
14521
16258
4380
3275
4570
10799
4754
11067
6211
8547
9263
15494
12989
8515
13280
249
18331
12251
17797
13027
18348
12617
18373
4093
961
355
17190
10087
9902
4354
3061
17895
10637
11166
16799
1264
11578
7049
13420
10470
9974
10329
207
2007
11810
5832
11735
15181
915
12963
13175
14090
2782
11065
15547
10
3936
18199
10109
4422
6798
16072
7718
9149
7771
16051
15850
759
8101
2193
2358
12412
13501
10999
8511
5156
16014
13201
7542
3075
12842
16114
11650
7986
1896
11916
512
5895
4035
3165
2569
13000
12730
15429
2281
13969
16220
838
17094
7767
5742
13802
4084
225
9339
4515
16433
2365
15016
14516
2865
14672
18011
4222
14177
14245
17953
18229
4110
1522
11673
16791
8004
11653
11894
165
17549
11585
12374
6582
7746
3601
6227
12823
2077
7519
5667
2070
11317
6982
12404

