27575
26689
26798
26162
25626
25619
28358
28164
26990
27273
24635
28580
25143
24887
26678
25326
26045
25390
27658
25985
28097
28251
27967
24879
26087
27523
25754
25839
25854
26973
27264
24577
27269
26978
26537
26732
25892
27391
28670
27413
25500
28670
28466
24906
26952
26475
26257
25696
25943
28670
27469
27215
27840
25913
26008
25497
28670
28409
28001
27181
27696
27286
27792
26753
25116
27246
26182
26648
27443
25833
27075
25118
27191
27592
26424
24577
27224
27232
27204
25959
26782
27408
26032
25645
26987
28169
27036
24753
25314
26409
26674
26053
25415
27139
28670
26409
25628
27386
27895
25090
27020
26882
25125
24577
25200
24577
27427
27740
28610
24600
24689
28670
25540
27392
27858
25436
24577
27311
26392
27969
27137
26501
24992
26783
28240
28670
26930
26540
24577
28670
24630
27344
28286
28375
27201
25477
28670
28564
25796
27655
27718
27952
27212
27321
27635
24577
25666
28144
25094
26942
28171
26220
26435
28139
27019
26968
27994
25766
26830
27190
27461
26603
26605
28366
25844
24577
27226
26699
26377
28670
27493
28619
26795
26411
25488
28546
27961
28670
26702
25280
24664
27643
26747
28089
28670
26928
28670
28670
28611
28670
28548
26286
25687
24749
25037
25575
25199
26963
27680
26641
25373
26227
26890
28450
25979
28307
26564
28614
25379
26710
25923
24577
27224
25015
25667
26921
26363
25207
27835
25424
24577
26623
27725
28594
26116
25992
27465
25238
24577
28374
28038
25716
25594
27137
26955
26268
25537
25643
24577
27491
27415
25225
25912
24828
27149
27132
26954
25619
26047
28670
28670
26742
27743
25791
26921
27676
27206
25303
25005
28670
26948
25614
24577
27103
26006
27918
25715
28258
24836
28016
26239
26063
26622
26716
27091
25643
24577
24577
26587
27330
26356
26330
28670
25873
28469
27035
28670
26677
27892
25992
27884
26158
25799
25716
26611
25544
25580
25229
26802
27165
26686
27227
27405
28670
25689
26500
27478
24577
27751
24883
25627
25775
26379
26229
25308
26685
26476
24779
24730
28670
26972
27650
26998
24577
25439
26018
25119
27276
25443
25634
26908
27203
27991
25813
25946
28310
24577
26734
24577
27747
26816
27208
26831
26759
26646
27963
28269
27347
27318
28517
24624
26525
28092
28000
26922
26700
25749
28021
28670
28670
27675
28101
27146
27158
26230
24577
28196
28670
25751
26641
26624
25894
27980
28314
28291
25610
25347
26951
27058
28066
26098
26376
26598
26771
24577
26343
27144
27383
26526
27156
24577
28670
26937
26361
24577
24971
26472
28670
28670
27202
24577
25795
28420
25726
27847
25711
27314
26567
27045
28670
28670
27335
26508
27283
28670
26046
27305
28407
26073
27955
26302
26635
26179
28319
25332
24657
24577
28064
27523
26920
24577
27135
28670
24766
26395
26107
26331
24973
26143
26445
26176
25935
26707
24577
27351
28670
27998
28658
25040
24970
25578
24577
27544
28670
26695
26493
26681
25718
26344
24577
25318
24577
28275
25186
28654
28670
26633
25381
26541
27914
27442
27801
26332
26395
26951
28670
27809
27989
27259
25882
26331
27158
27370
26888
28577
26533
25886
25592
26709
26490
25146
27048
26155
28167
26909
26914
26246
27120
27089
26283
26053
25771
24577
28670
27077
24713
27041
27563
26474
25924
25746
28546
27793
24577
26783
27422
25782
25889
27222
28112
27128
28670
25205
24882
26733
26781
28670
26328
27207
26101
27340
24577
25471
24910
28670
24666
27199
27960
25573
25237
25947
26508
25704
26731
27350
25977
28670
24975
26639
27328
25975
26492
26425
27401
27510
26415
27240
26145
28670
27215
26862
26508
25511
27485
27287
27064
25717
26845
25295
27494
26989
24898
28308
26420
25569
26878
28149
27403
26601
27691
25407
26834
28526
26183
26313
28063
24804
26024
26270
26462
27487
26376
28252
9394
14491
6598
943
14172
21845
6163
2042
17428
11767
6722
4443
4821
20399
9208
17738
18522
14868
968
2921
4786
15534
6950
3682
18277
6039
12193
20451
4714
15905
4123
18765
11608
22369
4881
11529
9467
4342
17743
1153
19734
22009
10749
21594
16990
7776
7024
10994
330
10681
5455
11314
6197
1103
7917
2020
14138
19620
297
10828
18656
1121
16727
16907
5850
3543
21804
23206
21772
22823
21380
23199
24545
21317
22359
22814
22105
22194
21517
22589
22991
22337
24135
24482
23333
21424
21592
20481
22290
21481
21749
22469
24085
24266
21199
21199
24007
20481
22087
24574
21037
21319
23377
22899
22287
22922
21886
22095
22983
20932
21058
24574
24155
21244
22287
22425
21633
23837
21092
24088
20481
24574
22670
23102
22847
23722
22011
21705
22415
23632
22011
22655
24574
22721
21380
21432
23544
20809
24574
23026
22139
24574
23194
21528
23147
22820
21201
23548
22968
23124
21993
21454
21641
22479
22909
23207
22600
21489
22647
23748
22038
22644
20481
20481
21979
23077
22436
20685
22049
22340
23103
22321
23957
23454
21901
22572
21446
21625
22251
22265
22526
21991
23339
24490
21872
23239
23070
22647
22227
21536
23093
20877
23404
22547
23842
23116
21871
23619
22732
24574
24342
23850
22720
22984
20881
21550
21130
24574
23997
22755
23503
23746
21989
21159
22294
21758
24574
23320
20683
22297
22327
22031
23590
22957
20481
22699
24465
22460
21553
22539
22355
23522
24094
21048
21480
21944
22308
24356
21039
21839
21793
20481
24060
22771
24574
23497
22100
22061
20528
21140
22677
22546
23141
21368
22929
22615
21489
20654
23335
21882
22763
21280
21615
22150
20526
21872
24574
23604
22224
22626
23260
23068
24574
21181
23539
22408
23863
24574
24368
20960
21777
20886
23015
22422
20664
22733
21488
23100
22079
23758
20481
23143
23014
22605
21310
23463
22658
20784
22743
22355
24574
20883
21679
21393
22909
21827
20882
22903
23454
23260
21689
22944
22386
23346
20481
23864
22321
23707
23997
20975
21731
22221
22970
22741
22308
23549
22680
21231
22111
21244
20481
23788
24421
21373
24574
22420
20585
23720
21825
24092
24190
21284
22980
21238
24532
23017
24574
20794
22116
22114
21308
24574
23702
20481
21364
23492
20799
20830
24230
24486
21206
23498
22817
23540
23614
24407
22306
24520
22492
22103
22940
22221
23737
23170
20481
23829
20804
22152
22516
22477
23453
23804
24278
24574
23640
22023
20822
21105
21557
20985
23583
20780
21989
23731
23649
24574
24461
23745
21125
21546
21458
21298
21502
20481
24574
23932
23637
22839
21674
22316
23333
21819
24145
21179
22382
22249
21479
23124
21560
21455
22203
23907
24222
22173
22314
20481
22256
24288
21500
23481
21939
21190
23691
23397
21459
23141
20828
20917
23012
23762
21717
20481
20481
23477
21940
20666
22303
21012
21439
21632
20860
24230
24506
21367
21049
20507
21784
21844
23774
21422
22767
20732
21278
23481
24561
24574
21664
22340
21193
21653
22731
23127
23475
22685
23659
23706
23140
22409
22517
23146
22726
21728
24574
21973
20897
22166
23026
23108
23010
20481
24514
21832
21849
23773
20856
21112
22071
22492
20481
24574
22551
21304
22573
24447
21048
22643
22869
23128
24574
23464
24071
20911
21651
22892
22599
21923
22528
23570
24008
21035
23692
23324
24115
23641
22950
21253
23278
20952
23982
22673
23969
22006
22568
21920
22012
22650
22267
20481
22505
23018
21505
23366
22646
21562
21928
22406
20481
21548
24215
24461
23582
21485
24574
24040
22640
23359
20481
21707
21625
22613
21067
23522
23223
20720
22713
24262
22494
20928
20631
21100
21729
21293
23336
21656
23427
22476
24246
23777
22996
23825
22478
23446
21356
23041
24011
20481
24394
23731
23975
22573
24203
21630
22478
22771
22982
23668
23507
23735
21722
23611
22112
20751
23113
22925
20481
21100
21630
24574
22686
21682
22870
23360
20615
23457
21185
21948
23240
21267
20481
22254
23395
22602
23170
20481
23293
23476
22555
21299
24314
21716
21406
21735
22858
22838
21695
23381
20481
23743
23209
22450
23952
24336
22116
21681
23203
22809
22633
24072
21063
22857
23102
21325
24033
21236
23076
23436
22532
22351
20517
22156
22511
23460
22819
21271
22865
22937
23481
24196
21847
20633
22555
20982
22989
20579
22885
23950
21387
20990
23977
20926
21419
21521
22347
20686
20481
21456
22325
21112
22531
22666
22433
24047
22545
22514
22470
23998
21527
23497
24106
22847
22206
22621
20971
22155
23141
22675
20481
20481
21401
24090
23116
20899
21502
23356
22206
23409
21991
22034
21735
21754
23473
23207
21242
21488
22874
23339
23509
22990
23216
22170
22184
21762
23862
21728
20481
22114
22488
21298
22287
24561
24202
22386
22910
20972
23244
21281
21955
21065
22322
21610
23089
23467
24574
23378
23472
21892
22950
20481
21540
22654
23910
24011
22047
21323
23270
21528
24507
22091
20737
23098
24069
23015
22917
21720
22911
21438
23433
23139
21959
20481
21616
21379
23216
21475
22364
23910
24574
23138
24420
23230
21853
22415
22434
23711
24574
22790
21576
23632
21956
22516
23417
20481
22515
22346
21733
22878
21811
21739
22322
22291
23396
22445
21235
21622
20601
21467
20481
23786
22337
24574
21084
21374
21025
22833
22919
22392
21808
21898
21879
21227
22459
23410
23422
21685
23556
21770
22599
21616
20885
21025
24574
21503
23347
23535
21346
22160
23361
23480
24155
22210
21353
23155
23357
20481
24574
24574
21088
21884
24272
20660
21359
22051
22788
22345
23098
23133
22575
20927
20686
20615
23205
22862
22708
20481
24043
20481
22648
22948
21686
23132
23509
23636
24574
23013
22262
22696
21992
23305
23381
23575
22023
23218
22943
22367
24574
22985
21720
22532
21406
23878
21028
21913
22118
23581
23972
24132
22012
22812
20933
21295
20481
24574
21820
21793
22468
21601
22138
20659
22814
22897
23035
21922
23154
22935
23764
23288
23288
21867
21143
23969
21525
23059
22537
21709
20879
24574
22389
20733
24574
24258
22287
21753
20948
23590
22137
24311
20481
24025
22256
20695
24574
22266
22296
23885
20481
22390
23390
21417
22620
20631
20481
22834
22440
23633
22228
20481
21934
23721
22653
23572
20753
24288
22495
23842
24177
22522
20481
23731
22856
21236
21238
23390
23065
23472
23635
23888
20573
22954
22585
22464
21308
20481
23063
22717
21716
22859
24052
21469
20533
20481
22477
22167
24574
24034
23132
22277
21418
20481
24574
23931
22594
22547
24556
23498
22339
21603
23555
21158
24574
23531
21560
21853
22604
23486
24140
23262
22872
20481
22487
20928
21755
22949
23257
23630
21742
24298
24574
22634
21780
20752
21046
22448
22174
22543
23635
23444
23250
21797
22287
22038
22558
21277
22901
22233
22602
24526
21960
24574
22890
21479
23299
22773
22311
21293
22117
24574
21876
23626
22588
21921
24574
22368
21487
20803
21898
22152
23290
23400
21195
20481
21900
22854
22499
24262
21012
23900
23374
24204
21326
21615
22350
23378
24109
23937
22546
23157
21588
24574
24339
22318
23515
24299
24574
24457
21021
20481
22859
23217
22477
22942
23976
24193
22841
23980
21526
20481
23514
21893
21245
22573
22727
23940
23923
24451
22643
21779
22792
23797
22311
24574
21922
21713
21008
24393
22724
23239
22458
21063
23897
20481
20977
23814
24574
24270
22369
20481
23494
22294
24574
23089
21435
23224
22414
22815
24301
22971
20481
21169
22855
22344
23058
23012
23400
23538
22341
23489
21466
20481
23186
21231
24052
24574
22699
21753
24574
22301
20847
21092
23532
22545
24267
21662
21371
21443
23470
23398
23399
22898
21196
21090
22950
21836
21104
23419
22866
24204
22600
20481
23752
23473
21093
24448
21988
20481
22417
21374
22958
21221
23661
24019
24384
21456
23027
20481
23833
22773
22266
22867
24574
24574
23001
22770
21914
21028
23679
23428
22752
23591
21823
24329
22868
21020
22152
22774
22995
20655
23470
22342
20701
23045
23641
21710
21522
21860
21855
21439
22922
22808
24574
23689
22165
22973
21832
21622
23371
21728
24390
22517
21874
21518
22319
20481
24574
22851
21890
22403
24244
23718
21983
23357
20820
23859
23601
22970
24574
21615
22533
21177
21921
22201
23896
24334
22722
23694
23470
23695
22574
22361
21852
20481
22413
22739
22752
23021
22942
22326
22120
22737
22439
24528
20481
21684
23084
22620
22368
23433
20481
23107
22437
20982
23086
23559
21784
22601
22800
22698
22358
22710
22438
22565
22137
23040
23826
20595
22081
24289
22747
23369
22444
22970
22060
21663
22884
21471
21806
24574
22715
22470
22581
20816
24574
24574
20862
22222
23280
20870
24107
21410
21945
22697
21199
24007
24574
23029
23311
20798
21288
20908
23688
24157
22227
23442
20663
21779
23767
23585
23076
21256
23499
22999
21914
24082
21959
21506
24574
22282
22076
22052
21547
21919
21704
22960
23023
22415
23412
23570
24574
24062
24013
21888
23392
24574
22126
24212
23355
22043
24574
23741
22222
24043
21558
23016
22010
20788
21901
23222
24120
21000
22526
22458
20661
23222
20481
22417
22383
23423
23317
21398
22385
23738
22518
22188
23544
23682
23155
22465
24574
22890
23714
20481
21586
22866
24384
20570
22795
23292
21309
23829
21238
21728
24574
21536
23659
21011
20903
21149
24574
23253
23710
23917
22487
23544
20970
21486
22052
24235
22835
22014
21752
22963
22044
21489
21534
21134
24491
23563
24131
24479
23398
21776
23550
22628
20897
22304
21983
23181
21845
21596
24574
21030
23505
21978
20779
22735
20481
21545
21401
21596
23968
24574
21889
24021
22876
20716
21464
22193
20600
21688
23435
23721
23954
21270
23427
21276
22974
23152
21639
22187
23947
23465
23610
21400
21737
21517
20481
24443
22049
21895
21665
22580
24023
24260
23268
22412
24516
24574
22001
23103
22693
21977
23849
24022
23143
21528
22092
20481
23055
22129
21252
21909
20481
23371
23342
22910
21639
21413
21878
22683
21018
24213
23006
21874
23111
20481
22262
22574
24444
24250
23658
22011
23602
23604
22135
22520
23643
23138
22974
22303
21715
24574
24574
22874
22980
23367
21755
20481
21463
24002
24173
22258
21808
22245
22841
20618
24574
21873
22393
24400
21731
22413
22784
23510
22182
21625
21392
22477
23591
21201
20161
21183
4102
20901
4125
9364
18521
5787
7739
23029
13440
19140
4931
19830
12756
7684
22763
9689
12795
5733
21298
20314
25357
22714
26345
23263
114
15293
1212
19008
859
22241
6036
10154
5469
647
10182
15625
11098
3065
23180
23483
7998
7157
21743
5396
17527
25014
7112
21969
25434
21339
24862
4597
18116
21645
17315
25723
23640
21114
18729
11946
13260
24427
23925
20847
19420
23475
3697
12070
18161
25523
14269
12804
15294
3545
18219
25204
9736
14594
12162
815
25505
12192
14130
11149
9416
11712
23814
16896
15587
21714
20876
12588
17406
2649
12570
23529
14949
10756
24742
14453
21895
2477
3315
3950
7349
4529
22460
19438
8183
23499
11019
3400
19468
2071
25473
18673
18694
9241
26192
11245
3464
17065
21585
25556
17437
2600
5569
14060
10855
15811
3158
6763
1083
3280
25243
9790
12446
7758
7915
14041
21374
706
3488
14311
7781
3322
15105
16139
14979
4344
22519
7515
11600
5135
16733
1675
21816
16108
9437
10852
7138
15938
23732
341
7548
6723
12184
26570
26891
26253
26501
28401
26638
28670
26844
25542
27330
26828
26707
27228
27670
25195
25616
28453
25837
24995
26949
26662
26135
26768
25605
27261
26459
28362
27164
25923
27517
26517
26716
28660
27010
26903
28670
24645
27675
28603
28516
28429
27500
26012
27934
27695
27836
25843
26226
28125
27945
25113
26601
28670
26154
28670
26400
26291
27733
26655
27474
27581
26734
26063
27221
25805
27180
25608
26469
24888
24897
25628
26541
25990
27931
27721
26893
24577
26315
28670
26085
27258
27600
26352
24959
27110
24577
26347
25785
25993
27379
27868
24577
26995
28670
26795
26566
28114
26128
26558
27532
27445
25943
28606
26856
27513
28445
25536
27152
27762
25856
28670
27150
26718
25959
27114
26835
28670
27281
27627
28623
25143
26369
25744
26136
26145
26085
25713
24577
26321
26083
27067
25793
27719
26178
24750
26009
27516
24985
28193
26994
26358
26788
25998
27812
24577
26990
26214
27611
27318
25883
28670
24577
26370
26652
24577
25467
26526
27538
27509
26093
26612
28291
26813
26604
28223
27452
28670
27750
26490
26617
26496
25980
24577
25876
26463
26055
24577
27319
26615
27597
28449
26212
26178
26436
25871
25522
27018
25981
27843
26094
27606
26170
26219
27354
25743
27085
27417
24758
27271
28611
28670
26322
25245
25277
28670
28670
27012
26520
25861
25427
28670
25945
27286
28092
27459
25993
25033
27912
28670
25788
26515
28670
26164
28085
27157
26921
26448
26294
25088
26379
25976
27158
28416
26913
28670
25590
26827
26291
26510
26146
26472
26666
26032
27901
26549
26942
27825
27224
27923
27649
27010
28670
28232
28095
28670
26091
26810
27371
28377
26222
25758
25524
26154
27043
27441
25161
26194
27354
27272
27755
26578
25389
28019
24577
26327
26945
25489
27764
26632
26550
25746
25636
25799
26353
26987
27391
27021
26593
26080
26722
26003
27403
27067
26040
25375
26982
28670
26156
25721
25007
27305
24577
26460
25790
25196
26481
26963
27604
28263
26485
28130
27264
28400
25754
26020
26629
25702
26440
26117
28011
27191
25682
24978
26910
25962
26567
26512
27136
26418
26062
28670
27598
25307
25375
26774
26494
24577
26112
25369
24577
26548
24577
28215
25266
27666
26842
27776
27605
25514
26011
25863
25866
26172
28226
26605
27613
28631
28670
25816
26627
25792
28670
25166
26004
26607
28368
25691
25542
24775
27884
25339
26636
26398
28670
26131
27730
27980
26834
28105
25854
26991
28073
25678
27360
26248
28670
26278
28084
25205
27995
26843
28670
26623
25720
27088
25997
25765
25700
27251
26771
27723
27636
26566
27189
28627
24797
26423
27274
27170
24665
27883
27706
25939
25385
26914
26419
27336
24588
26870
26070
27680
25272
27669
26562
24577
25861
24577
27217
24577
26458
26676
28670
27724
25599
26909
28670
27569
27647
28281
27490
28670
28502
26842
25807
26655
26611
26563
24818
25497
25846
26748
25236
26127
26298
25648
26394
27462
28412
27834
25343
26819
26626
28670
27159
27920
26439
26564
25738
28073
26186
28670
25405
27059
27051
25708
25867
28670
26613
24577
27645
24876
25601
25259
27122
26436
27676
24700
26404
27240
24577
28288
24950
28670
26207
27143
27962
25783
24577
28024
26000
26283
24822
25002
26154
26948
28670
26523
26889
25454
26836
26051
27129
27422
27210
25850
25305
25689
26458
25440
25093
25943
25816
27877
26501
26985
28670
25901
26933
25514
28404
25768
25718
24791
26657
27201
26099
27672
27215
26637
28096
27046
28008
27667
26621
26166
26952
25186
28670
26558
24736
24577
26905
27570
26209
25429
28670
26891
26296
27500
24577
27275
28398
25636
24630
27976
24689
26402
25557
28111
26556
25990
24577
27879
27547
24577
26525
24660
25168
27036
28670
26459
28550
27116
26797
24577
25166
25585
28283
26531
26397
27169
25052
26265
26789
27570
25298
27619
26844
26140
27409
24577
27641
26419
26276
26188
27550
27013
26669
26958
26305
27202
26351
28670
25236
26826
26980
26832
26460
25046
25738
25434
27922
24577
27551
27904
28670
28482
25658
28163
26214
28561
24911
24577
24577
27226
24577
27062
25976
24775
25642
26312
27380
24987
24577
26394
24577
24577
28258
26455
28243
25504
24922
28299
26502
26593
26496
25913
28249
24577
26231
25494
26812
25704
27633
27765
24577
26986
26924
25648
24905
25986
26473
24968
27608
26692
26783
27239
26366
27757
27340
24577
28670
26955
27625
26151
26336
24577
27975
26083
27751
27252
28060
25844
28140
26398
26082
25098
24665
27195
27016
26049
25243
27153
28670
28670
28124
24577
27859
26591
26989
26013
24577
26116
24940
27115
27987
24800
26255
26239
28584
28443
26609
26736
26983
26629
27153
26589
25243
25805
24810
28670
25171
26580
25848
24577
28670
25762
28124
24577
26203
25823
25394
27661
27064
24577
26166
26024
25184
28229
28670
27000
27038
26040
26536
27814
26524
25851
24577
26222
25532
28034
28670
28670
26507
28670
26251
28426
25449
27879
24577
25875
26724
26640
28670
25428
26290
28670
27546
26803
24577
28383
27598
24577
27389
25720
25651
27603
28546
27610
26774
25783
26367
24577
27597
26738
25592
27277
26311
27829
27598
26643
26413
26465
26325
25785
25031
24805
25533
25135
28540
26100
28386
28497
25734
25973
26206
26075
27416
26171
28178
26432
24825
27490
25042
28670
24577
27333
28670
27365
28670
27740
28670
28193
26739
26599
28449
27853
27300
27193
25420
24577
26928
27874
26441
26739
25125
27827
25964
28398
27290
27705
27191
28445
27936
25370
28670
24950
28072
27782
25784
27572
27086
26448
24577
26903
26779
28329
26165
24577
26757
26760
27311
26130
26428
25704
25476
24577
27150
27489
26567
24724
27677
26149
27472
25961
27995
27207
26737
26794
27552
26340
25947
25973
28670
25930
24577
27516
28670
27483
28199
25998
25782
25312
26654
28064
27438
25903
25483
25254
26393
27525
25773
28670
24616
26987
25039
26619
27546
26598
26731
25882
26355
27324
25082
28351
27455
27866
26938
27380
26930
27727
27572
25715
24577
28670
26502
24735
27005
25507
25561
25395
25964
26519
26427
26275
25689
26344
26016
26037
28670
25252
25703
26460
28670
25580
27925
28670
24577
27248
27555
28306
26364
24577
27560
27558
26798
25859
27384
24781
26091
25389
28430
26866
26637
27349
26919
27780
26674
27081
28670
27523
25032
28419
26048
25693
25533
27558
28242
28670
26988
28670
24577
27688
27950
25541
26837
25669
27163
27729
27869
26957
26512
25287
24577
28495
27250
26455
28211
24577
26366
24577
25004
26668
26318
24577
25464
28236
25880
26924
26889
28215
25445
25458
26581
28625
26781
28054
25529
27638
27784
27518
28125
27520
28043
26919
28670
27631
27132
28170
25894
26910
27692
25220
26978
24577
26810
28202
27489
27091
27312
25724
28670
25528
25504
24577
27574
27547
27145
24900
24577
28074
24577
26195
27252
24794
25947
25961
26394
26455
26280
27270
25392
26597
26211
24766
26411
25081
25677
26243
26857
26895
25770
24841
26617
24712
26065
27645
24577
24577
27592
26069
26309
28670
26739
26453
25654
25126
25573
26942
28268
26208
26181
25298
28317
26185
28670
25508
27799
25413
25724
26893
27048
24577
26337
25308
28088
27404
26229
28035
27498
25383
27463
26539
28670
24710
24577
24904
27593
26353
27619
24577
27901
27174
25843
27753
26368
26514
25889
26082
25244
25514
26394
24711
25868
25339
25544
24577
25510
25243
25393
27602
26138
26910
27067
24931
24649
25183
27164
25810
26303
27009
24618
25625
24577
26557
26771
24577
25598
25457
25724
27506
26555
28289
26202
26981
26934
25958
26997
25940
27361
24596
27654
24946
27116
28529
27261
25769
25076
25504
27219
27617
26481
26955
27687
24577
26910
25974
28670
25579
27076
24577
26883
26569
26454
26596
25023
26441
26692
25806
26664
28670
26213
26439
26980
26861
26454
26337
25569
26519
24850
25918
25026
27341
24577
24577
25862
27065
27705
24577
26660
28670
28670
24577
26963
28176
27132
24716
28423
25975
26209
26880
26351
27865
27964
26099
25702
26654
24907
24813
26833
28670
28670
24577
27727
25595
26507
26340
27055
26452
26182
26483
26953
28499
27107
27900
26977
26675
25982
26052
27124
25987
26207
28227
25990
26735
26343
26909
26536
25769
26154
27097
27525
26605
25606
26229
25967
27698
28017
27788
25390
26742
25328
26566
27208
25654
25463
25117
28655
26937
24577
27644
27342
27976
27712
25895
24710
27142
26668
27470
28363
27380
27157
28056
24911
26158
26716
27144
28465
26024
26135
26042
26747
28670
26157
26985
26278
25543
26950
27498
25962
26728
25945
27134
26800
24577
28670
24577
25025
27664
26742
27259
26246
24577
26778
28291
25741
26602
25427
27220
24780
26211
26013
27197
24819
28670
27530
28670
26729
27899
27381
26216
26371
28003
26933
26628
26634
26537
26385
25077
27529
25663
25413
27821
28211
26421
27399
26537
25345
25537
24577
28069
26999
25527
28117
28239
24577
27152
26568
27050
27624
25746
26844
27630
27043
28459
25952
28065
26364
25282
27587
26963
24577
26374
26416
26409
26029
26762
26890
26477
27790
26859
24785
24577
28404
24577
28491
26455
26377
27280
26598
25129
27346
28450
26999
24577
27986
28482
26925
24577
24577
26884
28493
24577
24577
26077
28670
27215
25634
26776
27762
24872
26787
24577
26811
25741
25433
26883
27207
26900
27026
27245
27115
24984
26762
27080
25518
27025
25501
26799
24577
27189
27323
25495
26228
26090
25850
25643
27097
24577
28601
24577
28670
27438
27798
24898
26128
27364
24677
25358
25458
25476
27619
24733
26418
27032
26920
28316
27777
28670
27268
28436
27154
27010
26773
26222
28552
25646
26755
25423
27260
28382
27153
27430
27426
25799
27593
25419
26434
26093
24577
26675
27039
27531
24975
27689
26946
27944
26332
27377
26686
25415
25717
28026
26205
28219
25495
26248
25924
27199
25253
26869
26464
25635
26065
27812
25953
26482
25924
26379
26450
26201
26379
25684
24577
26478
26842
28242
26269
27405
25321
28670
26613
25601
27819
27560
26831
27048
27940
26285
26838
28123
26658
27015
24577
27099
26269
25796
28583
27327
25646
27124
26778
26540
24577
28252
26399
27918
27375
25304
25297
25242
25602
25439
28105
28284
24577
25094
24577
26899
27089
28576
27230
27479
26818
25972
25429
27794
26259
25099
25371
28670
26626
24750
26705
27284
28123
25813
25362
25727
27718
25999
28157
24988
27103
24577
24577
27120
25886
26272
24577
26556
26539
26064
26496
27353
25229
27495
25373
26830
26921
26305
26974
28670
28670
25094
25729
25665
26227
24577
24577
27287
26857
25195
25412
28670
26549
26845
27334
26408
28670
27104
25874
28133
24970
25881
26317
27186
25451
26777
24577
26482
25396
27381
26704
28670
26320
25169
26722
26965
24577
26925
27744
25611
26424
26478
25882
25816
27369
26835
25431
28333
28428
25421
28670
27689
25696
27926
26452
27543
27121
25337
28404
28670
27002
26461
25866
26117
28670
26852
24577
25329
25727
25395
27445
24932
24577
25190
26792
26913
27784
25012
25835
26012
26673
24577
25074
28147
25357
26046
26167
28670
24577
25966
27700
26364
25758
26856
24577
28204
27295
26974
26346
27463
25599
27681
25292
25732
27105
25682
24577
26887
24597
27199
24951
28469
26102
25201
27905
25082
27950
24632
26228
27135
28504
25623
28290
28541
24577
24680
27092
24872
27508
25327
28447
25910
26734
26804
25397
26586
25989
27039
26597
27788
25142
24577
28670
24577
28670
26254
26341
24665
27890
26079
26919
27656
28670
27396
26838
25648
24577
26107
25389
27463
27324
25840
28670
27748
26991
27147
28670
26091
27454
27744
25736
28661
24753
26418
25174
25309
26148
26127
26496
24577
27578
26673
25062
26572
28670
27280
26298
27260
26571
25696
26911
26799
26210
25142
24577
25047
24577
26144
26200
26943
28670
25564
24577
26587
25973
25666
28670
26384
25728
27771
26906
28141
24577
26858
26791
25212
26574
25985
26120
25130
27577
27621
27376
27906
26520
26507
28670
27451
26920
27763
28459
24671
28670
27799
27557
26222
25080
25197
26432
27015
24577
26544
26894
26498
26288
24824
27952
25559
28670
25166
25113
26746
28026
25596
27046
28265
24577
27479
27794
24596
26136
25429
26588
26169
27449
27298
26995
25354
25071
28185
26718
24755
26516
28058
26564
28670
25922
24954
26631
27469
24976
25642
28445
26052
24990
26892
26015
25834
24577
27056
28476
28670
27764
27837
25952
28133
27980
26039
25719
24719
25124
28539
26874
26416
27094
28122
26047
27057
28288
28346
26590
27716
28188
25611
25688
24702
26998
24957
28193
25686
26353
27713
25932
24577
25608
25937
26861
27952
28010
25157
26435
25077
25489
25755
28587
26803
24577
26135
28177
25666
26898
27001
26513
26062
27553
27774
26582
27091
27997
27016
24842
27272
25625
26203
26408
27765
25754
26223
26445
27316
25702
27222
24577
25385
26913
28080
27747
27722
28670
25066
26749
26480
26596
27392
27296
25055
26369
26005
27349
25779
26182
27509
26454
26216
27000
27813
27921
25155
27845
28670
25963
25851
28670
25112
28484
25792
27471
26610
27502
28641
26724
24577
25980
25117
28048
26276
27124
27914
28394
25626
24700
28670
25065
24668
26604
24798
28281
24577
26155
25453
27205
28077
26035
28545
25205
28191
26203
25384
27406
24577
27770
26863
28670
27033
26677
27917
27440
26806
26069
26525
25400
27500
26022
27347
25840
28537
27559
27916
27399
25055
24773
26808
27555
28670
27852
27364
25857
28670
28297
26458
26216
28307
24981
24577
27387
24723
27512
27231
25666
25883
26364
28670
27518
26153
24719
25529
27776
27874
28323
26902
28401
28053
26870
24577
24660
26801
27086
26489
26017
25119
27154
25562
25908
25331
27635
27869
26592
27917
25241
24577
26639
26284
25922
26444
28259
26908
25938
28571
25846
27358
28670
24577
26389
26757
27089
25791
25832
27192
27381
26028
28120
26701
27946
27551
27897
26046
24577
25623
24645
28383
26336
27961
26672
25616
24577
24577
26836
26126
27796
26700
25891
26033
26562
27330
25288
25103
25492
27055
26972
26880
26746
25539
24601
26118
25904
26639
26441
25364
26380
25644
27741
25902
24631
25833
28405
27711
26232
26327
26736
25628
28670
26551
25421
28670
26110
27181
28670
28580
26410
28670
25989
27658
25330
26842
25994
26778
27305
25771
26565
28670
28537
25685
28190
24577
28259
24577
27652
25894
27838
28224
26162
26613
25736
26689
28499
27490
25468
27199
26356
28319
26788
27539
24577
28301
27147
26440
27169
27964
25860
28191
24752
27112
26669
25687
28056
27993
25053
26422
28670
28545
24825
25807
26418
26731
26069
26109
27823
25575
27786
26262
26808
27000
26281
25300
26256
27830
26991
26371
25205
25613
26535
25293
24577
26463
26075
28285
27329
24941
26488
25971
27528
27155
28110
24596
28670
28342
26905
25518
24871
25279
27831
24577
28000
24577
25409
28231
26204
26101
26106
28670
25831
25300
27265
26573
27419
26139
27457
25786
27253
26649
27757
24577
27662
25184
25723
27252
25832
26900
27997
26164
24577
24693
26632
26525
25357
24743
26742
25519
27640
25972
26810
25248
27695
27065
25977
25021
25912
25862
26159
28549
27358
25443
26670
26744
25727
27684
27529
28670
27121
24577
25507
28605
26123
26308
27224
24577
28330
25858
26186
25670
28210
26372
27005
26839
26229
27702
26409
26674
25496
27106
25316
26915
27242
27780
26898
25963
24577
28046
26322
24577
26913
24909
28670
27644
27170
27695
27657
26500
26701
26801
27697
25685
26245
27387
27712
27077
27881
27087
26442
28001
27137
25642
26710
26084
26970
28670
26687
25502
26584
26300
25869
26692
25171
25643
27427
25838
24577
25615
26248
28323
24816
24577
27370
26079
24577
27126
27024
24752
26359
25385
25151
24577
28425
25780
27149
27845
26590
25796
27545
26556
26619
27161
28670
27958
28161
26176
24577
25868
27055
27498
26144
28214
24577
26559
25672
28033
26066
24577
27134
26346
24819
26957
26907
26048
27834
27626
28410
28670
25123
27073
27438
28068
26147
27482
28465
24577
26887
24577
27514
25121
26743
28362
27130
27692
27063
26028
28670
25435
27380
26726
26191
24719
25272
25502
25149
27198
27387
28670
25092
26033
27293
24741
25913
25065
25472
28363
28057
27422
28186
26881
26642
25634
25904
25789
27982
26774
26010
28336
26106
27689
24577
27880
26854
25099
26889
26077
28038
27778
25943
27561
25957
25729
26629
26174
24887
26929
26529
25921
26945
27509
28133
26049
24717
25546
27144
26270
27601
26314
27441
26228
26686
27708
28670
28149
25043
27434
28512
24577
26458
26313
26688
28204
25367
24757
27386
25301
26461
26129
27847
27266
26953
25387
26480
25644
25642
28436
26382
26527
24701
26547
28670
27712
28670
27593
25188
26752
25057
26782
26065
26464
25859
27992
27641
27424
26762
27554
26120
28000
27126
26316
28670
26850
25838
24897
27086
26731
25714
25149
26459
25224
27321
25426
24577
27160
26707
24577
28670
25145
26835
26121
28133
27001
26777
28297
28670
24804
24577
24900
28670
27751
28661
27320
28215
27232
28647
28670
26500
26133
24577
28670
27382
28491
25226
25114
26870
24834
28670
24577
25777
26452
25340
25618
27239
26636
25265
27193
27781
26059
25916
26808
28088
25550
25640
25098
25832
25243
26303
28047
28670
24577
26576
27880
26334
26123
28670
27571
28478
27010
26668
27697
25759
26622
27846
28141
27959
25038
28417
24577
26043
27061
27220
25981
25758
28670
27591
27462
26725
28670
26457
27470
25062
28146
28446
26062
28670
27321
27661
26043
27452
26785
25659
25262
26845
24700
27292
26748
27238
26006
27286
24882
27921
25474
27141
25844
24577
28272
25305
27323
28670
27176
24960
28371
26511
24577
25394
26584
24832
24672
27854
25110
24577
26815
28041
27053
26929
28462
28670
26576
28670
28167
24978
24782
27315
25613
25648
25179
28106
26295
26475
26502
26234
28670
28670
24577
28670
25184
24577
25254
26357
27439
27759
26829
27127
25967
24577
26462
26911
26232
27828
25549
28257
28670
27179
25926
25412
27796
28670
27092
25136
26237
25779
28670
25028
24840
25409
28549
26748
4350
6424
5065
11675
6663
4535
24062
23141
18579
22603
10112
14260
24658
9059
29886
2407
13315
23129
23850
4253
8251
21536
37
2717
2743
26588
22051
3937
8832
26596
1214
30173
23710
20642
30377
27805
6852
28778
10069
2049
23488
5592
15421
19111
2023
30107
12265
23805
17726
10085
30627
30004
18482
9064
4760
2799
27862
13657
12213
19360
28015
19107
16184
5860
11599
7118
24459
592
4890
20109
26696
21253
5475
9806
18522
26065
27030
2893
8076
4032
18827
16398
15055
17750
9051
22922
13230
28913
23765
6136
29919
13910
17219
14769
19738
26623
23911
23957
6019
6329
8268
8830
3201
4412
8824
13997
6726
16684
704
26932
7932
8317
22253
1333
13315
6547
26699
30100
17817
22725
25132
14525
612
11027
3906
7913
28345
30551
10552
24324
30660
7913
12677
16682
9860
12108
18333
15510
8872
14803
1110
7872
5800
29995
19480
15224
12190
9235
4998
10307
28308
12604
13521
25910
4222
14251
26434
27712
28160
19165
30004
29797
2959
16306
12376
7839
21708
17452
26646
3030
2645
18332
16587
30109
26349
20965
25542
10917
7779
28347
7019
8488
23317
6610
11193
1617
195
11069
30385
28235
13959
1735
1097
29555
18713
6082
18419
10919
13251
21672
8377
9000
4806
3477
28741
8819
25408
2227
25727
29775
17214
14094
29293
5565
28170
13864
12052
9102
4172
11083
15009
21304
17225
5984
348
28743
21411
23894
15586
5650
20206
11244
29814
22235
24168
7804
6217
22066
23801
4292
29035
10676
8482
12827
20549
20342
368
453
29735
17287
16361
27468
28614
21518
4126
1114
22770
30583
19216
16003
11467
20836
3810
28521
5068
3088
4282
20304
16957
14851
9748
4749
1548
1725
22105
26301
7806
1568
25580
14873
12422
7122
4032
21651
10931
26778
17018
27999
1924
14902
16950
12559
26156
3171
16368
19996
7570
10920
2361
1192
5710
7761
11731
6504
6142
1679
14698
10926
25707
29065
19967
15742
30430
29878
32415
30489
28673
31555
29049
30881
32500
31264
28673
30866
32766
28673
29147
31013
32325
30727
31351
28887
32091
30889
32766
30468
28673
31457
30729
29443
29068
32042
29872
30928
28673
31363
30484
30175
30739
30646
32766
28673
32384
29805
31525
32606
31220
30552
28913
32436
30193
30685
32766
31244
32359
29097
30133
28673
31048
30891
29263
32046
30617
31985
28687
31423
32766
28810
30744
30306
30521
31092
30498
29153
28673
30687
30046
28673
31047
29145
30913
30732
31611
30238
31417
29110
31128
31045
32683
30479
32753
32312
30488
29621
29449
29948
28823
31394
30611
30411
29094
30202
32252
32544
31709
30304
29512
30471
29433
30806
31781
32766
31999
31030
31753
29983
30488
32450
29018
30806
31698
31141
29401
30304
29202
31275
30286
30105
29441
30061
28721
30238
29210
31975
30899
31674
32766
28673
31867
30293
30103
30280
30919
31349
32512
30969
31499
30097
30359
28673
32709
31729
28946
30443
29248
29486
32236
30122
31851
32766
28673
28673
32269
30310
32180
29791
29968
30841
32033
31183
29454
30641
30265
31611
32766
32190
30861
32428
32766
29995
31687
32766
30075
30990
30574
29311
31329
30999
29829
29628
30639
32192
28959
28673
30922
32766
31389
30578
31277
30559
31321
30639
29627
28978
29520
30490
32114
32363
32766
31743
30241
31319
31982
32399
30426
29976
32675
31458
31579
30094
30272
28673
32766
29245
30569
32385
30256
30596
30500
31977
29606
31577
28673
31253
30443
32054
31243
30078
28695
30295
32462
30595
30511
30635
31345
31872
29768
31034
29662
30990
29567
31921
29781
32035
30795
28673
32568
32766
31931
32766
30584
32766
29590
32105
30557
29154
31250
31180
31315
31061
32110
29094
29485
32687
31154
29585
30689
31357
30485
30675
28993
30714
28788
32109
30234
32575
29705
30915
28673
31123
32553
32766
28703
31260
28961
31036
30294
30466
31094
30702
32766
29958
30109
28673
30530
31344
32446
28827
30459
29924
29909
30870
29872
31770
28967
30005
32011
30177
30819
29047
31685
28673
29627
28673
30681
28673
31963
32766
28973
29429
31214
30292
30112
32073
32766
29636
28673
30697
31091
29599
30357
31069
31365
31397
32567
31789
31434
30309
32766
29187
31979
32617
31983
29066
30742
28854
32403
29913
30362
28673
29054
29649
32575
31948
29596
32228
28673
31352
32766
28673
31382
30068
29994
32512
30187
30051
31732
29983
29772
29437
32766
32390
30868
30818
32512
29882
31939
28673
30596
32116
31739
31268
28673
30198
28673
29983
29588
30443
31340
28673
30452
32766
31359
30827
29826
30973
30709
30307
32766
31551
29255
30282
29775
29425
31521
31418
29269
30943
31001
29087
30182
30044
31647
32766
30924
29517
30475
31017
30631
29937
29552
30338
28673
31879
29639
28969
29528
28673
30066
31355
30158
30955
30134
28877
30094
29653
29790
32085
31748
30087
29907
32766
30816
28952
31207
30814
30396
30212
31612
31618
31521
32766
31539
32766
31571
30331
31218
30013
30952
30701
30569
30414
31144
31280
30451
30572
30758
31615
30112
32766
30327
29689
32766
29623
31246
30165
30705
29333
32223
32360
32259
28673
29565
28673
30786
31846
29156
29341
28673
32766
29290
31168
30454
32766
30503
29267
31419
31539
28673
32476
32084
32021
30190
31080
31649
28673
30740
30027
30818
30487
30601
32766
30727
32016
29131
31291
32134
32135
30811
29504
31394
31929
28673
29407
29925
29871
31161
31050
29418
28673
30257
28673
32156
29888
29229
29872
31062
29503
32030
32597
28673
29927
32054
29375
28673
28673
29866
29607
30706
31844
29689
31359
32292
30986
31991
30780
30731
29740
30448
31357
29888
28753
30026
30740
32165
29128
30533
28673
29197
30178
30242
32766
31787
30663
30041
30520
31558
30600
32766
32005
31600
28694
30918
31549
28673
30284
29576
32414
29742
29801
29557
29337
30780
29500
30261
31331
31086
30550
28944
31663
32766
30109
31732
32598
31270
31275
28673
30651
30681
29858
30071
30664
28864
31034
31126
28673
32561
28673
31666
31065
31940
31699
30063
31484
32063
29974
32292
31643
32335
30021
29343
31548
30084
30082
31457
31988
32460
29650
31113
32474
30449
29179
28744
29301
28931
32284
28710
30046
32142
29779
31255
30294
29495
31657
28673
30936
30857
28852
30897
30527
29412
29227
30918
28673
31112
28844
30777
31914
30774
32220
31345
31832
28782
31235
29060
30357
32156
31825
30862
32573
28992
31120
30150
29387
31464
29962
30484
31255
31487
31312
31939
30368
28795
31416
29304
29581
32766
32766
30514
32538
31628
29335
30171
28801
30649
30171
28806
32347
30820
31471
31787
30298
31833
29831
32132
29815
28673
30813
29202
31949
30430
31597
30345
28969
30527
29215
31135
31685
28673
32258
30499
32766
30329
31267
31463
28673
30372
28673
29609
32654
30210
32520
30548
30279
29875
29651
30449
29504
29314
28744
31256
30038
32238
29719
31303
30753
30572
31853
30277
30578
29080
28673
30190
31204
31465
31038
28775
29572
28673
32114
30414
29757
30560
29409
30463
31115
31208
31173
30007
30855
31644
29798
30815
31862
30024
28712
31687
30607
31069
32766
30031
31836
30552
28941
31473
31103
30196
31804
30645
30734
31167
31325
32766
31815
32367
32509
30965
32138
31728
31949
30201
28673
30944
28793
30339
31821
29513
32766
29554
30638
31197
30233
31763
29220
30752
29271
30307
29370
28904
30297
31259
30168
31032
31303
28673
31450
30198
31142
30004
31169
32766
29520
31716
31633
29844
31862
32316
30976
30380
29711
30637
28673
31168
28982
30186
28673
28673
31295
29284
28812
29111
30090
31819
28673
31582
30654
30743
31561
31730
32766
29924
30136
29307
31765
32766
30669
32166
30351
29094
32147
32183
29359
30411
32766
30604
30664
31029
31502
29565
29984
30221
31194
30117
32766
31059
31465
28673
32407
29946
31500
28926
31229
28944
28673
30260
29235
29472
30828
30987
30350
32766
31579
28854
30884
28673
30421
31994
30060
29351
31672
32766
29367
32365
29086
29837
28673
31643
28673
31492
30312
32357
29983
31846
30756
32448
29760
31688
30235
28673
31620
29636
30304
29479
30562
30604
29955
31918
29694
29745
30737
32155
28760
31463
32766
31239
29771
30116
31113
31137
31834
32766
30880
29407
30975
32260
28673
31655
32766
29480
31607
29346
32398
30217
30584
31482
29631
32766
31677
30731
30858
30527
29860
29092
31406
29192
32176
32188
31422
30131
29391
30733
29408
32766
30829
30978
31890
30340
30755
28735
30593
29484
29869
30816
31278
30524
30771
31502
31708
31268
29942
30220
30767
32233
30542
28673
30663
30181
28673
31273
28738
29678
28804
32244
32472
30608
30698
29522
32048
28673
32461
28822
30418
30922
31348
30830
29491
32281
30846
31310
28673
31317
30361
31405
29833
32495
28673
30340
31063
29903
32766
30575
31632
29970
30672
30338
31348
32766
31734
29616
29887
31741
30975
31618
32128
29752
30465
31742
29460
30655
31207
30020
30981
29999
29825
29442
31786
31368
28982
30776
29810
30116
31070
31242
30648
32267
32322
31023
29567
30420
30430
30835
32639
28673
31152
31115
29028
31326
29774
29518
31068
31353
29500
31101
29747
29220
28945
31323
28841
28673
31656
30230
31545
28673
32106
31229
32766
29812
31119
29028
32766
31267
32317
31361
28673
31079
28673
29747
28673
30450
31414
29394
29271
29291
29695
31949
31016
30622
30334
30699
32113
30479
31803
32535
29312
32473
31178
30491
32458
31776
29385
32766
32766
31366
30185
30333
30128
31131
31007
31475
30060
30848
30506
30368
30969
31026
31355
32532
29035
29672
31252
29569
30139
29483
31289
32109
32556
30715
30640
30975
31986
29047
28738
32320
32766
28930
31194
29567
30276
31392
29260
29954
28673
30709
32420
28673
30758
31376
30118
31533
30859
32081
32766
30572
29625
31635
32766
32766
29386
32727
32766
32766
29469
32599
32100
32429
32341
30454
28712
31384
32766
29469
31208
32766
32065
29217
32182
28923
30359
31819
29838
31849
31015
30665
30773
30271
30374
29118
31444
29220
30678
31713
30861
28673
28673
28699
29436
30517
30312
32766
30964
31019
31210
31044
31302
30350
32069
30551
30102
31266
30952
32428
31158
31717
29677
32386
30519
29851
31167
29951
32195
29902
31472
31715
30718
29980
28673
29858
29832
32766
29422
31648
28673
29882
31283
30195
28673
30158
30211
29039
32399
28673
29185
30846
31232
32021
32086
30488
32455
30408
30216
29100
30894
31482
31434
32766
31180
30992
31953
30390
29484
29733
32208
31271
32042
32291
31264
32574
30180
31348
32766
31946
32736
32445
32207
31812
31121
29456
30391
31954
31057
31090
28772
32263
31285
30120
29867
32231
28673
30056
31991
31174
29227
30748
31055
32766
32477
29168
31198
31058
28884
31262
31219
32418
30293
30443
30978
31507
30102
30471
31882
29486
29086
32687
30697
30856
28859
32221
30263
32766
31358
29178
30470
31571
30545
28767
28818
29709
30306
28673
31425
32766
28673
32766
30040
31375
30256
30269
29882
31822
30663
30059
28673
32320
28673
30174
30404
28673
31848
31549
28705
30852
28823
30677
30607
31011
29526
31636
29891
32581
32766
30772
29992
30332
32766
30168
32766
32766
30400
32766
31911
31982
30194
30542
31301
30664
29466
31934
31928
30569
28916
31170
31733
31518
32024
31413
28673
30289
30550
30263
29803
29522
29606
31061
30114
32550
31721
30878
31397
31368
30969
28809
30838
32120
30110
29355
30520
29183
30815
30712
30638
29591
31690
31821
31463
28948
29274
28673
29940
28676
32048
29246
30873
30627
31128
30164
30631
29297
31776
30569
32766
29971
29451
30339
30276
32059
30597
30488
29896
32027
30576
29938
31284
30638
32610
32063
30400
30251
31404
30662
29828
28673
32004
31916
32709
30140
31351
32766
30472
31912
28673
29796
29546
29962
30617
31007
30166
30134
30656
32766
30792
30898
32040
31558
28973
30654
32766
30893
30507
31214
29647
31002
32315
30254
30634
30634
32766
31440
30359
32586
31413
31257
31468
29808
31621
30086
30441
31435
30934
30046
29931
31279
30754
32290
32766
32766
29564
29944
30463
28673
30091
31743
31862
29211
32046
30703
28901
31478
31792
30837
31298
31544
28673
30294
29361
29266
30827
32450
29957
32574
29829
31947
31982
31836
30632
32486
29648
32471
32719
31541
32766
29520
32024
29849
30800
31774
30087
30281
31588
32157
30754
29723
28876
30424
31833
28673
30141
32398
29516
30836
29870
30332
30101
32766
30982
29025
30400
31351
30286
29373
31980
29214
31959
29627
32570
32101
30145
32126
30462
28696
32340
32766
30374
31620
32568
30847
30606
32418
31005
30020
32350
31809
30212
30558
29082
29670
31397
29816
29289
31014
31225
30456
31015
29036
30513
31528
32766
29374
31501
29810
28673
30868
28673
31263
30273
28673
29591
30639
30040
28979
32070
29254
28687
32068
29762
32233
30852
30809
30860
30809
29842
31651
31600
29266
30226
32766
30792
31457
30888
29993
30754
31925
31384
31177
30828
28673
31435
30445
32304
28908
28673
30130
28673
32216
31877
31665
31534
29826
28941
30304
30283
29955
30643
29156
31564
32057
30114
28673
30211
32228
32766
31141
31255
30489
29500
30176
28673
28673
30333
31931
32532
31509
31035
31293
31047
31072
30316
29082
29473
28673
30931
30980
31161
31136
29303
31458
31291
32766
31174
28673
31640
28673
31257
28673
32393
30424
31030
31583
28673
29327
29543
31546
30933
29110
29839
29135
30655
29201
29939
29835
30675
31140
28673
30634
30011
29519
30270
32424
31637
29482
30694
30506
18556
22246
12342
29992
27311
15766
421
4905
29175
5129
16081
11983
7177
9801
17780
18521
26709
22562
18699
29514
19584
22321
30443
7
16556
19580
19413
14264
1886
29769
18396
6011
17230
23476
5821
8257
26537
8573
3610
8087
29609
28376
15765
1543
3064
21996
4838
20031
27182
18527
14615
13464
591
15251
1913
14393
27509
2697
8401
340
16960
17266
18701
3654
17390
12371
16537
10141
8873
21160
25258
2139
4610
9
25991
11119
14418
28971
4301
15678
16317
28133
7680
19619
28489
1070
8929
29166
30062
14648
23825
455
29323
7364
23323
20728
24911
11412
15203
11673
20170
9484
28928
13760
23545
24081
25391
17655
9
9528
20001
29109
21571
12885
225
9035
1930
5054
22276
27984
5594
18224
18018
1867
22595
6894
27961
27064
3847
21868
4498
27139
12705
5917
29783
18491
10633
12490
12235
18803
11359
29602
9440
23599
3966
4292
24270
9077
25360
19442
2290
27869
18824
24121
30023
6282
11742
10970
21874
22472
852
23516
3174
2884
26284
30229
23065
12918
25505
29890
12466
14366
22714
30098
24464
1179
3415
10673
18576
29224
39
22472
18035
16722
5194
22761
25970
24901
30292
11993
27353
28318
24418
7107
28434
14048
2861
8878
9565
29486
28673
29697
30204
30015
30441
29981
29560
28673
32766
30041
30424
31456
30149
31824
29031
29511
31214
29838
29006
28673
28673
32766
29794
29978
30742
32766
30124
32079
31445
30193
32766
30430
30847
30840
31258
30505
32167
31355
29070
31605
31652
30949
29624
29362
31279
30106
32766
32766
29910
31700
30951
29403
31649
29781
31733
31229
30914
29301
28673
29525
29986
31092
29549
30283
32369
30943
29057
30033
29221
29802
29273
28920
30549
32766
31662
32766
28673
30820
30166
31567
31080
30841
31185
29299
29707
29847
30184
29165
30219
29957
32630
32054
31298
31928
30464
31614
30819
30631
29970
29815
29809
31694
31099
29240
29768
31692
30626
30085
31158
31924
31522
28860
31131
29816
32181
32306
32006
30194
32119
32682
31599
31923
30740
32601
28759
29168
31021
32627
32213
30565
32766
32225
30858
31349
28932
30631
30207
30029
28829
31733
28673
29853
29146
31312
32223
31014
30954
31466
29756
31920
29053
29796
31115
31255
31276
29269
31445
32766
30963
30727
32014
29990
30172
28952
32572
29247
31203
30138
29487
29649
29041
30262
31056
29164
29567
28976
30026
31944
30249
29491
29723
29923
30210
29434
28673
32595
32766
32766
30419
30829
31758
30212
32075
30526
31625
31406
30489
28673
30451
29844
29429
31115
30614
30262
29802
30662
31213
30928
31397
32766
28673
29950
31006
31575
32580
31120
28673
31913
31833
29069
31465
30252
29405
29144
30843
31812
30937
30779
29230
28774
31460
29965
32371
29646
32501
32766
30412
32766
32053
32221
29422
30271
30687
32691
30511
32078
31072
31043
31760
31012
30042
30439
29283
31867
30988
29825
32766
32032
31698
31078
30367
28788
29946
30236
32745
32766
28673
30714
32452
32151
31776
32203
31799
32766
28673
31543
32766
30008
30290
30757
31279
30254
29165
30996
31877
30122
30936
31684
30279
32766
28673
31883
31330
30382
30880
31432
31990
32343
31311
30474
31181
32766
31011
31115
29627
29160
30553
29898
29092
31048
31118
29577
30341
30900
29035
31047
31063
29391
32338
32288
31266
29702
31048
29138
32404
28988
29237
32077
30435
29374
31290
31275
30496
31414
29933
29339
29417
31427
30030
30696
30025
32766
29765
31660
30922
28673
31325
30886
29528
31465
31131
32766
29121
30679
31865
30607
30777
30489
30352
31463
31931
29790
30410
28941
29671
32345
31206
29742
32305
28673
31392
31753
29082
30490
31204
30368
30943
29351
30966
29992
32290
29433
31603
31767
30197
30654
29184
28673
29977
32766
31202
31881
31611
30545
29705
30172
31709
32766
31397
28773
29974
31416
31134
29651
32133
30216
30175
28738
32766
31408
29607
29650
31860
30257
31146
29302
29143
31211
28706
31934
28673
30540
31088
32766
31848
29680
31864
31583
32383
31216
32260
29776
28673
28936
29174
30361
30005
32069
30980
31052
31349
29841
30578
31936
31925
31150
29680
31200
28992
30643
29486
31231
31760
30384
31529
32045
29525
30779
29914
29944
30129
31950
30712
30628
31410
31156
32766
29499
29029
32017
30900
31915
29512
29861
32766
32111
32766
30135
31772
29848
32766
32725
29826
176
29263
11215
10349
25464
1253
24934
25943
4570
883
15201
20313
23497
4071
25155
15129
10087
25002
9664
15398
12576
16059
8170
25207
6782
17275
2217
11259
16698
15780
28015
355
10187
21369
17666
5281
10735
24278
6334
12825
30472
24425
60
21948
5218
13357
12706
4341
22344
22634
11563
7792
18307
26211
30304
31813
30988
29594
28673
32434
32766
29603
30415
30044
31952
32675
32043
29046
30329
30221
32766
30767
31969
30276
31688
30339
30091
31758
30874
29525
28780
31033
31611
31529
32232
32766
31841
29471
30200
29735
32426
32764
32099
30967
32279
29905
29643
30645
30007
32170
30580
31442
32046
32766
30601
29129
28673
31034
28740
30403
30670
31873
29779
31348
29058
32377
29754
29172
31213
31124
29842
31997
32766
29952
28673
32766
29798
30336
30579
31813
31021
32075
31435
30825
30540
32169
31119
30860
29164
28693
31032
30541
32178
30980
29910
30454
29121
28673
32766
29349
30288
30288
31632
29791
29841
30254
31678
32271
31083
28856
31443
28882
30791
29314
30081
30546
31622
29017
28673
31286
31200
31361
31261
30165
30782
29643
31136
31695
28845
31926
29876
32766
29788
29712
32335
29094
31230
30338
32766
29484
32766
31277
30865
28673
31099
31251
29637
30543
29747
29183
29900
31128
30666
31238
30984
29716
31559
32766
30463
31709
30797
29609
28673
28673
32632
31650
30223
32401
30433
29789
30469
28728
30289
30503
30818
30051
31963
29347
30150
29200
30647
28673
31432
31171
31317
30153
30818
29174
28816
32766
32426
31100
29938
30002
29398
29905
31482
28778
32492
31592
30794
31656
29154
30315
28938
30412
30339
31551
30912
30079
28673
30910
31735
31376
32339
30152
29200
31077
31104
30999
30139
30942
30691
32766
30707
32065
30187
30836
32664
31048
28673
31528
29946
29328
29300
29252
30108
29937
31484
30522
31276
29428
31382
30349
29536
30167
30951
28673
29915
30821
28984
30065
31566
31519
30017
30441
32059
31744
29646
29771
29428
31256
32766
29919
32517
30859
31092
32474
30009
30162
29181
31691
32223
30603
32596
29906
31026
29897
29612
31511
31032
32766
32271
32766
32258
30297
31748
32766
32766
30588
32766
30716
31131
32344
30176
31318
30190
31354
28921
28673
30280
32766
32195
30439
31613
32688
32766
30923
29144
29282
32766
32766
31201
30153
30780
28905
29292
30536
30298
31797
31221
30456
29325
30921
29843
30437
30916
31945
29664
30883
29222
32440
29777
30638
31384
30139
29967
29551
29887
29337
31400
32599
28910
29792
29606
30986
30456
32200
31437
29691
30298
31303
28673
29774
30215
30101
30547
32766
28966
28673
30853
30703
29971
28970
32565
30691
30364
29816
29875
30659
31668
29482
29946
30069
31428
29653
31948
30145
32766
31854
29869
30804
31748
30459
28673
29607
30022
30060
28884
31392
29104
32174
29858
30762
28807
30899
31274
31412
31401
28673
31104
30520
30368
32607
31457
30607
29796
32766
30312
31987
28742
31155
28673
28673
30899
28673
31691
32317
30807
32052
31995
30717
30319
28673
29739
31142
29186
30754
30724
31424
31518
32199
29149
32766
30484
30318
32538
31337
29346
28730
29381
29541
29152
32337
29132
29866
31762
29642
31061
29209
32392
30067
28673
32101
30307
30670
29712
29748
30189
32084
31507
32766
28820
29134
32766
29003
30065
31805
31735
30028
32021
32474
30721
30027
31296
29706
30202
28673
29984
28673
30857
30531
31444
30569
31628
32241
32766
31822
31099
31588
28673
30806
28759
32303
29680
28996
31299
30227
30010
30701
30235
32519
30438
31155
31133
32141
30369
29461
28673
32766
31446
31260
31741
32214
32038
31438
31783
31868
32366
30806
29351
32573
29067
32593
31193
29524
30970
31775
30671
30163
30313
30589
30942
32237
32766
32731
32766
29497
29975
30284
32173
30186
30479
32088
30686
32561
29576
32711
32291
29855
30952
30945
28673
32120
29777
31107
29363
28673
30704
30231
32704
30419
32210
30589
31401
30506
30029
31636
31178
30249
30688
30453
29225
29294
30936
29320
31171
32355
30973
30098
29996
31558
30671
30663
32766
28724
31015
28788
30773
31735
30228
28784
30416
30241
31353
32341
30254
29372
28673
30458
32766
28886
32766
30042
31735
31689
30616
31252
29301
31779
28673
32766
28686
30611
28953
29332
31232
29738
29363
29917
29595
29926
28673
30331
30185
30962
29634
32766
30762
30710
30632
30293
31465
32430
29710
30584
30075
32766
29566
32766
29682
30425
30309
32017
30880
30402
30330
30727
31158
31638
31837
30730
31352
32123
32090
31503
31458
31673
31481
30027
30116
31980
30315
30794
30485
29703
28673
29989
29022
28673
31111
32766
29699
28673
29193
30733
30388
30243
31532
29291
31134
30088
32242
28673
32147
29613
32102
31562
30326
30410
29397
32766
32364
28934
29663
32766
32379
28937
32300
31509
29158
31434
28929
30454
32267
31150
30623
28673
29951
29178
29924
32086
30268
28871
30129
32586
29991
29127
31314
30546
31965
31279
30476
29071
29090
30186
29792
29552
30099
30759
32766
32254
31607
32339
32305
30707
28673
31325
31088
32321
30286
29957
32269
31616
30002
32766
29026
31177
30566
31131
31366
31422
30835
28673
32467
28673
30115
30728
30268
29720
30901
30957
30068
30799
32363
28673
30627
30659
31351
29667
32721
32066
30086
30567
31530
28673
29329
30222
30329
28748
30654
30039
30530
29378
30580
32766
31886
32143
28998
30007
32029
30812
31930
31152
29653
30448
30567
28673
31160
29969
30031
31074
30946
32006
29516
30391
31343
31855
30739
28846
29897
30205
30860
32631
31474
29171
30628
32202
31292
31647
31160
31559
29052
28673
30316
30603
31361
30680
30270
30496
30021
29513
30809
29135
31462
32118
31446
30552
30196
32332
31097
29013
31231
32005
31046
30764
31042
30131
29833
32421
30454
29471
31106
31564
30164
32407
30529
31773
30584
31496
31490
32766
29751
30946
32335
31442
31007
31775
31740
29473
31234
31251
29097
32124
32110
29366
30002
28673
30382
31782
32133
30449
32434
30480
32766
31748
31131
31704
32506
32189
30692
30073
31268
30462
29413
30696
29303
30278
30657
31613
30841
31645
31314
28837
30549
29503
29016
28673
28673
29371
30967
29307
30728
31325
29645
29046
32766
31789
32273
32766
31324
29542
29768
29173
30611
32139
32766
29452
29851
30466
30077
29187
31138
28836
31063
31382
30541
29724
28673
30309
29804
29432
31879
29790
28801
30126
30963
31157
29373
30638
31581
29322
30434
31412
29309
32766
29477
31431
31496
32647
31132
32004
28813
28870
31919
32766
29105
29897
32766
31024
31687
30989
28673
32766
31047
31656
29886
28673
29601
28906
29214
29861
29195
29489
30750
28673
28673
31590
29504
30436
30707
31400
30618
32708
31604
30216
30802
30136
30465
31138
30641
31074
32191
32073
30062
28758
31196
30711
31620
29382
31303
29598
29285
30945
29607
30391
30493
30042
32256
30873
30140
31080
30708
32272
29997
28978
29885
29665
32766
28843
28739
31516
30370
30357
32134
28673
29593
30485
29319
31274
32266
32039
30693
30578
31016
29607
31537
30888
30091
32376
31529
30025
30584
32416
29088
30615
28673
31569
30940
31077
31008
31242
31694
28783
30135
32766
30728
30665
32766
29350
32203
32320
31800
32361
31596
32732
32766
32393
32766
31921
31780
29212
30096
28673
29784
30378
30641
29903
28886
28673
31993
29776
32158
31143
30184
31107
29784
31984
30701
32045
30659
32766
30553
29437
31490
29139
31483
31471
28673
28673
30175
28673
31348
29188
30399
32001
29882
30956
32766
32091
30177
30679
31716
32295
31818
30233
31759
30339
29435
28673
30693
32214
29406
32766
30773
29902
28746
30156
30914
30353
28673
31385
31139
30038
31883
32220
30953
30281
29052
30083
31111
30563
31358
30073
30276
30110
31513
29744
28941
31150
30563
31795
28673
31219
32377
29348
31305
29592
30524
28673
31508
31267
29198
31180
29122
29736
30704
31586
30685
29283
30707
31205
31906
30737
28673
32766
32766
30731
32251
29806
30413
28868
30139
30787
30583
29211
32226
29162
28673
30114
28673
30467
31109
30978
31363
30176
31021
31570
30426
30882
31397
30342
30432
31043
28673
32174
31127
28969
30695
30801
30946
32222
32766
31420
28673
32766
30476
31107
31672
31687
31421
30788
30357
29977
32270
28673
30239
30272
30157
32391
30280
32766
32766
31342
30620
31169
30469
31121
31494
31261
31810
28673
32073
29582
29944
29958
32553
29876
32740
29713
31360
31618
28673
30577
30819
29913
29728
31916
32096
30017
28920
30055
30575
31281
31629
30499
30556
29360
31755
31736
30475
30622
30393
30393
31036
32032
28673
28673
30836
30628
29655
32766
31034
29583
31042
32766
31293
29002
31178
31159
32678
31631
32343
32679
30942
30036
30467
29750
28673
31471
29821
30178
30627
30520
31127
32016
31441
28673
30079
32433
31394
30113
32766
30093
31862
29363
29357
31544
30875
31041
31540
29198
30660
31303
29003
3413
5631
3050
4195
5420
3917
6048
1159
3348
5236
4576
5698
2953
4
5374
4467
5722
4499
3883
3939
1030
5167
2073
3028
5784
2597
5464
2106
1018
5158
938
3568
6007
1506
2069
6137
2721
3496
5454
1394
1984
693
381
2357
5606
5777
5259
1513
497
96
3974
2544
44
312
1243
6010
3220
2205
817
990
1396
1696
1046
4921
3364
4681
2999
813
3486
4619
4048
2144
5303
2701
3004
551
2243
3387
4218
5186
5471
4952
4939
922
5176
4848
587
4024
3593
4566
5043
2724
5083
2779
4844
5578
5193
1057
2967
4607
2569
4374
273
1767
2007
4113
1224
4968
2317
1733
3299
1691
4962
3624
4115
4873
53
5846
5585
3521
2112
3712
167
3484
2164
1736
4568
269
2795
3636
526
3311
2904
4221
2364
2619
5520
3736
2207
591
5617
3220
2515
4583
4423
2613
1840
3797
6559
4097
5774
5142
5513
5178
6186
5100
6374
5910
4097
7906
5891
5662
7462
8190
5174
7665
5982
6645
5073
7476
8190
6785
7102
6893
4097
6156
4097
6396
5494
6694
6719
5621
7569
6460
7498
4097
6265
4590
6547
5855
8190
6123
4456
5822
6471
6858
5950
4884
5889
8022
6842
5848
6369
5466
7625
6093
6901
6987
6862
4097
6088
5407
4738
6351
7194
8152
6767
4097
5633
6182
8190
6825
7030
8190
6896
6900
6046
7972
6362
5167
5297
7186
5259
5840
5070
6595
7221
6799
5077
8020
5040
8010
4912
6141
7354
6209
6342
6423
4097
6106
7544
6720
7011
8190
6202
4763
5941
5005
5986
5463
6018
5000
6856
5548
5995
7542
6262
5867
7634
5254
7012
8190
8190
4279
5563
5867
8190
8066
5795
5239
7390
6625
6142
4547
4097
7184
6376
5480
5226
6919
7022
6622
4833
6024
6427
4859
4455
6388
6372
7309
5747
8190
7079
8155
6490
6451
4855
4822
6661
7421
6199
5852
6663
6185
6173
7254
6881
5500
7103
6892
5026
6122
6035
8018
6332
7089
6100
8190
4097
5969
4097
6336
6381
5064
5794
5905
4241
5312
7309
7667
4097
6958
6929
4097
6255
6132
6134
7242
6882
6811
6051
7088
4680
7377
8190
7812
4097
8190
7589
4097
4819
6957
7908
8190
5434
6940
5140
5665
6601
6398
5263
7946
6746
6435
4097
6392
6409
6524
7275
7313
6483
5680
6174
4668
6746
7639
6575
5171
6310
4097
4097
6395
4243
7453
4937
7054
6274
4665
6515
6287
4643
7321
6516
7794
6025
4880
8190
8043
5265
4294
6142
5921
4607
5859
6694
6619
7398
8190
4211
6097
5170
8190
8190
4097
4812
8000
6936
5618
6371
4097
4097
5288
6391
5025
5870
5089
7369
6058
6142
6872
7270
6339
5522
6273
7410
6875
7832
4602
6752
7090
7340
6271
6814
4653
7951
6483
6092
6534
6893
5239
6432
7625
6079
4097
4784
5960
4122
4939
4116
6627
7029
4196
5049
5117
7008
7014
5351
4097
6807
8190
6259
7192
6480
7574
4546
7270
5756
7467
4097
4371
7469
6376
4306
6866
8190
6186
8190
5477
6014
8190
5953
6874
8190
7468
6170
4097
4914
8018
6826
6147
4473
4817
6433
4691
5596
4269
4880
5841
4970
6603
4562
7741
5927
8190
6384
6754
4493
6519
6372
8190
8190
6128
7529
5254
7844
4097
5087
6837
4891
6681
6350
4982
6599
5937
6667
8190
5865
5851
5558
6623
5233
6900
6045
5681
6654
4097
6787
4639
7112
5192
7066
6405
6261
7119
5493
8102
4807
6442
6438
5628
6892
5650
4923
8190
5819
5139
6306
7185
4470
4456
6059
5938
6521
6741
5446
4567
7856
8067
4097
4341
4591
5896
4708
6914
5768
6388
6512
5251
6327
5899
7786
5025
5505
5400
5636
4097
7179
7335
5299
6888
5728
6601
5752
6271
5519
4967
5925
5658
4097
5792
6306
5757
6513
6192
5029
6600
5246
6737
4730
6087
4097
7409
5908
5794
6298
6308
5693
5757
6837
7605
5947
6877
6294
5861
6562
6382
4097
4097
5502
6882
7844
6150
6728
4631
7200
4964
7706
6954
6535
8190
5660
7980
7583
5346
5745
4609
6384
6555
4189
5569
7301
7151
6147
6645
7021
6069
6361
5041
5765
6560
7979
6378
4312
5614
4489
6725
4166
6558
5870
5623
6224
8190
7173
5594
8190
5599
7977
7223
4480
5868
6780
4097
4749
4585
6658
4757
4097
7389
7027
6514
6873
4554
7496
6333
4193
6135
6629
4792
6410
8190
5288
5219
4854
5899
8190
4560
7164
7724
4435
5485
5706
7270
8190
8141
6077
5105
6800
7647
7919
4293
4751
6232
4126
6306
5270
6666
4738
6141
6606
8104
5192
6173
6856
5524
5472
7546
4187
4926
6233
5574
7142
6700
4485
5142
4779
5501
6629
6232
7452
7104
5165
5626
5277
6548
5700
7527
6986
5880
6086
4399
8190
5754
7259
6554
5862
7801
6119
7932
4204
8190
5301
5606
7108
4336
6999
4694
4728
6246
6781
5298
7621
5019
6219
6499
5226
4709
5019
4726
4535
6357
6567
6388
4344
5551
5764
4267
8172
6146
4353
5642
5934
6763
7031
5051
7276
5938
7249
4463
5936
4171
6410
5472
8087
6557
5841
4883
8082
5737
6003
6674
5697
4219
6716
8190
6966
7629
6509
4774
7313
5854
6368
6515
5906
7511
5188
6860
5770
4280
5699
5942
7777
4962
6503
4990
5098
7935
6759
4097
6728
6767
4758
6691
5493
7387
5857
7645
7117
7288
4455
6585
4722
7323
4768
5696
8103
6073
5007
5030
5874
6010
6831
8190
5035
6796
7318
6865
4097
5285
6112
8190
6806
6693
5467
5284
6409
6425
6976
4665
5331
7008
4984
5764
6540
6071
5880
8190
4098
6434
7286
7133
8023
7992
7784
7562
6673
7753
5530
8190
4420
4699
4097
6321
4097
4896
5491
8190
4915
6615
7453
5971
4758
6029
6291
5976
8190
6546
5819
4309
5513
7409
5452
5739
4881
5625
5260
7894
8190
5877
7996
8190
8190
4608
4235
5798
4683
7310
6195
5587
4941
6967
6763
4543
5604
5598
6081
4097
6961
6132
5861
5325
6208
4644
6266
6812
5938
7200
5024
5913
8190
5163
5706
4841
6153
6833
4214
6286
6554
5090
6724
5549
6391
5106
5726
7669
4974
7741
5819
6828
8190
5711
7992
6488
7211
4620
6438
6876
4097
7654
7810
8190
8190
5117
5659
5504
6029
4097
4345
7901
5923
4097
5075
4593
6081
6895
4573
5497
6104
6621
6570
8190
8145
5639
6176
6775
6353
4097
5702
8173
7453
7021
5674
5066
5102
6925
6532
8190
4738
5801
5739
7923
5107
5632
5242
6933
5701
7426
4683
7021
7562
6099
5346
6104
4655
6488
4728
7420
8077
4097
4546
5811
5273
7241
7273
4588
4472
6210
5036
6715
4765
5940
8190
6274
6923
8190
7459
8067
5337
6353
7064
7824
5669
5657
7242
6591
6624
4097
5149
6070
7164
4735
8190
5841
5517
5881
8190
4896
5020
5420
5746
7111
4820
5304
6082
7818
8190
5382
8020
4351
6873
7251
4097
5053
4347
6709
6937
5804
4550
8169
8190
8190
6639
6607
6132
4097
5463
5728
5805
4097
6875
5278
7681
7891
8190
6571
6412
5965
5252
5156
6311
8100
7076
6188
5226
5732
8190
5299
6139
5660
4097
5017
5666
5420
6998
6652
5858
5514
7385
6168
4097
6704
6763
7433
5282
5782
5203
4097
7726
6475
4645
4978
4097
4830
6835
4932
6332
7094
7785
5876
7294
6185
5170
8079
7963
4843
5940
6033
7212
6129
5168
5848
6474
7046
5418
7865
4097
5735
7412
5684
7807
5215
5460
5866
6032
8190
6815
7277
6284
5325
4097
5272
5668
6644
6170
6467
6575
5514
6010
8060
6094
6000
6313
6313
7868
5659
5322
4524
6592
6520
4097
4981
5879
4874
7595
6132
4097
5109
6682
6669
6468
5660
6203
7869
7930
6435
5932
5061
7776
5938
7191
4946
6661
4097
4254
4321
6498
6672
5964
5050
7107
5435
5426
6355
5422
4990
4097
5716
5706
6386
6881
7858
7743
6095
6445
7042
7840
5454
7426
7370
4902
8096
7386
6369
6666
7428
6638
4363
5685
6904
6217
5921
4097
5153
6498
4097
6545
4801
4097
8034
7157
4995
7021
4711
6475
7639
6751
8190
5382
5079
5592
7457
6248
5296
5328
6779
5859
5020
6734
6230
8190
7586
5760
4557
4585
5282
7277
6024
8190
8190
6752
4739
25583
5304
7035
26980
20157
16067
18385
21792
670
265
14821
28665
4851
19946
28081
12700
19550
3568
22035
5534
569
8951
29295
29825
16640
8255
8949
16442
26458
11552
1021
14378
7288
15834
16721
23858
10385
26038
1864
11892
9811
15088
20893
30232
20453
698
14722
25657
12291
30521
1737
1678
16698
18276
26236
13044
25477
8944
28423
23034
6551
8318
1781
14551
26308
3728
9333
25851
2453
11254
20961
22673
22507
1472
5560
18535
12936
25111
29316
13729
22426
730
29516
8078
10004
30680
22263
11981
6863
30389
15280
433
6999
21440
12485
23680
14521
5458
19516
23185
11109
26848
12090
28466
10420
8241
9157
20906
13661
21994
9012
28511
9832
11141
10208
29890
6653
1983
11387
3496
25739
12802
13024
25445
4219
19442
1218
9796
10797
3279
17845
3885
11857
26426
31129
30833
29286
32192
30753
29905
29935
31531
29913
32766
29573
30913
31693
28673
32766
29713
32766
30936
31435
30327
30787
31530
29659
30824
30851
28819
32655
30588
30554
28969
29524
30791
32766
31177
30124
31078
31165
30417
32766
30146
29764
32701
29950
31555
31478
29458
29945
29073
30623
29753
30266
31692
31033
29287
30297
30598
31726
31992
31483
31414
32070
30984
30870
31736
31207
28755
31698
31308
32766
30154
30651
30800
30867
29467
31268
28694
32357
30818
30681
29306
30929
30191
31672
31301
31197
30488
28731
30893
30629
31435
28780
30872
31099
30162
31061
31239
32025
30168
32519
31264
30874
29609
30431
28856
29758
28673
29746
30704
30951
30293
28673
30685
30316
30993
31534
31968
29874
31412
29971
31122
30759
30434
31268
32766
28673
28673
30269
29252
30958
32469
31133
31368
29900
30151
31687
28673
30694
29489
30532
31177
31792
30349
32105
30971
31690
30298
29370
31220
31625
30742
30376
30150
31029
32070
31859
32106
31253
30129
31237
29504
29350
30875
30311
30883
31117
31968
29796
28673
31385
29940
31697
32222
30097
29160
32761
32041
29907
32766
31945
32164
30047
30814
31028
30187
30363
30969
31811
29606
30200
31257
30132
28938
29223
28673
32467
31315
31646
30587
30627
29334
31294
29874
31004
30584
29966
30802
30212
29009
29699
28673
29847
31239
30713
30580
31424
32766
32271
29628
31102
32317
30608
31755
31200
29049
29665
32766
32057
30214
28673
30091
30283
31766
29472
31606
29786
31104
31722
30090
32184
31393
31848
29912
31393
31901
30822
31545
29883
31040
30642
30477
32471
28673
30979
28834
28673
28673
28673
32197
30537
30703
31130
30939
30210
32236
29051
29261
30035
28673
30154
30923
30847
32766
30039
30185
30188
29729
32053
30101
31311
29920
29592
29203
29537
31744
32019
29431
30581
31098
31776
29347
28907
32512
32766
31515
30199
29962
31663
32312
28778
31592
32766
29807
29725
29326
31713
30380
30572
31466
32587
30776
31304
30610
31341
29255
32322
29990
30730
29634
29531
30954
30477
30091
32252
30470
31891
30074
29945
30915
29731
30753
30758
30364
30078
31113
31616
29028
29425
31723
32158
31775
31455
30766
28840
29582
30630
30269
31651
31208
32493
28673
30858
32766
30014
30482
31879
30038
32766
28981
29101
30621
31217
30374
30907
28673
31739
29629
30387
29290
31556
30749
29874
29275
28763
30273
32766
31984
30635
29934
28673
28673
30591
31402
32540
29151
31823
31642
31308
31612
30874
31198
28980
31561
29837
30961
29709
31100
28673
28756
31609
30358
30579
31102
32387
31254
29533
30319
32766
30976
29416
31683
32766
31529
31986
28673
32390
31715
32766
32500
32766
32619
29211
30165
30599
29799
29345
29685
32157
30938
30609
32056
29644
31648
31842
32401
29996
31258
32366
28673
31348
31374
29991
32281
32766
30147
32299
30648
29758
30363
31494
31130
30069
29451
32760
29860
32037
28842
30908
29242
32329
31442
30639
30069
31698
30990
31083
31743
30349
28812
32045
30197
31298
30414
30778
29007
31206
32766
29167
29174
31300
30492
30109
30172
29699
29303
30291
32059
29053
32635
28673
30979
30481
31618
30845
30835
28673
31882
31167
30720
31100
32766
30611
31291
28673
30227
29140
30759
29018
31711
31914
28673
31234
28673
31108
31422
29865
32766
32590
32766
32766
30597
29070
30947
31640
28673
31896
30521
29954
30737
31423
31403
31951
29709
31102
30115
30322
31373
31056
31625
29878
31122
30109
31027
30201
31760
30363
31860
32766
31600
31598
31386
29479
29887
28673
30465
30503
30550
31416
31197
28673
30235
30857
31943
32104
30522
29934
30393
28673
29129
30841
28673
29976
30512
30271
30097
32766
29481
29813
32317
29503
29915
31826
30947
28673
31205
29001
31532
29554
31584
32617
30420
31051
31980
30738
30881
31861
30799
30168
32766
32766
31044
30563
31903
30009
32766
29802
31003
30130
31663
30380
32766
31409
30316
32088
32214
30343
32457
30436
28673
30489
31176
31586
30254
29995
28877
29869
30318
28673
30496
31956
30720
29921
31881
29188
30354
31861
32018
29902
30775
29564
31586
28851
30188
31725
29937
30029
31070
31761
32281
32168
31484
30801
31253
28673
31016
31480
30512
31537
31559
29558
30063
31474
31129
32266
31683
30297
30836
30271
30927
32664
30412
30379
28745
29941
31703
29687
29718
30165
29306
29776
29202
32029
30011
28673
29727
31156
28673
29111
31624
30515
31219
30137
31545
31353
30994
30381
31536
32766
32346
31666
31109
29443
28821
32652
30253
31313
31201
28673
29760
31733
29316
30043
32055
29688
32766
28969
32685
28673
31565
29356
32406
30457
32766
28673
31142
29418
29278
31624
31886
31641
32766
29456
30694
30375
29964
30417
29314
31320
29328
32664
30639
30852
30023
28934
29722
31843
30912
32196
29537
30842
30793
30584
31409
32766
30205
31140
28673
29433
30782
29694
30060
32766
28781
31581
32161
28673
29517
31893
31838
29134
32766
32766
32766
30838
30905
31711
29431
30787
29945
28673
30704
32250
32766
30641
28673
32025
30034
30277
30711
29407
31666
31661
30377
30453
30293
30803
30360
30317
31208
29394
28860
28673
31595
31574
32236
32766
31700
29710
30431
29928
31697
28673
32766
28673
30167
29944
28673
30660
31070
32353
30907
30235
31293
31304
31035
31448
30672
31293
30255
31113
31961
30346
31403
28673
30509
32766
30545
30487
28878
31218
32723
30569
29710
29984
30173
28766
30172
30886
29173
32766
30787
28673
29554
29522
29934
32021
31923
30991
28673
29484
31246
29755
30779
32612
28673
31501
30592
32766
30201
28704
31693
29280
31503
32135
32448
31328
32016
30286
28673
31079
29787
30052
29721
28673
29243
29672
31688
31535
32001
30782
31589
28893
31094
29237
31053
31183
32364
30823
31424
28673
29416
31422
30979
31959
30938
29986
29294
31190
29319
30155
31388
29184
32766
32766
32585
31816
32766
31161
32628
32393
32319
29928
29586
30832
32766
30534
32190
30348
30779
30161
31271
28997
28673
31961
32766
29227
31641
30286
30669
30438
28673
30027
29181
32547
29784
29873
28972
32160
32223
32766
29923
32373
30925
29897
30261
32289
32253
29767
29630
32766
29987
30410
29918
30440
30950
30948
30492
30521
31402
30397
30398
30390
29384
32604
31288
32360
28849
29308
29582
31725
32371
31596
29726
31991
28673
29081
31552
30838
31427
32680
29187
29925
31269
30258
28677
31176
31416
31393
31490
30945
32766
28673
30201
31788
29855
29266
29846
29158
30563
29661
30727
28673
29492
28673
29952
29572
31590
30638
31938
30780
29443
29969
28673
30444
30286
28673
29530
32766
32541
30535
30385
31722
30169
32554
31128
29368
32766
32766
31139
28673
30004
28673
28876
30413
30202
30928
29949
31579
28673
32004
29695
29761
29417
29350
30672
28673
30273
32766
28984
30215
31054
31391
30452
29183
29374
29605
30843
31229
29278
29956
29875
29923
31757
28673
28673
28673
31421
30926
29797
30210
29327
30193
31455
28761
31250
32149
32464
31524
29237
29886
30193
31577
31553
29491
32082
29826
30997
30519
29671
30740
31529
32766
28673
30944
29997
31024
29311
30690
30026
29724
29611
30131
32313
30272
30363
31137
30953
32619
30680
31548
32766
30315
30986
30891
29759
31566
30805
31237
32225
31315
32042
30786
32592
28673
31267
32766
28673
30779
32436
31029
29414
32706
30696
31969
31747
32766
32345
30900
30430
29018
32766
32138
30788
31541
31556
30265
31065
31632
30196
32160
29628
28673
29916
29288
30078
30713
31805
31666
32056
30412
30156
31649
29930
30684
31220
30183
32369
31617
29824
28800
28673
29545
30651
30212
28673
32766
31215
29954
30008
30829
30484
31263
30815
30840
30763
30668
31795
29233
30502
31461
32375
31964
31999
30535
30353
31292
31927
32039
30255
30563
31787
31190
29943
29837
31447
30289
30655
30371
30613
31818
30391
32766
31448
32766
29646
30816
28673
31860
29314
31247
32426
30111
28673
30531
28708
30804
29516
29290
29900
30087
29992
30136
29418
30578
32766
28801
32215
32011
31257
32093
29988
30418
29642
30401
28673
32008
30371
30445
32766
32766
31744
31155
31052
28673
29464
30749
31003
28673
29146
31301
30503
31809
29821
32408
31261
29708
30374
28895
28673
32307
31716
29116
31634
32766
32066
30610
31866
31379
29981
30747
31441
30528
32184
28673
28673
29897
32110
31392
32124
31048
31047
29878
31935
29911
32570
29051
31800
31002
31809
31408
32311
30164
31817
29073
29770
31944
32766
29531
29641
30854
29686
29319
32076
30891
31333
30851
30452
28673
32045
30562
32766
31541
28673
31106
29899
30176
30368
32766
29982
31058
30981
32766
31791
32162
32296
32158
31227
31976
30916
29053
31466
29097
29104
29765
30701
31497
31127
30582
31893
29424
30366
31233
32396
29802
28673
30237
30365
28864
31869
31225
31486
30427
32299
32526
31621
29493
28673
28835
31334
30102
32574
30664
32178
30954
29410
29907
30848
31602
32566
29470
32081
30549
31303
32186
30385
31177
31163
32766
32441
29609
31993
31287
31796
30155
30659
30987
30808
30056
30274
30727
32642
31080
31480
32329
30613
31829
31621
31691
31502
31931
30291
29375
28956
32766
31676
31915
30048
31177
32513
30742
30768
29312
30809
30559
32766
31773
30450
29568
29002
29593
30811
29116
31767
29890
31703
31610
30649
31181
32335
30649
32268
31060
31437
31526
29075
31345
31246
31220
30029
29390
30125
31378
31462
31895
29686
32411
31115
30567
32275
29646
32050
29108
28809
29624
30272
30576
32331
32347
31809
30513
30641
29653
30505
31577
31140
31425
30126
32118
30251
32046
28829
32689
30048
32766
28673
29637
30970
30626
32686
32766
31034
32287
29293
30078
30137
30484
29934
31393
30040
30301
32766
30537
32766
31078
31352
30241
29950
31678
28922
29813
28673
31182
28772
29189
30444
29347
30075
30780
29550
31619
31672
32091
30953
30316
29271
31605
31172
31892
28820
29968
30021
31636
30125
28673
30264
28673
29436
31708
29153
31584
30774
30609
32622
28673
32766
32174
28673
28908
29079
32282
32362
30023
30751
31675
30961
31569
28673
30517
31503
31641
31104
31878
31738
30472
30051
29595
28850
29865
28876
30702
30577
30634
29772
29832
31656
30026
32635
29853
32685
30628
31825
29722
32766
31932
29149
30136
31219
31785
30498
31934
29746
32766
30714
30038
29292
32580
31801
30923
31345
31117
32226
28673
30519
31288
30889
29929
28952
31747
30131
30908
31798
30680
31977
30778
31065
30459
30671
30823
31394
29550
31306
32766
31414
29549
32216
32252
31547
30428
30900
29989
32139
28773
31633
30798
30342
29544
29979
32766
31796
29885
30914
31558
30211
30599
29753
29704
31379
30790
30494
28673
32091
32260
32766
30103
30753
30119
30251
31340
30913
30572
31583
31219
31162
30418
32331
32766
30186
32766
30412
30996
32094
32319
32647
29849
32468
29364
28673
29421
30713
31904
31555
31108
30158
31139
30853
31367
29038
32013
32699
31210
29828
28673
31135
31155
29892
32156
29551
31212
32506
32766
31248
28783
31749
31424
32766
30420
32766
32583
29634
30414
29641
31482
29106
32648
30335
30567
32440
29687
31626
29627
31768
29161
32388
31637
32475
30754
29430
32766
32766
30034
32363
31357
32144
30358
30980
30236
31139
30478
12804
96
4245
11394
3572
991
5616
1194
12318
9948
8252
11931
4381
9586
10483
8421
3519
3459
13057
1814
3361
1958
1386
4609
1535
3709
12484
8974
6432
6897
2101
10220
3267
1357
8968
13622
2733
7089
12488
8911
13664
13893
9020
7215
1424
976
3280
4024
5443
10817
6296
4635
5481
4338
9423
3018
12156
2728
2988
6759
10998
7905
3324
11368
2677
3423
851
8956
7335
10485
4036
2842
925
9439
8900
468
14248
13905
2692
3686
2919
6525
8915
8368
11668
13964
10779
12773
2457
4638
9709
5718
12340
11561
13423
11899
13949
6417
6004
9339
9981
12999
6270
4515
5593
13373
11112
8347
8346
10845
8625
13264
12210
3923
10718
10859
8592
8894
13756
8183
4551
12745
4565
3633
938
1231
4877
3789
12784
12842
5797
570
4339
13144
7775
11705
1321
3143
2179
7391
13985
8393
13463
7830
10316
11175
2066
325
5212
12656
13616
6322
5280
369
2095
12028
8633
13427
9091
10869
3801
14025
10391
7274
10084
2314
13979
1919
40
11722
3267
12250
8553
9898
10893
2950
5814
4765
1333
8288
2119
360
3533
13998
8537
1132
13398
4321
4845
13741
3324
13570
9299
2604

