2161,2161,1
2110,2110,0
2278,2278,0
1858,1858,0
2017,2017,0
2077,2077,0
2087,2087,0
1831,1831,0
2050,2050,0
2131,2131,0
2053,2053,0
1991,1991,0
2062,2062,0
2091,2091,0
2011,2011,0
1981,1981,0
2071,2071,0
1963,1963,0
2027,2027,0
1977,1977,0
1926,1926,0
2008,2008,0
2054,2054,0
2088,2088,0
2139,2139,0
2081,2081,0
1970,1970,0
2119,2119,0
2019,2019,0
1962,1962,0
2121,2121,0
1998,1998,0
2147,2147,0
2104,2104,0
1833,1833,0
2114,2114,0
1966,1966,0
2040,2040,0
2035,2035,0
2010,2010,0
1913,1913,0
2246,2246,0
1930,1930,0
2135,2135,0
2069,2069,0
1931,1931,0
2143,2143,0
1906,1906,0
2023,2023,0
2196,2196,0
2088,2088,0
1925,1925,0
2130,2130,0
1980,1980,0
1885,1885,0
2070,2070,0
1995,1995,0
1882,1882,0
1993,1993,0
1981,1981,0
2143,2143,0
1899,1899,0
2135,2135,0
2093,2093,0
2050,2050,0
2112,2112,0
1967,1967,0
2000,2000,0
2138,2138,0
2155,2155,0
1907,1907,0
2245,2245,0
2129,2129,0
1937,1937,0
2184,2184,0
2077,2077,0
2101,2101,0
2075,2075,0
1894,1894,0
2153,2153,0
2059,2059,0
2100,2100,0
2227,2227,0
2115,2115,0
2002,2002,0
2110,2110,0
2023,2023,0
2001,2001,0
2176,2176,0
2044,2044,0
2097,2097,0
2070,2070,0
1949,1949,0
2003,2003,0
2072,2072,0
2018,2018,0
2007,2007,0
1999,1999,0
1994,1994,0
2063,2063,0
1983,1983,0
2043,2043,0
1930,1930,0
2195,2195,0
1955,1955,0
2012,2012,0
1976,1976,0
2077,2077,0
1874,1874,0
1991,1991,0
1994,1994,0
2044,2044,0
2130,2130,0
2060,2060,0
2106,2106,0
1941,1941,0
1968,1968,0
1996,1996,0
1928,1928,0
2131,2131,0
1967,1967,0
2156,2156,0
2094,2094,0
1949,1949,0
1984,1984,0
2059,2059,0
2048,2048,0
2010,2010,0
2077,2077,0
2178,2178,0
1982,1982,0
1956,1956,0
2135,2135,0
2107,2107,0
2067,2067,0
2087,2087,0
2163,2163,0
1980,1980,0
2143,2143,0
1998,1998,0
2136,2136,0
2241,2241,0
2050,2050,0
1994,1994,0
2080,2080,0
2083,2083,0
2045,2045,0
2056,2056,0
2104,2104,0
1976,1976,0
2065,2065,0
2108,2108,0
1864,1864,0
2108,2108,0
1960,1960,0
2209,2209,0
1963,1963,0
1992,1992,0
2025,2025,0
1966,1966,0
2100,2100,0
2043,2043,0
2014,2014,0
2116,2116,0
1961,1961,0
1963,1963,0
2084,2084,0
1888,1888,0
2085,2085,0
2107,2107,0
2085,2085,0
2140,2140,0
2017,2017,0
2071,2071,0
1982,1982,0
2045,2045,0
2155,2155,0
1962,1962,0
2016,2016,0
1958,1958,0
1888,1888,0
2058,2058,0
2159,2159,0
2192,2192,0
1964,1964,0
2052,2052,0
1977,1977,0
2181,2181,0
2104,2104,0
2127,2127,0
2115,2115,0
2066,2066,0
2048,2048,0
1895,1895,0
2035,2035,0
1917,1917,0
2079,2079,0
1880,1880,0
1957,1957,0
2087,2087,0
2093,2093,0
1998,1998,0
2022,2022,0
2079,2079,0
1998,1998,0
2024,2024,0
1941,1941,0
2098,2098,0
2100,2100,0
2096,2096,0
1957,1957,0
1929,1929,0
1995,1995,0
1975,1975,0
2041,2041,0
2160,2160,0
2097,2097,0
2067,2067,0
2053,2053,0
1912,1912,0
2022,2022,0
2092,2092,0
2158,2158,0
2029,2029,0
2087,2087,0
2271,2271,0
2052,2052,0
2046,2046,0
1995,1995,0
1918,1918,0
1957,1957,0
1961,1961,0
2010,2010,0
2020,2020,0
2145,2145,0
2018,2018,0
2031,2031,0
2089,2089,0
2008,2008,0
2099,2099,0
1975,1975,0
2005,2005,0
2125,2125,0
1995,1995,0
2195,2195,0
2179,2179,0
1913,1913,0
2080,2080,0
1968,1968,0
1924,1924,0
2104,2104,0
2123,2123,0
2241,2241,0
2087,2087,0
2144,2144,0
2067,2067,0
1961,1961,0
1859,1859,0
2179,2179,0
2037,2037,0
2100,2100,0
2150,2150,0
2256,2256,0
2003,2003,0
2042,2042,0
2001,2001,0
2001,2001,0
2026,2026,0
2081,2081,0
1933,1933,0
2116,2116,0
1835,1835,0
2064,2064,0
2111,2111,0
2066,2066,0
2227,2227,0
1945,1945,0
1932,1932,0
2046,2046,0
2012,2012,0
1924,1924,0
2018,2018,0
2216,2216,0
2078,2078,0
2021,2021,0
2054,2054,0
2033,2033,0
2149,2149,0
1920,1920,0
2005,2005,0
1994,1994,0
2189,2189,0
2075,2075,0
2206,2206,0
2089,2089,0
2048,2048,0
1941,1941,0
2095,2095,0
1851,1851,0
2179,2179,0
1991,1991,0
2061,2061,0
2071,2071,0
2014,2014,0
2076,2076,0
2127,2127,0
2031,2031,0
2055,2055,0
1899,1899,0
2003,2003,0
2146,2146,0
2146,2146,0
2011,2011,0
2024,2024,0
2065,2065,0
2091,2091,0
2173,2173,0
2170,2170,0
2063,2063,0
2050,2050,0
2055,2055,0
2051,2051,0
2073,2073,0
2008,2008,0
2144,2144,0
1875,1875,0
1930,1930,0
1962,1962,0
2105,2105,0
1919,1919,0
2097,2097,0
1989,1989,0
2018,2018,0
2095,2095,0
2079,2079,0
1985,1985,0
1879,1879,0
2004,2004,0
1930,1930,0
1909,1909,0
2090,2090,0
2068,2068,0
1917,1917,0
2260,2260,0
2081,2081,0
1989,1989,0
2131,2131,0
2108,2108,0
1888,1888,0
1950,1950,0
1965,1965,0
2259,2259,0
2032,2032,0
2126,2126,0
1903,1903,0
2097,2097,0
2261,2261,0
2086,2086,0
2134,2134,0
2083,2083,0
2173,2173,0
2075,2075,0
2045,2045,0
1972,1972,0
1958,1958,0
1944,1944,0
2082,2082,0
1910,1910,0
2004,2004,0
2060,2060,0
2182,2182,0
2022,2022,0
2080,2080,0
2061,2061,0
2005,2005,0
2055,2055,0
2105,2105,0
1904,1904,0
2140,2140,0
1975,1975,0
1981,1981,0
1906,1906,0
2162,2162,0
1989,1989,0
2035,2035,0
2053,2053,0
2297,2297,0
1849,1849,0
1983,1983,0
2264,2264,0
1963,1963,0
1949,1949,0
2001,2001,0
2014,2014,0
2161,2161,0
1958,1958,0
1971,1971,0
2067,2067,0
2260,2260,0
2090,2090,0
2045,2045,0
2024,2024,0
2162,2162,0
2044,2044,0
1997,1997,0
1968,1968,0
2101,2101,0
2287,2287,0
1882,1882,0
2113,2113,0
2163,2163,0
2073,2073,0
2103,2103,0
2148,2148,0
2083,2083,0
2023,2023,0
1839,1839,0
1981,1981,0
2311,2311,0
2110,2110,0
2015,2015,0
2174,2174,0
2036,2036,0
2162,2162,0
2013,2013,0
2088,2088,0
2183,2183,0
2093,2093,0
1966,1966,0
2123,2123,0
2041,2041,0
2000,2000,0
1988,1988,0
1958,1958,0
2130,2130,0
2025,2025,0
2159,2159,0
2073,2073,0
1951,1951,0
1933,1933,0
2065,2065,0
2116,2116,0
2024,2024,0
1918,1918,0
2108,2108,0
2154,2154,0
1934,1934,0
1935,1935,0
2097,2097,0
2061,2061,0
2013,2013,0
1980,1980,0
2028,2028,0
2140,2140,0
1891,1891,0
2119,2119,0
2119,2119,0
2216,2216,0
2135,2135,0
2120,2120,0
2019,2019,0
1996,1996,0
1822,1822,0
1907,1907,0
2156,2156,0
2092,2092,0
1900,1900,0
2129,2129,0
2118,2118,0
2059,2059,0
2007,2007,0
2141,2141,0
2171,2171,0
2101,2101,0
1861,1861,0
1988,1988,0
1907,1907,0
1981,1981,0
1998,1998,0
2195,2195,0
2100,2100,0
2282,2282,0
2097,2097,0
2143,2143,0
2077,2077,0
2129,2129,0
1972,1972,0
1975,1975,0
2212,2212,0
2143,2143,0
2106,2106,0
2012,2012,0
2195,2195,0
1993,1993,0
1964,1964,0
2175,2175,0
2108,2108,0
1912,1912,0
1879,1879,0
2137,2137,0
2053,2053,0
1932,1932,0
2010,2010,0
2025,2025,0
2067,2067,0
2070,2070,0
1934,1934,0
2303,2303,0
2164,2164,0
1919,1919,0
2161,2161,0
2100,2100,0
1896,1896,0
2119,2119,0
2190,2190,0
2052,2052,0
1996,1996,0
2092,2092,0
2047,2047,0
2195,2195,0
2079,2079,0
1853,1853,0
1978,1978,0
1846,1846,0
2002,2002,0
2044,2044,0
2018,2018,0
2099,2099,0
1923,1923,0
2143,2143,0
2082,2082,0
2056,2056,0
2153,2153,0
2362,2362,0
2032,2032,0
1999,1999,0
2140,2140,0
2134,2134,0
1925,1925,0
2082,2082,0
1938,1938,0
2080,2080,0
2028,2028,0
2024,2024,0
2127,2127,0
1983,1983,0
2048,2048,0
2092,2092,0
2014,2014,0
2252,2252,0
2094,2094,0
2130,2130,0
1927,1927,0
2083,2083,0
1971,1971,0
2047,2047,0
1890,1890,0
2109,2109,0
1917,1917,0
1958,1958,0
1930,1930,0
2164,2164,0
2065,2065,0
2152,2152,0
1974,1974,0
2142,2142,0
2138,2138,0
1829,1829,0
1997,1997,0
1939,1939,0
2106,2106,0
2081,2081,0
2148,2148,0
2067,2067,0
2043,2043,0
1888,1888,0
1964,1964,0
1893,1893,0
1895,1895,0
2212,2212,0
1960,1960,0
2043,2043,0
2187,2187,0
2007,2007,0
2192,2192,0
1950,1950,0
1853,1853,0
1880,1880,0
2083,2083,0
1998,1998,0
1991,1991,0
1968,1968,0
1937,1937,0
2118,2118,0
2074,2074,0
2004,2004,0
1951,1951,0
2016,2016,0
2202,2202,0
2059,2059,0
2016,2016,0
2058,2058,0
2063,2063,0
1968,1968,0
2091,2091,0
1935,1935,0
1927,1927,0
2136,2136,0
2033,2033,0
2185,2185,0
2066,2066,0
1996,1996,0
1975,1975,0
2034,2034,0
2178,2178,0
2025,2025,0
2165,2165,0
2033,2033,0
2143,2143,0
1965,1965,0
2138,2138,0
2004,2004,0
1902,1902,0
2249,2249,0
2038,2038,0
2151,2151,0
1988,1988,0
2192,2192,0
1975,1975,0
1976,1976,0
2024,2024,0
2087,2087,0
2017,2017,0
1925,1925,0
2174,2174,0
2129,2129,0
2032,2032,0
1932,1932,0
2048,2048,0
2082,2082,0
2004,2004,0
2072,2072,0
2194,2194,0
2032,2032,0
2116,2116,0
2058,2058,0
2004,2004,0
2089,2089,0
2092,2092,0
1927,1927,0
2234,2234,0
1948,1948,0
2036,2036,0
2121,2121,0
1887,1887,0
2007,2007,0
1853,1853,0
2103,2103,0
1930,1930,0
2137,2137,0
2123,2123,0
2095,2095,0
2005,2005,0
1862,1862,0
1948,1948,0
2074,2074,0
2099,2099,0
2113,2113,0
2052,2052,0
2224,2224,0
1925,1925,0
1921,1921,0
1931,1931,0
2007,2007,0
1921,1921,0
2019,2019,0
2115,2115,0
2097,2097,0
2163,2163,0
2046,2046,0
2136,2136,0
2153,2153,0
2153,2153,0
1967,1967,0
1945,1945,0
2108,2108,0
1920,1920,0
2176,2176,0
1909,1909,0
1937,1937,0
2068,2068,0
1986,1986,0
2247,2247,0
1976,1976,0
2063,2063,0
2132,2132,0
2007,2007,0
1994,1994,0
2210,2210,0
1986,1986,0
2045,2045,0
2121,2121,0
2100,2100,0
2026,2026,0
2123,2123,0
2063,2063,0
2044,2044,0
2080,2080,0
2060,2060,0
2119,2119,0
1827,1827,0
1983,1983,0
1880,1880,0
2020,2020,0
2100,2100,0
2057,2057,0
2020,2020,0
2181,2181,0
2019,2019,0
2094,2094,0
2077,2077,0
2060,2060,0
1810,1810,0
2065,2065,0
2076,2076,0
2099,2099,0
2102,2102,0
2220,2220,0
2079,2079,0
2034,2034,0
2053,2053,0
1868,1868,0
2046,2046,0
2112,2112,0
2090,2090,0
1943,1943,0
1995,1995,0
1946,1946,0
2153,2153,0
2065,2065,0
2133,2133,0
2162,2162,0
10061,5965,1
6550,10646,1
9123,5027,0
1851,1851,0
5901,9997,0
2641,2641,0
2979,2979,0
9994,5898,0
785,785,0
9602,5506,0
7239,11335,0
10234,6138,0
4875,8971,0
7744,11840,0
2326,2326,0
5359,9455,0
235,235,0
3054,3054,0
262,262,0
4137,8233,0
8368,4272,0
5237,9333,0
3244,3244,0
832,832,0
2980,2980,0
3276,3276,0
2800,2800,0
9774,5678,0
6214,10310,0
3764,3764,0
9438,5342,0
6352,10448,0
751,751,0
8092,12188,0
9179,5083,0
6530,10626,0
3460,3460,0
1387,1387,0
7822,11918,0
5555,9651,0
7640,11736,0
3712,3712,0
5076,9172,0
2589,2589,0
2336,2336,0
8424,4328,0
2403,2403,0
1755,1755,0
2282,2282,0
5436,9532,0
3375,3375,0
10118,6022,0
1768,1768,0
5174,9270,0
5410,9506,0
10103,6007,0
5144,9240,0
2682,2682,0
9162,5066,0
6872,10968,0
3188,3188,0
7969,12065,0
3013,3013,0
3337,3337,0
5698,9794,0
5114,9210,0
7128,11224,0
8145,12241,0
4891,8987,0
6109,10205,0
3997,3997,0
6008,10104,0
2939,2939,0
8715,4619,0
9802,5706,0
9542,5446,0
2928,2928,0
3707,3707,0
2774,2774,0
742,742,0
6735,10831,0
4534,8630,0
10346,6250,0
9910,5814,0
10273,6177,0
10113,6017,0
10331,6235,0
10188,6092,0
10237,6141,0
10312,6216,0
10019,5923,0
10205,6109,0
10327,6231,0
10299,6203,0
10277,6181,0
10227,6131,0
10093,5997,0
10412,6316,0
10360,6264,0
10222,6126,0
10356,6260,0
10231,6135,0
10093,5997,0
10285,6189,0
10324,6228,0
10422,6326,0
10288,6192,0
10226,6130,0
10245,6149,0
10048,5952,0
10185,6089,0
10355,6259,0
10295,6199,0
10322,6226,0
10131,6035,0
10208,6112,0
10218,6122,0
10058,5962,0
10297,6201,0
10157,6061,0
10416,6320,0
10132,6036,0
10234,6138,0
10213,6117,0
10308,6212,0
10223,6127,0
10263,6167,0
10113,6017,0
10204,6108,0
10102,6006,0
10128,6032,0
10218,6122,0
10272,6176,0
10302,6206,0
10113,6017,0
10371,6275,0
10336,6240,0
10140,6044,0
10265,6169,0
10535,6439,0
10183,6087,0
10284,6188,0
10171,6075,0
10167,6071,0
10206,6110,0
10162,6066,0
10361,6265,0
10490,6394,0
10253,6157,0
10104,6008,0
10226,6130,0
10259,6163,0
10131,6035,0
10163,6067,0
9957,5861,0
10302,6206,0
10298,6202,0
10325,6229,0
10317,6221,0
10190,6094,0
10182,6086,0
10283,6187,0
10345,6249,0
10250,6154,0
10157,6061,0
10424,6328,0
10113,6017,0
10257,6161,0
10439,6343,0
10342,6246,0
10250,6154,0
10274,6178,0
10146,6050,0
10225,6129,0
10236,6140,0
10275,6179,0
10292,6196,0
10189,6093,0
10285,6189,0
10085,5989,0
10218,6122,0
10455,6359,0
10284,6188,0
10315,6219,0
10200,6104,0
10260,6164,0
10169,6073,0
10351,6255,0
10147,6051,0
10301,6205,0
10109,6013,0
10079,5983,0
10241,6145,0
10238,6142,0
10329,6233,0
10293,6197,0
10046,5950,0
10156,6060,0
10402,6306,0
10311,6215,0
10382,6286,0
10337,6241,0
10315,6219,0
10260,6164,0
10234,6138,0
10263,6167,0
10487,6391,0
10144,6048,0
10252,6156,0
10280,6184,0
10279,6183,0
10155,6059,0
10125,6029,0
10267,6171,0
10277,6181,0
10215,6119,0
10345,6249,0
10134,6038,0
10304,6208,0
10138,6042,0
10012,5916,0
10135,6039,0
10358,6262,0
10231,6135,0
10169,6073,0
10199,6103,0
10346,6250,0
10300,6204,0
10108,6012,0
10207,6111,0
10381,6285,0
10217,6121,0
10471,6375,0
9991,5895,0
10278,6182,0
10345,6249,0
10131,6035,0
10181,6085,0
10268,6172,0
10026,5930,0
10203,6107,0
10312,6216,0
10172,6076,0
10096,6000,0
10100,6004,0
10235,6139,0
10340,6244,0
10133,6037,0
10060,5964,0
10330,6234,0
10298,6202,0
10200,6104,0
10259,6163,0
10193,6097,0
10289,6193,0
10239,6143,0
10146,6050,0
10235,6139,0
10339,6243,0
10208,6112,0
10245,6149,0
10221,6125,0
10280,6184,0
10297,6201,0
10117,6021,0
10092,5996,0
10155,6059,0
10101,6005,0
10245,6149,0
10285,6189,0
10063,5967,0
10565,6469,0
10161,6065,0
10217,6121,0
10082,5986,0
10236,6140,0
10206,6110,0
10126,6030,0
10370,6274,0
10206,6110,0
10036,5940,0
10235,6139,0
10167,6071,0
10264,6168,0
10298,6202,0
10232,6136,0
10216,6120,0
10194,6098,0
10004,5908,0
10146,6050,0
10272,6176,0
10334,6238,0
10091,5995,0
10171,6075,0
10274,6178,0
10331,6235,0
10288,6192,0
10246,6150,0
10167,6071,0
10170,6074,0
10183,6087,0
10271,6175,0
10292,6196,0
10154,6058,0
10354,6258,0
10250,6154,0
10245,6149,0
10248,6152,0
10127,6031,0
10277,6181,0
10207,6111,0
10255,6159,0
10335,6239,0
10243,6147,0
10197,6101,0
10377,6281,0
10031,5935,0
10392,6296,0
10208,6112,0
10232,6136,0
10279,6183,0
10138,6042,0
10209,6113,0
10333,6237,0
10277,6181,0
10359,6263,0
10144,6048,0
10313,6217,0
10096,6000,0
10182,6086,0
10184,6088,0
10207,6111,0
10338,6242,0
10184,6088,0
10311,6215,0
10356,6260,0
10406,6310,0
10124,6028,0
10285,6189,0
10203,6107,0
10261,6165,0
10336,6240,0
10301,6205,0
10254,6158,0
10152,6056,0
10123,6027,0
10395,6299,0
10304,6208,0
10282,6186,0
10269,6173,0
10195,6099,0
10162,6066,0
10383,6287,0
10233,6137,0
10257,6161,0
10244,6148,0
10422,6326,0
10204,6108,0
10181,6085,0
10385,6289,0
10261,6165,0
10041,5945,0
10289,6193,0
10311,6215,0
10237,6141,0
10126,6030,0
10206,6110,0
10490,6394,0
10091,5995,0
10322,6226,0
10222,6126,0
10226,6130,0
10234,6138,0
10126,6030,0
10188,6092,0
10155,6059,0
10251,6155,0
10249,6153,0
9978,5882,0
10255,6159,0
10222,6126,0
10281,6185,0
10168,6072,0
10044,5948,0
10269,6173,0
10214,6118,0
10128,6032,0
10295,6199,0
10294,6198,0
10331,6235,0
10393,6297,0
10141,6045,0
10324,6228,0
10153,6057,0
10322,6226,0
10291,6195,0
10204,6108,0
10371,6275,0
10297,6201,0
10195,6099,0
10153,6057,0
10051,5955,0
10362,6266,0
10214,6118,0
10123,6027,0
10219,6123,0
10070,5974,0
10322,6226,0
10383,6287,0
10330,6234,0
10117,6021,0
10315,6219,0
10296,6200,0
10275,6179,0
10235,6139,0
10291,6195,0
10370,6274,0
10264,6168,0
10276,6180,0
10159,6063,0
10323,6227,0
10291,6195,0
10065,5969,0
10239,6143,0
10409,6313,0
10219,6123,0
10255,6159,0
10208,6112,0
10077,5981,0
10207,6111,0
10132,6036,0
10348,6252,0
10332,6236,0
10243,6147,0
10323,6227,0
10258,6162,0
10224,6128,0
10281,6185,0
10090,5994,0
10150,6054,0
10316,6220,0
10278,6182,0
10339,6243,0
10221,6125,0
10168,6072,0
10472,6376,0
10246,6150,0
10210,6114,0
10231,6135,0
10178,6082,0
10334,6238,0
10287,6191,0
10327,6231,0
10390,6294,0
10247,6151,0
10132,6036,0
10164,6068,0
10184,6088,0
10262,6166,0
10349,6253,0
10326,6230,0
10523,6427,0
10241,6145,0
10316,6220,0
10273,6177,0
10024,5928,0
10404,6308,0
10186,6090,0
10196,6100,0
10227,6131,0
10292,6196,0
10298,6202,0
10307,6211,0
10393,6297,0
10333,6237,0
10082,5986,0
10190,6094,0
10232,6136,0
10382,6286,0
10132,6036,0
10226,6130,0
10135,6039,0
10200,6104,0
10205,6109,0
10215,6119,0
10112,6016,0
10321,6225,0
10432,6336,0
9978,5882,0
10235,6139,0
10203,6107,0
10371,6275,0
10176,6080,0
10059,5963,0
10260,6164,0
10302,6206,0
10222,6126,0
10278,6182,0
10179,6083,0
9995,5899,0
10177,6081,0
10267,6171,0
10220,6124,0
10126,6030,0
10238,6142,0
10041,5945,0
10395,6299,0
10103,6007,0
10398,6302,0
10133,6037,0
10315,6219,0
10206,6110,0
10104,6008,0
10230,6134,0
10366,6270,0
10458,6362,0
10240,6144,0
10343,6247,0
10156,6060,0
10117,6021,0
10399,6303,0
10247,6151,0
10467,6371,0
10210,6114,0
10360,6264,0
10283,6187,0
10133,6037,0
10149,6053,0
10260,6164,0
10291,6195,0
10276,6180,0
10130,6034,0
10389,6293,0
10165,6069,0
10083,5987,0
10222,6126,0
10319,6223,0
10258,6162,0
10331,6235,0
10209,6113,0
10187,6091,0
10359,6263,0
10143,6047,0
10264,6168,0
10261,6165,0
10342,6246,0
10195,6099,0
10278,6182,0
10279,6183,0
10209,6113,0
10247,6151,0
10263,6167,0
10130,6034,0
10053,5957,0
10156,6060,0
10360,6264,0
10149,6053,0
10251,6155,0
10387,6291,0
10339,6243,0
10086,5990,0
10244,6148,0
10176,6080,0
10214,6118,0
10198,6102,0
10187,6091,0
10306,6210,0
10297,6201,0
10378,6282,0
10167,6071,0
10204,6108,0
10090,5994,0
10281,6185,0
10100,6004,0
10173,6077,0
10339,6243,0
10161,6065,0
10215,6119,0
10319,6223,0
10249,6153,0
10353,6257,0
10338,6242,0
10407,6311,0
10429,6333,0
10178,6082,0
10146,6050,0
10319,6223,0
10046,5950,0
10347,6251,0
10166,6070,0
10323,6227,0
9995,5899,0
10229,6133,0
10265,6169,0
10294,6198,0
10253,6157,0
10224,6128,0
10210,6114,0
10111,6015,0
10250,6154,0
10194,6098,0
10230,6134,0
10304,6208,0
10379,6283,0
10344,6248,0
10212,6116,0
10310,6214,0
10280,6184,0
10306,6210,0
10247,6151,0
10319,6223,0
10327,6231,0
10297,6201,0
10417,6321,0
10137,6041,0
10248,6152,0
10095,5999,0
10219,6123,0
10382,6286,0
10071,5975,0
10320,6224,0
10131,6035,0
10297,6201,0
10217,6121,0
10311,6215,0
10308,6212,0
10562,6466,0
10287,6191,0
10271,6175,0
10183,6087,0
10359,6263,0
10164,6068,0
10143,6047,0
10216,6120,0
10396,6300,0
10437,6341,0
10286,6190,0
10301,6205,0
10159,6063,0
10360,6264,0
10259,6163,0
10190,6094,0
10507,6411,0
10239,6143,0
10363,6267,0
10278,6182,0
10138,6042,0
10032,5936,0
10425,6329,0
10295,6199,0
10153,6057,0
10311,6215,0
10230,6134,0
10287,6191,0
10176,6080,0
10194,6098,0
10213,6117,0
10159,6063,0
10279,6183,0
10284,6188,0
10064,5968,0
10200,6104,0
10159,6063,0
10174,6078,0
10339,6243,0
10291,6195,0
10151,6055,0
9970,5874,0
10270,6174,0
10132,6036,0
10187,6091,0
10213,6117,0
10321,6225,0
10227,6131,0
10405,6309,0
10042,5946,0
10248,6152,0
10192,6096,0
10240,6144,0
10214,6118,0
10251,6155,0
10241,6145,0
10254,6158,0
10338,6242,0
10126,6030,0
10416,6320,0
10191,6095,0
10095,5999,0
10196,6100,0
10261,6165,0
10256,6160,0
10293,6197,0
10267,6171,0
10369,6273,0
10198,6102,0
10431,6335,0
10131,6035,0
10054,5958,0
10215,6119,0
10479,6383,0
10261,6165,0
10272,6176,0
10338,6242,0
10117,6021,0
10170,6074,0
10143,6047,0
10250,6154,0
10180,6084,0
10348,6252,0
10456,6360,0
10288,6192,0
10222,6126,0
10413,6317,0
10229,6133,0
10376,6280,0
10304,6208,0
10280,6184,0
10405,6309,0
10275,6179,0
10224,6128,0
10291,6195,0
10202,6106,0
10138,6042,0
10336,6240,0
10262,6166,0
10241,6145,0
10156,6060,0
10146,6050,0
10235,6139,0
10218,6122,0
10202,6106,0
10398,6302,0
10149,6053,0
10584,6488,0
10454,6358,0
10310,6214,0
10054,5958,0
10518,6422,0
10070,5974,0
10282,6186,0
10256,6160,0
10052,5956,0
10071,5975,0
10332,6236,0
10215,6119,0
10300,6204,0
10138,6042,0
10040,5944,0
10150,6054,0
10078,5982,0
10291,6195,0
10551,6455,0
10137,6041,0
10307,6211,0
10206,6110,0
10108,6012,0
9945,5849,0
10244,6148,0
10103,6007,0
10146,6050,0
10212,6116,0
10129,6033,0
9963,5867,0
10236,6140,0
10082,5986,0
10336,6240,0
10205,6109,0
10136,6040,0
10368,6272,0
10083,5987,0
10242,6146,0
10375,6279,0
10252,6156,0
10220,6124,0
10183,6087,0
10222,6126,0
10259,6163,0
10233,6137,0
10363,6267,0
10269,6173,0
10059,5963,0
10131,6035,0
10169,6073,0
10306,6210,0
10282,6186,0
10296,6200,0
10302,6206,0
10114,6018,0
10263,6167,0
10495,6399,0
10318,6222,0
10156,6060,0
10089,5993,0
10408,6312,0
10244,6148,0
10208,6112,0
10347,6251,0
10149,6053,0
10192,6096,0
10279,6183,0
10140,6044,0
10274,6178,0
10045,5949,0
10068,5972,0
10212,6116,0
10453,6357,0
10224,6128,0
10129,6033,0
10273,6177,0
10135,6039,0
10239,6143,0
10321,6225,0
10246,6150,0
10307,6211,0
10234,6138,0
10135,6039,0
10234,6138,0
10224,6128,0
10289,6193,0
10193,6097,0
10228,6132,0
10175,6079,0
10206,6110,0
10112,6016,0
10306,6210,0
10286,6190,0
10248,6152,0
10459,6363,0
10372,6276,0
10276,6180,0
10346,6250,0
10125,6029,0
10274,6178,0
10149,6053,0
10170,6074,0
10337,6241,0
10055,5959,0
10377,6281,0
10151,6055,0
10296,6200,0
10339,6243,0
10286,6190,0
10219,6123,0
10270,6174,0
9967,5871,0
10142,6046,0
10184,6088,0
10146,6050,0
10182,6086,0
10156,6060,0
10345,6249,0
10433,6337,0
10461,6365,0
10329,6233,0
10326,6230,0
10273,6177,0
10179,6083,0
10301,6205,0
10319,6223,0
10169,6073,0
10283,6187,0
10337,6241,0
10277,6181,0
10373,6277,0
10189,6093,0
10174,6078,0
10149,6053,0
10286,6190,0
10197,6101,0
10419,6323,0
10169,6073,0
10279,6183,0
10211,6115,0
10185,6089,0
10250,6154,0
10176,6080,0
10276,6180,0
10282,6186,0
10338,6242,0
10039,5943,0
10331,6235,0
10303,6207,0
10238,6142,0
10218,6122,0
10343,6247,0
10289,6193,0
10359,6263,0
10355,6259,0
10296,6200,0
10303,6207,0
10165,6069,0
10229,6133,0
10206,6110,0
10113,6017,0
10104,6008,0
10146,6050,0
10102,6006,0
10352,6256,0
10160,6064,0
10321,6225,0
10363,6267,0
10239,6143,0
10134,6038,0
10056,5960,0
10128,6032,0
10242,6146,0
10316,6220,0
10396,6300,0
10273,6177,0
10374,6278,0
10265,6169,0
10289,6193,0
10050,5954,0
10155,6059,0
10298,6202,0
10222,6126,0
10286,6190,0
10268,6172,0
10342,6246,0
10290,6194,0
10141,6045,0
10230,6134,0
10182,6086,0
10187,6091,0
10189,6093,0
10291,6195,0
10226,6130,0
10264,6168,0
10246,6150,0
10384,6288,0
10123,6027,0
9959,5863,0
10235,6139,0
10156,6060,0
10033,5937,0
10269,6173,0
10016,5920,0
10190,6094,0
10093,5997,0
10030,5934,0
10234,6138,0
10179,6083,0
10306,6210,0
10298,6202,0
10170,6074,0
10304,6208,0
10295,6199,0
10335,6239,0
10278,6182,0
10293,6197,0
10139,6043,0
10412,6316,0
10270,6174,0
10084,5988,0
10141,6045,0
10342,6246,0
10365,6269,0
10215,6119,0
10331,6235,0
10207,6111,0
10133,6037,0
10204,6108,0
10108,6012,0
10052,5956,0
10159,6063,0
10351,6255,0
10218,6122,0
10125,6029,0
10087,5991,0
10226,6130,0
10282,6186,0
10096,6000,0
10298,6202,0
10189,6093,0
10283,6187,0
10263,6167,0
10193,6097,0
10311,6215,0
10249,6153,0
10229,6133,0
10088,5992,0
10315,6219,0
10246,6150,0
10238,6142,0
10087,5991,0
10181,6085,0
10434,6338,0
10295,6199,0
10460,6364,0
10415,6319,0
10152,6056,0
10353,6257,0
10301,6205,0
9963,5867,0
10251,6155,0
10330,6234,0
10364,6268,0
10201,6105,0
10311,6215,0
10294,6198,0
10281,6185,0
10189,6093,0
10183,6087,0
10226,6130,0
10105,6009,0
10353,6257,0
10439,6343,0
10282,6186,0
10162,6066,0
10332,6236,0
10244,6148,0
10260,6164,0
10321,6225,0
10412,6316,0
10349,6253,0
10154,6058,0
10130,6034,0
10241,6145,0
10122,6026,0
10296,6200,0
10119,6023,0
10112,6016,0
10295,6199,0
10220,6124,0
10211,6115,0
10293,6197,0
10176,6080,0
10298,6202,0
10291,6195,0
10295,6199,0
10366,6270,0
10199,6103,0
10300,6204,0
10231,6135,0
10290,6194,0
10330,6234,0
10049,5953,0
10179,6083,0
10298,6202,0
10229,6133,0
10280,6184,0
10196,6100,0
10232,6136,0
10443,6347,0
10379,6283,0
10113,6017,0
10096,6000,0
10269,6173,0
10306,6210,0
10305,6209,0
10146,6050,0
10204,6108,0
10308,6212,0
10241,6145,0
10244,6148,0
10241,6145,0
10181,6085,0
10174,6078,0
10148,6052,0
10293,6197,0
10217,6121,0
10133,6037,0
10109,6013,0
10134,6038,0
10231,6135,0
10242,6146,0
10417,6321,0
10261,6165,0
10247,6151,0
10225,6129,0
10115,6019,0
10077,5981,0
10328,6232,0
10090,5994,0
10333,6237,0
10213,6117,0
10117,6021,0
10145,6049,0
10179,6083,0
10250,6154,0
10075,5979,0
10145,6049,0
10177,6081,0
10422,6326,0
10217,6121,0
10157,6061,0
10247,6151,0
10235,6139,0
10200,6104,0
10202,6106,0
10205,6109,0
10128,6032,0
10108,6012,0
10319,6223,0
10300,6204,0
10543,6447,0
10267,6171,0
10259,6163,0
10269,6173,0
10222,6126,0
10258,6162,0
10154,6058,0
10205,6109,0
10026,5930,0
10257,6161,0
10077,5981,0
10332,6236,0
10311,6215,0
10000,5904,0
10370,6274,0
10326,6230,0
10230,6134,0
10101,6005,0
10113,6017,0
10237,6141,0
10126,6030,0
10108,6012,0
10395,6299,0
10257,6161,0
10369,6273,0
10161,6065,0
10131,6035,0
10243,6147,0
10321,6225,0
10348,6252,0
10070,5974,0
10196,6100,0
10121,6025,0
10353,6257,0
10310,6214,0
10263,6167,0
10276,6180,0
10059,5963,0
10210,6114,0
10171,6075,0
10263,6167,0
10131,6035,0
10129,6033,0
10107,6011,0
10215,6119,0
10237,6141,0
10240,6144,0
10286,6190,0
10122,6026,0
10120,6024,0
10481,6385,0
10357,6261,0
10189,6093,0
10388,6292,0
10244,6148,0
10167,6071,0
10330,6234,0
10291,6195,0
10354,6258,0
10357,6261,0
10281,6185,0
10288,6192,0
10223,6127,0
10156,6060,0
10279,6183,0
10202,6106,0
10117,6021,0
10318,6222,0
10311,6215,0
10337,6241,0
10389,6293,0
10361,6265,0
10272,6176,0
10329,6233,0
10357,6261,0
10015,5919,0
10212,6116,0
10339,6243,0
10186,6090,0
10222,6126,0
10383,6287,0
10263,6167,0
10295,6199,0
10343,6247,0
10098,6002,0
10107,6011,0
10289,6193,0
10138,6042,0
10229,6133,0
10253,6157,0
10288,6192,0
10184,6088,0
10451,6355,0
10133,6037,0
10180,6084,0
10250,6154,0
10255,6159,0
10077,5981,0
10212,6116,0
10374,6278,0
10313,6217,0
10311,6215,0
10108,6012,0
10330,6234,0
10234,6138,0
10299,6203,0
10278,6182,0
10334,6238,0
10010,5914,0
10138,6042,0
10271,6175,0
10259,6163,0
10242,6146,0
10311,6215,0
10146,6050,0
10037,5941,0
10140,6044,0
10278,6182,0
10034,5938,0
10201,6105,0
10140,6044,0
10177,6081,0
10233,6137,0
10376,6280,0
10096,6000,0
10320,6224,0
10269,6173,0
10117,6021,0
10294,6198,0
10287,6191,0
10151,6055,0
10327,6231,0
10273,6177,0
10016,5920,0
10448,6352,0
10247,6151,0
10212,6116,0
10388,6292,0
10276,6180,0
10199,6103,0
10161,6065,0
10236,6140,0
10336,6240,0
10289,6193,0
10413,6317,0
10138,6042,0
10231,6135,0
10132,6036,0
10330,6234,0
10181,6085,0
10327,6231,0
10148,6052,0
10082,5986,0
10271,6175,0
10367,6271,0
10253,6157,0
10246,6150,0
10203,6107,0
10139,6043,0
10195,6099,0
10135,6039,0
10326,6230,0
10058,5962,0
10153,6057,0
10250,6154,0
10198,6102,0
10250,6154,0
10350,6254,0
10155,6059,0
10121,6025,0
10436,6340,0
10192,6096,0
10440,6344,0
10283,6187,0
10304,6208,0
10135,6039,0
10286,6190,0
10211,6115,0
10231,6135,0
10193,6097,0
10183,6087,0
10036,5940,0
10337,6241,0
10151,6055,0
10193,6097,0
10453,6357,0
10044,5948,0
10267,6171,0
10467,6371,0
10157,6061,0
10387,6291,0
10314,6218,0
10181,6085,0
10152,6056,0
10328,6232,0
10174,6078,0
10245,6149,0
10506,6410,0
10264,6168,0
10328,6232,0
10313,6217,0
10343,6247,0
10357,6261,0
10184,6088,0
10136,6040,0
10353,6257,0
10182,6086,0
10253,6157,0
10340,6244,0
10079,5983,0
10280,6184,0
10227,6131,0
10269,6173,0
10148,6052,0
10337,6241,0
10223,6127,0
10283,6187,0
10305,6209,0
10323,6227,0
10439,6343,0
10238,6142,0
10354,6258,0
10194,6098,0
10169,6073,0
10472,6376,0
10216,6120,0
10066,5970,0
10167,6071,0
10230,6134,0
10195,6099,0
10232,6136,0
10310,6214,0
10143,6047,0
10314,6218,0
10360,6264,0
10107,6011,0
10251,6155,0
9949,5853,0
10051,5955,0
10330,6234,0
10176,6080,0
10234,6138,0
10124,6028,0
10211,6115,0
10183,6087,0
10155,6059,0
10176,6080,0
10205,6109,0
10196,6100,0
10256,6160,0
10130,6034,0
10216,6120,0
10074,5978,0
10272,6176,0
10034,5938,0
10252,6156,0
10232,6136,0
10141,6045,0
10221,6125,0
10164,6068,0
10213,6117,0
10210,6114,0
10432,6336,0
10356,6260,0
10171,6075,0
10138,6042,0
10391,6295,0
9943,5847,0
10183,6087,0
10200,6104,0
10331,6235,0
10120,6024,0
10236,6140,0
10108,6012,0
10185,6089,0
10308,6212,0
10203,6107,0
10152,6056,0
10327,6231,0
10273,6177,0
10260,6164,0
10347,6251,0
10171,6075,0
10233,6137,0
10203,6107,0
10212,6116,0
10320,6224,0
10401,6305,0
10062,5966,0
10268,6172,0
10289,6193,0
10313,6217,0
10231,6135,0
10320,6224,0
10339,6243,0
10196,6100,0
10361,6265,0
10358,6262,0
10333,6237,0
10097,6001,0
10248,6152,0
10105,6009,0
10270,6174,0
10060,5964,0
10239,6143,0
10267,6171,0
10182,6086,0
10190,6094,0
10373,6277,0
10389,6293,0
10329,6233,0
10230,6134,0
10364,6268,0
10275,6179,0
10471,6375,0
10177,6081,0
10292,6196,0
10175,6079,0
10481,6385,0
10237,6141,0
10198,6102,0
10239,6143,0
10289,6193,0
10250,6154,0
10240,6144,0
10266,6170,0
10209,6113,0
10393,6297,0
10398,6302,0
10276,6180,0
10127,6031,0
10024,5928,0
10099,6003,0
10241,6145,0
10145,6049,0
10158,6062,0
10232,6136,0
10249,6153,0
10200,6104,0
10163,6067,0
10274,6178,0
10228,6132,0
10230,6134,0
10096,6000,0
10306,6210,0
10285,6189,0
10180,6084,0
10498,6402,0
10286,6190,0
10418,6322,0
10254,6158,0
10305,6209,0
10265,6169,0
10152,6056,0
9987,5891,0
10157,6061,0
10237,6141,0
10238,6142,0
10260,6164,0
10195,6099,0
10264,6168,0
10288,6192,0
10254,6158,0
10157,6061,0
10095,5999,0
10315,6219,0
10307,6211,0
10006,5910,0
10305,6209,0
10274,6178,0
10244,6148,0
10177,6081,0
10273,6177,0
10202,6106,0
10005,5909,0
10188,6092,0
10351,6255,0
10350,6254,0
10044,5948,0
10386,6290,0
10383,6287,0
10314,6218,0
10291,6195,0
10337,6241,0
10271,6175,0
10340,6244,0
10258,6162,0
10094,5998,0
10279,6183,0
10230,6134,0
10273,6177,0
10324,6228,0
10347,6251,0
10258,6162,0
10246,6150,0
10148,6052,0
10099,6003,0
10271,6175,0
10210,6114,0
10283,6187,0
10363,6267,0
10207,6111,0
10457,6361,0
10220,6124,0
10260,6164,0
10303,6207,0
10218,6122,0
10164,6068,0
10114,6018,0
10140,6044,0
10307,6211,0
10120,6024,0
10320,6224,0
10228,6132,0
10336,6240,0
10380,6284,0
10264,6168,0
265,265,0
1673,1673,0
978,978,0
4144,8240,0
1592,1592,0
2291,2291,0
1965,1965,0
3662,3662,0
3869,3869,0
149,149,0
3674,3674,0
4575,8671,0
4298,8394,0
4099,8195,0
3293,3293,0
3883,3883,0
1020,1020,0
6033,10129,0
4237,8333,0
2483,2483,0
3212,3212,0
2936,2936,0
3561,3561,0
2236,2236,0
2212,2212,0
3490,3490,0
274,274,0
1235,1235,0
4579,8675,0
3657,3657,0
2890,2890,0
890,890,0
3015,3015,0
4036,4036,0
4700,8796,0
4229,8325,0
4389,8485,0
2058,2058,0
3230,3230,0
2356,2356,0
1903,1903,0
1781,1781,0
2184,2184,0
3747,3747,0
2517,2517,0
1902,1902,0
5309,9405,0
895,895,0
1980,1980,0
197,197,0
123,123,0
2349,2349,0
1613,1613,0
4717,8813,0
5267,9363,0
5549,9645,0
3390,3390,0
4574,8670,0
653,653,0
2962,2962,0
2838,2838,0
5639,9735,0
5583,9679,0
814,814,0
1707,1707,0
1194,1194,0
5417,9513,0
2170,2170,0
2363,2363,0
2430,2430,0
5321,9417,0
4336,8432,0
511,511,0
5390,9486,0
1023,1023,0
2099,2099,0
2767,2767,0
4674,8770,0
2584,2584,0
3432,3432,0
1611,1611,0
3015,3015,0
4245,8341,0
4903,8999,0
2521,2521,0
3739,3739,0
3985,3985,0
4808,8904,0
2693,2693,0
4445,8541,0
2308,2308,0
4063,4063,0
1400,1400,0
3868,3868,0
932,932,0
297,297,0
2801,2801,0
1210,1210,0
3009,3009,0
1145,1145,0
3897,3897,0
5275,9371,0
5158,9254,0
5685,9781,0
3019,3019,0
3548,3548,0
5857,9953,0
2012,2012,0
2099,2099,0
1879,1879,0
4538,8634,0
5257,9353,0
1973,1973,0
2401,2401,0
4466,8562,0
5307,9403,0
926,926,0
1980,1980,0
5019,9115,0
4767,8863,0
2046,2046,0
4786,8882,0
1751,1751,0
4056,4056,0
298,298,0
5692,9788,0
1879,1879,0
4833,8929,0
5697,9793,0
2547,2547,0
819,819,0
5615,9711,0
5439,9535,0
2729,2729,0
893,893,0
5715,9811,0
527,527,0
1948,1948,0
476,476,0
229,229,0
5398,9494,0
4580,8676,0
3015,3015,0
4473,8569,0
4556,8652,0
1742,1742,0
2493,2493,0
589,589,0
386,386,0
3226,3226,0
4525,8621,0
4864,8960,0
910,910,0
421,421,0
4496,8592,0
2889,2889,0
230,230,0
706,706,0
5867,9963,0
6266,10362,0
6053,10149,0
6181,10277,0
6291,10387,0
6139,10235,0
6228,10324,0
6154,10250,0
6174,10270,0
6217,10313,0
6207,10303,0
6252,10348,0
6179,10275,0
6157,10253,0
6154,10250,0
6198,10294,0
6141,10237,0
6304,10400,0
6040,10136,0
6289,10385,0
5978,10074,0
6107,10203,0
6037,10133,0
6035,10131,0
6088,10184,0
5998,10094,0
6180,10276,0
6047,10143,0
6082,10178,0
6157,10253,0
6091,10187,0
6286,10382,0
6212,10308,0
6071,10167,0
6078,10174,0
6186,10282,0
6114,10210,0
6192,10288,0
6248,10344,0
6174,10270,0
6007,10103,0
6003,10099,0
6037,10133,0
6125,10221,0
5979,10075,0
6279,10375,0
6256,10352,0
6133,10229,0
6217,10313,0
6012,10108,0
6040,10136,0
6052,10148,0
5987,10083,0
6032,10128,0
6207,10303,0
6110,10206,0
6019,10115,0
6093,10189,0
6415,10511,0
6055,10151,0
6051,10147,0
6121,10217,0
6053,10149,0
6096,10192,0
6061,10157,0
6160,10256,0
6198,10294,0
6266,10362,0
6233,10329,0
6031,10127,0
6367,10463,0
6288,10384,0
6189,10285,0
6193,10289,0
6276,10372,0
6136,10232,0
6186,10282,0
6113,10209,0
6250,10346,0
6249,10345,0
6220,10316,0
6099,10195,0
6151,10247,0
6034,10130,0
6141,10237,0
6100,10196,0
6201,10297,0
6102,10198,0
6223,10319,0
6099,10195,0
5982,10078,0
6064,10160,0
5978,10074,0
6140,10236,0
6221,10317,0
5970,10066,0
6276,10372,0
6263,10359,0
6180,10276,0
6111,10207,0
6178,10274,0
6096,10192,0
6063,10159,0
6198,10294,0
6211,10307,0
6046,10142,0
6151,10247,0
6168,10264,0
6066,10162,0
6314,10410,0
6271,10367,0
5961,10057,0
6182,10278,0
6189,10285,0
6172,10268,0
5968,10064,0
6306,10402,0
6047,10143,0
6022,10118,0
6174,10270,0
6199,10295,0
6239,10335,0
6095,10191,0
6282,10378,0
6162,10258,0
6147,10243,0
6117,10213,0
6338,10434,0
6273,10369,0
6145,10241,0
6083,10179,0
6233,10329,0
6127,10223,0
6160,10256,0
6117,10213,0
6270,10366,0
6147,10243,0
6091,10187,0
6045,10141,0
6096,10192,0
6213,10309,0
6034,10130,0
6156,10252,0
6090,10186,0
6155,10251,0
6004,10100,0
6167,10263,0
6143,10239,0
6203,10299,0
6135,10231,0
6266,10362,0
5989,10085,0
6175,10271,0
6226,10322,0
6091,10187,0
6174,10270,0
6294,10390,0
6312,10408,0
5980,10076,0
6126,10222,0
6151,10247,0
6264,10360,0
6229,10325,0
6173,10269,0
5984,10080,0
6142,10238,0
6313,10409,0
6284,10380,0
6237,10333,0
6093,10189,0
6175,10271,0
6286,10382,0
6196,10292,0
6224,10320,0
6281,10377,0
6054,10150,0
6241,10337,0
6283,10379,0
6156,10252,0
6105,10201,0
6180,10276,0
6168,10264,0
6222,10318,0
6305,10401,0
5926,10022,0
6268,10364,0
6091,10187,0
6165,10261,0
5853,9949,0
6288,10384,0
6210,10306,0
6185,10281,0
6148,10244,0
6006,10102,0
6188,10284,0
6027,10123,0
6000,10096,0
6164,10260,0
6137,10233,0
5961,10057,0
6064,10160,0
6050,10146,0
6108,10204,0
6091,10187,0
6338,10434,0
5971,10067,0
6016,10112,0
5938,10034,0
6019,10115,0
6240,10336,0
6064,10160,0
5926,10022,0
5998,10094,0
6039,10135,0
6275,10371,0
5983,10079,0
6180,10276,0
6051,10147,0
6012,10108,0
6189,10285,0
6121,10217,0
6169,10265,0
6281,10377,0
6153,10249,0
6133,10229,0
6296,10392,0
6014,10110,0
6119,10215,0
6095,10191,0
6178,10274,0
6237,10333,0
6185,10281,0
6088,10184,0
6174,10270,0
6170,10266,0
6202,10298,0
6153,10249,0
6082,10178,0
6194,10290,0
6029,10125,0
6044,10140,0
6166,10262,0
6182,10278,0
6208,10304,0
6260,10356,0
5989,10085,0
6157,10253,0
6105,10201,0
6036,10132,0
6196,10292,0
6249,10345,0
6157,10253,0
5988,10084,0
6218,10314,0
6323,10419,0
6240,10336,0
5953,10049,0
6261,10357,0
6176,10272,0
6316,10412,0
6089,10185,0
6027,10123,0
6032,10128,0
6161,10257,0
6180,10276,0
6123,10219,0
6105,10201,0
6444,10540,0
6149,10245,0
6142,10238,0
5982,10078,0
6171,10267,0
6135,10231,0
6026,10122,0
6130,10226,0
6132,10228,0
6088,10184,0
6092,10188,0
6078,10174,0
6214,10310,0
6046,10142,0
6274,10370,0
6276,10372,0
6033,10129,0
6127,10223,0
6132,10228,0
6000,10096,0
6132,10228,0
6120,10216,0
6169,10265,0
6231,10327,0
6086,10182,0
6314,10410,0
6153,10249,0
6152,10248,0
6228,10324,0
6109,10205,0
6152,10248,0
6257,10353,0
6142,10238,0
5948,10044,0
6359,10455,0
6164,10260,0
6018,10114,0
6111,10207,0
6145,10241,0
6153,10249,0
6198,10294,0
6068,10164,0
6169,10265,0
6174,10270,0
6133,10229,0
6162,10258,0
6302,10398,0
5991,10087,0
6227,10323,0
6162,10258,0
6061,10157,0
6089,10185,0
6107,10203,0
6108,10204,0
6050,10146,0
5879,9975,0
6155,10251,0
6007,10103,0
6127,10223,0
6179,10275,0
6139,10235,0
6205,10301,0
6189,10285,0
6144,10240,0
6207,10303,0
6188,10284,0
6336,10432,0
6211,10307,0
6365,10461,0
5970,10066,0
6214,10310,0
6051,10147,0
6302,10398,0
6105,10201,0
6209,10305,0
6143,10239,0
6017,10113,0
6265,10361,0
6203,10299,0
6222,10318,0
6248,10344,0
6071,10167,0
6174,10270,0
6059,10155,0
6280,10376,0
6122,10218,0
6177,10273,0
6039,10135,0
6176,10272,0
5927,10023,0
6176,10272,0
6121,10217,0
6157,10253,0
6009,10105,0
6143,10239,0
6243,10339,0
6282,10378,0
6206,10302,0
6284,10380,0
6210,10306,0
6101,10197,0
6137,10233,0
6371,10467,0
6202,10298,0
6101,10197,0
5998,10094,0
6045,10141,0
6178,10274,0
6219,10315,0
6058,10154,0
5995,10091,0
6154,10250,0
6130,10226,0
5973,10069,0
6008,10104,0
6201,10297,0
6162,10258,0
6198,10294,0
6288,10384,0
6180,10276,0
6060,10156,0
6031,10127,0
6009,10105,0
6316,10412,0
6192,10288,0
6129,10225,0
5984,10080,0
6089,10185,0
6182,10278,0
6028,10124,0
6163,10259,0
6422,10518,0
6083,10179,0
6129,10225,0
6075,10171,0
6181,10277,0
6253,10349,0
6033,10129,0
6204,10300,0
6090,10186,0
6125,10221,0
6144,10240,0
6266,10362,0
6112,10208,0
6219,10315,0
6016,10112,0
6043,10139,0
6299,10395,0
6187,10283,0
6127,10223,0
6139,10235,0
6142,10238,0
6084,10180,0
6072,10168,0
6023,10119,0
6120,10216,0
6261,10357,0
6261,10357,0
6051,10147,0
6171,10267,0
5911,10007,0
6348,10444,0
6225,10321,0
6198,10294,0
6281,10377,0
6247,10343,0
6113,10209,0
6298,10394,0
6178,10274,0
6115,10211,0
6145,10241,0
6349,10445,0
6183,10279,0
6122,10218,0
6172,10268,0
5963,10059,0
5927,10023,0
6174,10270,0
6122,10218,0
5993,10089,0
6348,10444,0
5974,10070,0
6110,10206,0
6136,10232,0
6214,10310,0
6199,10295,0
6130,10226,0
6319,10415,0
6080,10176,0
6045,10141,0
6017,10113,0
6190,10286,0
6208,10304,0
6307,10403,0
6123,10219,0
6230,10326,0
6093,10189,0
6171,10267,0
6074,10170,0
6297,10393,0
6223,10319,0
6229,10325,0
5971,10067,0
6117,10213,0
6157,10253,0
6065,10161,0
6253,10349,0
6227,10323,0
6204,10300,0
6278,10374,0
6128,10224,0
6224,10320,0
6217,10313,0
6148,10244,0
6094,10190,0
6059,10155,0
6225,10321,0
6162,10258,0
6058,10154,0
6105,10201,0
6002,10098,0
6075,10171,0
6191,10287,0
6071,10167,0
6232,10328,0
6188,10284,0
6173,10269,0
5940,10036,0
6102,10198,0
5908,10004,0
6088,10184,0
6061,10157,0
5996,10092,0
6231,10327,0
6150,10246,0
6082,10178,0
6223,10319,0
6413,10509,0
6241,10337,0
6169,10265,0
6130,10226,0
6213,10309,0
6153,10249,0
6241,10337,0
6114,10210,0
6096,10192,0
6084,10180,0
6082,10178,0
6300,10396,0
6258,10354,0
6209,10305,0
6231,10327,0
5906,10002,0
6291,10387,0
6233,10329,0
6110,10206,0
6206,10302,0
6144,10240,0
6051,10147,0
6083,10179,0
6065,10161,0
6088,10184,0
6351,10447,0
6090,10186,0
6156,10252,0
6203,10299,0
6006,10102,0
6080,10176,0
6130,10226,0
6085,10181,0
6347,10443,0
6202,10298,0
6053,10149,0
5983,10079,0
6108,10204,0
6333,10429,0
6121,10217,0
6005,10101,0
6185,10281,0
6114,10210,0
6107,10203,0
6071,10167,0
6183,10279,0
6093,10189,0
6098,10194,0
6039,10135,0
6137,10233,0
6131,10227,0
6112,10208,0
6129,10225,0
6174,10270,0
6118,10214,0
6288,10384,0
6058,10154,0
5895,9991,0
6052,10148,0
6287,10383,0
6064,10160,0
5998,10094,0
6074,10170,0
6259,10355,0
6027,10123,0
6053,10149,0
6275,10371,0
6071,10167,0
6119,10215,0
6200,10296,0
6221,10317,0
6306,10402,0
6019,10115,0
6153,10249,0
5964,10060,0
6163,10259,0
6344,10440,0
6260,10356,0
5945,10041,0
5988,10084,0
6159,10255,0
6193,10289,0
6071,10167,0
6172,10268,0
5980,10076,0
6234,10330,0
6279,10375,0
6272,10368,0
6000,10096,0
6179,10275,0
6164,10260,0
6205,10301,0
6236,10332,0
6251,10347,0
6184,10280,0
6082,10178,0
6084,10180,0
6198,10294,0
6238,10334,0
6205,10301,0
6231,10327,0
5982,10078,0
6181,10277,0
6060,10156,0
6232,10328,0
6114,10210,0
6230,10326,0
6151,10247,0
6219,10315,0
6154,10250,0
6093,10189,0
6092,10188,0
6110,10206,0
6083,10179,0
6052,10148,0
6215,10311,0
6134,10230,0
6093,10189,0
6109,10205,0
6225,10321,0
6055,10151,0
6252,10348,0
6101,10197,0
6162,10258,0
6107,10203,0
6089,10185,0
6253,10349,0
6091,10187,0
6028,10124,0
6271,10367,0
6104,10200,0
5932,10028,0
6140,10236,0
6112,10208,0
6338,10434,0
5967,10063,0
6165,10261,0
5984,10080,0
6003,10099,0
6207,10303,0
6147,10243,0
6236,10332,0
6328,10424,0
6176,10272,0
6256,10352,0
6210,10306,0
6257,10353,0
5978,10074,0
6274,10370,0
6218,10314,0
6217,10313,0
6058,10154,0
6081,10177,0
6031,10127,0
6122,10218,0
6068,10164,0
6087,10183,0
6135,10231,0
6150,10246,0
6240,10336,0
6223,10319,0
6255,10351,0
6168,10264,0
6219,10315,0
6161,10257,0
6002,10098,0
6260,10356,0
6046,10142,0
6121,10217,0
6141,10237,0
6058,10154,0
6087,10183,0
6018,10114,0
6181,10277,0
6299,10395,0
6029,10125,0
6267,10363,0
6208,10304,0
6059,10155,0
6217,10313,0
6102,10198,0
6060,10156,0
6157,10253,0
6149,10245,0
6036,10132,0
6117,10213,0
6280,10376,0
6212,10308,0
6023,10119,0
6237,10333,0
6262,10358,0
6213,10309,0
6007,10103,0
6223,10319,0
6103,10199,0
6214,10310,0
6277,10373,0
6120,10216,0
6004,10100,0
6274,10370,0
5921,10017,0
5995,10091,0
6217,10313,0
6083,10179,0
6192,10288,0
6141,10237,0
6039,10135,0
6122,10218,0
6277,10373,0
6110,10206,0
6186,10282,0
6147,10243,0
6277,10373,0
6122,10218,0
6049,10145,0
6289,10385,0
6088,10184,0
6124,10220,0
6227,10323,0
6269,10365,0
6208,10304,0
6090,10186,0
5966,10062,0
6160,10256,0
6187,10283,0
6137,10233,0
6317,10413,0
6196,10292,0
5972,10068,0
6219,10315,0
6240,10336,0
5841,9937,0
6297,10393,0
6158,10254,0
6034,10130,0
6165,10261,0
6129,10225,0
6018,10114,0
6072,10168,0
6006,10102,0
6161,10257,0
6067,10163,0
6134,10230,0
6091,10187,0
6086,10182,0
6450,10546,0
6143,10239,0
6003,10099,0
6144,10240,0
6304,10400,0
6008,10104,0
6069,10165,0
6199,10295,0
6152,10248,0
6117,10213,0
6338,10434,0
6047,10143,0
6173,10269,0
6093,10189,0
6093,10189,0
6233,10329,0
6228,10324,0
6168,10264,0
6136,10232,0
5971,10067,0
6145,10241,0
6138,10234,0
6282,10378,0
6133,10229,0
6218,10314,0
6375,10471,0
6023,10119,0
6093,10189,0
6089,10185,0
6336,10432,0
6150,10246,0
6237,10333,0
6205,10301,0
6232,10328,0
6191,10287,0
6387,10483,0
6170,10266,0
6144,10240,0
6335,10431,0
6052,10148,0
6229,10325,0
6072,10168,0
6110,10206,0
6195,10291,0
6111,10207,0
6230,10326,0
6251,10347,0
6405,10501,0
6133,10229,0
6256,10352,0
6083,10179,0
6206,10302,0
6100,10196,0
6195,10291,0
6281,10377,0
5882,9978,0
6228,10324,0
6076,10172,0
6081,10177,0
6068,10164,0
6191,10287,0
6247,10343,0
6106,10202,0
6127,10223,0
6275,10371,0
5957,10053,0
6060,10156,0
6263,10359,0
6082,10178,0
6205,10301,0
6134,10230,0
6040,10136,0
5989,10085,0
6302,10398,0
6129,10225,0
6091,10187,0
6094,10190,0
6088,10184,0
6219,10315,0
6231,10327,0
6124,10220,0
6032,10128,0
6288,10384,0
6273,10369,0
5971,10067,0
6162,10258,0
6295,10391,0
6433,10529,0
6158,10254,0
6144,10240,0
6186,10282,0
6256,10352,0
6105,10201,0
6193,10289,0
6365,10461,0
6068,10164,0
6100,10196,0
5911,10007,0
6065,10161,0
6260,10356,0
6116,10212,0
6110,10206,0
6255,10351,0
5972,10068,0
6006,10102,0
6268,10364,0
6314,10410,0
5977,10073,0
6413,10509,0
6333,10429,0
6185,10281,0
6013,10109,0
6117,10213,0
6169,10265,0
6145,10241,0
6079,10175,0
6177,10273,0
6095,10191,0
6132,10228,0
6096,10192,0
6144,10240,0
6051,10147,0
6211,10307,0
6098,10194,0
5989,10085,0
5975,10071,0
6189,10285,0
6078,10174,0
6052,10148,0
6211,10307,0
6017,10113,0
6054,10150,0
6194,10290,0
6135,10231,0
6185,10281,0
6162,10258,0
6290,10386,0
6291,10387,0
6280,10376,0
6338,10434,0
6090,10186,0
6303,10399,0
6048,10144,0
6019,10115,0
6036,10132,0
5992,10088,0
6098,10194,0
6259,10355,0
6247,10343,0
6145,10241,0
6092,10188,0
6221,10317,0
6038,10134,0
6159,10255,0
6299,10395,0
6201,10297,0
6150,10246,0
6271,10367,0
6227,10323,0
6178,10274,0
6215,10311,0
6294,10390,0
6136,10232,0
6009,10105,0
6277,10373,0
6146,10242,0
6180,10276,0
6075,10171,0
6192,10288,0
5968,10064,0
6213,10309,0
6101,10197,0
6108,10204,0
6079,10175,0
6267,10363,0
6064,10160,0
6239,10335,0
6159,10255,0
6229,10325,0
6309,10405,0
6242,10338,0
6300,10396,0
6156,10252,0
6165,10261,0
6146,10242,0
6098,10194,0
6208,10304,0
6185,10281,0
6206,10302,0
6189,10285,0
6024,10120,0
6320,10416,0
6184,10280,0
6137,10233,0
6169,10265,0
6176,10272,0
6197,10293,0
6092,10188,0
6215,10311,0
6182,10278,0
6115,10211,0
6110,10206,0
6042,10138,0
6311,10407,0
6168,10264,0
6066,10162,0
6296,10392,0
6161,10257,0
6150,10246,0
6087,10183,0
6100,10196,0
6224,10320,0
6258,10354,0
6186,10282,0
6193,10289,0
6324,10420,0
6209,10305,0
6260,10356,0
6168,10264,0
6002,10098,0
6133,10229,0
6186,10282,0
6095,10191,0
6117,10213,0
6180,10276,0
6112,10208,0
5973,10069,0
6168,10264,0
6071,10167,0
6099,10195,0
6218,10314,0
6255,10351,0
6037,10133,0
6276,10372,0
6144,10240,0
6001,10097,0
6384,10480,0
6070,10166,0
6134,10230,0
6012,10108,0
6149,10245,0
6155,10251,0
6033,10129,0
6080,10176,0
6049,10145,0
6104,10200,0
6222,10318,0
6119,10215,0
6222,10318,0
6144,10240,0
6314,10410,0
6267,10363,0
6220,10316,0
6085,10181,0
6229,10325,0
6196,10292,0
6000,10096,0
6190,10286,0
6110,10206,0
6116,10212,0
6209,10305,0
6201,10297,0
6030,10126,0
5929,10025,0
6304,10400,0
6138,10234,0
6249,10345,0
6121,10217,0
6274,10370,0
6054,10150,0
6049,10145,0
6309,10405,0
6094,10190,0
6155,10251,0
6172,10268,0
6094,10190,0
6078,10174,0
6220,10316,0
5987,10083,0
6260,10356,0
6163,10259,0
6034,10130,0
6086,10182,0
6303,10399,0
6214,10310,0
6116,10212,0
6218,10314,0
6054,10150,0
6237,10333,0
6134,10230,0
6146,10242,0
6328,10424,0
6193,10289,0
6456,10552,0
6042,10138,0
6049,10145,0
6102,10198,0
6211,10307,0
6213,10309,0
6170,10266,0
6192,10288,0
6063,10159,0
6106,10202,0
6243,10339,0
6130,10226,0
6073,10169,0
5996,10092,0
6167,10263,0
6324,10420,0
5994,10090,0
6071,10167,0
5908,10004,0
6099,10195,0
6302,10398,0
6164,10260,0
6291,10387,0
6188,10284,0
6195,10291,0
6172,10268,0
6127,10223,0
6340,10436,0
6364,10460,0
6084,10180,0
6330,10426,0
6022,10118,0
6131,10227,0
6060,10156,0
6166,10262,0
6289,10385,0
5914,10010,0
6150,10246,0
6252,10348,0
6303,10399,0
6095,10191,0
6076,10172,0
6410,10506,0
6094,10190,0
6261,10357,0
6131,10227,0
6159,10255,0
6047,10143,0
5977,10073,0
6113,10209,0
6064,10160,0
6119,10215,0
6057,10153,0
6160,10256,0
6122,10218,0
6199,10295,0
6146,10242,0
6141,10237,0
6061,10157,0
6103,10199,0
6122,10218,0
6269,10365,0
6080,10176,0
6230,10326,0
6260,10356,0
6029,10125,0
6064,10160,0
6217,10313,0
6069,10165,0
6070,10166,0
6150,10246,0
6159,10255,0
6246,10342,0
6206,10302,0
6201,10297,0
6301,10397,0
6237,10333,0
6238,10334,0
6280,10376,0
6335,10431,0
6129,10225,0
6127,10223,0
6170,10266,0
6161,10257,0
6213,10309,0
6141,10237,0
6295,10391,0
5892,9988,0
6030,10126,0
6187,10283,0
6165,10261,0
6189,10285,0
6243,10339,0
6239,10335,0
6148,10244,0
6115,10211,0
6322,10418,0
6266,10362,0
6287,10383,0
6263,10359,0
6247,10343,0
6059,10155,0
6104,10200,0
6113,10209,0
6189,10285,0
6165,10261,0
6251,10347,0
6106,10202,0
6201,10297,0
6280,10376,0
6177,10273,0
6106,10202,0
6115,10211,0
6029,10125,0
6009,10105,0
6269,10365,0
6308,10404,0
6104,10200,0
6153,10249,0
6085,10181,0
6081,10177,0
6121,10217,0
6136,10232,0
5903,9999,0
6179,10275,0
5955,10051,0
6154,10250,0
6176,10272,0
6258,10354,0
6247,10343,0
5973,10069,0
6114,10210,0
6140,10236,0
6210,10306,0
6394,10490,0
6320,10416,0
6111,10207,0
6224,10320,0
6122,10218,0
6082,10178,0
6049,10145,0
6300,10396,0
5945,10041,0
6164,10260,0
5971,10067,0
6053,10149,0
6017,10113,0
6230,10326,0
6033,10129,0
6182,10278,0
6142,10238,0
6196,10292,0
6043,10139,0
6146,10242,0
6032,10128,0
6078,10174,0
6288,10384,0
6115,10211,0
6105,10201,0
6096,10192,0
5982,10078,0
6161,10257,0
6241,10337,0
6148,10244,0
6120,10216,0
6055,10151,0
6252,10348,0
5999,10095,0
6267,10363,0
6252,10348,0
6309,10405,0
6163,10259,0
6338,10434,0
5997,10093,0
6163,10259,0
6389,10485,0
6121,10217,0
6164,10260,0
6193,10289,0
6256,10352,0
6168,10264,0
6303,10399,0
6170,10266,0
6194,10290,0
6066,10162,0
6132,10228,0
5822,9918,0
6133,10229,0
5887,9983,0
6085,10181,0
6172,10268,0
5932,10028,0
6051,10147,0
6234,10330,0
6014,10110,0
6070,10166,0
5998,10094,0
6140,10236,0
6211,10307,0
6039,10135,0
5993,10089,0
6207,10303,0
6221,10317,0
6232,10328,0
6141,10237,0
6140,10236,0
6057,10153,0
6164,10260,0
5965,10061,0
5907,10003,0
6100,10196,0
6120,10216,0
6263,10359,0
6027,10123,0
6073,10169,0
6037,10133,0
6070,10166,0
6056,10152,0
6212,10308,0
6480,10576,0
6142,10238,0
6198,10294,0
6020,10116,0
6116,10212,0
6086,10182,0
6132,10228,0
6148,10244,0
6196,10292,0
6168,10264,0
6110,10206,0
6121,10217,0
6132,10228,0
6199,10295,0
6097,10193,0
5946,10042,0
5967,10063,0
6188,10284,0
5891,9987,0
6095,10191,0
6131,10227,0
6161,10257,0
6249,10345,0
6067,10163,0
6017,10113,0
6178,10274,0
6067,10163,0
6313,10409,0
6100,10196,0
6156,10252,0
6466,10562,0
6226,10322,0
6082,10178,0
6107,10203,0
6108,10204,0
6204,10300,0
6131,10227,0
6126,10222,0
6110,10206,0
6106,10202,0
6175,10271,0
6065,10161,0
6283,10379,0
6173,10269,0
6068,10164,0
6097,10193,0
5938,10034,0
5991,10087,0
6227,10323,0
5962,10058,0
6107,10203,0
6142,10238,0
6302,10398,0
6089,10185,0
6210,10306,0
6139,10235,0
6173,10269,0
6035,10131,0
6240,10336,0
5994,10090,0
6019,10115,0
6106,10202,0
6180,10276,0
6203,10299,0
6078,10174,0
6200,10296,0
5953,10049,0
6188,10284,0
6056,10152,0
5982,10078,0
6199,10295,0
6241,10337,0
6181,10277,0
6194,10290,0
6136,10232,0
6187,10283,0
6073,10169,0
6417,10513,0
6041,10137,0
6053,10149,0
6168,10264,0
6246,10342,0
6049,10145,0
6286,10382,0
6228,10324,0
6194,10290,0
6133,10229,0
6163,10259,0
6161,10257,0
6165,10261,0
6068,10164,0
6135,10231,0
6139,10235,0
6023,10119,0
6103,10199,0
6157,10253,0
6187,10283,0
6284,10380,0
6179,10275,0
6077,10173,0
5972,10068,0
6084,10180,0
6072,10168,0
6150,10246,0
6094,10190,0
6095,10191,0
6258,10354,0
6126,10222,0
6231,10327,0
6117,10213,0
6357,10453,0
6236,10332,0
6159,10255,0
6175,10271,0
6086,10182,0
6177,10273,0
6325,10421,0
6196,10292,0
6272,10368,0
6059,10155,0
6185,10281,0
6173,10269,0
6165,10261,0
6183,10279,0
6269,10365,0
6269,10365,0
6244,10340,0
6131,10227,0
6164,10260,0
6201,10297,0
6176,10272,0
6354,10450,0
6056,10152,0
6155,10251,0
6147,10243,0
6121,10217,0
6295,10391,0
6144,10240,0
6249,10345,0
6174,10270,0
6118,10214,0
6128,10224,0
6021,10117,0
6246,10342,0
6246,10342,0
6185,10281,0
6021,10117,0
6061,10157,0
5981,10077,0
6081,10177,0
6093,10189,0
6114,10210,0
6069,10165,0
6276,10372,0
6098,10194,0
6374,10470,0
6215,10311,0
6198,10294,0
6092,10188,0
6169,10265,0
6140,10236,0
6238,10334,0
6178,10274,0
6201,10297,0
6060,10156,0
6374,10470,0
6219,10315,0
6211,10307,0
6283,10379,0
6167,10263,0
6210,10306,0
6087,10183,0
6224,10320,0
5981,10077,0
6084,10180,0
6183,10279,0
6008,10104,0
6100,10196,0
6085,10181,0
6042,10138,0
6057,10153,0
6058,10154,0
6008,10104,0
6219,10315,0
6313,10409,0
6047,10143,0
6294,10390,0
6162,10258,0
6126,10222,0
5954,10050,0
6032,10128,0
6055,10151,0
6067,10163,0
6109,10205,0
6038,10134,0
6206,10302,0
6328,10424,0
6405,10501,0
5998,10094,0
6252,10348,0
6236,10332,0
6166,10262,0
6136,10232,0
5982,10078,0
6145,10241,0
5989,10085,0
6202,10298,0
5884,9980,0
6099,10195,0
6058,10154,0
6116,10212,0
6159,10255,0
6166,10262,0
6281,10377,0
6147,10243,0
6168,10264,0
6004,10100,0
5966,10062,0
6240,10336,0
6036,10132,0
6059,10155,0
6238,10334,0
5973,10069,0
6363,10459,0
6154,10250,0
6199,10295,0
5957,10053,0
6292,10388,0
6160,10256,0
6252,10348,0
6280,10376,0
6019,10115,0
6329,10425,0
6082,10178,0
6189,10285,0
6257,10353,0
6248,10344,0
6126,10222,0
6067,10163,0
6213,10309,0
6091,10187,0
6052,10148,0
6220,10316,0
6156,10252,0
6074,10170,0
6035,10131,0
6295,10391,0
6011,10107,0
6164,10260,0
6032,10128,0
6158,10254,0
6071,10167,0
6132,10228,0
6005,10101,0
2291,2291,0
9981,5885,0
8559,4463,0
797,797,0
7744,11840,0
2742,2742,0
1053,1053,0
5335,9431,0
144,144,0
8210,4114,0
1222,1222,0
3988,3988,0
2475,2475,0
3738,3738,0
4201,8297,0
10237,6141,0
3674,3674,0
4087,4087,0
4148,8244,0
9944,5848,0
2158,2158,0
10149,6053,0
1597,1597,0
6909,11005,0
3126,3126,0
6772,10868,0
1430,1430,0
9080,4984,0
6463,10559,0
1703,1703,0
7416,11512,0
3139,3139,0
6248,10344,0
3828,3828,0
4020,4020,0
8151,12247,0
2663,2663,0
1518,1518,0
6566,10662,0
3801,3801,0
7669,11765,0
7443,11539,0
5130,9226,0
2235,2235,0
2829,2829,0
2760,2760,0
2579,2579,0
6164,10260,0
2509,2509,0
3340,3340,0
7699,11795,0
4465,8561,0
593,593,0
32,32,0
8173,12269,0
9506,5410,0
7434,11530,0
7297,11393,0
6685,10781,0
8818,4722,0
4071,4071,0
9832,5736,0
4378,8474,0
4224,8320,0
6502,10598,0
8817,4721,0
2221,2221,0
3603,3603,0
9936,5840,0
9484,5388,0
3388,3388,0
1363,1363,0
6223,10319,0
3860,3860,0
3237,3237,0
3884,3884,0
3966,3966,0
8143,12239,0
7371,11467,0
5244,9340,0
121,121,0
5761,9857,0
1413,1413,0
3226,3226,0
2343,2343,0
10066,5970,0
3549,3549,0
2794,2794,0
7824,11920,0
7845,11941,0
9490,5394,0
1381,1381,0
4101,8197,0
110,110,0
4725,8821,0
1119,1119,0
5335,9431,0
7590,11686,0
9793,5697,0
3969,3969,0
9774,5678,0
8953,4857,0
7393,11489,0
3180,3180,0
3566,3566,0
9524,5428,0
5539,9635,0
5820,9916,0
7404,11500,0
1040,1040,0
3636,3636,0
7349,11445,0
1476,1476,0
8095,12191,0
92,92,0
198,198,0
328,328,0
4030,4030,0
8415,4319,0
6574,10670,0
9659,5563,0
7508,11604,0
3363,3363,0
3653,3653,0
3484,3484,0
9493,5397,0
7864,11960,0
2521,2521,0
3246,3246,0
7642,11738,0
9952,5856,0
4259,8355,0
3359,3359,0
9546,5450,0
2154,2154,0
276,276,0
2194,2194,0
7695,11791,0
676,676,0
3428,3428,0
46,46,0
6955,11051,0
5456,9552,0
8730,4634,0
6401,10497,0
3322,3322,0
3985,3985,0
9220,5124,0
8505,4409,0
10042,5946,0
9437,5341,0
7573,11669,0
8527,4431,0
5190,9286,0
3042,3042,0
1499,1499,0
6749,10845,0
5452,9548,0
4312,8408,0
7304,11400,0
4000,4000,0
3356,3356,0
8151,12247,0
4419,8515,0
2164,2164,0
3064,3064,0
8574,4478,0
3756,3756,0
10142,6046,0
10264,6168,0
10263,6167,0
10439,6343,0
10337,6241,0
10049,5953,0
10479,6383,0
10322,6226,0
10217,6121,0
10165,6069,0
10286,6190,0
10306,6210,0
10104,6008,0
10349,6253,0
10335,6239,0
10263,6167,0
10285,6189,0
10245,6149,0
10153,6057,0
10168,6072,0
10233,6137,0
10414,6318,0
10286,6190,0
10206,6110,0
10186,6090,0
10308,6212,0
10216,6120,0
10266,6170,0
10345,6249,0
10298,6202,0
10468,6372,0
10223,6127,0
10262,6166,0
10182,6086,0
10096,6000,0
10307,6211,0
10313,6217,0
10386,6290,0
10374,6278,0
10277,6181,0
10253,6157,0
10258,6162,0
10246,6150,0
10154,6058,0
10161,6065,0
10320,6224,0
10309,6213,0
10310,6214,0
10147,6051,0
10180,6084,0
10394,6298,0
10368,6272,0
10487,6391,0
10316,6220,0
10156,6060,0
10362,6266,0
10196,6100,0
10343,6247,0
10282,6186,0
10157,6061,0
10195,6099,0
10285,6189,0
10183,6087,0
10249,6153,0
10420,6324,0
10211,6115,0
10211,6115,0
9999,5903,0
10328,6232,0
10345,6249,0
10191,6095,0
10253,6157,0
10291,6195,0
10284,6188,0
10094,5998,0
10130,6034,0
10271,6175,0
10473,6377,0
10355,6259,0
10329,6233,0
10446,6350,0
10088,5992,0
10339,6243,0
10196,6100,0
10149,6053,0
10414,6318,0
10333,6237,0
10375,6279,0
10222,6126,0
10340,6244,0
10195,6099,0
10377,6281,0
10144,6048,0
10229,6133,0
10167,6071,0
10391,6295,0
10172,6076,0
10225,6129,0
10253,6157,0
10129,6033,0
10244,6148,0
10244,6148,0
10364,6268,0
10282,6186,0
10018,5922,0
10244,6148,0
10347,6251,0
10399,6303,0
10309,6213,0
10210,6114,0
10349,6253,0
10289,6193,0
10120,6024,0
10150,6054,0
10353,6257,0
10193,6097,0
10337,6241,0
10183,6087,0
10293,6197,0
10268,6172,0
10407,6311,0
10221,6125,0
10459,6363,0
10107,6011,0
10242,6146,0
10312,6216,0
10298,6202,0
10265,6169,0
10299,6203,0
10152,6056,0
10328,6232,0
10256,6160,0
10319,6223,0
10278,6182,0
10216,6120,0
10295,6199,0
10356,6260,0
10061,5965,0
10078,5982,0
10227,6131,0
10219,6123,0
10287,6191,0
10205,6109,0
10222,6126,0
10235,6139,0
10184,6088,0
10330,6234,0
10217,6121,0
10368,6272,0
10395,6299,0
10211,6115,0
10475,6379,0
10157,6061,0
10279,6183,0
10132,6036,0
10085,5989,0
10147,6051,0
10312,6216,0
10175,6079,0
10170,6074,0
10006,5910,0
10345,6249,0
10224,6128,0
10125,6029,0
10169,6073,0
10259,6163,0
10267,6171,0
10325,6229,0
10261,6165,0
10331,6235,0
10157,6061,0
10191,6095,0
10272,6176,0
10354,6258,0
10111,6015,0
10254,6158,0
10301,6205,0
10153,6057,0
10238,6142,0
10225,6129,0
10364,6268,0
10150,6054,0
10346,6250,0
10201,6105,0
10276,6180,0
10355,6259,0
10328,6232,0
10490,6394,0
10302,6206,0
10311,6215,0
10075,5979,0
10218,6122,0
10160,6064,0
10348,6252,0
10035,5939,0
10354,6258,0
10192,6096,0
10280,6184,0
10243,6147,0
10105,6009,0
10126,6030,0
10070,5974,0
10347,6251,0
10334,6238,0
10123,6027,0
10193,6097,0
10221,6125,0
10225,6129,0
10302,6206,0
10194,6098,0
10209,6113,0
10342,6246,0
10194,6098,0
10393,6297,0
10331,6235,0
10146,6050,0
10205,6109,0
10216,6120,0
10305,6209,0
10324,6228,0
10191,6095,0
10148,6052,0
10191,6095,0
10289,6193,0
10391,6295,0
10361,6265,0
10152,6056,0
10240,6144,0
10193,6097,0
10242,6146,0
10214,6118,0
10386,6290,0
10221,6125,0
10249,6153,0
10288,6192,0
10315,6219,0
10198,6102,0
10365,6269,0
10194,6098,0
10304,6208,0
10144,6048,0
10215,6119,0
10188,6092,0
10065,5969,0
10202,6106,0
10306,6210,0
10129,6033,0
10324,6228,0
10344,6248,0
10001,5905,0
10227,6131,0
10083,5987,0
10177,6081,0
10194,6098,0
10197,6101,0
10130,6034,0
10252,6156,0
10298,6202,0
10179,6083,0
10424,6328,0
10340,6244,0
10137,6041,0
10211,6115,0
10345,6249,0
10183,6087,0
10028,5932,0
10258,6162,0
10231,6135,0
10308,6212,0
10213,6117,0
10238,6142,0
10263,6167,0
10125,6029,0
10104,6008,0
10245,6149,0
10077,5981,0
10361,6265,0
10246,6150,0
10340,6244,0
10187,6091,0
10195,6099,0
10141,6045,0
10324,6228,0
10163,6067,0
10147,6051,0
10153,6057,0
10283,6187,0
10291,6195,0
10333,6237,0
10438,6342,0
10101,6005,0
10243,10243,2
10091,10091,0
10213,10213,0
10228,10228,0
10059,10059,0
10152,10152,0
10190,10190,0
10358,10358,0
10073,10073,0
10112,10112,0
10184,10184,0
10172,10172,0
10303,10303,0
10088,10088,0
10339,10339,0
10272,10272,0
10358,10358,0
10048,10048,0
10347,10347,0
10271,10271,0
10306,10306,0
10173,10173,0
10143,10143,0
10129,10129,0
10288,10288,0
10458,10458,0
10360,10360,0
10249,10249,0
10178,10178,0
10206,10206,0
10066,10066,0
10333,10333,0
10251,10251,0
10151,10151,0
10207,10207,0
10342,10342,0
10201,10201,0
10220,10220,0
10349,10349,0
10069,10069,0
10262,10262,0
10009,10009,0
10145,10145,0
10305,10305,0
10437,10437,0
10439,10439,0
10172,10172,0
10249,10249,0
10214,10214,0
10277,10277,0
10187,10187,0
10175,10175,0
10253,10253,0
10122,10122,0
10350,10350,0
10393,10393,0
10306,10306,0
10378,10378,0
10287,10287,0
10491,10491,0
10157,10157,0
10142,10142,0
10220,10220,0
10214,10214,0
10138,10138,0
10245,10245,0
10296,10296,0
10314,10314,0
10285,10285,0
10216,10216,0
10191,10191,0
10248,10248,0
10310,10310,0
10128,10128,0
10195,10195,0
10206,10206,0
10254,10254,0
10172,10172,0
10239,10239,0
10289,10289,0
10307,10307,0
10301,10301,0
10183,10183,0
10191,10191,0
10205,10205,0
10233,10233,0
10129,10129,0
10334,10334,0
10275,10275,0
10240,10240,0
10314,10314,0
10165,10165,0
10260,10260,0
10214,10214,0
10404,10404,0
10199,10199,0
10313,10313,0
10251,10251,0
10307,10307,0
10526,10526,0
10318,10318,0
10275,10275,0
10178,10178,0
10334,10334,0
10384,10384,0
10017,10017,0
10107,10107,0
10269,10269,0
10298,10298,0
10346,10346,0
10349,10349,0
10303,10303,0
10320,10320,0
10036,10036,0
10269,10269,0
10182,10182,0
9997,9997,0
10366,10366,0
10180,10180,0
10289,10289,0
10416,10416,0
10172,10172,0
10149,10149,0
10198,10198,0
10222,10222,0
10140,10140,0
10155,10155,0
10172,10172,0
10259,10259,0
10231,10231,0
10316,10316,0
10238,10238,0
10038,10038,0
10305,10305,0
10235,10235,0
10279,10279,0
10275,10275,0
10366,10366,0
10094,10094,0
10350,10350,0
10250,10250,0
10293,10293,0
10195,10195,0
10351,10351,0
10178,10178,0
10224,10224,0
10145,10145,0
10176,10176,0
10302,10302,0
10118,10118,0
10342,10342,0
10219,10219,0
10205,10205,0
10391,10391,0
10135,10135,0
10189,10189,0
10238,10238,0
10308,10308,0
10362,10362,0
10176,10176,0
10211,10211,0
10208,10208,0
10202,10202,0
10270,10270,0
10346,10346,0
10337,10337,0
10088,10088,0
10151,10151,0
10317,10317,0
10273,10273,0
10362,10362,0
10214,10214,0
10280,10280,0
10229,10229,0
10238,10238,0
10134,10134,0
10242,10242,0
10215,10215,0
10270,10270,0
10354,10354,0
10300,10300,0
10058,10058,0
10361,10361,0
10244,10244,0
10257,10257,0
10303,10303,0
10187,10187,0
10148,10148,0
10052,10052,0
10120,10120,0
10246,10246,0
10243,10243,0
10322,10322,0
10428,10428,0
10188,10188,0
10263,10263,0
10262,10262,0
10149,10149,0
10200,10200,0
10361,10361,0
10235,10235,0
10186,10186,0
10317,10317,0
10479,10479,0
10169,10169,0
10135,10135,0
10156,10156,0
10310,10310,0
10328,10328,0
10300,10300,0
10242,10242,0
10201,10201,0
10310,10310,0
10491,10491,0
10389,10389,0
10222,10222,0
10489,10489,0
10182,10182,0
10323,10323,0
10215,10215,0
10230,10230,0
10311,10311,0
10481,10481,0
10177,10177,0
10199,10199,0
10239,10239,0
10166,10166,0
10143,10143,0
10251,10251,0
10208,10208,0
10352,10352,0
10287,10287,0
10243,10243,0
10007,10007,0
10197,10197,0
10228,10228,0
10134,10134,0
10206,10206,0
10163,10163,0
10383,10383,0
10168,10168,0
10023,10023,0
10102,10102,0
10161,10161,0
10259,10259,0
10235,10235,0
10431,10431,0
9996,9996,0
10294,10294,0
10285,10285,0
10219,10219,0
10226,10226,0
10314,10314,0
10258,10258,0
10236,10236,0
10309,10309,0
10265,10265,0
10026,10026,0
10265,10265,0
10187,10187,0
10253,10253,0
10239,10239,0
10186,10186,0
10307,10307,0
10238,10238,0
10332,10332,0
10207,10207,0
10220,10220,0
10156,10156,0
10104,10104,0
10280,10280,0
10421,10421,0
10314,10314,0
10248,10248,0
10154,10154,0
10191,10191,0
10208,10208,0
10320,10320,0
10211,10211,0
10120,10120,0
10247,10247,0
10304,10304,0
10207,10207,0
10386,10386,0
10077,10077,0
10204,10204,0
10306,10306,0
10148,10148,0
10154,10154,0
10251,10251,0
10381,10381,0
10126,10126,0
10105,10105,0
10323,10323,0
10288,10288,0
10195,10195,0
10180,10180,0
10187,10187,0
10394,10394,0
10189,10189,0
10305,10305,0
10040,10040,0
10323,10323,0
10206,10206,0
10191,10191,0
10289,10289,0
10097,10097,0
10515,10515,0
10293,10293,0
10331,10331,0
10306,10306,0
10299,10299,0
10240,10240,0
10465,10465,0
10191,10191,0
10138,10138,0
9993,9993,0
10287,10287,0
10194,10194,0
10369,10369,0
10316,10316,0
10257,10257,0
10217,10217,0
10322,10322,0
10298,10298,0
10123,10123,0
10155,10155,0
10348,10348,0
10129,10129,0
10395,10395,0
10403,10403,0
10470,10470,0
10225,10225,0
10245,10245,0
10268,10268,0
10208,10208,0
10401,10401,0
10396,10396,0
10096,10096,0
10371,10371,0
10135,10135,0
10362,10362,0
10125,10125,0
10162,10162,0
10122,10122,0
10247,10247,0
10340,10340,0
10314,10314,0
10372,10372,0
10266,10266,0
10208,10208,0
10098,10098,0
10252,10252,0
10278,10278,0
10470,10470,0
10226,10226,0
10282,10282,0
10097,10097,0
10217,10217,0
9993,9993,0
10165,10165,0
10401,10401,0
10130,10130,0
10308,10308,0
10239,10239,0
10251,10251,0
10222,10222,0
10365,10365,0
10467,10467,0
10318,10318,0
10262,10262,0
10293,10293,0
10085,10085,0
10236,10236,0
10152,10152,0
9996,9996,0
10241,10241,0
10396,10396,0
10389,10389,0
10147,10147,0
10267,10267,0
10214,10214,0
10142,10142,0
10077,10077,0
10188,10188,0
10230,10230,0
10251,10251,0
10196,10196,0
10320,10320,0
10052,10052,0
10202,10202,0
10241,10241,0
10145,10145,0
10108,10108,0
9975,9975,0
10206,10206,0
10087,10087,0
10331,10331,0
10290,10290,0
10190,10190,0
10167,10167,0
10273,10273,0
10324,10324,0
10161,10161,0
10212,10212,0
10171,10171,0
10203,10203,0
10169,10169,0
10304,10304,0
10314,10314,0
10356,10356,0
10289,10289,0
10335,10335,0
10186,10186,0
10282,10282,0
10237,10237,0
10327,10327,0
10290,10290,0
10262,10262,0
10209,10209,0
10223,10223,0
10228,10228,0
10166,10166,0
10302,10302,0
10251,10251,0
10185,10185,0
10282,10282,0
10349,10349,0
10386,10386,0
10369,10369,0
10212,10212,0
10251,10251,0
10193,10193,0
10168,10168,0
10371,10371,0
10216,10216,0
10241,10241,0
10115,10115,0
10407,10407,0
10239,10239,0
10312,10312,0
10333,10333,0
10366,10366,0
10109,10109,0
10223,10223,0
10233,10233,0
10162,10162,0
10213,10213,0
10193,10193,0
10372,10372,0
10327,10327,0
10229,10229,0
10280,10280,0
10247,10247,0
10295,10295,0
10402,10402,0
10270,10270,0
10258,10258,0
10140,10140,0
10279,10279,0
10291,10291,0
10387,10387,0
10272,10272,0
10341,10341,0
10222,10222,0
10242,10242,0
10246,10246,0
10061,10061,0
10067,10067,0
10134,10134,0
10365,10365,0
10299,10299,0
10265,10265,0
10312,10312,0
10341,10341,0
10251,10251,0
10319,10319,0
10350,10350,0
10266,10266,0
10348,10348,0
10200,10200,0
10179,10179,0
10255,10255,0
10392,10392,0
10209,10209,0
10163,10163,0
10199,10199,0
10409,10409,0
10186,10186,0
10319,10319,0
10424,10424,0
10200,10200,0
10220,10220,0
10136,10136,0
10173,10173,0
10151,10151,0
10282,10282,0
10213,10213,0
10266,10266,0
10213,10213,0
10157,10157,0
10361,10361,0
10401,10401,0
10080,10080,0
10162,10162,0
10270,10270,0
10364,10364,0
10286,10286,0
10262,10262,0
10251,10251,0
10466,10466,0
10336,10336,0
10200,10200,0
10200,10200,0
10363,10363,0
10270,10270,0
10359,10359,0
9906,9906,0
10085,10085,0
10372,10372,0
10281,10281,0
10268,10268,0
10403,10403,0
10127,10127,0
10299,10299,0
10446,10446,0
10301,10301,0
10297,10297,0
10212,10212,0
10133,10133,0
10261,10261,0
10148,10148,0
10371,10371,0
10140,10140,0
10455,10455,0
10307,10307,0
10312,10312,0
10317,10317,0
10234,10234,0
10324,10324,0
10340,10340,0
10330,10330,0
10322,10322,0
10180,10180,0
10154,10154,0
10147,10147,0
10052,10052,0
10136,10136,0
10275,10275,0
10218,10218,0
10175,10175,0
10135,10135,0
10258,10258,0
10206,10206,0
10117,10117,0
10166,10166,0
10297,10297,0
10351,10351,0
10268,10268,0
10207,10207,0
10431,10431,0
10200,10200,0
10230,10230,0
10310,10310,0
10239,10239,0
10011,10011,0
10425,10425,0
10462,10462,0
10224,10224,0
9932,9932,0
10173,10173,0
10101,10101,0
10182,10182,0
10321,10321,0
10361,10361,0
10226,10226,0
9999,9999,0
10323,10323,0
10168,10168,0
10283,10283,0
10178,10178,0
10516,10516,0
10380,10380,0
10406,10406,0
10292,10292,0
9995,9995,0
10229,10229,0
10355,10355,0
10201,10201,0
10311,10311,0
10175,10175,0
10244,10244,0
10195,10195,0
10186,10186,0
10182,10182,0
10120,10120,0
10238,10238,0
10232,10232,0
10232,10232,0
10373,10373,0
10235,10235,0
10186,10186,0
10152,10152,0
10206,10206,0
10299,10299,0
10269,10269,0
10335,10335,0
10301,10301,0
10304,10304,0
10237,10237,0
10038,10038,0
10331,10331,0
10286,10286,0
10087,10087,0
10253,10253,0
10251,10251,0
10232,10232,0
10086,10086,0
10270,10270,0
10235,10235,0
10184,10184,0
10337,10337,0
10317,10317,0
10328,10328,0
10115,10115,0
10166,10166,0
10262,10262,0
10308,10308,0
10290,10290,0
10194,10194,0
10182,10182,0
10269,10269,0
10130,10130,0
10217,10217,0
10400,10400,0
10154,10154,0
10160,10160,0
10083,10083,0
10264,10264,0
10283,10283,0
10231,10231,0
10153,10153,0
10242,10242,0
10207,10207,0
10216,10216,0
10218,10218,0
10254,10254,0
10303,10303,0
10338,10338,0
10429,10429,0
10396,10396,0
10330,10330,0
10207,10207,0
9994,9994,0
10111,10111,0
10068,10068,0
10167,10167,0
10423,10423,0
10033,10033,0
10288,10288,0
10282,10282,0
10177,10177,0
10353,10353,0
10292,10292,0
10334,10334,0
10210,10210,0
10408,10408,0
10149,10149,0
10307,10307,0
10143,10143,0
10309,10309,0
10163,10163,0
10207,10207,0
10107,10107,0
10052,10052,0
10253,10253,0
10215,10215,0
10261,10261,0
10208,10208,0
10274,10274,0
9988,9988,0
10010,10010,0
10117,10117,0
10187,10187,0
10363,10363,0
10140,10140,0
10018,10018,0
10314,10314,0
10093,10093,0
10058,10058,0
10185,10185,0
10114,10114,0
10071,10071,0
10212,10212,0
10124,10124,0
10418,10418,0
10207,10207,0
10250,10250,0
10354,10354,0
10284,10284,0
10115,10115,0
10210,10210,0
10286,10286,0
10149,10149,0
10203,10203,0
10262,10262,0
10355,10355,0
10155,10155,0
10317,10317,0
10323,10323,0
10226,10226,0
10349,10349,0
10368,10368,0
10239,10239,0
10158,10158,0
10243,10243,0
10176,10176,0
10413,10413,0
10298,10298,0
10455,10455,0
10240,10240,0
10189,10189,0
10148,10148,0
10311,10311,0
10260,10260,0
10144,10144,0
10299,10299,0
10219,10219,0
10250,10250,0
10463,10463,0
10304,10304,0
10368,10368,0
10285,10285,0
10335,10335,0
10252,10252,0
10251,10251,0
10142,10142,0
10120,10120,0
10338,10338,0
10428,10428,0
10298,10298,0
10341,10341,0
10261,10261,0
10340,10340,0
10211,10211,0
10180,10180,0
10150,10150,0
10139,10139,0
10252,10252,0
10099,10099,0
10312,10312,0
10126,10126,0
10381,10381,0
10276,10276,0
10251,10251,0
10307,10307,0
10227,10227,0
10237,10237,0
10237,10237,0
10420,10420,0
10272,10272,0
10156,10156,0
10291,10291,0
10322,10322,0
10213,10213,0
10231,10231,0
10219,10219,0
10278,10278,0
10234,10234,0
10176,10176,0
10206,10206,0
10244,10244,0
10281,10281,0
10187,10187,0
10376,10376,0
10321,10321,0
10271,10271,0
10014,10014,0
10395,10395,0
10295,10295,0
10172,10172,0
10274,10274,0
10310,10310,0
10342,10342,0
10392,10392,0
10350,10350,0
10426,10426,0
10284,10284,0
10183,10183,0
10114,10114,0
10225,10225,0
10238,10238,0
10176,10176,0
10300,10300,0
10132,10132,0
10177,10177,0
10205,10205,0
10274,10274,0
10133,10133,0
10306,10306,0
10178,10178,0
10363,10363,0
10107,10107,0
10363,10363,0
10338,10338,0
10234,10234,0
10178,10178,0
10211,10211,0
10200,10200,0
10240,10240,0
10140,10140,0
10209,10209,0
10106,10106,0
10218,10218,0
10334,10334,0
10437,10437,0
10167,10167,0
10228,10228,0
10292,10292,0
10329,10329,0
10248,10248,0
10107,10107,0
10318,10318,0
10215,10215,0
10350,10350,0
10213,10213,0
10155,10155,0
10272,10272,0
10133,10133,0
10292,10292,0
10246,10246,0
10262,10262,0
10294,10294,0
10030,10030,0
10329,10329,0
10326,10326,0
10310,10310,0
10157,10157,0
10237,10237,0
10259,10259,0
10235,10235,0
10127,10127,0
10172,10172,0
10256,10256,0
10265,10265,0
10234,10234,0
10151,10151,0
10159,10159,0
10157,10157,0
10400,10400,0
10238,10238,0
10181,10181,0
10159,10159,0
10226,10226,0
10193,10193,0
10154,10154,0
10127,10127,0
10273,10273,0
10172,10172,0
10380,10380,0
10217,10217,0
10150,10150,0
10180,10180,0
10324,10324,0
10116,10116,0
10257,10257,0
10123,10123,0
10157,10157,0
10079,10079,0
10317,10317,0
10316,10316,0
10257,10257,0
10181,10181,0
10033,10033,0
10147,10147,0
10375,10375,0
10153,10153,0
10329,10329,0
10271,10271,0
10282,10282,0
10089,10089,0
10478,10478,0
10246,10246,0
10490,10490,0
10414,10414,0
10252,10252,0
10175,10175,0
10119,10119,0
10267,10267,0
10310,10310,0
10375,10375,0
10381,10381,0
10171,10171,0
10286,10286,0
10293,10293,0
10175,10175,0
8587,8587,0
12997,12997,2
12848,12848,0
12376,12376,0
8783,8783,0
9907,9907,0
2524,18908,2
7611,23995,2
3026,19410,0
9052,9052,0
6711,23095,0
6054,22438,0
1215,17599,0
4942,21326,0
14144,14144,0
3989,20373,0
11123,11123,0
4609,20993,0
6677,23061,0
9330,9330,0
3828,20212,0
9514,9514,0
6672,23056,0
3025,19409,0
922,17306,0
4299,20683,0
424,16808,0
12083,12083,0
2039,18423,0
9702,9702,0
3606,19990,0
13899,13899,0
1664,18048,0
10900,10900,0
8549,8549,0
4914,21298,0
7763,24147,0
14009,14009,0
281,16665,0
11311,11311,0
6895,23279,0
12113,12113,0
8761,8761,0
3618,20002,0
11474,11474,0
10648,10648,0
771,17155,0
8624,8624,0
10333,10333,0
2177,18561,0
13162,13162,0
4340,20724,0
7977,24361,0
8981,8981,0
4,16388,0
10994,10994,0
1552,17936,0
4390,20774,0
12002,12002,0
62,16446,0
8880,8880,0
2539,18923,0
11857,11857,0
10909,10909,0
3561,19945,0
14004,14004,0
3782,20166,0
6594,22978,0
1559,17943,0
11746,11746,0
576,16960,0
14101,14101,0
11317,11317,0
13804,13804,0
2090,18474,0
9057,9057,0
11320,11320,0
4196,20580,0
10749,10749,0
838,17222,0
6717,23101,0
9323,9323,0
13472,13472,0
8262,8262,0
12305,12305,0
9554,9554,0
9035,9035,0
12898,12898,0
8710,8710,0
1544,17928,0
10284,10284,0
12027,12027,0
13000,13000,0
5286,21670,0
13032,13032,0
5397,21781,0
1847,18231,0
8888,8888,0
2726,19110,0
1258,17642,0
11336,11336,0
13219,13219,0
2184,18568,0
5385,21769,0
2968,19352,0
3774,20158,0
12069,12069,0
2849,19233,0
7299,23683,0
6140,22524,0
11153,11153,0
9660,9660,0
5970,22354,0
341,16725,0
2597,18981,0
12324,12324,0
1913,18297,0
5038,21422,0
393,16777,0
7955,24339,0
1841,18225,0
12672,12672,0
12479,12479,0
913,17297,0
6827,23211,0
14261,14261,0
7144,23528,0
611,16995,0
11559,11559,0
5306,21690,0
9961,9961,0
6206,22590,0
