7095,39863,1
5273,38041,0
6471,39239,0
4097,36865,0
5213,37981,0
5587,38355,0
4938,37706,0
5473,38241,0
5782,38550,0
5566,38334,0
8123,40891,0
4805,37573,0
5512,38280,0
6626,39394,0
7599,40367,0
7492,40260,0
5449,38217,0
5924,38692,0
6713,39481,0
8190,40958,0
8029,40797,0
5328,38096,0
6811,39579,0
7516,40284,0
5766,38534,0
7379,40147,0
6803,39571,0
6397,39165,0
4676,37444,0
7407,40175,0
4097,36865,0
5881,38649,0
6438,39206,0
6759,39527,0
8190,40958,0
7931,40699,0
4817,37585,0
5408,38176,0
6965,39733,0
7749,40517,0
7622,40390,0
6489,39257,0
6778,39546,0
5032,37800,0
4097,36865,0
4368,37136,0
5005,37773,0
4796,37564,0
4097,36865,0
6320,39088,0
6616,39384,0
4097,36865,0
6978,39746,0
6744,39512,0
7635,40403,0
6273,39041,0
4097,36865,0
6277,39045,0
5270,38038,0
7692,40460,0
6230,38998,0
5963,38731,0
6045,38813,0
6658,39426,0
6949,39717,0
7335,40103,0
5862,38630,0
4097,36865,0
7064,39832,0
6300,39068,0
4682,37450,0
7902,40670,0
4097,36865,0
4097,36865,0
4956,37724,0
5971,38739,0
8190,40958,0
6073,38841,0
6235,39003,0
7219,39987,0
7299,40067,0
5613,38381,0
5490,38258,0
5799,38567,0
6960,39728,0
8190,40958,0
5483,38251,0
6366,39134,0
5116,37884,0
6527,39295,0
4602,37370,0
8127,40895,0
6942,39710,0
5257,38025,0
5509,38277,0
4208,36976,0
5755,38523,0
7868,40636,0
5901,38669,0
6535,39303,0
5442,38210,0
7300,40068,0
6105,38873,0
8190,40958,0
7691,40459,0
5978,38746,0
5696,38464,0
5129,37897,0
8190,40958,0
4108,36876,0
8190,40958,0
5362,38130,0
5710,38478,0
5477,38245,0
6747,39515,0
6331,39099,0
4097,36865,0
8190,40958,0
6942,39710,0
6583,39351,0
6124,38892,0
4097,36865,0
5515,38283,0
4650,37418,0
4408,37176,0
6051,38819,0
8076,40844,0
7615,40383,0
5535,38303,0
4456,37224,0
7783,40551,0
4540,37308,0
7397,40165,0
7269,40037,0
5419,38187,0
5107,37875,0
6839,39607,0
5846,38614,0
6900,39668,0
7934,40702,0
6453,39221,0
4097,36865,0
5261,38029,0
5504,38272,0
4665,37433,0
4256,37024,0
6334,39102,0
5814,38582,0
7231,39999,0
5179,37947,0
5807,38575,0
4681,37449,0
6092,38860,0
5689,38457,0
7610,40378,0
8190,40958,0
6535,39303,0
4984,37752,0
4097,36865,0
6347,39115,0
8186,40954,0
8009,40777,0
4345,37113,0
4097,36865,0
5336,38104,0
4113,36881,0
7649,40417,0
5430,38198,0
4893,37661,0
5008,37776,0
5009,37777,0
5624,38392,0
5215,37983,0
8190,40958,0
6891,39659,0
6121,38889,0
7337,40105,0
8190,40958,0
6860,39628,0
4858,37626,0
6572,39340,0
7207,39975,0
5526,38294,0
5311,38079,0
7575,40343,0
4777,37545,0
5927,38695,0
4097,36865,0
4302,37070,0
5652,38420,0
6522,39290,0
6237,39005,0
5965,38733,0
4097,36865,0
4868,37636,0
6875,39643,0
7189,39957,0
7712,40480,0
5699,38467,0
7297,40065,0
6058,38826,0
6174,38942,0
6403,39171,0
6650,39418,0
8190,40958,0
4860,37628,0
4615,37383,0
6162,38930,0
6963,39731,0
7449,40217,0
6817,39585,0
7219,39987,0
7425,40193,0
6123,38891,0
4802,37570,0
6455,39223,0
6289,39057,0
8190,40958,0
4097,36865,0
6149,38917,0
5906,38674,0
5845,38613,0
4097,36865,0
7005,39773,0
6036,38804,0
5061,37829,0
6604,39372,0
8190,40958,0
5931,38699,0
5409,38177,0
6167,38935,0
5959,38727,0
5488,38256,0
6498,39266,0
6722,39490,0
5876,38644,0
4097,36865,0
4385,37153,0
4977,37745,0
4097,36865,0
6646,39414,0
6491,39259,0
5818,38586,0
4640,37408,0
8190,40958,0
8190,40958,0
6991,39759,0
7493,40261,0
4813,37581,0
6054,38822,0
5742,38510,0
8187,40955,0
6141,38909,0
4125,36893,0
8190,40958,0
5060,37828,0
6090,38858,0
7689,40457,0
7957,40725,0
8190,40958,0
6823,39591,0
5025,37793,0
7962,40730,0
5183,37951,0
6626,39394,0
6561,39329,0
5405,38173,0
6159,38927,0
6493,39261,0
4896,37664,0
5250,38018,0
6452,39220,0
6464,39232,0
5404,38172,0
4097,36865,0
7247,40015,0
5091,37859,0
6693,39461,0
7120,39888,0
6780,39548,0
5612,38380,0
6321,39089,0
5818,38586,0
8190,40958,0
4355,37123,0
6491,39259,0
6129,38897,0
5408,38176,0
6231,38999,0
4097,36865,0
6250,39018,0
4097,36865,0
4097,36865,0
8190,40958,0
5099,37867,0
6488,39256,0
5339,38107,0
6841,39609,0
5642,38410,0
6086,38854,0
5716,38484,0
7214,39982,0
6789,39557,0
6835,39603,0
7406,40174,0
5233,38001,0
8114,40882,0
5546,38314,0
5758,38526,0
4097,36865,0
5476,38244,0
6138,38906,0
4505,37273,0
4097,36865,0
4097,36865,0
6386,39154,0
5014,37782,0
6268,39036,0
5776,38544,0
6131,38899,0
7636,40404,0
6873,39641,0
4097,36865,0
4681,37449,0
5833,38601,0
5884,38652,0
6742,39510,0
6009,38777,0
5004,37772,0
4097,36865,0
7018,39786,0
4574,37342,0
7649,40417,0
5560,38328,0
5464,38232,0
6137,38905,0
4530,37298,0
7534,40302,0
5734,38502,0
6867,39635,0
6225,38993,0
7940,40708,0
6576,39344,0
5316,38084,0
6744,39512,0
6567,39335,0
6677,39445,0
4097,36865,0
7495,40263,0
6309,39077,0
6200,38968,0
6459,39227,0
5677,38445,0
4865,37633,0
5212,37980,0
5203,37971,0
7071,39839,0
6423,39191,0
4097,36865,0
6254,39022,0
4097,36865,0
8190,40958,0
6345,39113,0
6357,39125,0
4964,37732,0
8190,40958,0
6661,39429,0
5181,37949,0
7036,39804,0
6927,39695,0
6876,39644,0
6581,39349,0
6411,39179,0
6383,39151,0
5321,38089,0
5579,38347,0
5854,38622,0
6425,39193,0
4421,37189,0
5068,37836,0
5709,38477,0
5072,37840,0
6288,39056,0
6605,39373,0
7506,40274,0
5086,37854,0
4097,36865,0
4961,37729,0
6597,39365,0
5861,38629,0
4588,37356,0
6556,39324,0
5951,38719,0
7803,40571,0
5228,37996,0
4097,36865,0
7466,40234,0
6659,39427,0
5309,38077,0
6209,38977,0
5142,37910,0
7127,39895,0
8190,40958,0
7370,40138,0
7175,39943,0
5104,37872,0
4218,36986,0
5853,38621,0
4612,37380,0
5905,38673,0
8190,40958,0
6096,38864,0
5028,37796,0
6114,38882,0
8190,40958,0
5839,38607,0
5024,37792,0
5637,38405,0
5424,38192,0
5474,38242,0
4097,36865,0
7361,40129,0
7426,40194,0
6429,39197,0
4097,36865,0
6175,38943,0
5882,38650,0
4097,36865,0
5381,38149,0
6792,39560,0
7087,39855,0
6135,38903,0
6474,39242,0
6580,39348,0
5300,38068,0
5865,38633,0
6608,39376,0
7438,40206,0
4097,36865,0
7941,40709,0
5526,38294,0
7483,40251,0
7611,40379,0
5918,38686,0
8073,40841,0
6342,39110,0
6488,39256,0
6044,38812,0
5314,38082,0
7316,40084,0
6203,38971,0
4486,37254,0
7330,40098,0
7824,40592,0
8190,40958,0
5682,38450,0
7992,40760,0
5908,38676,0
7470,40238,0
6255,39023,0
6862,39630,0
5620,38388,0
5050,37818,0
6626,39394,0
8190,40958,0
7610,40378,0
7255,40023,0
6459,39227,0
7886,40654,0
7710,40478,0
5976,38744,0
6775,39543,0
5229,37997,0
5107,37875,0
5517,38285,0
7082,39850,0
7158,39926,0
7210,39978,0
5138,37906,0
7699,40467,0
4846,37614,0
4097,36865,0
4433,37201,0
4251,37019,0
7692,40460,0
8190,40958,0
5153,37921,0
5855,38623,0
5696,38464,0
4588,37356,0
5681,38449,0
4097,36865,0
5974,38742,0
5044,37812,0
5291,38059,0
6307,39075,0
4665,37433,0
6056,38824,0
6847,39615,0
5657,38425,0
6269,39037,0
4663,37431,0
8132,40900,0
8190,40958,0
4097,36865,0
6675,39443,0
4211,36979,0
5790,38558,0
6230,38998,0
6945,39713,0
5094,37862,0
4328,37096,0
5177,37945,0
6101,38869,0
5021,37789,0
4097,36865,0
7397,40165,0
6443,39211,0
6040,38808,0
5510,38278,0
5635,38403,0
6883,39651,0
7141,39909,0
5782,38550,0
6923,39691,0
4493,37261,0
6495,39263,0
4352,37120,0
4097,36865,0
7271,40039,0
8103,40871,0
4638,37406,0
5457,38225,0
4097,36865,0
5320,38088,0
6457,39225,0
5392,38160,0
6310,39078,0
8190,40958,0
5305,38073,0
5313,38081,0
5673,38441,0
5862,38630,0
4097,36865,0
4368,37136,0
4793,37561,0
6515,39283,0
6127,38895,0
6318,39086,0
6706,39474,0
5146,37914,0
7028,39796,0
7412,40180,0
5681,38449,0
7066,39834,0
7154,39922,0
7166,39934,0
7204,39972,0
8190,40958,0
5659,38427,0
4097,36865,0
5661,38429,0
4097,36865,0
4941,37709,0
5650,38418,0
4674,37442,0
5989,38757,0
5028,37796,0
5330,38098,0
6306,39074,0
5706,38474,0
6087,38855,0
7468,40236,0
4809,37577,0
7284,40052,0
5098,37866,0
4097,36865,0
4888,37656,0
5985,38753,0
6723,39491,0
4097,36865,0
6334,39102,0
7315,40083,0
6142,38910,0
6394,39162,0
5621,38389,0
5716,38484,0
5958,38726,0
5631,38399,0
8032,40800,0
4097,36865,0
4097,36865,0
6074,38842,0
4609,37377,0
7236,40004,0
7268,40036,0
4097,36865,0
5756,38524,0
7435,40203,0
6527,39295,0
7901,40669,0
5776,38544,0
6719,39487,0
5619,38387,0
7591,40359,0
5864,38632,0
5085,37853,0
8190,40958,0
7143,39911,0
4097,36865,0
6178,38946,0
5622,38390,0
7694,40462,0
5446,38214,0
8012,40780,0
7511,40279,0
4097,36865,0
6157,38925,0
6390,39158,0
4675,37443,0
4097,36865,0
6371,39139,0
4274,37042,0
8091,40859,0
5270,38038,0
4536,37304,0
4097,36865,0
7877,40645,0
4818,37586,0
5671,38439,0
4969,37737,0
8190,40958,0
7545,40313,0
5216,37984,0
7189,39957,0
5204,37972,0
6159,38927,0
6430,39198,0
4724,37492,0
7071,39839,0
7758,40526,0
4742,37510,0
6581,39349,0
8181,40949,0
8190,40958,0
6484,39252,0
8155,40923,0
7994,40762,0
7859,40627,0
6074,38842,0
4097,36865,0
5431,38199,0
6211,38979,0
6252,39020,0
4734,37502,0
4609,37377,0
7461,40229,0
8190,40958,0
5563,38331,0
4303,37071,0
5858,38626,0
8011,40779,0
7085,39853,0
4097,36865,0
5154,37922,0
5392,38160,0
4712,37480,0
6769,39537,0
5815,38583,0
7303,40071,0
7127,39895,0
8110,40878,0
4097,36865,0
6132,38900,0
6142,38910,0
6213,38981,0
5033,37801,0
6313,39081,0
5932,38700,0
5685,38453,0
5049,37817,0
6163,38931,0
4513,37281,0
6099,38867,0
4097,36865,0
6116,38884,0
4604,37372,0
5835,38603,0
6295,39063,0
4243,37011,0
4414,37182,0
7663,40431,0
6984,39752,0
6339,39107,0
5317,38085,0
6090,38858,0
5730,38498,0
5954,38722,0
5997,38765,0
7656,40424,0
5314,38082,0
6385,39153,0
6186,38954,0
5953,38721,0
5576,38344,0
5704,38472,0
4308,37076,0
5950,38718,0
6774,39542,0
4759,37527,0
5937,38705,0
8190,40958,0
5932,38700,0
5987,38755,0
6468,39236,0
4492,37260,0
5792,38560,0
8190,40958,0
6204,38972,0
8190,40958,0
6168,38936,0
4097,36865,0
7591,40359,0
6683,39451,0
6087,38855,0
5908,38676,0
5268,38036,0
6147,38915,0
4127,36895,0
5071,37839,0
8110,40878,0
5789,38557,0
5287,38055,0
6599,39367,0
8156,40924,0
5926,38694,0
5326,38094,0
4813,37581,0
4097,36865,0
7137,39905,0
4471,37239,0
6200,38968,0
7772,40540,0
5046,37814,0
5848,38616,0
6845,39613,0
6928,39696,0
6069,38837,0
4737,37505,0
6396,39164,0
6649,39417,0
5939,38707,0
6154,38922,0
7120,39888,0
4903,37671,0
8190,40958,0
6706,39474,0
5244,38012,0
5424,38192,0
7269,40037,0
5107,37875,0
8190,40958,0
8190,40958,0
5117,37885,0
5561,38329,0
5440,38208,0
6586,39354,0
5673,38441,0
4946,37714,0
7064,39832,0
6993,39761,0
5366,38134,0
4395,37163,0
7468,40236,0
7166,39934,0
6346,39114,0
5489,38257,0
4107,36875,0
6057,38825,0
8190,40958,0
6228,38996,0
5738,38506,0
4097,36865,0
7484,40252,0
6512,39280,0
4148,36916,0
5856,38624,0
5670,38438,0
7905,40673,0
4214,36982,0
5470,38238,0
7028,39796,0
6545,39313,0
5610,38378,0
6035,38803,0
4391,37159,0
8140,40908,0
5869,38637,0
4908,37676,0
8190,40958,0
6275,39043,0
5723,38491,0
6462,39230,0
6991,39759,0
4097,36865,0
4629,37397,0
5394,38162,0
6126,38894,0
5591,38359,0
5576,38344,0
4417,37185,0
5859,38627,0
5042,37810,0
5219,37987,0
4097,36865,0
5563,38331,0
7095,39863,0
5316,38084,0
8190,40958,0
5781,38549,0
5812,38580,0
7504,40272,0
6549,39317,0
5472,38240,0
6545,39313,0
6613,39381,0
8190,40958,0
8190,40958,0
6353,39121,0
7130,39898,0
4378,37146,0
6524,39292,0
8190,40958,0
5598,38366,0
5437,38205,0
4620,37388,0
6003,38771,0
4971,37739,0
8137,40905,0
4097,36865,0
6290,39058,0
5790,38558,0
4217,36985,0
7432,40200,0
5199,37967,0
6954,39722,0
6611,39379,0
5637,38405,0
8105,40873,0
5282,38050,0
7028,39796,0
8190,40958,0
6778,39546,0
4571,37339,0
5750,38518,0
5711,38479,0
5099,37867,0
8091,40859,0
4604,37372,0
5532,38300,0
5237,38005,0
8039,40807,0
4871,37639,0
8190,40958,0
8106,40874,0
6925,39693,0
5672,38440,0
5641,38409,0
5854,38622,0
6468,39236,0
6746,39514,0
6291,39059,0
6648,39416,0
5369,38137,0
8190,40958,0
7355,40123,0
5718,38486,0
5616,38384,0
7275,40043,0
4994,37762,0
6604,39372,0
7508,40276,0
7523,40291,0
4097,36865,0
8190,40958,0
5498,38266,0
6833,39601,0
4914,37682,0
5511,38279,0
7602,40370,0
4547,37315,0
4100,36868,0
6997,39765,0
6648,39416,0
6627,39395,0
7205,39973,0
5533,38301,0
5908,38676,0
4097,36865,0
5176,37944,0
6614,39382,0
6358,39126,0
8190,40958,0
8069,40837,0
7349,40117,0
4530,37298,0
5466,38234,0
6897,39665,0
8190,40958,0
5632,38400,0
6344,39112,0
5662,38430,0
7580,40348,0
8190,40958,0
6816,39584,0
6824,39592,0
4097,36865,0
5120,37888,0
5052,37820,0
8190,40958,0
8123,40891,0
5683,38451,0
7814,40582,0
4911,37679,0
4965,37733,0
4791,37559,0
6536,39304,0
5353,38121,0
7091,39859,0
6360,39128,0
6177,38945,0
7246,40014,0
5870,38638,0
8158,40926,0
4878,37646,0
5018,37786,0
7429,40197,0
5259,38027,0
4986,37754,0
6050,38818,0
4813,37581,0
5847,38615,0
5405,38173,0
4620,37388,0
6868,39636,0
6472,39240,0
7123,39891,0
8190,40958,0
5749,38517,0
5440,38208,0
4097,36865,0
5527,38295,0
8190,40958,0
6516,39284,0
5522,38290,0
7950,40718,0
6001,38769,0
6371,39139,0
4097,36865,0
4540,37308,0
6730,39498,0
8190,40958,0
8115,40883,0
4812,37580,0
8190,40958,0
7082,39850,0
6434,39202,0
4097,36865,0
5675,38443,0
6971,39739,0
6332,39100,0
4097,36865,0
5018,37786,0
8190,40958,0
6071,38839,0
4958,37726,0
5347,38115,0
6181,38949,0
4761,37529,0
5169,37937,0
4097,36865,0
5701,38469,0
6563,39331,0
5452,38220,0
7796,40564,0
7870,40638,0
7541,40309,0
5511,38279,0
4097,36865,0
8190,40958,0
5866,38634,0
5977,38745,0
6116,38884,0
6668,39436,0
6093,38861,0
5826,38594,0
4590,37358,0
4497,37265,0
4221,36989,0
5035,37803,0
8190,40958,0
6287,39055,0
6495,39263,0
5136,37904,0
4097,36865,0
4097,36865,0
5683,38451,0
7035,39803,0
6906,39674,0
7303,40071,0
5711,38479,0
8190,40958,0
6778,39546,0
5974,38742,0
5492,38260,0
5450,38218,0
5881,38649,0
8190,40958,0
5779,38547,0
7975,40743,0
4904,37672,0
7177,39945,0
4173,36941,0
8190,40958,0
7550,40318,0
6031,38799,0
4598,37366,0
4225,36993,0
5376,38144,0
4856,37624,0
4816,37584,0
4778,37546,0
7922,40690,0
5391,38159,0
7202,39970,0
5318,38086,0
4097,36865,0
5514,38282,0
8182,40950,0
8190,40958,0
7418,40186,0
5729,38497,0
5992,38760,0
7123,39891,0
6537,39305,0
6639,39407,0
6537,39305,0
7005,39773,0
5935,38703,0
6514,39282,0
6560,39328,0
7586,40354,0
4543,37311,0
7836,40604,0
7053,39821,0
8062,40830,0
7350,40118,0
4172,36940,0
6046,38814,0
4097,36865,0
8066,40834,0
4097,36865,0
7738,40506,0
6634,39402,0
6186,38954,0
5453,38221,0
5832,38600,0
5830,38598,0
4467,37235,0
6202,38970,0
7983,40751,0
6941,39709,0
7716,40484,0
4198,36966,0
5827,38595,0
7419,40187,0
4759,37527,0
5209,37977,0
6817,39585,0
6405,39173,0
6201,38969,0
6758,39526,0
4912,37680,0
6630,39398,0
5583,38351,0
5979,38747,0
4958,37726,0
5885,38653,0
5091,37859,0
4097,36865,0
6418,39186,0
5018,37786,0
5157,37925,0
7087,39855,0
6142,38910,0
5481,38249,0
6689,39457,0
4097,36865,0
7687,40455,0
5511,38279,0
5686,38454,0
5698,38466,0
7528,40296,0
5248,38016,0
7042,39810,0
6024,38792,0
5572,38340,0
5152,37920,0
6632,39400,0
5218,37986,0
6615,39383,0
7265,40033,0
5835,38603,0
7036,39804,0
4097,36865,0
5771,38539,0
6638,39406,0
6138,38906,0
5539,38307,0
8057,40825,0
4327,37095,0
6918,39686,0
7812,40580,0
6703,39471,0
8190,40958,0
6242,39010,0
7951,40719,0
4097,36865,0
6571,39339,0
6360,39128,0
6131,38899,0
5458,38226,0
6316,39084,0
6677,39445,0
5568,38336,0
7729,40497,0
5134,37902,0
4686,37454,0
7889,40657,0
4558,37326,0
8065,40833,0
5978,38746,0
4649,37417,0
4801,37569,0
4850,37618,0
4478,37246,0
6715,39483,0
6190,38958,0
4097,36865,0
8190,40958,0
5881,38649,0
8129,40897,0
7011,39779,0
7911,40679,0
5321,38089,0
4590,37358,0
5381,38149,0
6426,39194,0
4141,36909,0
5608,38376,0
5832,38600,0
5367,38135,0
6947,39715,0
7782,40550,0
6029,38797,0
4507,37275,0
6071,38839,0
7221,39989,0
7587,40355,0
5286,38054,0
6554,39322,0
7225,39993,0
7926,40694,0
6408,39176,0
5997,38765,0
6731,39499,0
6263,39031,0
6238,39006,0
7547,40315,0
5991,38759,0
6143,38911,0
7591,40359,0
5680,38448,0
6360,39128,0
6115,38883,0
4466,37234,0
6766,39534,0
4097,36865,0
6468,39236,0
4103,36871,0
8190,40958,0
7059,39827,0
4097,36865,0
5344,38112,0
5239,38007,0
7615,40383,0
7796,40564,0
4804,37572,0
7661,40429,0
6612,39380,0
4944,37712,0
5052,37820,0
6765,39533,0
5383,38151,0
4616,37384,0
5636,38404,0
8086,40854,0
4208,36976,0
4734,37502,0
6774,39542,0
4097,36865,0
5117,37885,0
4706,37474,0
7156,39924,0
6478,39246,0
5796,38564,0
8190,40958,0
6170,38938,0
4632,37400,0
5010,37778,0
4997,37765,0
5460,38228,0
5136,37904,0
5618,38386,0
7855,40623,0
6372,39140,0
5412,38180,0
4191,36959,0
5696,38464,0
7902,40670,0
4851,37619,0
4501,37269,0
7537,40305,0
8168,40936,0
5270,38038,0
5542,38310,0
7085,39853,0
5094,37862,0
4870,37638,0
4097,36865,0
5803,38571,0
5096,37864,0
5908,38676,0
5252,38020,0
4097,36865,0
6188,38956,0
6193,38961,0
7584,40352,0
4616,37384,0
6444,39212,0
5748,38516,0
5498,38266,0
4097,36865,0
7321,40089,0
5977,38745,0
4348,37116,0
7767,40535,0
8190,40958,0
6130,38898,0
4409,37177,0
6465,39233,0
8190,40958,0
7206,39974,0
6081,38849,0
6236,39004,0
8167,40935,0
6785,39553,0
7435,40203,0
5226,37994,0
5794,38562,0
4097,36865,0
6759,39527,0
6619,39387,0
5107,37875,0
6950,39718,0
8190,40958,0
4717,37485,0
7294,40062,0
5011,37779,0
6213,38981,0
4345,37113,0
5717,38485,0
7355,40123,0
4863,37631,0
5968,38736,0
6075,38843,0
4712,37480,0
6218,38986,0
6628,39396,0
7400,40168,0
6676,39444,0
5929,38697,0
4689,37457,0
4721,37489,0
5201,37969,0
6332,39100,0
6333,39101,0
7115,39883,0
7177,39945,0
5621,38389,0
4097,36865,0
4097,36865,0
6482,39250,0
4097,36865,0
6975,39743,0
6540,39308,0
6558,39326,0
6388,39156,0
7572,40340,0
4796,37564,0
8190,40958,0
5257,38025,0
7274,40042,0
8190,40958,0
5011,37779,0
6787,39555,0
6491,39259,0
6829,39597,0
5686,38454,0
6249,39017,0
6527,39295,0
5042,37810,0
7401,40169,0
4773,37541,0
5573,38341,0
6025,38793,0
4511,37279,0
4624,37392,0
6332,39100,0
5972,38740,0
4097,36865,0
5797,38565,0
5153,37921,0
5928,38696,0
5482,38250,0
6664,39432,0
5994,38762,0
6007,38775,0
6314,39082,0
7430,40198,0
4516,37284,0
5327,38095,0
8190,40958,0
4984,37752,0
6436,39204,0
4917,37685,0
4566,37334,0
6822,39590,0
6425,39193,0
6316,39084,0
4097,36865,0
8190,40958,0
5655,38423,0
4604,37372,0
6011,38779,0
4097,36865,0
7216,39984,0
5583,38351,0
7595,40363,0
5511,38279,0
7374,40142,0
6916,39684,0
8190,40958,0
6394,39162,0
4097,36865,0
6582,39350,0
6057,38825,0
4097,36865,0
4097,36865,0
8087,40855,0
7866,40634,0
5568,38336,0
5083,37851,0
7352,40120,0
5822,38590,0
4097,36865,0
7499,40267,0
7011,39779,0
4097,36865,0
6392,39160,0
7119,39887,0
6828,39596,0
5245,38013,0
4097,36865,0
4695,37463,0
6074,38842,0
7107,39875,0
6167,38935,0
5701,38469,0
5892,38660,0
4097,36865,0
8071,40839,0
7171,39939,0
5721,38489,0
5403,38171,0
6053,38821,0
5109,37877,0
5134,37902,0
6648,39416,0
4097,36865,0
4097,36865,0
7362,40130,0
4097,36865,0
5623,38391,0
6926,39694,0
5433,38201,0
6470,39238,0
6181,38949,0
4282,37050,0
7234,40002,0
6455,39223,0
7464,40232,0
7168,39936,0
4320,37088,0
6935,39703,0
7537,40305,0
7353,40121,0
7237,40005,0
4097,36865,0
4811,37579,0
6596,39364,0
4097,36865,0
4896,37664,0
4097,36865,0
7426,40194,0
6778,39546,0
8190,40958,0
5873,38641,0
4752,37520,0
7837,40605,0
5603,38371,0
6427,39195,0
6911,39679,0
4463,37231,0
4097,36865,0
4097,36865,0
6143,38911,0
4338,37106,0
5064,37832,0
6295,39063,0
7141,39909,0
6729,39497,0
4693,37461,0
4865,37633,0
6031,38799,0
5136,37904,0
4250,37018,0
5971,38739,0
8190,40958,0
7372,40140,0
7467,40235,0
5553,38321,0
5472,38240,0
6903,39671,0
6967,39735,0
6492,39260,0
4244,37012,0
7148,39916,0
6259,39027,0
4097,36865,0
6151,38919,0
4097,36865,0
7793,40561,0
5921,38689,0
6754,39522,0
4097,36865,0
7958,40726,0
5165,37933,0
4097,36865,0
6239,39007,0
8190,40958,0
7882,40650,0
6633,39401,0
5743,38511,0
5685,38453,0
6654,39422,0
5672,38440,0
6618,39386,0
4250,37018,0
4097,36865,0
5279,38047,0
7033,39801,0
4853,37621,0
6482,39250,0
5602,38370,0
5653,38421,0
8100,40868,0
8190,40958,0
7786,40554,0
5470,38238,0
6496,39264,0
5006,37774,0
7688,40456,0
6570,39338,0
6085,38853,0
6947,39715,0
8046,40814,0
6473,39241,0
6899,39667,0
8190,40958,0
8068,40836,0
6705,39473,0
6225,38993,0
6778,39546,0
7041,39809,0
8113,40881,0
6452,39220,0
5656,38424,0
4154,36922,0
5845,38613,0
5155,37923,0
4097,36865,0
4097,36865,0
5435,38203,0
6908,39676,0
7159,39927,0
6065,38833,0
5761,38529,0
4280,37048,0
6813,39581,0
7050,39818,0
7844,40612,0
6208,38976,0
4966,37734,0
6903,39671,0
5216,37984,0
5487,38255,0
5041,37809,0
5950,38718,0
6735,39503,0
5229,37997,0
5040,37808,0
7389,40157,0
6641,39409,0
6647,39415,0
5641,38409,0
7234,40002,0
6976,39744,0
5316,38084,0
6682,39450,0
6080,38848,0
6629,39397,0
6781,39549,0
4160,36928,0
7412,40180,0
5866,38634,0
6261,39029,0
4541,37309,0
4880,37648,0
6119,38887,0
4097,36865,0
6086,38854,0
6046,38814,0
5462,38230,0
5788,38556,0
6263,39031,0
8190,40958,0
4640,37408,0
5497,38265,0
7341,40109,0
7536,40304,0
5726,38494,0
6982,39750,0
4422,37190,0
6724,39492,0
5534,38302,0
6449,39217,0
6783,39551,0
6081,38849,0
7712,40480,0
7666,40434,0
6351,39119,0
7322,40090,0
6349,39117,0
5220,37988,0
6316,39084,0
5634,38402,0
7621,40389,0
5521,38289,0
5868,38636,0
7102,39870,0
4842,37610,0
8190,40958,0
8122,40890,0
5548,38316,0
6378,39146,0
5307,38075,0
5855,38623,0
7062,39830,0
5211,37979,0
8190,40958,0
5957,38725,0
7109,39877,0
7295,40063,0
4953,37721,0
6185,38953,0
7748,40516,0
4097,36865,0
5056,37824,0
8190,40958,0
5645,38413,0
5969,38737,0
5621,38389,0
7057,39825,0
6867,39635,0
8190,40958,0
8190,40958,0
5955,38723,0
6459,39227,0
7439,40207,0
7178,39946,0
4977,37745,0
4728,37496,0
6119,38887,0
4412,37180,0
8190,40958,0
5931,38699,0
8190,40958,0
4689,37457,0
6124,38892,0
5336,38104,0
5715,38483,0
5482,38250,0
6624,39392,0
5681,38449,0
7848,40616,0
7086,39854,0
5748,38516,0
4290,37058,0
8190,40958,0
5086,37854,0
7165,39933,0
5785,38553,0
4447,37215,0
7400,40168,0
4097,36865,0
5564,38332,0
6877,39645,0
7982,40750,0
6308,39076,0
6046,38814,0
5412,38180,0
5638,38406,0
5965,38733,0
7475,40243,0
4097,36865,0
8190,40958,0
7040,39808,0
6998,39766,0
6740,39508,0
6641,39409,0
6838,39606,0
4887,37655,0
4097,36865,0
5608,38376,0
7509,40277,0
5365,38133,0
4097,36865,0
6720,39488,0
7560,40328,0
6110,38878,0
5472,38240,0
7110,39878,0
5544,38312,0
6854,39622,0
4097,36865,0
7230,39998,0
7980,40748,0
7356,40124,0
4866,37634,0
4097,36865,0
5322,38090,0
6074,38842,0
6866,39634,0
5582,38350,0
5835,38603,0
4097,36865,0
4306,37074,0
7535,40303,0
4555,37323,0
6819,39587,0
5880,38648,0
4097,36865,0
6389,39157,0
4827,37595,0
6040,38808,0
4662,37430,0
6107,38875,0
5334,38102,0
7782,40550,0
6245,39013,0
5991,38759,0
7641,40409,0
4736,37504,0
7459,40227,0
7349,40117,0
6246,39014,0
6248,39016,0
6706,39474,0
6711,39479,0
4969,37737,0
7589,40357,0
8061,40829,0
6925,39693,0
5690,38458,0
6567,39335,0
7861,40629,0
5335,38103,0
6280,39048,0
5074,37842,0
4706,37474,0
6282,39050,0
5431,38199,0
5936,38704,0
4097,36865,0
6778,39546,0
6009,38777,0
4963,37731,0
5039,37807,0
7111,39879,0
6343,39111,0
4347,37115,0
5820,38588,0
4225,36993,0
8190,40958,0
5964,38732,0
4597,37365,0
5140,37908,0
4097,36865,0
4622,37390,0
7411,40179,0
4657,37425,0
6968,39736,0
7401,40169,0
4097,36865,0
5635,38403,0
4097,36865,0
7295,40063,0
6009,38777,0
8190,40958,0
6936,39704,0
8190,40958,0
6941,39709,0
6636,39404,0
5657,38425,0
4097,36865,0
6148,38916,0
7178,39946,0
6798,39566,0
4783,37551,0
4315,37083,0
7317,40085,0
4704,37472,0
4097,36865,0
7931,40699,0
5296,38064,0
5226,37994,0
4553,37321,0
5117,37885,0
7668,40436,0
6362,39130,0
7364,40132,0
5731,38499,0
8190,40958,0
5638,38406,0
5590,38358,0
6966,39734,0
6793,39561,0
7628,40396,0
5032,37800,0
8190,40958,0
7029,39797,0
4097,36865,0
5672,38440,0
8055,40823,0
6716,39484,0
5778,38546,0
7080,39848,0
5781,38549,0
6440,39208,0
5963,38731,0
4657,37425,0
4770,37538,0
7031,39799,0
5854,38622,0
6435,39203,0
4097,36865,0
4097,36865,0
6841,39609,0
5971,38739,0
6695,39463,0
8190,40958,0
5118,37886,0
5769,38537,0
6200,38968,0
7348,40116,0
5992,38760,0
6941,39709,0
5122,37890,0
6026,38794,0
4097,36865,0
8190,40958,0
6552,39320,0
8143,40911,0
5973,38741,0
5210,37978,0
5304,38072,0
5381,38149,0
4097,36865,0
4097,36865,0
5744,38512,0
7053,39821,0
7021,39789,0
7353,40121,0
4097,36865,0
6356,39124,0
4097,36865,0
6381,39149,0
6337,39105,0
6839,39607,0
6085,38853,0
4224,36992,0
5913,38681,0
6145,38913,0
7963,40731,0
5309,38077,0
4608,37376,0
6718,39486,0
4702,37470,0
5832,38600,0
5839,38607,0
5837,38605,0
6727,39495,0
6903,39671,0
7970,40738,0
5008,37776,0
4453,37221,0
5785,38553,0
4508,37276,0
6006,38774,0
5806,38574,0
4689,37457,0
6991,39759,0
8190,40958,0
6186,38954,0
5462,38230,0
7839,40607,0
5283,38051,0
6655,39423,0
4744,37512,0
6780,39548,0
5373,38141,0
5007,37775,0
5568,38336,0
6830,39598,0
5355,38123,0
6424,39192,0
4097,36865,0
4097,36865,0
4705,37473,0
6357,39125,0
4097,36865,0
7177,39945,0
6340,39108,0
5404,38172,0
6798,39566,0
8190,40958,0
4698,37466,0
6339,39107,0
4867,37635,0
7996,40764,0
5793,38561,0
7895,40663,0
7266,40034,0
4097,36865,0
7715,40483,0
5875,38643,0
6062,38830,0
5220,37988,0
7123,39891,0
7182,39950,0
6062,38830,0
6174,38942,0
6719,39487,0
7130,39898,0
5026,37794,0
6001,38769,0
8100,40868,0
4611,37379,0
5284,38052,0
6234,39002,0
6584,39352,0
4734,37502,0
6552,39320,0
7252,40020,0
5331,38099,0
5450,38218,0
5402,38170,0
7566,40334,0
7432,40200,0
7111,39879,0
6585,39353,0
5793,38561,0
5866,38634,0
5175,37943,0
5869,38637,0
8190,40958,0
4697,37465,0
8190,40958,0
5272,38040,0
8190,40958,0
6831,39599,0
6060,38828,0
6130,38898,0
6056,38824,0
4097,36865,0
6625,39393,0
7707,40475,0
6637,39405,0
5569,38337,0
6755,39523,0
5095,37863,0
4837,37605,0
7374,40142,0
5851,38619,0
5294,38062,0
4097,36865,0
5086,37854,0
8190,40958,0
6798,39566,0
6131,38899,0
4948,37716,0
5769,38537,0
6389,39157,0
7070,39838,0
6277,39045,0
6492,39260,0
6152,38920,0
7739,40507,0
5683,38451,0
6089,38857,0
4097,36865,0
7026,39794,0
5615,38383,0
6975,39743,0
7420,40188,0
4350,37118,0
6716,39484,0
5747,38515,0
5412,38180,0
4622,37390,0
8190,40958,0
5542,38310,0
7154,39922,0
7680,40448,0
4935,37703,0
8190,40958,0
7832,40600,0
6621,39389,0
7378,40146,0
6471,39239,0
8190,40958,0
6922,39690,0
5902,38670,0
7160,39928,0
4916,37684,0
5422,38190,0
5610,38378,0
4097,36865,0
4889,37657,0
4850,37618,0
6415,39183,0
6850,39618,0
6554,39322,0
7210,39978,0
8190,40958,0
5379,38147,0
5486,38254,0
5564,38332,0
8190,40958,0
7556,40324,0
7059,39827,0
5873,38641,0
8190,40958,0
8010,40778,0
7840,40608,0
6021,38789,0
5672,38440,0
5551,38319,0
6531,39299,0
5917,38685,0
6810,39578,0
6076,38844,0
5271,38039,0
6531,39299,0
4446,37214,0
6570,39338,0
7243,40011,0
5953,38721,0
4919,37687,0
6000,38768,0
6940,39708,0
4097,36865,0
6449,39217,0
7951,40719,0
5038,37806,0
7500,40268,0
6013,38781,0
7101,39869,0
6968,39736,0
6271,39039,0
4730,37498,0
5307,38075,0
5434,38202,0
5251,38019,0
4483,37251,0
6260,39028,0
7359,40127,0
4996,37764,0
6182,38950,0
5947,38715,0
4450,37218,0
4555,37323,0
4853,37621,0
5536,38304,0
4097,36865,0
4097,36865,0
6483,39251,0
4468,37236,0
4097,36865,0
7666,40434,0
4257,37025,0
7228,39996,0
8190,40958,0
5910,38678,0
5800,38568,0
8190,40958,0
6960,39728,0
7050,39818,0
5724,38492,0
5709,38477,0
5946,38714,0
6563,39331,0
5636,38404,0
6594,39362,0
6150,38918,0
7072,39840,0
4397,37165,0
6919,39687,0
6168,38936,0
6404,39172,0
4097,36865,0
6306,39074,0
5674,38442,0
8190,40958,0
6366,39134,0
6039,38807,0
8172,40940,0
7017,39785,0
4689,37457,0
8190,40958,0
7453,40221,0
6007,38775,0
8190,40958,0
4097,36865,0
4436,37204,0
6395,39163,0
7113,39881,0
8190,40958,0
5513,38281,0
6229,38997,0
6638,39406,0
5231,37999,0
5323,38091,0
6253,39021,0
6044,38812,0
6262,39030,0
5759,38527,0
8107,40875,0
7925,40693,0
5783,38551,0
5487,38255,0
5831,38599,0
6935,39703,0
6000,38768,0
5075,37843,0
7538,40306,0
5970,38738,0
4260,37028,0
7422,40190,0
4097,36865,0
7349,40117,0
6957,39725,0
6740,39508,0
5641,38409,0
4894,37662,0
4770,37538,0
6655,39423,0
7917,40685,0
4850,37618,0
5876,38644,0
6178,38946,0
6234,39002,0
6124,38892,0
5089,37857,0
6299,39067,0
8190,40958,0
4734,37502,0
4877,37645,0
5569,38337,0
5888,38656,0
4097,36865,0
5353,38121,0
4777,37545,0
5859,38627,0
5839,38607,0
6754,39522,0
8190,40958,0
5045,37813,0
5197,37965,0
5151,37919,0
7423,40191,0
6056,38824,0
4097,36865,0
4446,37214,0
7989,40757,0
4986,37754,0
5935,38703,0
7060,39828,0
4990,37758,0
4097,36865,0
5345,38113,0
6625,39393,0
5521,38289,0
5570,38338,0
6643,39411,0
4400,37168,0
6129,38897,0
4818,37586,0
5771,38539,0
5984,38752,0
4421,37189,0
6695,39463,0
5761,38529,0
8190,40958,0
7525,40293,0
4841,37609,0
6191,38959,0
5014,37782,0
5677,38445,0
5710,38478,0
4774,37542,0
6451,39219,0
6958,39726,0
7709,40477,0
7074,39842,0
7434,40202,0
6664,39432,0
6004,38772,0
4604,37372,0
4570,37338,0
5353,38121,0
6183,38951,0
6333,39101,0
6814,39582,0
7177,39945,0
4989,37757,0
6925,39693,0
8190,40958,0
5730,38498,0
5744,38512,0
8171,40939,0
8112,40880,0
6011,38779,0
5550,38318,0
6982,39750,0
5727,38495,0
5074,37842,0
5302,38070,0
6739,39507,0
7307,40075,0
4379,37147,0
6034,38802,0
5293,38061,0
4159,36927,0
6358,39126,0
4097,36865,0
6142,38910,0
6844,39612,0
7550,40318,0
4328,37096,0
5178,37946,0
7974,40742,0
5617,38385,0
6516,39284,0
6277,39045,0
7320,40088,0
5984,38752,0
4097,36865,0
6575,39343,0
6376,39144,0
4912,37680,0
4925,37693,0
5187,37955,0
6786,39554,0
4097,36865,0
4758,37526,0
5500,38268,0
7517,40285,0
7873,40641,0
7302,40070,0
5270,38038,0
5989,38757,0
6331,39099,0
6621,39389,0
8190,40958,0
6436,39204,0
6306,39074,0
7178,39946,0
8190,40958,0
8190,40958,0
5540,38308,0
7304,40072,0
5624,38392,0
5290,38058,0
7942,40710,0
6457,39225,0
6070,38838,0
5697,38465,0
5919,38687,0
5915,38683,0
5010,37778,0
4872,37640,0
6337,39105,0
6021,38789,0
6552,39320,0
5853,38621,0
5979,38747,0
6392,39160,0
4643,37411,0
4097,36865,0
5419,38187,0
5100,37868,0
5665,38433,0
4871,37639,0
7467,40235,0
6023,38791,0
6208,38976,0
7549,40317,0
6832,39600,0
5732,38500,0
4159,36927,0
4915,37683,0
8190,40958,0
6903,39671,0
4599,37367,0
8060,40828,0
8190,40958,0
6991,39759,0
5849,38617,0
4097,36865,0
6499,39267,0
4097,36865,0
5520,38288,0
5243,38011,0
6385,39153,0
5885,38653,0
5315,38083,0
6598,39366,0
4097,36865,0
5452,38220,0
4097,36865,0
5407,38175,0
6632,39400,0
6254,39022,0
8190,40958,0
7580,40348,0
4278,37046,0
6200,38968,0
7740,40508,0
5046,37814,0
6821,39589,0
5273,38041,0
6604,39372,0
4718,37486,0
7363,40131,0
5629,38397,0
5790,38558,0
6317,39085,0
7388,40156,0
4638,37406,0
7671,40439,0
7162,39930,0
6989,39757,0
7808,40576,0
4620,37388,0
7321,40089,0
7200,39968,0
6513,39281,0
6311,39079,0
5220,37988,0
7425,40193,0
5474,38242,0
4097,36865,0
6174,38942,0
5240,38008,0
7836,40604,0
6932,39700,0
7474,40242,0
6879,39647,0
6729,39497,0
7301,40069,0
5763,38531,0
6804,39572,0
4912,37680,0
8190,40958,0
4377,37145,0
6844,39612,0
7677,40445,0
4097,36865,0
5285,38053,0
6833,39601,0
8190,40958,0
6051,38819,0
8003,40771,0
4097,36865,0
6396,39164,0
4097,36865,0
6433,39201,0
4772,37540,0
4318,37086,0
4097,36865,0
7725,40493,0
4968,37736,0
6773,39541,0
5243,38011,0
6436,39204,0
4112,36880,0
6012,38780,0
6369,39137,0
6356,39124,0
4097,36865,0
6380,39148,0
7327,40095,0
4097,36865,0
4097,36865,0
6543,39311,0
7373,40141,0
6458,39226,0
5517,38285,0
7454,40222,0
5391,38159,0
7408,40176,0
4164,36932,0
5249,38017,0
5433,38201,0
4589,37357,0
6055,38823,0
4710,37478,0
4097,36865,0
6038,38806,0
8190,40958,0
7374,40142,0
5415,38183,0
4697,37465,0
5737,38505,0
5361,38129,0
4420,37188,0
5757,38525,0
7987,40755,0
5359,38127,0
5630,38398,0
6845,39613,0
8081,40849,0
5955,38723,0
8014,40782,0
6830,39598,0
5955,38723,0
4836,37604,0
7212,39980,0
4561,37329,0
6976,39744,0
7081,39849,0
5099,37867,0
6379,39147,0
5877,38645,0
5831,38599,0
6451,39219,0
7570,40338,0
6752,39520,0
6537,39305,0
7089,39857,0
4758,37526,0
7024,39792,0
4097,36865,0
6634,39402,0
5631,38399,0
6972,39740,0
4285,37053,0
6138,38906,0
6172,38940,0
7175,39943,0
8190,40958,0
5068,37836,0
6276,39044,0
8024,40792,0
4097,36865,0
7250,40018,0
5473,38241,0
6607,39375,0
8190,40958,0
6293,39061,0
8190,40958,0
5535,38303,0
5912,38680,0
4488,37256,0
4360,37128,0
8128,40896,0
5235,38003,0
5809,38577,0
6955,39723,0
5864,38632,0
5303,38071,0
4846,37614,0
7120,39888,0
6803,39571,0
6399,39167,0
6912,39680,0
7603,40371,0
7799,40567,0
7829,40597,0
5860,38628,0
6451,39219,0
4097,36865,0
7803,40571,0
8120,40888,0
5850,38618,0
6908,39676,0
7699,40467,0
5647,38415,0
6714,39482,0
4097,36865,0
8056,40824,0
4634,37402,0
7486,40254,0
5924,38692,0
7686,40454,0
7763,40531,0
4097,36865,0
4097,36865,0
4097,36865,0
6235,39003,0
7037,39805,0
5152,37920,0
6294,39062,0
7179,39947,0
7014,39782,0
7213,39981,0
5583,38351,0
5165,37933,0
7508,40276,0
6270,39038,0
4097,36865,0
6218,38986,0
6063,38831,0
7798,40566,0
6573,39341,0
7092,39860,0
4882,37650,0
5594,38362,0
5560,38328,0
7564,40332,0
6655,39423,0
5018,37786,0
8169,40937,0
6723,39491,0
6263,39031,0
5262,38030,0
6061,38829,0
8190,40958,0
5461,38229,0
7104,39872,0
6541,39309,0
4097,36865,0
8050,40818,0
6806,39574,0
6765,39533,0
6398,39166,0
8190,40958,0
5023,37791,0
6065,38833,0
6546,39314,0
7943,40711,0
6264,39032,0
4354,37122,0
4097,36865,0
6194,38962,0
5928,38696,0
7455,40223,0
4097,36865,0
5441,38209,0
8190,40958,0
7741,40509,0
5118,37886,0
7219,39987,0
7489,40257,0
7830,40598,0
4945,37713,0
6062,38830,0
5432,38200,0
6980,39748,0
5920,38688,0
5334,38102,0
5886,38654,0
6817,39585,0
5621,38389,0
4803,37571,0
4454,37222,0
4228,36996,0
7937,40705,0
7612,40380,0
6727,39495,0
8190,40958,0
6219,38987,0
6395,39163,0
5598,38366,0
7304,40072,0
6707,39475,0
7131,39899,0
5603,38371,0
6819,39587,0
6503,39271,0
6650,39418,0
6693,39461,0
7237,40005,0
7072,39840,0
7497,40265,0
5667,38435,0
6863,39631,0
5275,38043,0
5469,38237,0
5435,38203,0
7770,40538,0
5090,37858,0
4669,37437,0
6400,39168,0
5376,38144,0
7516,40284,0
4097,36865,0
8190,40958,0
7452,40220,0
8190,40958,0
6457,39225,0
5896,38664,0
6806,39574,0
7827,40595,0
5550,38318,0
6886,39654,0
6050,38818,0
5717,38485,0
6245,39013,0
7617,40385,0
6634,39402,0
6212,38980,0
6764,39532,0
5533,38301,0
4364,37132,0
6598,39366,0
6596,39364,0
7240,40008,0
4097,36865,0
6558,39326,0
6164,38932,0
6618,39386,0
6732,39500,0
6288,39056,0
5981,38749,0
4372,37140,0
4675,37443,0
7198,39966,0
6914,39682,0
6399,39167,0
6372,39140,0
6360,39128,0
6210,38978,0
4640,37408,0
8190,40958,0
7424,40192,0
5557,38325,0
6294,39062,0
6791,39559,0
7602,40370,0
6138,38906,0
5233,38001,0
4958,37726,0
5896,38664,0
7819,40587,0
4963,37731,0
5807,38575,0
7588,40356,0
5743,38511,0
7383,40151,0
5356,38124,0
5874,38642,0
5634,38402,0
6783,39551,0
4097,36865,0
8190,40958,0
6555,39323,0
6133,38901,0
8190,40958,0
4786,37554,0
5636,38404,0
7622,40390,0
4873,37641,0
5232,38000,0
6745,39513,0
6849,39617,0
5858,38626,0
6170,38938,0
4097,36865,0
6708,39476,0
4097,36865,0
6209,38977,0
6752,39520,0
5620,38388,0
6792,39560,0
5048,37816,0
5618,38386,0
8190,40958,0
7586,40354,0
6887,39655,0
7688,40456,0
5613,38381,0
5617,38385,0
5899,38667,0
6386,39154,0
5491,38259,0
5619,38387,0
7445,40213,0
5377,38145,0
5286,38054,0
6531,39299,0
4097,36865,0
5975,38743,0
5561,38329,0
6977,39745,0
7117,39885,0
8190,40958,0
6151,38919,0
6617,39385,0
5858,38626,0
7210,39978,0
6882,39650,0
7203,39971,0
6993,39761,0
6065,38833,0
4301,37069,0
4706,37474,0
3624,56872,1
3001,56249,0
4595,37363,0
3194,56442,0
2549,55797,0
1664,54912,0
769,54017,0
3486,56734,0
3154,56402,0
3519,56767,0
434,53682,0
3195,56443,0
5546,38314,0
687,53935,0
4025,57273,0
5786,38554,0
3409,56657,0
4893,37661,0
5707,38475,0
5671,38439,0
2266,55514,0
2789,56037,0
582,53830,0
2144,55392,0
401,53649,0
3576,56824,0
1551,54799,0
1559,54807,0
2812,56060,0
111,53359,0
5191,37959,0
2288,55536,0
5105,37873,0
4115,36883,0
831,54079,0
2946,56194,0
1035,54283,0
5064,37832,0
1653,54901,0
5513,38281,0
2860,56108,0
1130,54378,0
4665,37433,0
3091,56339,0
4350,37118,0
5958,38726,0
5667,38435,0
4991,37759,0
199,53447,0
545,53793,0
5523,38291,0
4318,37086,0
5644,38412,0
1544,54792,0
599,53847,0
338,53586,0
5026,37794,0
2231,55479,0
1638,54886,0
2896,56144,0
5470,38238,0
1088,54336,0
241,53489,0
2412,55660,0
4578,37346,0
3232,56480,0
6001,38769,0
3460,56708,0
2196,55444,0
1245,54493,0
1407,54655,0
1703,54951,0
369,53617,0
1912,55160,0
3815,57063,0
3718,56966,0
4564,37332,0
3447,56695,0
5183,37951,0
6040,38808,0
522,53770,0
2652,55900,0
2760,56008,0
4037,57285,0
839,54087,0
3913,57161,0
482,53730,0
4907,37675,0
20,53268,0
1711,54959,0
5524,38292,0
1859,55107,0
399,53647,0
5787,38555,0
4221,36989,0
4494,37262,0
363,53611,0
2408,55656,0
1174,54422,0
385,53633,0
333,53581,0
1965,55213,0
3973,57221,0
4232,37000,0
4354,37122,0
1658,54906,0
734,53982,0
3638,56886,0
807,54055,0
5351,38119,0
3269,56517,0
4357,37125,0
4760,37528,0
4817,37585,0
5804,38572,0
4355,37123,0
2210,55458,0
2267,55515,0
5083,37851,0
3128,56376,0
1837,55085,0
2693,55941,0
3131,56379,0
5281,38049,0
5237,38005,0
2340,55588,0
4461,37229,0
5734,38502,0
2893,56141,0
4307,37075,0
3110,56358,0
4941,37709,0
4412,37180,0
1069,54317,0
4389,37157,0
3079,56327,0
1833,55081,0
1201,54449,0
4709,37477,0
4314,37082,0
1528,54776,0
4802,37570,0
848,54096,0
6015,38783,0
666,53914,0
1633,54881,0
2221,55469,0
6031,38799,0
1445,54693,0
1771,55019,0
5495,38263,0
971,54219,0
4669,37437,0
807,54055,0
2344,55592,0
284,53532,0
5191,37959,0
3636,56884,0
6013,38781,0
2493,55741,0
2361,55609,0
4820,37588,0
1172,54420,0
4645,37413,0
1980,55228,0
5869,38637,0
6091,38859,0
2218,55466,0
1219,54467,0
2659,55907,0
522,53770,0
4427,37195,0
1014,54262,0
3640,56888,0
3289,56537,0
6062,38830,0
4249,37017,0
2247,55495,0
2618,55866,0
5738,38506,0
3787,57035,0
232,53480,0
4557,37325,0
4526,37294,0
3607,56855,0
4855,37623,0
3256,56504,0
2501,55749,0
3918,57166,0
4958,37726,0
5264,38032,0
434,53682,0
1692,54940,0
1274,54522,0
2222,55470,0
3120,56368,0
857,54105,0
3878,57126,0
5463,38231,0
5829,38597,0
5854,38622,0
4867,37635,0
5663,38431,0
213,53461,0
5433,38201,0
3530,56778,0
4500,37268,0
4176,36944,0
164,53412,0
4632,37400,0
4827,37595,0
998,54246,0
6098,38866,0
3483,56731,0
1574,54822,0
362,53610,0
4098,36866,0
1496,54744,0
3656,56904,0
2616,55864,0
2306,55554,0
151,53399,0
2052,55300,0
1304,54552,0
774,54022,0
1148,54396,0
5405,38173,0
3329,56577,0
4545,37313,0
1501,54749,0
4513,37281,0
3566,56814,0
324,53572,0
1948,55196,0
4083,57331,0
4466,37234,0
3181,56429,0
1878,55126,0
4025,57273,0
2976,56224,0
5381,38149,0
929,54177,0
5498,38266,0
1961,55209,0
1417,54665,0
3394,56642,0
5875,38643,0
6092,38860,0
3500,56748,0
3863,57111,0
4373,37141,0
6138,38906,0
1096,54344,0
410,53658,0
2198,55446,0
3375,56623,0
15,53263,0
744,53992,0
2244,55492,0
3994,57242,0
4343,37111,0
4305,37073,0
2947,56195,0
3661,56909,0
2111,55359,0
2170,55418,0
132,53380,0
3890,57138,0
1399,54647,0
2596,55844,0
4796,37564,0
2663,55911,0
837,54085,0
2998,56246,0
2157,55405,0
1838,55086,0
1385,54633,0
1756,55004,0
2445,55693,0
1643,54891,0
2580,55828,0
3009,56257,0
1473,54721,0
4299,37067,0
5682,38450,0
3218,56466,0
1838,55086,0
1954,55202,0
32,53280,0
1563,54811,0
3005,56253,0
5997,38765,0
4777,37545,0
6425,39193,0
6392,39160,0
6661,39429,0
4097,36865,0
6127,38895,0
5540,38308,0
4097,36865,0
6553,39321,0
6213,38981,0
6961,39729,0
8190,40958,0
6852,39620,0
5608,38376,0
6014,38782,0
5427,38195,0
7790,40558,0
5261,38029,0
7754,40522,0
6594,39362,0
5906,38674,0
6361,39129,0
7121,39889,0
4097,36865,0
6927,39695,0
6246,39014,0
5229,37997,0
7443,40211,0
4097,36865,0
6046,38814,0
4489,37257,0
5014,37782,0
5949,38717,0
7206,39974,0
4097,36865,0
6855,39623,0
8190,40958,0
4414,37182,0
4672,37440,0
4213,36981,0
6021,38789,0
5333,38101,0
5618,38386,0
4261,37029,0
5486,38254,0
7969,40737,0
5819,38587,0
5067,37835,0
6453,39221,0
6814,39582,0
5190,37958,0
6107,38875,0
5799,38567,0
4097,36865,0
7323,40091,0
6218,38986,0
6837,39605,0
6399,39167,0
6051,38819,0
7809,40577,0
7714,40482,0
6478,39246,0
5821,38589,0
6845,39613,0
5210,37978,0
5664,38432,0
7168,39936,0
6412,39180,0
6165,38933,0
6259,39027,0
5647,38415,0
6050,38818,0
5927,38695,0
7292,40060,0
6103,38871,0
7840,40608,0
5786,38554,0
5018,37786,0
6355,39123,0
8190,40958,0
6790,39558,0
6094,38862,0
5385,38153,0
6912,39680,0
6172,38940,0
7274,40042,0
6697,39465,0
6403,39171,0
6229,38997,0
4097,36865,0
6193,38961,0
6345,39113,0
4097,36865,0
6053,38821,0
4298,37066,0
6195,38963,0
8190,40958,0
4186,36954,0
6203,38971,0
5312,38080,0
5489,38257,0
5836,38604,0
7577,40345,0
6120,38888,0
6110,38878,0
8190,40958,0
8161,40929,0
4822,37590,0
5155,37923,0
8190,40958,0
5314,38082,0
6051,38819,0
5999,38767,0
5428,38196,0
4831,37599,0
5689,38457,0
5067,37835,0
6625,39393,0
5538,38306,0
4097,36865,0
6831,39599,0
6577,39345,0
6711,39479,0
6806,39574,0
7893,40661,0
4744,37512,0
6216,38984,0
7618,40386,0
7122,39890,0
5266,38034,0
5608,38376,0
7254,40022,0
5658,38426,0
6678,39446,0
7463,40231,0
5757,38525,0
6965,39733,0
7336,40104,0
6386,39154,0
7802,40570,0
6568,39336,0
5756,38524,0
5639,38407,0
5696,38464,0
5756,38524,0
6657,39425,0
7941,40709,0
6320,39088,0
4967,37735,0
4097,36865,0
7026,39794,0
5384,38152,0
7325,40093,0
8132,40900,0
6312,39080,0
6514,39282,0
6922,39690,0
4423,37191,0
8190,40958,0
4522,37290,0
6483,39251,0
7088,39856,0
7265,40033,0
7113,39881,0
5332,38100,0
6497,39265,0
6422,39190,0
5148,37916,0
8008,40776,0
6353,39121,0
7261,40029,0
7896,40664,0
5562,38330,0
6038,38806,0
5026,37794,0
5578,38346,0
6154,38922,0
4097,36865,0
6630,39398,0
7300,40068,0
7414,40182,0
4097,36865,0
5212,37980,0
6925,39693,0
5383,38151,0
6148,38916,0
6824,39592,0
5232,38000,0
6156,38924,0
6681,39449,0
8190,40958,0
6529,39297,0
7785,40553,0
6958,39726,0
5833,38601,0
7716,40484,0
4443,37211,0
4783,37551,0
8190,40958,0
5892,38660,0
5569,38337,0
6081,38849,0
4097,36865,0
4633,37401,0
4859,37627,0
4669,37437,0
5026,37794,0
4791,37559,0
6164,38932,0
5041,37809,0
7233,40001,0
6434,39202,0
5181,37949,0
4553,37321,0
6477,39245,0
5250,38018,0
7465,40233,0
8190,40958,0
6519,39287,0
4097,36865,0
5430,38198,0
5977,38745,0
6750,39518,0
8190,40958,0
7249,40017,0
7492,40260,0
7909,40677,0
5753,38521,0
4097,36865,0
5123,37891,0
6513,39281,0
6967,39735,0
7711,40479,0
7347,40115,0
7393,40161,0
6709,39477,0
5996,38764,0
6515,39283,0
4097,36865,0
6402,39170,0
7477,40245,0
6793,39561,0
4504,37272,0
7245,40013,0
7335,40103,0
5099,37867,0
6197,38965,0
8190,40958,0
5775,38543,0
6179,38947,0
8190,40958,0
6564,39332,0
6748,39516,0
6807,39575,0
4097,36865,0
6607,39375,0
7123,39891,0
5230,37998,0
4874,37642,0
6974,39742,0
5132,37900,0
6268,39036,0
7425,40193,0
5378,38146,0
6488,39256,0
6220,38988,0
6847,39615,0
7506,40274,0
4097,36865,0
6852,39620,0
7402,40170,0
5662,38430,0
7320,40088,0
5865,38633,0
4097,36865,0
6323,39091,0
6082,38850,0
7846,40614,0
5393,38161,0
4600,37368,0
4183,36951,0
6287,39055,0
8034,40802,0
8190,40958,0
6290,39058,0
4943,37711,0
7401,40169,0
7942,40710,0
7154,39922,0
6338,39106,0
8190,40958,0
4097,36865,0
6775,39543,0
5103,37871,0
5524,38292,0
5775,38543,0
5599,38367,0
7617,40385,0
6277,39045,0
4402,37170,0
4949,37717,0
7461,40229,0
6239,39007,0
6840,39608,0
5070,37838,0
7697,40465,0
7171,39939,0
5164,37932,0
5134,37902,0
6942,39710,0
4512,37280,0
4991,37759,0
6245,39013,0
4487,37255,0
4330,37098,0
7581,40349,0
5896,38664,0
6129,38897,0
7433,40201,0
6520,39288,0
4239,37007,0
6349,39117,0
5622,38390,0
6810,39578,0
5702,38470,0
6388,39156,0
6274,39042,0
5411,38179,0
5289,38057,0
6172,38940,0
7051,39819,0
6241,39009,0
4097,36865,0
5689,38457,0
7087,39855,0
4461,37229,0
5958,38726,0
5447,38215,0
4097,36865,0
4486,37254,0
5080,37848,0
5790,38558,0
5157,37925,0
5832,38600,0
5945,38713,0
5472,38240,0
6530,39298,0
7114,39882,0
4185,36953,0
5904,38672,0
6710,39478,0
6045,38813,0
8190,40958,0
8161,40929,0
5437,38205,0
5860,38628,0
4730,37498,0
5827,38595,0
5306,38074,0
5295,38063,0
7382,40150,0
6965,39733,0
5760,38528,0
4814,37582,0
8190,40958,0
5669,38437,0
6073,38841,0
7165,39933,0
5143,37911,0
7820,40588,0
4770,37538,0
4699,37467,0
4097,36865,0
5396,38164,0
7021,39789,0
5153,37921,0
7945,40713,0
7633,40401,0
6950,39718,0
6491,39259,0
6356,39124,0
5225,37993,0
8190,40958,0
4725,37493,0
4188,36956,0
7490,40258,0
5548,38316,0
7864,40632,0
4097,36865,0
5865,38633,0
5932,38700,0
7675,40443,0
5834,38602,0
5391,38159,0
6550,39318,0
6374,39142,0
6387,39155,0
5223,37991,0
6855,39623,0
6011,38779,0
5684,38452,0
7381,40149,0
7109,39877,0
5531,38299,0
4603,37371,0
6957,39725,0
6109,38877,0
5554,38322,0
4259,37027,0
4946,37714,0
7710,40478,0
5562,38330,0
7449,40217,0
4097,36865,0
7740,40508,0
4417,37185,0
7885,40653,0
6895,39663,0
6931,39699,0
7138,39906,0
4894,37662,0
6398,39166,0
7147,39915,0
7563,40331,0
6360,39128,0
5608,38376,0
8004,40772,0
4352,37120,0
5418,38186,0
4097,36865,0
5375,38143,0
5493,38261,0
7827,40595,0
7431,40199,0
8190,40958,0
4097,36865,0
4867,37635,0
7080,39848,0
4419,37187,0
6127,38895,0
5119,37887,0
7093,39861,0
6112,38880,0
5397,38165,0
6331,39099,0
5095,37863,0
5828,38596,0
7239,40007,0
5407,38175,0
5255,38023,0
7742,40510,0
6642,39410,0
6309,39077,0
6690,39458,0
5870,38638,0
5744,38512,0
8178,40946,0
4211,36979,0
8190,40958,0
7003,39771,0
4097,36865,0
6224,38992,0
6866,39634,0
5139,37907,0
4492,37260,0
6532,39300,0
6000,38768,0
8190,40958,0
5208,37976,0
6181,38949,0
6300,39068,0
7286,40054,0
7590,40358,0
5849,38617,0
6681,39449,0
4717,37485,0
5800,38568,0
6351,39119,0
8190,40958,0
6353,39121,0
6726,39494,0
5757,38525,0
6368,39136,0
4097,36865,0
5433,38201,0
7301,40069,0
8190,40958,0
6835,39603,0
6082,38850,0
6176,38944,0
5691,38459,0
5810,38578,0
8190,40958,0
4097,36865,0
4747,37515,0
5112,37880,0
6731,39499,0
8190,40958,0
7266,40034,0
8190,40958,0
5761,38529,0
5355,38123,0
6372,39140,0
7328,40096,0
5780,38548,0
6026,38794,0
6998,39766,0
5368,38136,0
6884,39652,0
6892,39660,0
5478,38246,0
6149,38917,0
5751,38519,0
6558,39326,0
4364,37132,0
6674,39442,0
6635,39403,0
4926,37694,0
6897,39665,0
6788,39556,0
7190,39958,0
5527,38295,0
5293,38061,0
6412,39180,0
5681,38449,0
5196,37964,0
7296,40064,0
7638,40406,0
4419,37187,0
7586,40354,0
7933,40701,0
7490,40258,0
4725,37493,0
7574,40342,0
8190,40958,0
5167,37935,0
5194,37962,0
5656,38424,0
4205,36973,0
6508,39276,0
7075,39843,0
7436,40204,0
5568,38336,0
7725,40493,0
7333,40101,0
7169,39937,0
5250,38018,0
4097,36865,0
6388,39156,0
5257,38025,0
6168,38936,0
6658,39426,0
4097,36865,0
4560,37328,0
5590,38358,0
7735,40503,0
7229,39997,0
6057,38825,0
7462,40230,0
8190,40958,0
6835,39603,0
7951,40719,0
6351,39119,0
5304,38072,0
6575,39343,0
6375,39143,0
6779,39547,0
5375,38143,0
5488,38256,0
6579,39347,0
6077,38845,0
5199,37967,0
6941,39709,0
6674,39442,0
8013,40781,0
6739,39507,0
7520,40288,0
5273,38041,0
8190,40958,0
7587,40355,0
5950,38718,0
4097,36865,0
5081,37849,0
7694,40462,0
8190,40958,0
5399,38167,0
4971,37739,0
5790,38558,0
8190,40958,0
6246,39014,0
5176,37944,0
6738,39506,0
7021,39789,0
6350,39118,0
6409,39177,0
6750,39518,0
5582,38350,0
6827,39595,0
6581,39349,0
7422,40190,0
5360,38128,0
8190,40958,0
5457,38225,0
8176,40944,0
6044,38812,0
5380,38148,0
5117,37885,0
6936,39704,0
6596,39364,0
5684,38452,0
5313,38081,0
8190,40958,0
4097,36865,0
5177,37945,0
5882,38650,0
7802,40570,0
6610,39378,0
6881,39649,0
4569,37337,0
5770,38538,0
4097,36865,0
4251,37019,0
5715,38483,0
5485,38253,0
4568,37336,0
7550,40318,0
5078,37846,0
6869,39637,0
5083,37851,0
7290,40058,0
4097,36865,0
6319,39087,0
4945,37713,0
6031,38799,0
4749,37517,0
5502,38270,0
5958,38726,0
5853,38621,0
6776,39544,0
5042,37810,0
6702,39470,0
5011,37779,0
8190,40958,0
6384,39152,0
6971,39739,0
5327,38095,0
6663,39431,0
7239,40007,0
4817,37585,0
5422,38190,0
6896,39664,0
6405,39173,0
7189,39957,0
6163,38931,0
7640,40408,0
8190,40958,0
4363,37131,0
6069,38837,0
4097,36865,0
4097,36865,0
7407,40175,0
6767,39535,0
8190,40958,0
6266,39034,0
7880,40648,0
5190,37958,0
6828,39596,0
5015,37783,0
4097,36865,0
5790,38558,0
5091,37859,0
4273,37041,0
7262,40030,0
4495,37263,0
5921,38689,0
5959,38727,0
5865,38633,0
1930,55178,0
1941,55189,0
22,53270,0
1126,54374,0
596,53844,0
1896,55144,0
345,53593,0
1742,54990,0
474,53722,0
1945,55193,0
1918,55166,0
1161,54409,0
1366,54614,0
1730,54978,0
1824,55072,0
560,53808,0
579,53827,0
13,53261,0
1589,54837,0
1751,54999,0
192,53440,0
864,54112,0
1217,54465,0
254,53502,0
1695,54943,0
313,53561,0
719,53967,0
1034,54282,0
804,54052,0
1533,54781,0
172,53420,0
646,53894,0
1232,54480,0
724,53972,0
871,54119,0
182,53430,0
1772,55020,0
1176,54424,0
1470,54718,0
1960,55208,0
964,54212,0
1749,54997,0
1245,54493,0
1750,54998,0
527,53775,0
28,53276,0
2002,55250,0
1426,54674,0
314,53562,0
1984,55232,0
1597,54845,0
1093,54341,0
749,53997,0
809,54057,0
308,53556,0
1995,55243,0
1773,55021,0
1776,55024,0
618,53866,0
1971,55219,0
729,53977,0
1869,55117,0
234,53482,0
1958,55206,0
523,53771,0
764,54012,0
346,53594,0
520,53768,0
1493,54741,0
404,53652,0
1795,55043,0
1511,54759,0
683,53931,0
558,53806,0
208,53456,0
2367,55615,0
1109,54357,0
3718,56966,0
2812,56060,0
2627,55875,0
3667,56915,0
4037,57285,0
2769,56017,0
2007,55255,0
4094,57342,0
1956,55204,0
4094,57342,0
1165,54413,0
2889,56137,0
2079,55327,0
1607,54855,0
2979,56227,0
1,53249,0
2492,55740,0
1,53249,0
3117,56365,0
1840,55088,0
3537,56785,0
1795,55043,0
2230,55478,0
1821,55069,0
2554,55802,0
3045,56293,0
3232,56480,0
2739,55987,0
1364,54612,0
3675,56923,0
2809,56057,0
1696,54944,0
4094,57342,0
844,54092,0
4094,57342,0
2604,55852,0
2383,55631,0
2187,55435,0
2752,56000,0
1994,55242,0
2292,55540,0
1016,54264,0
3381,56629,0
1625,54873,0
2598,55846,0
1,53249,0
2241,55489,0
2669,55917,0
1706,54954,0
2056,55304,0
1617,54865,0
851,54099,0
2649,55897,0
234,53482,0
1396,54644,0
1101,54349,0
3364,56612,0
1700,54948,0
3100,56348,0
1833,55081,0
2016,55264,0
977,54225,0
2278,55526,0
1677,54925,0
3291,56539,0
3101,56349,0
3009,56257,0
2674,55922,0
4094,57342,0
4027,57275,0
578,53826,0
1,53249,0
316,53564,0
1,53249,0
630,53878,0
1787,55035,0
1961,55209,0
1957,55205,0
2856,56104,0
2252,55500,0
2114,55362,0
3120,56368,0
1,53249,0
2908,56156,0
2569,55817,0
1280,54528,0
1029,54277,0
1607,54855,0
1137,54385,0
773,54021,0
2306,55554,0
1,53249,0
1385,54633,0
3476,56724,0
88,53336,0
2156,55404,0
1383,54631,0
2607,55855,0
1295,54543,0
2046,55294,0
1,53249,0
1,53249,0
1,53249,0
4094,57342,0
1,53249,0
2169,55417,0
766,54014,0
1356,54604,0
2268,55516,0
285,53533,0
758,54006,0
879,54127,0
2048,55296,0
286,53534,0
3350,56598,0
2433,55681,0
4094,57342,0
398,53646,0
4094,57342,0
2768,56016,0
1828,55076,0
1896,55144,0
1022,54270,0
570,53818,0
913,54161,0
2882,56130,0
1833,55081,0
3885,57133,0
2787,56035,0
4094,57342,0
2294,55542,0
527,53775,0
2084,55332,0
1730,54978,0
1,53249,0
1,53249,0
2314,55562,0
3806,57054,0
2122,55370,0
1574,54822,0
3754,57002,0
1486,54734,0
3486,56734,0
3308,56556,0
818,54066,0
1716,54964,0
2720,55968,0
2892,56140,0
2332,55580,0
1365,54613,0
3223,56471,0
2888,56136,0
2033,55281,0
3702,56950,0
2012,55260,0
1664,54912,0
2836,56084,0
1263,54511,0
3078,56326,0
13,53261,0
3346,56594,0
581,53829,0
2386,55634,0
1236,54484,0
133,53381,0
1825,55073,0
4017,57265,0
822,54070,0
2589,55837,0
3339,56587,0
1,53249,0
2159,55407,0
2284,55532,0
2353,55601,0
547,53795,0
3019,56267,0
3183,56431,0
2217,55465,0
2046,55294,0
564,53812,0
2865,56113,0
2927,56175,0
2258,55506,0
588,53836,0
2490,55738,0
1780,55028,0
452,53700,0
948,54196,0
3864,57112,0
3649,56897,0
73,53321,0
3841,57089,0
1400,54648,0
1940,55188,0
2656,55904,0
1134,54382,0
1928,55176,0
1806,55054,0
180,53428,0
1,53249,0
1164,54412,0
592,53840,0
1384,54632,0
1413,54661,0
2426,55674,0
3646,56894,0
1,53249,0
3062,56310,0
4094,57342,0
1989,55237,0
2560,55808,0
2512,55760,0
2182,55430,0
681,53929,0
4094,57342,0
4094,57342,0
3625,56873,0
2791,56039,0
1169,54417,0
1,53249,0
1499,54747,0
1037,54285,0
1711,54959,0
1379,54627,0
1,53249,0
2454,55702,0
2959,56207,0
256,53504,0
1722,54970,0
1456,54704,0
2050,55298,0
657,53905,0
3118,56366,0
1408,54656,0
4065,57313,0
994,54242,0
2946,56194,0
647,53895,0
316,53564,0
558,53806,0
1,53249,0
1,53249,0
4055,57303,0
1,53249,0
477,53725,0
1527,54775,0
2645,55893,0
179,53427,0
1,53249,0
2806,56054,0
2149,55397,0
1624,54872,0
3053,56301,0
2608,55856,0
1622,54870,0
1744,54992,0
1616,54864,0
1188,54436,0
3142,56390,0
3376,56624,0
720,53968,0
1789,55037,0
2412,55660,0
4094,57342,0
2059,55307,0
3184,56432,0
3676,56924,0
4094,57342,0
2510,55758,0
2754,56002,0
2980,56228,0
2727,55975,0
946,54194,0
1557,54805,0
2417,55665,0
3831,57079,0
1220,54468,0
1610,54858,0
3681,56929,0
1976,55224,0
2561,55809,0
636,53884,0
2796,56044,0
4094,57342,0
2276,55524,0
3322,56570,0
2982,56230,0
1820,55068,0
2067,55315,0
1,53249,0
2729,55977,0
2981,56229,0
4094,57342,0
1903,55151,0
2708,55956,0
810,54058,0
1014,54262,0
1,53249,0
269,53517,0
4013,57261,0
2979,56227,0
3846,57094,0
189,53437,0
3376,56624,0
4094,57342,0
3342,56590,0
2219,55467,0
1616,54864,0
1952,55200,0
3619,56867,0
513,53761,0
3536,56784,0
4094,57342,0
2059,55307,0
2881,56129,0
3274,56522,0
3352,56600,0
3069,56317,0
2287,55535,0
2072,55320,0
2670,55918,0
2858,56106,0
4042,57290,0
3032,56280,0
2501,55749,0
1264,54512,0
1207,54455,0
3238,56486,0
2118,55366,0
2737,55985,0
1902,55150,0
823,54071,0
1263,54511,0
2455,55703,0
1287,54535,0
1543,54791,0
657,53905,0
2244,55492,0
2414,55662,0
1,53249,0
3624,56872,0
2031,55279,0
2005,55253,0
2857,56105,0
2336,55584,0
2993,56241,0
2187,55435,0
2405,55653,0
3400,56648,0
3725,56973,0
1,53249,0
1,53249,0
3795,57043,0
4094,57342,0
473,53721,0
985,54233,0
1206,54454,0
832,54080,0
4094,57342,0
4094,57342,0
3975,57223,0
1023,54271,0
2401,55649,0
3975,57223,0
49,53297,0
771,54019,0
2524,55772,0
2034,55282,0
2912,56160,0
3832,57080,0
3753,57001,0
1568,54816,0
2315,55563,0
4094,57342,0
3659,56907,0
1324,54572,0
1,53249,0
2237,55485,0
762,54010,0
3786,57034,0
300,53548,0
1510,54758,0
620,53868,0
1504,54752,0
2439,55687,0
2615,55863,0
570,53818,0
3433,56681,0
1482,54730,0
3381,56629,0
1765,55013,0
1578,54826,0
2592,55840,0
1278,54526,0
178,53426,0
2131,55379,0
2199,55447,0
2856,56104,0
2834,56082,0
76,53324,0
1786,55034,0
4094,57342,0
3405,56653,0
1720,54968,0
2022,55270,0
2926,56174,0
3159,56407,0
3459,56707,0
486,53734,0
778,54026,0
2267,55515,0
3274,56522,0
3604,56852,0
1307,54555,0
1730,54978,0
1,53249,0
1,53249,0
342,53590,0
2144,55392,0
2761,56009,0
2502,55750,0
1200,54448,0
3022,56270,0
2175,55423,0
875,54123,0
3930,57178,0
3748,56996,0
3098,56346,0
1,53249,0
2946,56194,0
2804,56052,0
1,53249,0
1242,54490,0
1349,54597,0
1041,54289,0
2053,55301,0
2817,56065,0
1316,54564,0
1,53249,0
3460,56708,0
1890,55138,0
2575,55823,0
2417,55665,0
3291,56539,0
640,53888,0
3595,56843,0
1579,54827,0
1779,55027,0
4094,57342,0
1850,55098,0
2905,56153,0
2700,55948,0
2399,55647,0
3219,56467,0
2113,55361,0
1104,54352,0
2180,55428,0
1193,54441,0
2964,56212,0
1,53249,0
1,53249,0
3364,56612,0
3958,57206,0
1386,54634,0
3360,56608,0
834,54082,0
3092,56340,0
4094,57342,0
1621,54869,0
1886,55134,0
1,53249,0
1441,54689,0
2316,55564,0
651,53899,0
1615,54863,0
2347,55595,0
3299,56547,0
1489,54737,0
2364,55612,0
1496,54744,0
934,54182,0
2490,55738,0
1233,54481,0
273,53521,0
2463,55711,0
2378,55626,0
3027,56275,0
1381,54629,0
1540,54788,0
4094,57342,0
4094,57342,0
1525,54773,0
472,53720,0
369,53617,0
4094,57342,0
2244,55492,0
907,54155,0
2857,56105,0
2317,55565,0
3351,56599,0
4007,57255,0
3052,56300,0
15,53263,0
2973,56221,0
1613,54861,0
1597,54845,0
700,53948,0
1225,54473,0
3025,56273,0
3239,56487,0
100,53348,0
3563,56811,0
2009,55257,0
1366,54614,0
4094,57342,0
3260,56508,0
3244,56492,0
869,54117,0
3392,56640,0
233,53481,0
3760,57008,0
4094,57342,0
795,54043,0
2159,55407,0
1564,54812,0
3801,57049,0
1800,55048,0
1746,54994,0
2997,56245,0
998,54246,0
2546,55794,0
1318,54566,0
3332,56580,0
2675,55923,0
4094,57342,0
1963,55211,0
1951,55199,0
1105,54353,0
1608,54856,0
2579,55827,0
670,53918,0
2171,55419,0
119,53367,0
1532,54780,0
3079,56327,0
2289,55537,0
49,53297,0
1980,55228,0
2213,55461,0
4094,57342,0
3423,56671,0
1370,54618,0
780,54028,0
3108,56356,0
950,54198,0
2260,55508,0
4094,57342,0
2248,55496,0
260,53508,0
3292,56540,0
868,54116,0
3294,56542,0
536,53784,0
1377,54625,0
388,53636,0
3803,57051,0
2975,56223,0
656,53904,0
2769,56017,0
1704,54952,0
1643,54891,0
1370,54618,0
2234,55482,0
1911,55159,0
4094,57342,0
973,54221,0
1,53249,0
223,53471,0
3287,56535,0
818,54066,0
4094,57342,0
1452,54700,0
2696,55944,0
943,54191,0
3058,56306,0
1605,54853,0
1973,55221,0
4094,57342,0
1141,54389,0
1497,54745,0
3848,57096,0
4094,57342,0
1752,55000,0
1729,54977,0
3709,56957,0
2987,56235,0
735,53983,0
3251,56499,0
873,54121,0
2514,55762,0
2111,55359,0
1503,54751,0
742,53990,0
2062,55310,0
3269,56517,0
2147,55395,0
1662,54910,0
1347,54595,0
2514,55762,0
4001,57249,0
1254,54502,0
2283,55531,0
2103,55351,0
676,53924,0
3662,56910,0
2344,55592,0
858,54106,0
1345,54593,0
2775,56023,0
1,53249,0
2524,55772,0
2601,55849,0
1878,55126,0
3335,56583,0
1056,54304,0
2262,55510,0
553,53801,0
2060,55308,0
1399,54647,0
2233,55481,0
415,53663,0
2593,55841,0
2399,55647,0
3233,56481,0
1843,55091,0
42,53290,0
2523,55771,0
2874,56122,0
1963,55211,0
546,53794,0
2288,55536,0
1271,54519,0
2118,55366,0
353,53601,0
1134,54382,0
2867,56115,0
3049,56297,0
2444,55692,0
3013,56261,0
2280,55528,0
2007,55255,0
1224,54472,0
1800,55048,0
1878,55126,0
1775,55023,0
1686,54934,0
2032,55280,0
2058,55306,0
2534,55782,0
3253,56501,0
1486,54734,0
1580,54828,0
3439,56687,0
633,53881,0
3168,56416,0
4094,57342,0
3155,56403,0
3732,56980,0
2294,55542,0
2698,55946,0
582,53830,0
646,53894,0
1456,54704,0
1,53249,0
1,53249,0
2396,55644,0
884,54132,0
4094,57342,0
2167,55415,0
836,54084,0
2544,55792,0
3383,56631,0
2099,55347,0
1146,54394,0
2603,55851,0
391,53639,0
1,53249,0
1551,54799,0
700,53948,0
1229,54477,0
1796,55044,0
1675,54923,0
1,53249,0
191,53439,0
2514,55762,0
593,53841,0
1,53249,0
1832,55080,0
1463,54711,0
1982,55230,0
2405,55653,0
4094,57342,0
1,53249,0
841,54089,0
1832,55080,0
2299,55547,0
1365,54613,0
2105,55353,0
1676,54924,0
2947,56195,0
1829,55077,0
2985,56233,0
2118,55366,0
3329,56577,0
1,53249,0
1234,54482,0
3555,56803,0
889,54137,0
3040,56288,0
2260,55508,0
1129,54377,0
2329,55577,0
1075,54323,0
372,53620,0
1176,54424,0
1,53249,0
3438,56686,0
1,53249,0
2368,55616,0
1455,54703,0
2491,55739,0
3436,56684,0
2867,56115,0
3236,56484,0
4094,57342,0
2839,56087,0
659,53907,0
4094,57342,0
2151,55399,0
2472,55720,0
2293,55541,0
1,53249,0
153,53401,0
861,54109,0
3240,56488,0
833,54081,0
2346,55594,0
4094,57342,0
2350,55598,0
1947,55195,0
2593,55841,0
3277,56525,0
4094,57342,0
758,54006,0
3636,56884,0
509,53757,0
2607,55855,0
819,54067,0
3592,56840,0
1811,55059,0
3453,56701,0
624,53872,0
1259,54507,0
2334,55582,0
776,54024,0
91,53339,0
1,53249,0
1520,54768,0
2400,55648,0
138,53386,0
2212,55460,0
1,53249,0
1,53249,0
1729,54977,0
2271,55519,0
1856,55104,0
3535,56783,0
2525,55773,0
1342,54590,0
1526,54774,0
3417,56665,0
3421,56669,0
2953,56201,0
2654,55902,0
3809,57057,0
3567,56815,0
1646,54894,0
3538,56786,0
450,53698,0
1832,55080,0
1142,54390,0
377,53625,0
123,53371,0
1613,54861,0
150,53398,0
4094,57342,0
3507,56755,0
2511,55759,0
4000,57248,0
3611,56859,0
1225,54473,0
733,53981,0
1764,55012,0
1436,54684,0
2411,55659,0
1364,54612,0
3313,56561,0
687,53935,0
4041,57289,0
899,54147,0
1183,54431,0
215,53463,0
3135,56383,0
1252,54500,0
3413,56661,0
2256,55504,0
1929,55177,0
3366,56614,0
3211,56459,0
1657,54905,0
4094,57342,0
698,53946,0
2135,55383,0
3198,56446,0
3520,56768,0
2624,55872,0
835,54083,0
4094,57342,0
4094,57342,0
2338,55586,0
2309,55557,0
1,53249,0
3196,56444,0
4066,57314,0
1910,55158,0
2380,55628,0
2299,55547,0
2236,55484,0
999,54247,0
2419,55667,0
1855,55103,0
1979,55227,0
1738,54986,0
2222,55470,0
2188,55436,0
868,54116,0
670,53918,0
2665,55913,0
2785,56033,0
534,53782,0
3240,56488,0
2822,56070,0
2527,55775,0
683,53931,0
2144,55392,0
1853,55101,0
2102,55350,0
2078,55326,0
921,54169,0
3337,56585,0
2693,55941,0
2247,55495,0
3338,56586,0
1619,54867,0
2364,55612,0
1965,55213,0
2294,55542,0
440,53688,0
653,53901,0
1093,54341,0
696,53944,0
193,53441,0
1343,54591,0
427,53675,0
1,53249,0
1153,54401,0
1350,54598,0
2294,55542,0
3603,56851,0
2222,55470,0
568,53816,0
1865,55113,0
3497,56745,0
1517,54765,0
2530,55778,0
2477,55725,0
2083,55331,0
860,54108,0
1131,54379,0
208,53456,0
2953,56201,0
2834,56082,0
2706,55954,0
2352,55600,0
1,53249,0
3094,56342,0
1874,55122,0
103,53351,0
2246,55494,0
1797,55045,0
2507,55755,0
2068,55316,0
2740,55988,0
1,53249,0
1,53249,0
2632,55880,0
4094,57342,0
2683,55931,0
3072,56320,0
810,54058,0
2631,55879,0
2799,56047,0
2046,55294,0
1,53249,0
2204,55452,0
3397,56645,0
2133,55381,0
1573,54821,0
2658,55906,0
77,53325,0
1079,54327,0
3082,56330,0
1867,55115,0
1,53249,0
746,53994,0
1886,55134,0
2285,55533,0
1937,55185,0
1732,54980,0
2346,55594,0
1,53249,0
1719,54967,0
1,53249,0
2597,55845,0
1651,54899,0
660,53908,0
4094,57342,0
897,54145,0
3141,56389,0
2834,56082,0
1987,55235,0
730,53978,0
1530,54778,0
1002,54250,0
1522,54770,0
2762,56010,0
3683,56931,0
2465,55713,0
1868,55116,0
3950,57198,0
418,53666,0
1989,55237,0
2893,56141,0
4094,57342,0
805,54053,0
2343,55591,0
1642,54890,0
829,54077,0
4094,57342,0
243,53491,0
3625,56873,0
2968,56216,0
1575,54823,0
1,53249,0
1745,54993,0
1490,54738,0
4068,57316,0
1530,54778,0
3499,56747,0
2901,56149,0
2872,56120,0
1386,54634,0
23,53271,0
1559,54807,0
1609,54857,0
355,53603,0
3468,56716,0
1764,55012,0
1281,54529,0
2119,55367,0
2152,55400,0
3913,57161,0
2,53250,0
4094,57342,0
1205,54453,0
1742,54990,0
3278,56526,0
1648,54896,0
1959,55207,0
2799,56047,0
156,53404,0
219,53467,0
3148,56396,0
1245,54493,0
2271,55519,0
2830,56078,0
1986,55234,0
392,53640,0
734,53982,0
2857,56105,0
4094,57342,0
2535,55783,0
1362,54610,0
2623,55871,0
3343,56591,0
2615,55863,0
548,53796,0
2747,55995,0
1142,54390,0
1689,54937,0
1257,54505,0
1139,54387,0
172,53420,0
3305,56553,0
1556,54804,0
4094,57342,0
2231,55479,0
3071,56319,0
4094,57342,0
2757,56005,0
3264,56512,0
2097,55345,0
1069,54317,0
1275,54523,0
2065,55313,0
1053,54301,0
3353,56601,0
1555,54803,0
3631,56879,0
2648,55896,0
874,54122,0
2646,55894,0
2150,55398,0
2267,55515,0
1646,54894,0
613,53861,0
3842,57090,0
1993,55241,0
4094,57342,0
1093,54341,0
971,54219,0
1078,54326,0
1623,54871,0
1342,54590,0
2350,55598,0
1071,54319,0
942,54190,0
2507,55755,0
1811,55059,0
3033,56281,0
1,53249,0
1666,54914,0
645,53893,0
3379,56627,0
2562,55810,0
2973,56221,0
1265,54513,0
3858,57106,0
198,53446,0
3463,56711,0
2187,55435,0
1200,54448,0
2980,56228,0
3441,56689,0
4094,57342,0
1263,54511,0
3064,56312,0
1688,54936,0
1316,54564,0
3050,56298,0
2501,55749,0
2161,55409,0
1445,54693,0
3177,56425,0
1063,54311,0
2938,56186,0
2142,55390,0
2750,55998,0
883,54131,0
3949,57197,0
3002,56250,0
1,53249,0
2122,55370,0
2042,55290,0
904,54152,0
3130,56378,0
2220,55468,0
2004,55252,0
2158,55406,0
1378,54626,0
1150,54398,0
2114,55362,0
1255,54503,0
517,53765,0
4091,57339,0
3970,57218,0
996,54244,0
1430,54678,0
3035,56283,0
2694,55942,0
3004,56252,0
489,53737,0
2018,55266,0
4073,57321,0
1678,54926,0
1831,55079,0
989,54237,0
2431,55679,0
4094,57342,0
2437,55685,0
3446,56694,0
1589,54837,0
508,53756,0
1825,55073,0
2887,56135,0
4094,57342,0
2871,56119,0
2364,55612,0
2562,55810,0
578,53826,0
1717,54965,0
1,53249,0
2285,55533,0
3348,56596,0
2037,55285,0
3813,57061,0
1,53249,0
1299,54547,0
4094,57342,0
3344,56592,0
272,53520,0
3657,56905,0
2348,55596,0
1817,55065,0
2839,56087,0
4094,57342,0
1098,54346,0
2925,56173,0
944,54192,0
1833,55081,0
4094,57342,0
2933,56181,0
4094,57342,0
1061,54309,0
2418,55666,0
1311,54559,0
1931,55179,0
782,54030,0
4094,57342,0
3479,56727,0
1922,55170,0
3001,56249,0
283,53531,0
1723,54971,0
2879,56127,0
1835,55083,0
1293,54541,0
2844,56092,0
3518,56766,0
2608,55856,0
1490,54738,0
2363,55611,0
2957,56205,0
1,53249,0
2160,55408,0
2287,55535,0
2335,55583,0
76,53324,0
774,54022,0
842,54090,0
2508,55756,0
2503,55751,0
2610,55858,0
2282,55530,0
3693,56941,0
2080,55328,0
1952,55200,0
1990,55238,0
1775,55023,0
2217,55465,0
990,54238,0
1931,55179,0
875,54123,0
1345,54593,0
3221,56469,0
3444,56692,0
1425,54673,0
3825,57073,0
1641,54889,0
4094,57342,0
3416,56664,0
3336,56584,0
3031,56279,0
2243,55491,0
2480,55728,0
2719,55967,0
2151,55399,0
1005,54253,0
1,53249,0
1218,54466,0
1490,54738,0
726,53974,0
1468,54716,0
1115,54363,0
299,53547,0
1,53249,0
2454,55702,0
1411,54659,0
237,53485,0
1917,55165,0
3948,57196,0
4094,57342,0
1540,54788,0
2315,55563,0
1197,54445,0
1758,55006,0
3977,57225,0
3591,56839,0
2851,56099,0
2959,56207,0
903,54151,0
4094,57342,0
1425,54673,0
2356,55604,0
543,53791,0
3301,56549,0
1111,54359,0
3341,56589,0
3931,57179,0
4040,57288,0
2753,56001,0
2107,55355,0
1216,54464,0
2609,55857,0
1826,55074,0
3769,57017,0
2686,55934,0
3044,56292,0
37,53285,0
1,53249,0
1741,54989,0
1406,54654,0
1,53249,0
4094,57342,0
2002,55250,0
2734,55982,0
2239,55487,0
3132,56380,0
2350,55598,0
1485,54733,0
1,53249,0
3262,56510,0
895,54143,0
1612,54860,0
2271,55519,0
200,53448,0
3177,56425,0
2451,55699,0
1,53249,0
341,53589,0
2351,55599,0
2562,55810,0
1,53249,0
1644,54892,0
1821,55069,0
3573,56821,0
1643,54891,0
1,53249,0
986,54234,0
215,53463,0
3482,56730,0
2786,56034,0
3625,56873,0
164,53412,0
2932,56180,0
2575,55823,0
4094,57342,0
1633,54881,0
927,54175,0
904,54152,0
1,53249,0
3710,56958,0
1336,54584,0
327,53575,0
1709,54957,0
418,53666,0
2532,55780,0
2533,55781,0
1522,54770,0
2854,56102,0
1353,54601,0
2188,55436,0
1341,54589,0
4094,57342,0
343,53591,0
1954,55202,0
920,54168,0
577,53825,0
2366,55614,0
1,53249,0
2935,56183,0
2059,55307,0
2047,55295,0
2334,55582,0
1165,54413,0
3622,56870,0
2976,56224,0
1928,55176,0
1081,54329,0
2108,55356,0
119,53367,0
1952,55200,0
507,53755,0
520,53768,0
1986,55234,0
4094,57342,0
2261,55509,0
2018,55266,0
3162,56410,0
4094,57342,0
1044,54292,0
2111,55359,0
66,53314,0
3761,57009,0
3235,56483,0
3560,56808,0
1525,54773,0
1863,55111,0
2946,56194,0
2893,56141,0
2705,55953,0
2753,56001,0
2697,55945,0
1,53249,0
4094,57342,0
2417,55665,0
322,53570,0
2602,55850,0
2863,56111,0
3175,56423,0
3534,56782,0
1559,54807,0
3793,57041,0
2413,55661,0
864,54112,0
1467,54715,0
1965,55213,0
1134,54382,0
2635,55883,0
2230,55478,0
3990,57238,0
1325,54573,0
3219,56467,0
1281,54529,0
4094,57342,0
2873,56121,0
2452,55700,0
910,54158,0
2115,55363,0
703,53951,0
3805,57053,0
2022,55270,0
1127,54375,0
1369,54617,0
1913,55161,0
1230,54478,0
2029,55277,0
3621,56869,0
4094,57342,0
4094,57342,0
1157,54405,0
764,54012,0
3470,56718,0
1521,54769,0
1864,55112,0
3057,56305,0
3101,56349,0
1298,54546,0
4094,57342,0
922,54170,0
305,53553,0
1541,54789,0
1441,54689,0
2045,55293,0
525,53773,0
890,54138,0
3158,56406,0
1005,54253,0
1,53249,0
2838,56086,0
908,54156,0
3810,57058,0
2348,55596,0
1798,55046,0
1277,54525,0
4094,57342,0
3657,56905,0
1203,54451,0
789,54037,0
1792,55040,0
2423,55671,0
1220,54468,0
2129,55377,0
3940,57188,0
307,53555,0
1414,54662,0
1,53249,0
1,53249,0
3747,56995,0
3406,56654,0
2746,55994,0
2156,55404,0
1020,54268,0
365,53613,0
3097,56345,0
2213,55461,0
424,53672,0
3672,56920,0
1264,54512,0
3778,57026,0
577,53825,0
2144,55392,0
1,53249,0
1628,54876,0
3408,56656,0
2053,55301,0
4094,57342,0
1569,54817,0
3581,56829,0
2422,55670,0
903,54151,0
2761,56009,0
1897,55145,0
1312,54560,0
1750,54998,0
2828,56076,0
3724,56972,0
2831,56079,0
2832,56080,0
2594,55842,0
2616,55864,0
1139,54387,0
4094,57342,0
2817,56065,0
2417,55665,0
2764,56012,0
2450,55698,0
1434,54682,0
3093,56341,0
2782,56030,0
930,54178,0
328,53576,0
1499,54747,0
720,53968,0
1247,54495,0
1219,54467,0
2920,56168,0
3497,56745,0
137,53385,0
2445,55693,0
2873,56121,0
1323,54571,0
2227,55475,0
2558,55806,0
3287,56535,0
3960,57208,0
2184,55432,0
3287,56535,0
2227,55475,0
2773,56021,0
1719,54967,0
3001,56249,0
3837,57085,0
1,53249,0
3626,56874,0
340,53588,0
1,53249,0
1487,54735,0
2139,55387,0
1133,54381,0
734,53982,0
1827,55075,0
1281,54529,0
1922,55170,0
1251,54499,0
2206,55454,0
638,53886,0
1814,55062,0
3443,56691,0
1,53249,0
1058,54306,0
1233,54481,0
727,53975,0
1138,54386,0
3395,56643,0
3022,56270,0
2508,55756,0
2613,55861,0
1670,54918,0
114,53362,0
1397,54645,0
1393,54641,0
811,54059,0
4094,57342,0
3592,56840,0
1029,54277,0
1043,54291,0
1517,54765,0
2411,55659,0
1898,55146,0
2460,55708,0
550,53798,0
316,53564,0
3726,56974,0
1661,54909,0
1093,54341,0
2627,55875,0
3386,56634,0
1335,54583,0
2946,56194,0
2715,55963,0
3235,56483,0
1822,55070,0
3636,56884,0
1999,55247,0
2261,55509,0
2253,55501,0
2767,56015,0
1442,54690,0
2532,55780,0
3935,57183,0
1763,55011,0
3367,56615,0
2931,56179,0
1996,55244,0
1,53249,0
2648,55896,0
3128,56376,0
2721,55969,0
1,53249,0
1833,55081,0
1017,54265,0
3918,57166,0
1455,54703,0
1,53249,0
2165,55413,0
124,53372,0
4094,57342,0
1344,54592,0
3031,56279,0
207,53455,0
3497,56745,0
1697,54945,0
2248,55496,0
3980,57228,0
2385,55633,0
2130,55378,0
894,54142,0
2186,55434,0
2042,55290,0
2034,55282,0
1425,54673,0
809,54057,0
1809,55057,0
1,53249,0
1685,54933,0
794,54042,0
1845,55093,0
1950,55198,0
1120,54368,0
2420,55668,0
2583,55831,0
2460,55708,0
2227,55475,0
1737,54985,0
4094,57342,0
4094,57342,0
1983,55231,0
2462,55710,0
1308,54556,0
134,53382,0
1266,54514,0
1374,54622,0
2104,55352,0
1,53249,0
1908,55156,0
3606,56854,0
2051,55299,0
2231,55479,0
3669,56917,0
2435,55683,0
2689,55937,0
396,53644,0
1273,54521,0
1581,54829,0
2720,55968,0
3005,56253,0
2667,55915,0
2729,55977,0
703,53951,0
2211,55459,0
732,53980,0
1,53249,0
3176,56424,0
2226,55474,0
1484,54732,0
1626,54874,0
2739,55987,0
749,53997,0
1,53249,0
2975,56223,0
3176,56424,0
2791,56039,0
1430,54678,0
2164,55412,0
2767,56015,0
2222,55470,0
4094,57342,0
2023,55271,0
1276,54524,0
2064,55312,0
2720,55968,0
1682,54930,0
678,53926,0
1478,54726,0
3034,56282,0
2877,56125,0
2775,56023,0
3432,56680,0
16,53264,0
3163,56411,0
3858,57106,0
1174,54422,0
1162,54410,0
3288,56536,0
1054,54302,0
1402,54650,0
1358,54606,0
3319,56567,0
1757,55005,0
3317,56565,0
3352,56600,0
2658,55906,0
2442,55690,0
3447,56695,0
1263,54511,0
3512,56760,0
1082,54330,0
2042,55290,0
729,53977,0
1319,54567,0
1941,55189,0
803,54051,0
2766,56014,0
4094,57342,0
3601,56849,0
3140,56388,0
2353,55601,0
3048,56296,0
2426,55674,0
3824,57072,0
1333,54581,0
1262,54510,0
2132,55380,0
3339,56587,0
2751,55999,0
2408,55656,0
1244,54492,0
1058,54306,0
2974,56222,0
3551,56799,0
2811,56059,0
1,53249,0
203,53451,0
683,53931,0
1292,54540,0
3709,56957,0
2133,55381,0
4094,57342,0
3137,56385,0
1774,55022,0
1759,55007,0
2874,56122,0
1912,55160,0
2471,55719,0
1543,54791,0
2213,55461,0
3229,56477,0
2102,55350,0
698,53946,0
3408,56656,0
389,53637,0
4094,57342,0
961,54209,0
3052,56300,0
1700,54948,0
922,54170,0
494,53742,0
528,53776,0
1660,54908,0
646,53894,0
4094,57342,0
361,53609,0
2095,55343,0
2619,55867,0
1,53249,0
4094,57342,0
4094,57342,0
1148,54396,0
1724,54972,0
3082,56330,0
2015,55263,0
674,53922,0
3375,56623,0
216,53464,0
1,53249,0
1764,55012,0
4094,57342,0
3406,56654,0
1110,54358,0
184,53432,0
3214,56462,0
1354,54602,0
2122,55370,0
1277,54525,0
3019,56267,0
2149,55397,0
3061,56309,0
3921,57169,0
3469,56717,0
1797,55045,0
2147,55395,0
3105,56353,0
3803,57051,0
2925,56173,0
2950,56198,0
3285,56533,0
2975,56223,0
1100,54348,0
757,54005,0
80,53328,0
3016,56264,0
1098,54346,0
923,54171,0
3614,56862,0
2917,56165,0
1900,55148,0
2348,55596,0
242,53490,0
1,53249,0
1460,54708,0
1,53249,0
501,53749,0
2918,56166,0
682,53930,0
1225,54473,0
4009,57257,0
2928,56176,0
2463,55711,0
1043,54291,0
1906,55154,0
1820,55068,0
1960,55208,0
627,53875,0
1771,55019,0
2497,55745,0
588,53836,0
2243,55491,0
1053,54301,0
2233,55481,0
1691,54939,0
3303,56551,0
1114,54362,0
2291,55539,0
3383,56631,0
3412,56660,0
420,53668,0
1449,54697,0
1984,55232,0
1920,55168,0
715,53963,0
1335,54583,0
2687,55935,0
2253,55501,0
3491,56739,0
2517,55765,0
1483,54731,0
341,53589,0
4094,57342,0
4094,57342,0
1024,54272,0
3579,56827,0
4094,57342,0
2779,56027,0
2528,55776,0
219,53467,0
2241,55489,0
1847,55095,0
3378,56626,0
4094,57342,0
1197,54445,0
2425,55673,0
2552,55800,0
986,54234,0
2678,55926,0
233,53481,0
2310,55558,0
4094,57342,0
3587,56835,0
3418,56666,0
646,53894,0
2042,55290,0
1147,54395,0
2526,55774,0
1074,54322,0
2198,55446,0
1312,54560,0
1897,55145,0
1913,55161,0
948,54196,0
2154,55402,0
736,53984,0
2061,55309,0
1135,54383,0
2059,55307,0
2535,55783,0
2382,55630,0
619,53867,0
1195,54443,0
1,53249,0
3204,56452,0
3563,56811,0
2760,56008,0
509,53757,0
353,53601,0
469,53717,0
1,53249,0
3272,56520,0
3523,56771,0
1,53249,0
782,54030,0
2399,55647,0
3494,56742,0
2032,55280,0
1385,54633,0
2760,56008,0
2565,55813,0
1865,55113,0
1895,55143,0
65,53313,0
3513,56761,0
4094,57342,0
3614,56862,0
2344,55592,0
4094,57342,0
757,54005,0
4094,57342,0
1219,54467,0
1328,54576,0
2724,55972,0
2136,55384,0
2249,55497,0
3409,56657,0
1894,55142,0
4094,57342,0
3851,57099,0
2399,55647,0
2585,55833,0
2757,56005,0
4094,57342,0
3013,56261,0
2657,55905,0
1249,54497,0
491,53739,0
1789,55037,0
441,53689,0
2719,55967,0
381,53629,0
3533,56781,0
1,53249,0
1946,55194,0
1916,55164,0
1332,54580,0
1869,55117,0
1699,54947,0
2690,55938,0
2547,55795,0
1346,54594,0
1301,54549,0
1,53249,0
3739,56987,0
1,53249,0
2288,55536,0
2786,56034,0
1829,55077,0
893,54141,0
1785,55033,0
2250,55498,0
4094,57342,0
2786,56034,0
1316,54564,0
1935,55183,0
4094,57342,0
3286,56534,0
3078,56326,0
937,54185,0
2389,55637,0
4094,57342,0
2152,55400,0
1418,1418,2
1456,1456,0
1947,1947,0
790,790,0
2448,2448,0
2371,2371,0
1466,1466,0
3339,3339,0
1470,1470,0
2665,2665,0
3496,3496,0
2612,2612,0
1038,1038,0
1805,1805,0
1569,1569,0
1988,1988,0
2775,2775,0
598,598,0
931,931,0
2638,2638,0
3836,3836,0
2630,2630,0
1595,1595,0
1803,1803,0
1849,1849,0
2938,2938,0
4094,4094,0
1484,1484,0
2196,2196,0
879,879,0
2304,2304,0
693,693,0
3481,3481,0
1051,1051,0
1,1,0
4094,4094,0
1766,1766,0
1289,1289,0
1977,1977,0
2283,2283,0
2298,2298,0
2207,2207,0
2053,2053,0
2417,2417,0
335,335,0
2397,2397,0
2843,2843,0
2789,2789,0
2788,2788,0
631,631,0
2668,2668,0
2472,2472,0
4094,4094,0
1952,1952,0
1898,1898,0
320,320,0
2926,2926,0
2696,2696,0
1031,1031,0
1567,1567,0
2577,2577,0
1582,1582,0
3757,3757,0
1307,1307,0
824,824,0
2894,2894,0
2941,2941,0
645,645,0
1621,1621,0
3426,3426,0
795,795,0
991,991,0
2582,2582,0
2279,2279,0
2167,2167,0
1523,1523,0
2044,2044,0
4094,4094,0
2701,2701,0
339,339,0
464,464,0
228,228,0
2427,2427,0
644,644,0
3693,3693,0
1,1,0
2070,2070,0
808,808,0
2282,2282,0
2647,2647,0
1446,1446,0
1747,1747,0
3569,3569,0
4094,4094,0
2931,2931,0
3064,3064,0
1353,1353,0
7,7,0
2375,2375,0
2955,2955,0
2388,2388,0
3028,3028,0
2108,2108,0
1075,1075,0
2188,2188,0
1470,1470,0
1708,1708,0
219,219,0
4094,4094,0
3183,3183,0
2365,2365,0
1684,1684,0
3355,3355,0
1949,1949,0
1837,1837,0
1,1,0
1223,1223,0
1745,1745,0
2302,2302,0
796,796,0
1818,1818,0
2646,2646,0
489,489,0
2541,2541,0
673,673,0
1457,1457,0
3537,3537,0
974,974,0
2578,2578,0
2881,2881,0
2836,2836,0
747,747,0
1546,1546,0
1482,1482,0
2112,2112,0
4094,4094,0
2285,2285,0
2228,2228,0
1676,1676,0
2369,2369,0
1947,1947,0
2774,2774,0
570,570,0
1490,1490,0
3448,3448,0
3233,3233,0
2353,2353,0
3788,3788,0
4094,4094,0
328,328,0
319,319,0
752,752,0
2467,2467,0
1159,1159,0
1892,1892,0
2056,2056,0
1,1,0
1,1,0
3307,3307,0
1,1,0
1151,1151,0
3822,3822,0
2952,2952,0
1724,1724,0
3161,3161,0
2629,2629,0
1902,1902,0
1,1,0
291,291,0
3851,3851,0
4094,4094,0
453,453,0
2440,2440,0
1841,1841,0
1,1,0
1,1,0
2365,2365,0
716,716,0
1745,1745,0
825,825,0
2955,2955,0
3258,3258,0
8029,8029,2
6126,6126,0
2233,2233,0
338,338,0
4545,4545,0
1148,1148,0
8665,8665,2
1243,1243,0
9200,9200,0
9683,9683,0
8450,8450,0
8203,8203,0
768,768,0
4571,4571,0
1562,1562,0
9016,9016,0
1865,1865,0
112,112,0
9043,9043,0
3393,3393,0
9470,9470,0
7492,7492,0
6458,6458,0
1914,1914,0
1802,1802,0
771,771,0
6385,6385,0
177,177,0
1676,1676,0
3813,3813,0
3950,3950,0
9236,9236,0
1745,1745,0
9688,9688,0
2172,2172,0
3718,3718,0
3619,3619,0
3438,3438,0
8998,8998,0
1343,1343,0
3500,3500,0
4782,4782,0
4172,4172,0
1726,1726,0
3524,3524,0
4991,4991,0
3848,3848,0
9793,9793,0
1365,1365,0
7073,7073,0
7114,7114,0
5849,5849,0
3268,3268,0
2059,2059,0
3769,3769,0
10211,10211,0
78,78,0
9722,9722,0
9444,9444,0
3123,3123,0
9682,9682,0
8277,8277,0
6040,6040,0
7531,7531,0
7503,7503,0
6795,6795,0
6897,6897,0
8820,8820,0
1720,1720,0
8950,8950,0
6197,6197,0
4103,4103,0
9803,9803,0
6767,6767,0
4380,4380,0
10082,10082,0
1170,1170,0
8033,8033,0
7933,7933,0
8040,8040,0
2819,2819,0
7912,7912,0
7395,7395,0
1042,1042,0
3836,3836,0
2790,2790,0
8911,8911,0
5465,5465,0
8416,8416,0
2074,2074,0
5037,5037,0
5704,5704,0
7199,7199,0
4283,4283,0
8586,8586,0
6459,6459,0
1542,1542,0
2981,2981,0
9457,9457,0
2331,2331,0
861,861,0
2822,2822,0
8137,8137,0
2489,2489,0
9852,9852,0
2653,2653,0
7925,7925,0
9606,9606,0
10157,10157,0
3447,3447,0
4609,4609,0
804,804,0
5237,5237,0
5814,5814,0
3707,3707,0
9173,9173,0
1864,1864,0
7849,7849,0
5568,5568,0
7516,7516,0
3258,3258,0
3225,3225,0
9635,9635,0
5190,5190,0
3047,3047,0
8574,8574,0
1228,1228,0
9339,9339,0
3775,3775,0
8335,8335,0
3891,3891,0
7857,7857,0
8467,8467,0
9390,9390,0
4298,4298,0
7636,7636,0
1859,1859,0
1122,1122,0
8916,8916,0
9307,9307,0
2061,2061,0
7520,7520,0
9442,9442,0
9889,9889,0
5462,5462,0
4038,4038,0
6035,6035,0
10115,10115,0
5383,5383,0
1938,1938,0
3740,3740,0
1718,1718,0
4152,4152,0
1612,1612,0
6996,6996,0
4186,4186,0
8209,8209,0
1131,1131,0
4843,4843,0
6220,6220,0
5359,5359,0
8644,8644,0
7255,7255,0
9666,9666,0
2892,2892,0
2342,2342,0
1907,1907,0
2178,2178,0
2440,2440,0
8537,8537,0
6046,6046,0
4221,4221,0
1553,1553,0
602,602,0
7160,7160,0
1369,1369,0
5665,5665,0
1459,1459,0
2187,2187,0
8770,8770,0
7850,7850,0
1796,1796,0
941,941,0
6316,6316,0
4893,4893,0
10073,10073,0
826,826,0
8459,8459,0
6688,6688,0
3741,3741,0
7984,7984,0
721,721,0
6964,6964,0
9368,9368,0
3810,3810,0
9583,9583,0
5072,5072,0
8462,8462,0
343,343,0
5383,5383,0
1806,1806,0
7573,7573,0
5450,5450,0
2829,2829,0
8999,8999,0
6815,6815,0
5620,5620,0
1781,1781,0
8357,8357,0
4743,4743,0
7430,7430,0
1377,1377,0
7891,7891,0
4456,4456,0
369,369,0
6512,6512,0
4956,4956,0
7386,7386,0
9107,9107,0
4027,4027,0
6415,6415,0
5099,5099,0
1423,1423,0
7848,7848,0
7169,7169,0
2787,2787,0
9979,9979,0
6779,6779,0
4991,4991,0
5305,5305,0
516,516,0
11893,11893,0
8193,8193,0
11409,11409,0
10568,10568,0
8564,8564,0
8976,8976,0
10599,10599,0
10818,10818,0
12286,12286,0
10673,10673,0
8560,8560,0
8671,8671,0
9025,9025,0
11998,11998,0
11131,11131,0
9785,9785,0
8831,8831,0
10585,10585,0
11518,11518,0
12169,12169,0
9881,9881,0
11708,11708,0
8644,8644,0
9470,9470,0
11311,11311,0
9683,9683,0
9103,9103,0
9212,9212,0
11128,11128,0
9796,9796,0
10765,10765,0
12286,12286,0
10499,10499,0
10537,10537,0
8193,8193,0
11061,11061,0
8193,8193,0
8193,8193,0
9983,9983,0
10231,10231,0
9665,9665,0
9867,9867,0
10096,10096,0
10307,10307,0
9633,9633,0
8921,8921,0
10326,10326,0
9140,9140,0
10603,10603,0
9493,9493,0
9780,9780,0
11033,11033,0
8388,8388,0
11678,11678,0
10669,10669,0
12286,12286,0
11926,11926,0
11125,11125,0
10743,10743,0
11913,11913,0
10563,10563,0
9179,9179,0
11963,11963,0
9703,9703,0
9334,9334,0
11569,11569,0
8544,8544,0
11178,11178,0
10972,10972,0
9305,9305,0
10718,10718,0
11745,11745,0
9270,9270,0
9102,9102,0
9081,9081,0
9345,9345,0
10353,10353,0
8523,8523,0
10841,10841,0
11507,11507,0
11271,11271,0
11945,11945,0
8570,8570,0
8841,8841,0
9752,9752,0
9319,9319,0
11293,11293,0
9583,9583,0
10356,10356,0
8361,8361,0
10829,10829,0
9719,9719,0
10885,10885,0
9759,9759,0
9008,9008,0
11951,11951,0
9255,9255,0
12286,12286,0
9071,9071,0
11876,11876,0
11265,11265,0
9249,9249,0
10022,10022,0
12024,12024,0
10883,10883,0
8434,8434,0
11072,11072,0
10102,10102,0
8193,8193,0
9010,9010,0
8349,8349,0
9023,9023,0
8661,8661,0
8598,8598,0
10976,10976,0
9882,9882,0
11536,11536,0
9982,9982,0
11604,11604,0
8193,8193,0
11489,11489,0
11056,11056,0
10858,10858,0
12286,12286,0
10966,10966,0
10552,10552,0
9261,9261,0
10043,10043,0
10767,10767,0
11589,11589,0
11063,11063,0
10921,10921,0
10340,10340,0
8891,8891,0
9209,9209,0
9199,9199,0
10788,10788,0
9836,9836,0
9851,9851,0
9057,9057,0
8293,8293,0
11304,11304,0
8870,8870,0
9800,9800,0
9636,9636,0
11022,11022,0
9986,9986,0
8193,8193,0
10379,10379,0
12286,12286,0
10484,10484,0
9877,9877,0
8542,8542,0
10653,10653,0
9176,9176,0
10369,10369,0
9429,9429,0
8193,8193,0
10264,10264,0
8592,8592,0
11849,11849,0
10835,10835,0
9323,9323,0
9870,9870,0
9530,9530,0
12286,12286,0
12286,12286,0
10232,10232,0
9722,9722,0
10919,10919,0
9971,9971,0
11918,11918,0
10346,10346,0
9871,9871,0
10477,10477,0
11366,11366,0
10872,10872,0
9777,9777,0
10400,10400,0
11826,11826,0
8193,8193,0
11615,11615,0
9511,9511,0
10715,10715,0
11912,11912,0
10401,10401,0
9239,9239,0
9324,9324,0
9889,9889,0
11571,11571,0
10954,10954,0
10494,10494,0
10316,10316,0
11109,11109,0
8612,8612,0
10557,10557,0
11141,11141,0
9988,9988,0
9620,9620,0
10607,10607,0
11061,11061,0
11287,11287,0
10517,10517,0
12286,12286,0
9623,9623,0
10735,10735,0
11625,11625,0
9424,9424,0
10239,10239,0
9164,9164,0
10106,10106,0
9723,9723,0
9346,9346,0
10930,10930,0
8193,8193,0
10699,10699,0
11372,11372,0
11566,11566,0
8662,8662,0
10043,10043,0
9993,9993,0
12118,12118,0
8193,8193,0
10879,10879,0
10624,10624,0
9490,9490,0
10151,10151,0
10750,10750,0
9445,9445,0
11831,11831,0
12286,12286,0
11632,11632,0
12042,12042,0
10455,10455,0
8365,8365,0
11055,11055,0
10488,10488,0
9934,9934,0
10325,10325,0
11390,11390,0
10059,10059,0
10550,10550,0
8614,8614,0
12055,12055,0
10622,10622,0
10621,10621,0
10071,10071,0
10214,10214,0
11770,11770,0
8268,8268,0
12286,12286,0
10591,10591,0
10294,10294,0
12286,12286,0
12062,12062,0
8586,8586,0
8193,8193,0
12286,12286,0
9684,9684,0
10799,10799,0
11176,11176,0
12286,12286,0
10758,10758,0
8616,8616,0
8901,8901,0
9971,9971,0
9184,9184,0
10696,10696,0
8476,8476,0
12027,12027,0
10996,10996,0
11028,11028,0
10207,10207,0
8193,8193,0
11179,11179,0
12286,12286,0
11771,11771,0
10645,10645,0
12286,12286,0
9343,9343,0
9495,9495,0
8453,8453,0
8861,8861,0
11236,11236,0
8382,8382,0
10013,10013,0
11599,11599,0
12131,12131,0
11638,11638,0
8811,8811,0
12085,12085,0
10917,10917,0
11391,11391,0
10763,10763,0
9724,9724,0
11282,11282,0
8333,8333,0
9714,9714,0
11564,11564,0
10715,10715,0
10448,10448,0
11843,11843,0
9819,9819,0
9740,9740,0
11135,11135,0
10430,10430,0
10388,10388,0
9519,9519,0
10878,10878,0
8546,8546,0
8193,8193,0
11298,11298,0
8193,8193,0
11656,11656,0
11352,11352,0
9540,9540,0
11972,11972,0
12162,12162,0
11269,11269,0
10410,10410,0
10197,10197,0
10610,10610,0
8989,8989,0
11807,11807,0
10661,10661,0
10287,10287,0
11295,11295,0
8745,8745,0
12286,12286,0
8461,8461,0
11361,11361,0
8580,8580,0
8272,8272,0
10856,10856,0
10316,10316,0
9587,9587,0
11101,11101,0
10683,10683,0
10971,10971,0
8680,8680,0
8513,8513,0
9337,9337,0
10615,10615,0
12272,12272,0
12286,12286,0
9100,9100,0
8192,8192,0
10010,10010,0
9113,9113,0
11608,11608,0
10583,10583,0
12121,12121,0
12286,12286,0
8443,8443,0
10303,10303,0
12286,12286,0
9597,9597,0
10185,10185,0
9054,9054,0
10239,10239,0
10003,10003,0
9865,9865,0
12286,12286,0
9613,9613,0
12198,12198,0
9159,9159,0
10070,10070,0
9950,9950,0
10097,10097,0
10369,10369,0
9719,9719,0
10173,10173,0
10100,10100,0
9610,9610,0
9674,9674,0
12286,12286,0
9407,9407,0
10268,10268,0
10174,10174,0
10917,10917,0
9776,9776,0
9344,9344,0
8533,8533,0
10872,10872,0
11483,11483,0
9017,9017,0
12286,12286,0
10126,10126,0
9077,9077,0
8891,8891,0
10957,10957,0
9546,9546,0
9138,9138,0
8193,8193,0
10547,10547,0
11361,11361,0
10221,10221,0
11482,11482,0
10448,10448,0
11770,11770,0
8618,8618,0
10228,10228,0
11406,11406,0
10735,10735,0
10191,10191,0
10285,10285,0
10834,10834,0
10570,10570,0
10434,10434,0
12286,12286,0
11157,11157,0
8193,8193,0
9666,9666,0
11527,11527,0
9935,9935,0
8636,8636,0
8193,8193,0
12286,12286,0
10571,10571,0
9364,9364,0
8414,8414,0
10953,10953,0
10872,10872,0
10252,10252,0
8898,8898,0
9412,9412,0
8860,8860,0
8193,8193,0
10877,10877,0
9733,9733,0
8966,8966,0
9506,9506,0
11195,11195,0
8193,8193,0
10822,10822,0
11279,11279,0
8578,8578,0
10275,10275,0
8636,8636,0
11768,11768,0
10766,10766,0
9021,9021,0
12286,12286,0
10519,10519,0
8516,8516,0
9188,9188,0
8922,8922,0
10959,10959,0
11977,11977,0
10153,10153,0
10617,10617,0
11879,11879,0
10945,10945,0
8359,8359,0
9147,9147,0
8741,8741,0
11615,11615,0
10837,10837,0
8193,8193,0
12081,12081,0
11220,11220,0
11193,11193,0
10759,10759,0
12286,12286,0
11769,11769,0
11540,11540,0
8193,8193,0
11407,11407,0
9272,9272,0
10627,10627,0
8973,8973,0
10094,10094,0
10020,10020,0
9979,9979,0
11764,11764,0
8193,8193,0
11126,11126,0
10783,10783,0
9831,9831,0
10383,10383,0
10624,10624,0
12033,12033,0
10914,10914,0
8835,8835,0
10888,10888,0
10863,10863,0
9455,9455,0
8631,8631,0
11317,11317,0
11012,11012,0
9692,9692,0
9061,9061,0
12215,12215,0
12156,12156,0
11284,11284,0
11641,11641,0
9960,9960,0
10694,10694,0
9505,9505,0
11460,11460,0
10614,10614,0
9846,9846,0
10669,10669,0
10901,10901,0
9405,9405,0
8893,8893,0
10039,10039,0
8193,8193,0
9966,9966,0
9404,9404,0
10798,10798,0
10319,10319,0
9214,9214,0
9040,9040,0
9361,9361,0
11640,11640,0
12286,12286,0
9296,9296,0
11271,11271,0
11501,11501,0
8193,8193,0
9347,9347,0
1848,1848,0
7435,7435,0
9900,9900,0
10218,10218,0
9334,9334,0
3728,3728,0
3136,3136,0
5779,5779,0
12760,12760,2
2784,2784,0
2769,2769,0
5611,5611,0
6369,6369,0
13609,13609,0
3329,3329,0
7495,7495,0
8684,8684,0
4130,4130,0
6501,6501,0
9597,9597,0
10108,10108,0
9429,9429,0
8656,8656,0
7289,7289,0
785,785,0
7745,7745,0
2405,2405,0
13565,13565,0
1368,1368,0
13415,13415,0
6792,6792,0
3095,3095,0
10236,10236,0
3475,3475,0
2987,2987,0
6861,6861,0
2756,2756,0
12785,12785,0
8094,8094,0
11012,11012,0
8466,8466,0
13379,13379,0
11550,11550,0
14268,14268,0
910,910,0
7918,7918,0
4190,4190,0
11324,11324,0
4882,4882,0
1242,1242,0
7159,7159,0
12146,12146,0
4879,4879,0
11307,11307,0
11877,11877,0
7288,7288,0
14301,14301,0
15447,15447,0
15624,15624,0
14342,14342,0
16382,16382,0
14913,14913,0
13858,13858,0
13989,13989,0
15078,15078,0
14581,14581,0
14125,14125,0
12289,12289,0
14331,14331,0
13057,13057,0
13403,13403,0
13556,13556,0
15641,15641,0
14607,14607,0
13377,13377,0
15084,15084,0
16382,16382,0
12289,12289,0
14332,14332,0
14384,14384,0
13007,13007,0
16382,16382,0
14686,14686,0
14883,14883,0
14464,14464,0
14214,14214,0
13464,13464,0
13833,13833,0
14753,14753,0
13396,13396,0
16382,16382,0
13172,13172,0
13856,13856,0
13957,13957,0
13606,13606,0
14681,14681,0
15146,15146,0
13483,13483,0
15027,15027,0
13731,13731,0
13660,13660,0
14007,14007,0
12505,12505,0
14453,14453,0
16359,16359,0
12289,12289,0
16382,16382,0
12324,12324,0
15840,15840,0
13589,13589,0
15059,15059,0
15915,15915,0
15541,15541,0
13295,13295,0
14140,14140,0
14431,14431,0
13835,13835,0
16150,16150,0
14272,14272,0
16382,16382,0
12289,12289,0
12289,12289,0
13085,13085,0
15077,15077,0
16117,16117,0
15091,15091,0
16382,16382,0
15199,15199,0
12565,12565,0
15008,15008,0
12956,12956,0
12394,12394,0
14075,14075,0
16382,16382,0
13906,13906,0
12659,12659,0
15311,15311,0
14405,14405,0
12736,12736,0
15096,15096,0
14625,14625,0
12694,12694,0
13340,13340,0
13663,13663,0
13751,13751,0
12587,12587,0
12739,12739,0
15552,15552,0
15785,15785,0
14335,14335,0
14066,14066,0
15240,15240,0
15398,15398,0
14282,14282,0
12651,12651,0
15000,15000,0
13900,13900,0
15986,15986,0
15668,15668,0
14051,14051,0
14273,14273,0
14539,14539,0
15792,15792,0
16211,16211,0
14076,14076,0
12700,12700,0
15540,15540,0
14760,14760,0
14227,14227,0
13992,13992,0
13783,13783,0
13089,13089,0
14040,14040,0
13486,13486,0
15164,15164,0
14020,14020,0
14976,14976,0
12849,12849,0
14738,14738,0
14553,14553,0
12289,12289,0
13824,13824,0
12289,12289,0
14825,14825,0
12289,12289,0
16382,16382,0
12405,12405,0
16089,16089,0
15060,15060,0
13342,13342,0
13913,13913,0
15201,15201,0
13302,13302,0
15400,15400,0
14161,14161,0
15153,15153,0
15050,15050,0
14838,14838,0
15419,15419,0
12627,12627,0
15532,15532,0
12289,12289,0
14453,14453,0
14147,14147,0
14320,14320,0
14259,14259,0
14799,14799,0
13782,13782,0
15059,15059,0
15972,15972,0
14237,14237,0
13377,13377,0
13576,13576,0
14851,14851,0
12289,12289,0
14219,14219,0
12289,12289,0
13302,13302,0
14423,14423,0
14069,14069,0
13180,13180,0
15412,15412,0
13891,13891,0
16295,16295,0
14208,14208,0
14644,14644,0
16382,16382,0
13164,13164,0
15471,15471,0
14942,14942,0
12289,12289,0
14645,14645,0
13013,13013,0
13780,13780,0
14537,14537,0
15751,15751,0
12289,12289,0
15349,15349,0
15776,15776,0
14767,14767,0
13872,13872,0
14950,14950,0
16382,16382,0
13310,13310,0
14907,14907,0
16382,16382,0
14246,14246,0
14816,14816,0
14109,14109,0
15284,15284,0
12289,12289,0
12289,12289,0
12289,12289,0
12437,12437,0
15247,15247,0
13881,13881,0
13857,13857,0
12559,12559,0
12425,12425,0
13195,13195,0
14205,14205,0
15929,15929,0
14140,14140,0
12977,12977,0
13943,13943,0
14471,14471,0
12289,12289,0
12961,12961,0
14510,14510,0
15738,15738,0
13384,13384,0
14151,14151,0
15669,15669,0
12289,12289,0
14734,14734,0
14352,14352,0
13668,13668,0
15697,15697,0
13081,13081,0
14967,14967,0
16382,16382,0
14670,14670,0
15252,15252,0
15003,15003,0
14419,14419,0
16377,16377,0
16382,16382,0
13480,13480,0
13454,13454,0
16155,16155,0
14591,14591,0
15297,15297,0
12289,12289,0
12982,12982,0
13522,13522,0
13525,13525,0
13674,13674,0
12912,12912,0
14818,14818,0
14611,14611,0
12289,12289,0
13122,13122,0
15496,15496,0
14014,14014,0
15262,15262,0
13951,13951,0
15962,15962,0
13087,13087,0
13893,13893,0
14133,14133,0
13174,13174,0
15306,15306,0
16337,16337,0
14103,14103,0
16201,16201,0
13184,13184,0
13860,13860,0
14673,14673,0
14682,14682,0
14001,14001,0
14418,14418,0
15442,15442,0
16145,16145,0
16382,16382,0
15518,15518,0
13425,13425,0
14206,14206,0
13360,13360,0
13286,13286,0
12764,12764,0
12530,12530,0
12577,12577,0
14379,14379,0
14056,14056,0
12618,12618,0
15220,15220,0
13719,13719,0
13647,13647,0
13522,13522,0
16114,16114,0
13684,13684,0
15190,15190,0
15840,15840,0
13093,13093,0
15109,15109,0
16189,16189,0
16382,16382,0
16382,16382,0
14761,14761,0
15359,15359,0
13769,13769,0
12289,12289,0
16382,16382,0
16154,16154,0
16382,16382,0
15130,15130,0
15877,15877,0
13843,13843,0
12289,12289,0
12866,12866,0
12289,12289,0
16382,16382,0
12431,12431,0
13391,13391,0
13166,13166,0
13641,13641,0
13444,13444,0
15658,15658,0
16105,16105,0
16382,16382,0
13334,13334,0
14440,14440,0
15382,15382,0
15061,15061,0
15363,15363,0
14522,14522,0
12931,12931,0
12573,12573,0
15552,15552,0
13637,13637,0
13923,13923,0
15763,15763,0
14204,14204,0
16141,16141,0
14249,14249,0
14143,14143,0
12550,12550,0
13624,13624,0
13147,13147,0
12852,12852,0
14516,14516,0
12289,12289,0
14934,14934,0
14918,14918,0
14338,14338,0
15660,15660,0
14931,14931,0
16382,16382,0
13805,13805,0
13779,13779,0
14571,14571,0
12381,12381,0
15854,15854,0
14588,14588,0
12289,12289,0
15903,15903,0
13453,13453,0
13371,13371,0
13560,13560,0
13756,13756,0
14905,14905,0
14533,14533,0
13729,13729,0
12499,12499,0
14202,14202,0
16382,16382,0
13424,13424,0
14616,14616,0
16382,16382,0
14123,14123,0
15791,15791,0
13996,13996,0
16382,16382,0
13337,13337,0
14329,14329,0
13695,13695,0
13489,13489,0
14687,14687,0
16002,16002,0
14487,14487,0
13758,13758,0
13378,13378,0
13811,13811,0
16382,16382,0
16001,16001,0
14308,14308,0
14081,14081,0
14036,14036,0
14986,14986,0
14227,14227,0
14761,14761,0
13772,13772,0
13526,13526,0
16183,16183,0
13436,13436,0
13412,13412,0
13559,13559,0
12289,12289,0
15279,15279,0
15339,15339,0
15327,15327,0
15011,15011,0
14421,14421,0
13297,13297,0
14963,14963,0
16382,16382,0
14541,14541,0
12566,12566,0
14484,14484,0
15874,15874,0
14727,14727,0
15555,15555,0
13506,13506,0
12444,12444,0
12289,12289,0
13405,13405,0
13847,13847,0
12748,12748,0
13427,13427,0
13155,13155,0
15785,15785,0
13815,13815,0
13606,13606,0
14522,14522,0
15695,15695,0
14204,14204,0
15085,15085,0
12289,12289,0
14990,14990,0
12887,12887,0
14096,14096,0
15618,15618,0
14772,14772,0
12432,12432,0
16382,16382,0
14582,14582,0
14308,14308,0
15051,15051,0
14198,14198,0
12289,12289,0
13816,13816,0
15727,15727,0
12594,12594,0
15607,15607,0
13830,13830,0
14529,14529,0
14591,14591,0
16382,16382,0
16382,16382,0
13687,13687,0
12289,12289,0
12390,12390,0
15388,15388,0
14455,14455,0
13551,13551,0
13903,13903,0
15393,15393,0
16336,16336,0
14372,14372,0
15040,15040,0
14960,14960,0
14239,14239,0
13491,13491,0
14013,14013,0
15537,15537,0
14088,14088,0
15390,15390,0
14485,14485,0
13596,13596,0
12289,12289,0
16382,16382,0
15413,15413,0
13368,13368,0
15259,15259,0
14235,14235,0
14817,14817,0
13550,13550,0
12802,12802,0
14032,14032,0
13816,13816,0
16382,16382,0
15549,15549,0
12639,12639,0
13848,13848,0
14462,14462,0
14218,14218,0
12758,12758,0
15261,15261,0
14026,14026,0
13379,13379,0
12289,12289,0
15210,15210,0
14590,14590,0
12556,12556,0
16021,16021,0
14415,14415,0
13145,13145,0
15754,15754,0
15719,15719,0
16382,16382,0
15079,15079,0
15882,15882,0
14877,14877,0
14966,14966,0
16267,16267,0
16242,16242,0
15279,15279,0
14777,14777,0
13803,13803,0
12836,12836,0
14958,14958,0
13619,13619,0
13188,13188,0
13454,13454,0
14544,14544,0
12759,12759,0
15429,15429,0
15910,15910,0
15043,15043,0
14446,14446,0
13445,13445,0
14487,14487,0
14696,14696,0
15417,15417,0
14611,14611,0
16382,16382,0
15777,15777,0
12997,12997,0
15058,15058,0
15845,15845,0
14878,14878,0
13443,13443,0
13474,13474,0
13067,13067,0
15658,15658,0
15310,15310,0
13966,13966,0
13575,13575,0
14726,14726,0
15371,15371,0
16251,16251,0
13758,13758,0
14471,14471,0
13269,13269,0
13814,13814,0
15352,15352,0
12289,12289,0
15001,15001,0
16000,16000,0
14414,14414,0
13415,13415,0
14482,14482,0
14112,14112,0
14081,14081,0
15218,15218,0
13216,13216,0
13827,13827,0
14325,14325,0
13149,13149,0
14991,14991,0
13073,13073,0
12773,12773,0
16205,16205,0
14344,14344,0
12608,12608,0
15711,15711,0
14664,14664,0
13949,13949,0
12580,12580,0
14482,14482,0
16177,16177,0
16382,16382,0
14140,14140,0
14099,14099,0
14252,14252,0
12289,12289,0
14247,14247,0
13195,13195,0
13088,13088,0
14032,14032,0
15531,15531,0
14540,14540,0
15816,15816,0
14446,14446,0
15745,15745,0
14628,14628,0
14015,14015,0
12289,12289,0
13742,13742,0
12513,12513,0
16382,16382,0
12289,12289,0
13398,13398,0
15419,15419,0
14760,14760,0
15186,15186,0
13416,13416,0
16031,16031,0
16382,16382,0
14976,14976,0
12681,12681,0
15631,15631,0
14636,14636,0
14146,14146,0
15686,15686,0
13037,13037,0
15796,15796,0
13835,13835,0
14757,14757,0
15039,15039,0
16045,16045,0
14417,14417,0
13241,13241,0
13473,13473,0
12792,12792,0
15002,15002,0
12289,12289,0
13567,13567,0
15692,15692,0
14750,14750,0
15867,15867,0
16382,16382,0
14572,14572,0
12391,12391,0
15345,15345,0
15246,15246,0
13624,13624,0
14913,14913,0
12289,12289,0
15840,15840,0
16382,16382,0
14710,14710,0
15123,15123,0
15233,15233,0
13246,13246,0
13677,13677,0
14054,14054,0
15192,15192,0
14620,14620,0
15477,15477,0
13914,13914,0
14269,14269,0
13043,13043,0
14324,14324,0
14444,14444,0
16310,16310,0
13533,13533,0
12544,12544,0
13913,13913,0
15543,15543,0
13899,13899,0
15829,15829,0
15926,15926,0
14505,14505,0
15274,15274,0
14904,14904,0
15303,15303,0
15128,15128,0
13783,13783,0
14434,14434,0
13221,13221,0
12726,12726,0
13315,13315,0
14457,14457,0
12563,12563,0
13564,13564,0
14654,14654,0
13413,13413,0
14046,14046,0
16052,16052,0
15576,15576,0
13603,13603,0
14351,14351,0
12833,12833,0
14067,14067,0
12289,12289,0
12615,12615,0
16382,16382,0
15251,15251,0
12999,12999,0
14930,14930,0
14632,14632,0
13239,13239,0
13349,13349,0
12325,12325,0
14620,14620,0
13904,13904,0
12936,12936,0
15715,15715,0
13149,13149,0
16382,16382,0
15919,15919,0
15003,15003,0
13041,13041,0
14363,14363,0
15938,15938,0
12554,12554,0
14002,14002,0
14321,14321,0
13577,13577,0
13577,13577,0
16382,16382,0
12800,12800,0
14623,14623,0
12819,12819,0
13781,13781,0
12694,12694,0
15363,15363,0
13896,13896,0
14428,14428,0
12289,12289,0
16382,16382,0
15845,15845,0
12289,12289,0
14909,14909,0
13402,13402,0
15796,15796,0
16382,16382,0
13820,13820,0
12289,12289,0
14263,14263,0
14759,14759,0
12830,12830,0
16331,16331,0
14714,14714,0
14504,14504,0
15197,15197,0
13420,13420,0
14620,14620,0
15676,15676,0
13675,13675,0
13775,13775,0
14231,14231,0
15034,15034,0
13851,13851,0
12711,12711,0
13425,13425,0
12441,12441,0
14345,14345,0
15004,15004,0
14823,14823,0
14305,14305,0
13848,13848,0
13270,13270,0
13896,13896,0
13112,13112,0
16382,16382,0
15887,15887,0
14415,14415,0
15035,15035,0
15330,15330,0
12289,12289,0
12990,12990,0
12289,12289,0
13641,13641,0
13794,13794,0
13165,13165,0
14752,14752,0
14278,14278,0
14855,14855,0
16382,16382,0
13500,13500,0
14225,14225,0
12289,12289,0
15765,15765,0
16382,16382,0
15763,15763,0
14622,14622,0
13255,13255,0
15526,15526,0
13357,13357,0
13998,13998,0
16382,16382,0
14979,14979,0
14090,14090,0
14900,14900,0
14547,14547,0
16127,16127,0
13620,13620,0
14162,14162,0
12853,12853,0
15535,15535,0
13710,13710,0
13540,13540,0
13027,13027,0
15676,15676,0
14414,14414,0
14207,14207,0
15336,15336,0
14908,14908,0
13826,13826,0
14177,14177,0
13894,13894,0
12289,12289,0
15053,15053,0
16382,16382,0
14600,14600,0
14563,14563,0
16137,16137,0
16382,16382,0
14235,14235,0
14322,14322,0
14005,14005,0
12615,12615,0
14531,14531,0
14778,14778,0
13349,13349,0
15389,15389,0
14685,14685,0
16382,16382,0
14496,14496,0
13353,13353,0
14049,14049,0
15957,15957,0
15828,15828,0
15081,15081,0
13636,13636,0
14267,14267,0
15755,15755,0
14329,14329,0
13449,13449,0
15467,15467,0
16382,16382,0
14148,14148,0
13889,13889,0
16382,16382,0
15056,15056,0
14668,14668,0
12289,12289,0
14314,14314,0
12395,12395,0
14660,14660,0
13532,13532,0
15659,15659,0
14834,14834,0
13072,13072,0
16382,16382,0
12289,12289,0
13746,13746,0
14780,14780,0
15420,15420,0
13118,13118,0
12978,12978,0
13738,13738,0
14226,14226,0
15210,15210,0
15145,15145,0
14899,14899,0
12453,12453,0
12289,12289,0
12289,12289,0
14473,14473,0
16382,16382,0
14048,14048,0
15101,15101,0
15214,15214,0
14302,14302,0
16157,16157,0
13466,13466,0
13468,13468,0
14428,14428,0
14550,14550,0
12805,12805,0
12665,12665,0
14929,14929,0
12749,12749,0
14225,14225,0
14153,14153,0
14379,14379,0
15325,15325,0
16382,16382,0
12877,12877,0
15561,15561,0
14454,14454,0
16382,16382,0
13659,13659,0
14040,14040,0
13421,13421,0
14465,14465,0
14642,14642,0
13428,13428,0
15832,15832,0
13006,13006,0
15289,15289,0
14475,14475,0
16382,16382,0
14178,14178,0
14067,14067,0
14763,14763,0
13712,13712,0
14678,14678,0
14840,14840,0
16382,16382,0
16382,16382,0
15305,15305,0
13997,13997,0
15413,15413,0
14019,14019,0
14813,14813,0
14005,14005,0
13053,13053,0
15720,15720,0
15687,15687,0
14755,14755,0
15336,15336,0
15917,15917,0
15877,15877,0
14916,14916,0
13439,13439,0
14611,14611,0
12289,12289,0
14955,14955,0
13030,13030,0
12289,12289,0
15017,15017,0
14286,14286,0
14951,14951,0
14048,14048,0
16382,16382,0
14855,14855,0
16353,16353,0
15543,15543,0
14960,14960,0
13124,13124,0
14521,14521,0
16382,16382,0
16382,16382,0
13199,13199,0
14479,14479,0
12289,12289,0
14102,14102,0
13722,13722,0
13320,13320,0
15795,15795,0
15043,15043,0
14020,14020,0
13513,13513,0
13811,13811,0
12333,12333,0
14790,14790,0
14804,14804,0
16382,16382,0
14171,14171,0
13480,13480,0
14112,14112,0
14528,14528,0
15989,15989,0
12289,12289,0
16382,16382,0
14974,14974,0
12983,12983,0
12949,12949,0
15509,15509,0
13966,13966,0
14570,14570,0
13313,13313,0
16382,16382,0
14651,14651,0
13476,13476,0
14958,14958,0
13631,13631,0
13129,13129,0
15387,15387,0
14492,14492,0
15279,15279,0
13737,13737,0
14507,14507,0
13685,13685,0
13637,13637,0
15824,15824,0
13524,13524,0
14765,14765,0
13110,13110,0
15500,15500,0
14364,14364,0
14947,14947,0
14875,14875,0
14095,14095,0
15013,15013,0
14901,14901,0
15825,15825,0
14168,14168,0
12857,12857,0
15069,15069,0
16295,16295,0
15478,15478,0
14647,14647,0
12962,12962,0
13812,13812,0
14416,14416,0
13868,13868,0
13164,13164,0
14314,14314,0
15620,15620,0
15023,15023,0
15969,15969,0
15022,15022,0
14447,14447,0
15621,15621,0
13271,13271,0
13167,13167,0
15350,15350,0
15180,15180,0
15729,15729,0
13377,13377,0
16296,16296,0
13643,13643,0
16382,16382,0
12289,12289,0
14773,14773,0
15741,15741,0
13757,13757,0
14689,14689,0
13922,13922,0
14213,14213,0
12999,12999,0
13141,13141,0
14710,14710,0
13056,13056,0
14419,14419,0
14685,14685,0
14848,14848,0
15567,15567,0
15592,15592,0
13287,13287,0
15758,15758,0
14970,14970,0
14233,14233,0
13380,13380,0
