6084
6022
6249
5996
6245
6184
6221
6362
6202
6100
6200
6032
6171
6049
6183
6182
6187
6004
6045
6227
6110
6038
6073
6073
6011
6148
6305
6201
6067
6240
6157
6210
6220
6234
6335
5954
6076
6247
6108
6032
6105
6192
6077
5937
6142
6122
6287
6014
6232
6091
6151
6315
6109
6171
6029
5993
6192
6205
6259
6131
6358
6192
6305
6244
6186
6164
6227
6048
6117
6312
5966
6145
5979
6199
6144
6176
6134
6328
6094
6020
6140
6316
6318
6003
6261
6093
6178
6020
6234
6155
6178
6080
6003
6385
6199
6225
6090
6159
6388
6065
6134
6136
6085
6111
6390
6109
6405
5957
6102
6278
6330
6121
6119
6171
6084
6092
6190
6070
6138
6051
6097
6047
6099
5985
6249
6054
5968
6122
6233
6044
6264
6160
6196
6249
6129
6227
6145
6052
6168
6071
6145
6166
6143
6308
6160
6147
6060
6226
6052
6095
6039
6262
6092
5988
6039
6030
6024
6163
6156
6296
6159
6356
6152
6079
6271
6006
5945
6105
6239
6310
6013
6348
6156
6322
6167
6220
6128
6102
6208
6149
6108
6191
6128
6082
6263
6084
6196
6158
6030
6133
6168
6297
5962
6106
6204
6196
6248
6119
6270
6143
6089
6158
6151
6089
6076
6302
6086
6048
6208
6076
6185
6084
6248
6145
6076
6172
6003
6101
6201
6049
6192
6188
6110
6191
6048
6213
6112
6027
6197
6321
6203
5990
6074
6184
6188
6166
6197
6091
6180
6242
6170
6179
6117
6172
6283
6203
6287
6141
6165
6102
6012
6113
6143
6029
6206
6122
6233
6224
6082
6086
5965
6128
6342
6296
6256
6077
6085
6071
6222
6208
6154
6098
5998
6093
5942
6176
6242
6122
6031
6145
6131
6000
6231
6247
6325
6081
6064
6177
6110
6165
6162
6163
6116
6179
6175
6090
5953
6038
6056
6173
6193
6185
6019
6210
6234
6108
6184
6264
6059
6091
6183
6244
6187
6223
6196
6201
6373
6076
6164
6180
6180
6057
6087
6026
6207
6413
6058
6053
6265
5987
6184
6046
6235
6121
6027
6327
6110
6080
6184
6148
6110
6091
6103
6029
6039
6259
6302
5993
6128
6327
6114
5998
6100
6143
6190
6135
6099
6226
6139
6199
6137
6155
6314
6170
6095
6135
6260
6033
6097
6159
5991
6099
6086
6102
6003
6049
6261
6258
6104
6235
6047
5999
6058
6169
6149
6173
5963
6125
6189
6081
6003
6190
6299
6074
6160
6251
6209
6127
6150
6230
6147
6217
6152
6018
6110
6045
6220
5945
6253
6027
6134
6330
6044
6369
6132
6259
6201
6073
6162
5971
6267
5998
6339
6290
6266
6228
6197
6175
6010
6022
6106
6468
6077
6051
6076
5924
6093
6239
6081
6252
6075
6148
6009
6096
6164
6259
6049
6006
6166
6118
6156
6001
6436
6317
6219
6301
6214
5934
6172
6037
6069
6172
6094
6157
6209
5962
6129
6199
6219
6217
6193
6116
6171
6031
6099
6089
6053
6250
5930
6183
6165
6105
6166
6182
6024
5989
6137
6240
6211
6067
6218
6029
6201
6166
6135
6168
6107
6150
6140
6006
6052
6145
6093
6136
6257
6280
6064
6027
6289
6121
6067
6192
5979
6394
6224
6203
6266
6048
6053
6099
6184
6172
6079
6210
6457
6124
6253
6125
6167
6083
6049
6081
6392
6076
6146
6179
6265
6247
6142
5959
6086
6232
6131
6246
6009
5994
6203
6472
6084
6230
6137
6143
6182
6208
6145
6191
6181
6049
6059
6101
6061
6175
6254
6068
6037
6001
6244
6172
6343
5969
6145
6232
6096
6170
6286
6151
6360
5903
6211
6178
6289
6128
6238
6032
6250
6187
6202
6068
5980
6231
6142
6162
6185
6182
6068
6066
6073
6219
6306
5989
5880
6132
6113
6114
6253
5977
6111
6053
6141
6179
6068
6329
6224
6021
6302
6104
6065
6204
6126
6182
6018
6098
6093
6228
6178
6251
5943
6259
6161
6131
6217
6229
6150
6110
6287
6218
6312
6155
5938
6146
6210
6038
6151
6071
6102
6150
6202
6016
5964
6230
6122
5912
6081
6041
6263
6206
6129
6037
6306
5890
6279
5959
6154
6129
6068
6079
6095
6098
6042
6105
6084
5909
6031
6121
6222
6046
6186
6194
6251
6222
6077
6264
6099
6038
6022
6141
5936
6035
6243
6063
6323
6279
6094
5967
6121
6056
6188
6124
6123
5982
6172
5992
6112
6258
6045
6036
6374
6279
5822
6458
6198
6076
6206
6105
6217
6087
6263
5985
6111
6081
6072
6129
6284
6176
6190
6225
6089
6175
6203
6255
6285
6077
6194
6363
6239
5969
6001
6340
6024
6066
6155
6252
6123
6254
5994
6228
5929
6332
6174
6151
6023
6189
5965
6158
6150
5918
6061
6228
6065
5965
6138
5960
6061
6103
6099
6273
6171
6256
6198
6001
6227
6282
6006
6235
5964
6070
6009
6033
6106
6140
6250
6100
6188
6027
6166
6175
6119
6114
6009
6047
5963
6045
6084
6089
6166
6122
6243
6137
6073
6339
6100
6135
5954
6149
6152
6222
6094
5986
6244
6103
6085
6145
6156
6235
6072
5991
5970
6259
6166
6099
6181
6164
6141
6037
6221
6107
6050
6080
6087
6178
6035
6167
6152
6246
6152
6182
6145
6112
6110
6119
6194
6039
6108
6300
6144
6163
6221
6135
6030
6121
6319
6216
6205
6193
6139
6232
6141
6083
6135
6294
6274
6089
5961
6209
6138
6119
6131
5994
6243
6227
6158
6192
6121
6084
6119
6135
6058
6246
6085
6279
6225
6067
6165
6230
6227
6213
6000
6112
6132
6232
5928
6054
6151
6114
6130
6148
6216
6018
6128
5885
6122
6190
6212
6079
6229
6113
6122
6061
6212
6120
6068
6100
6055
6141
6113
6257
6109
6129
6273
6202
5966
6147
6231
6360
6211
6144
6289
6053
6209
6186
6103
6037
6002
6134
6239
6063
6072
6103
6164
6270
6138
6247
6128
6162
6161
6137
6305
6013
6206
6221
6193
5987
6319
6005
5910
6012
6157
6063
6020
5945
6089
5953
6312
6132
5975
6061
6016
6084
6217
6337
6240
6199
6227
6038
6187
6052
6000
6134
6200
6070
5846
5887
6109
6085
6199
5999
6134
6287
6093
6111
6107
6091
6134
6192
6158
5991
6179
6102
6128
6229
6245
6245
6116
6198
6335
6354
6316
6183
6073
6093
6278
5989
6226
6150
6191
6126
6086
6196
6083
6180
6241
6037
5970
6152
6243
6263
6168
6295
6181
6028
6265
6157
6244
6223
6236
6099
6254
6257
6080
6075
6021
6125
6193
6040
6093
6214
6078
6146
6017
6112
6053
6141
6270
6136
6129
6053
6031
6203
6107
6219
6209
6064
6046
6182
6331
6167
6129
6255
5975
6116
6187
6169
5990
6354
6022
6129
6274
6181
6009
6287
6106
6200
6038
6212
6207
6180
6162
6026
6352
6247
6239
6174
6191
5941
6298
6125
6172
5926
6230
6127
6198
6059
6045
6067
6005
6227
6099
5969
6196
6178
6218
5952
5970
6108
6242
5995
6216
6034
6085
6081
6193
6316
6124
6281
6073
6084
6257
6123
6133
6082
6155
6199
6209
6188
6024
6130
5983
6199
6274
5953
6249
6033
6144
6261
6178
6201
6136
6088
6155
6059
6116
6297
6145
5862
5996
6005
6179
6113
6126
5998
6053
6170
6366
6249
6039
6226
6053
6086
6078
7308
5553
8668
8840
7208
3179
4972
8160
813
5411
6468
10107
9394
4045
5330
3028
4598
3786
6791
2749
3971
8142
3248
2629
1634
1360
3600
3097
7487
7982
6423
1770
8996
2551
7260
2599
7186
10167
1681
7420
6961
1384
542
2809
893
4497
2182
1783
7896
5308
5708
2978
8331
6155
128
3768
7637
4543
3520
6641
8182
7336
4028
2610
175
1386
1655
410
4675
3213
2088
5255
5989
9009
614
9564
10205
7285
8012
1338
7934
4705
5783
9010
8389
9664
3330
7505
4459
7168
4279
157
9977
1921
8675
4930
7174
8762
4666
7463
9586
2847
9218
5475
10171
4598
7503
946
6845
7012
3146
661
7134
3751
297
5412
7437
2691
3541
5738
3428
437
2819
1975
5762
830
5856
2401
8805
8278
10393
10231
10430
10073
10046
10419
10161
10365
10321
10178
10244
10220
10223
10270
10443
10229
10322
10283
10270
10278
10246
10401
10187
10298
10232
10450
10342
10107
10279
10169
10080
10357
10351
10212
10293
10232
10073
10193
10248
10300
10298
10036
10359
10244
10178
10085
10073
10280
10150
10221
10104
10238
10453
10113
10282
10227
10233
10275
10253
10215
10285
10260
10220
10325
10478
10190
10383
10284
10223
10275
10117
10187
10286
10163
10106
10309
10159
10307
10226
10413
10424
10277
10034
10340
10219
10043
10176
10218
10206
10193
10270
10216
10276
10337
10116
10157
10158
10197
10177
10270
10176
10103
10159
10159
10268
10305
10350
10302
10304
10137
10114
10207
10137
10190
10281
10099
10284
10224
10284
10051
10113
10411
10293
10297
10355
10402
10311
10325
9931
10284
10315
10079
10303
10171
10304
10048
10284
10150
10190
10242
10442
10148
10189
10149
10257
10348
10163
10344
10054
10128
10229
10121
10239
10192
10393
10163
10275
10373
10385
10225
10221
10287
10319
9940
10281
10389
10442
10345
10140
10256
10103
10309
10294
10360
10196
10084
10189
10163
10265
10222
10249
10173
10142
10225
10230
10178
10248
10217
10191
10294
10117
10391
10287
10210
10278
10281
10406
10359
10191
10350
10011
10184
10458
10199
10114
10236
10159
10368
10076
10330
10088
10326
10540
10462
10216
10143
10232
10244
10331
10268
10286
10347
10372
10289
10199
10342
10183
10301
10394
10272
10296
10335
10356
10160
10335
10244
10255
10309
10210
10320
10464
10245
10105
10074
10405
10266
10184
10294
10237
10358
10171
10151
10293
10374
10333
10214
10377
10187
10323
10442
10206
10334
10409
10113
10318
10179
10095
10335
10065
10076
10344
10384
10176
10091
10333
10425
10292
10145
10174
10412
10227
10222
10424
10144
10131
10348
10118
10374
10330
10248
10244
10331
10260
10452
10171
10150
10010
10383
10141
10348
10203
10158
10074
10194
10293
10266
10294
10264
10162
10317
10330
10391
10402
10100
10229
10082
10202
10355
9910
10319
10450
10165
10245
10213
10306
10247
10333
10195
10163
10199
10317
10111
10201
10294
10191
10467
10232
10443
10130
10258
10304
10188
10334
10221
10318
10192
10360
10312
10081
10186
10227
10368
10484
10131
10067
10351
10248
10243
10128
10003
10150
10195
10095
10276
10172
10274
10303
10174
10063
10105
10184
10031
10206
10243
10270
10138
10177
10255
10354
10399
10137
10239
10316
10292
10158
10348
10319
10259
10211
10280
10316
10107
10176
10171
10098
10286
10220
10094
10197
10128
10093
10289
10260
10210
10238
10443
10285
10241
10298
10256
10120
10230
10220
10228
10182
10238
10328
10143
10144
10133
10287
10377
10211
10185
10191
10285
10359
10365
10205
10179
10144
10213
10363
10263
10262
10243
10305
10406
10282
10253
10143
10327
10148
10154
10233
10383
10175
10385
10230
10106
10253
10126
10284
10206
10247
10140
10341
10200
10176
10091
10295
10261
10178
10304
10130
10156
10113
10332
10310
10239
10287
10369
10377
10150
10059
10348
10372
10229
10304
10142
10101
10354
10396
10149
10290
10097
10361
10349
10208
10258
10397
10336
10257
10173
10453
10265
10333
10181
10089
10281
10100
10106
10056
10283
10165
10321
10215
10163
10342
10436
10265
10228
10181
10445
10296
10391
10241
10178
10297
10166
10210
10374
10278
10226
10295
10191
10262
9984
10258
10348
10415
10373
10142
10235
10189
10104
10224
10294
10014
10310
10173
10369
10208
10219
10362
10115
10168
10201
10236
10174
10232
10123
10331
10500
10267
10364
10272
10290
10188
10288
10233
10282
10202
10308
10071
10081
10189
10251
10151
10253
10236
10101
10185
10283
10289
10138
10375
10174
10256
10277
10036
10167
10208
10255
10180
10205
10309
10137
10217
10039
10210
10259
10336
10323
10175
10057
10263
10271
10215
10271
10304
10096
10348
10257
10041
10340
10171
10181
10332
10254
10134
10338
10255
10292
10188
10239
10072
10229
10197
10175
10043
10218
10180
10339
10189
10181
10210
10241
10294
10113
10389
10292
10305
10146
10212
10200
10179
10424
10172
10275
10069
10211
10270
10142
10382
10042
10213
10303
10226
10334
10235
10343
10344
10264
10293
10217
10127
10269
10137
9973
10216
10057
10299
10155
10254
10215
10214
10227
10105
10376
10251
10211
10311
10065
10250
10367
10063
10127
10248
10276
10140
10183
10322
10269
10412
10129
10254
10202
10256
10285
10237
10264
10212
10253
10266
10279
10244
10334
10240
10130
10115
10227
10264
10080
10331
10242
10155
10209
10269
10254
10064
10250
10139
10088
10296
10178
10125
10143
10231
10199
10273
10429
10187
10125
10333
10026
10092
10363
10370
10372
10322
10131
10143
10145
10186
10420
10298
10282
10373
10395
10088
10247
10041
10260
10134
10287
10290
10337
10267
10104
10108
10208
10279
10385
10182
10459
10256
10172
10326
10243
9983
10218
10098
10461
10289
10206
10260
10273
10312
10173
10142
10393
10362
10376
10312
10212
10232
10079
10255
10217
10204
10516
10118
10331
10203
10181
10101
10313
10321
10294
10386
10184
10213
10165
10171
10127
10066
10383
10248
10141
10215
10241
10157
10187
10272
10243
10193
10226
10326
10194
10113
10283
10217
10244
10187
10336
10402
10255
10196
10311
10273
10390
10251
10211
10295
10247
10368
10368
10350
10106
10106
10313
10254
10154
10202
10329
10115
1192
14454
7691
6816
7567
16522
6181
10506
16248
18018
6034
10917
18244
428
15780
1204
4680
1232
17691
63
12421
216
7149
7581
4075
13516
1279
5017
16846
14251
13298
12827
11504
9025
11209
1864
17241
17945
2687
15797
11482
7956
11683
10622
2964
551
8092
11501
2283
7986
18084
16011
3430
3664
7595
11186
14194
8736
16145
7578
1148
9801
8110
17094
18352
7812
698
2928
6954
5434
2437
2350
7354
6361
11146
5072
5201
2933
1921
12454
4702
7192
15795
2125
2480
15504
12687
11260
5387
2357
6825
3676
8792
18451
18346
18353
18482
18467
18479
18383
18295
18335
18510
18418
18518
18418
18420
18446
18392
18295
18554
18401
18427
18599
18497
18279
18412
18325
18311
18343
18300
18439
18322
18439
18235
18628
18500
18294
18312
18595
18238
18398
18400
18458
18373
18353
18230
18382
18438
18335
18352
18359
18405
18475
18377
18555
18469
18514
18554
18275
18533
18272
18492
18579
18503
18404
18429
18337
18375
18422
18450
18556
18155
18314
18525
18375
18265
18387
18275
18433
18411
18614
18367
18314
18271
18475
18615
18485
18203
18542
18387
18316
18477
18440
18333
18282
18342
18436
18522
18541
18502
18395
18417
18507
18446
18431
18396
18348
18425
18604
18517
18481
18361
18613
18433
18455
18471
18460
18471
18476
18692
18267
18544
18300
18509
18386
18660
18398
18484
18152
18574
18431
18478
18346
18553
18357
18457
18342
18468
18251
18470
18341
18499
18426
18437
18424
18420
18386
18490
18572
18424
18339
18253
18454
18541
18476
18510
18507
18469
18298
18293
18543
18471
18451
18346
18550
18650
18468
18283
18475
18377
18438
18520
18405
18390
18460
18352
18320
18442
18359
18460
18322
18301
18538
18532
18542
18495
18459
18312
18614
18396
18413
18590
18389
18360
18441
18461
18367
18406
18531
18204
18522
18624
18476
18493
18422
18550
18437
18415
18517
18449
18494
18299
18456
18497
18455
18209
18390
18211
18473
18409
18598
18332
18370
18327
18306
18426
18293
18479
18453
18542
18380
18386
18507
18443
18704
18373
18472
18471
18501
18493
18191
18389
18376
18295
18519
18656
18669
18467
18370
18464
18483
18336
18265
18337
18337
18450
18403
18500
18253
18434
18354
18463
18473
18331
18280
18529
18374
18367
18647
18336
18413
18444
18367
18492
18476
18331
18398
18141
18409
18400
18403
18568
18397
18322
18325
18393
18403
18416
18548
18444
18320
18329
18457
18420
18367
18361
18326
18477
18228
18400
18532
18293
18342
18389
18445
18410
18521
18520
18551
18450
18488
18450
18404
18498
18296
18382
18475
18279
18309
18462
18390
18481
18278
18332
18530
18559
18303
18179
18402
18473
18397
18337
18302
18484
18577
18399
18382
18323
18592
18273
18418
18432
18456
18247
18442
18229
18522
18355
18382
18337
18397
18470
18491
18505
18313
18394
18432
18344
18467
18412
18433
18384
18349
18402
18262
18529
18490
18377
18418
18622
18439
18470
18463
18507
18486
18461
18501
18369
18416
18517
18536
18505
18232
18446
18358
18493
18528
18396
18229
18399
18528
18463
18316
18335
18559
18342
18463
18315
18504
18281
18397
18398
18438
18547
18529
18362
18418
18357
18519
18498
18555
18350
18458
18332
18413
18433
18490
18211
18310
18571
18471
18459
18405
18485
18545
18487
18597
18376
18497
18231
18611
18646
18620
18253
18533
18360
18489
18512
18448
18532
18404
18509
18348
18305
18467
18399
18452
18543
18602
18558
18313
18623
18365
18403
18299
18486
18359
18334
18551
18506
18483
18490
18430
18485
18477
18514
18307
18412
18460
18349
18398
18440
18433
18363
18416
18413
18498
18373
18300
18459
18417
18425
18235
18453
18287
18502
18492
18469
18468
18505
18315
18584
18530
18542
18438
18351
18375
18336
18366
18406
18461
18326
18317
18530
18512
18402
18558
18293
18490
18314
18413
18402
18352
18477
18561
18420
18308
18428
18551
18436
18493
18525
18427
18517
18373
18579
18185
18433
18449
18505
18376
18638
18554
18512
18486
18410
18466
18513
18357
18484
18560
18384
18369
18430
18396
18562
18332
18336
18386
18325
18247
18407
18525
18547
18385
18639
18284
18506
18222
18412
18672
18378
18290
18180
18449
18492
18479
18539
18314
18372
18454
18462
18291
18346
18372
18419
18550
18598
18686
18349
18428
18347
18483
18425
18352
18378
18183
18442
18419
18431
18664
18407
18512
18398
18602
18520
18372
18504
18526
18612
18625
18455
18519
18574
18577
18342
18432
18504
18413
18584
18236
18298
18447
18448
18327
18457
18656
18388
18343
18551
18627
18485
18466
18326
18474
18511
18452
18601
18305
18479
18455
18461
18480
18449
18367
18429
18354
18451
18468
18401
18454
18421
18330
18514
18397
18582
18633
18446
18430
18367
18498
18304
18458
18668
18528
18446
18364
18461
18486
18313
18575
18385
18472
18362
18503
18547
18580
18504
18535
18607
18501
18623
18442
18390
18520
18354
18361
18324
18458
18419
18398
18493
18445
18559
18226
18299
18498
18517
18175
18554
18349
18505
18603
18318
18505
18333
18343
18486
18360
18477
18576
18547
18304
18229
18692
18518
18461
18292
18537
18237
18429
18482
18330
18452
18515
18373
18569
18373
18226
18338
18410
18349
18372
18620
18360
18472
18317
18289
18444
18658
18377
18401
18634
18675
18491
18448
18568
18525
18362
18562
18429
18412
18451
18355
18473
18603
18606
18471
18535
18393
18413
18332
18424
18429
18333
18412
18373
18448
18313
18383
18242
18417
18366
18314
18421
18459
18737
18400
18366
18432
18329
18621
18651
18404
18327
18527
18366
18248
18362
18385
18518
18211
18496
18597
18479
18372
18262
18495
18362
18387
18364
18493
18446
18476
18413
18520
18350
18719
18347
18489
18379
18424
18400
18409
18407
18326
18497
18409
18472
18272
18424
18297
18666
18352
18396
18434
18477
18335
18417
18595
18255
18551
18340
18601
18406
18357
18374
18485
18429
18592
18367
18495
18557
18345
18536
18275
18398
18519
18476
18353
18301
18478
18493
18415
18384
18457
18413
18384
18311
18368
18592
18629
18481
18353
18493
18544
18352
18536
18565
18232
18480
18420
18477
18284
18322
18495
18470
18493
18464
18464
18457
18379
18578
18336
18497
18414
18503
18420
18446
18374
18380
18367
18348
18353
18645
18410
18317
18367
18407
18370
18329
18638
18531
18442
18510
18384
18459
18598
18330
18488
18428
18377
18436
18364
18432
18419
18554
18630
18509
18416
18460
18526
18449
18456
18358
18387
18516
18409
18474
18263
18394
18566
18472
18538
18477
18329
18380
18308
18278
18539
18424
18458
18449
18342
18546
18486
18255
18550
18333
18345
18601
18428
18617
18434
18556
18472
18334
18426
18504
18568
18359
18393
18609
18538
18186
18277
18290
18440
18324
18566
18386
18487
18419
18382
18372
18421
18336
18371
18464
18459
18335
18325
18454
18189
18240
18341
18527
18392
18551
18393
18262
18331
18404
18278
18391
18298
18518
18544
18481
18520
18524
18577
18415
18534
18334
18411
18379
18576
18233
18569
18634
18288
18448
18329
18361
18350
18246
18307
18252
18449
18452
18450
18657
18481
18489
18314
18368
18297
18442
18366
18583
18390
18309
18571
18431
18286
18573
18523
18486
18414
18537
18452
18465
18387
18278
18470
18300
18344
18559
18235
18459
18433
18551
18418
18426
18470
18412
18386
18424
18155
18410
18392
18480
18583
18326
18713
18353
18350
18416
18586
18348
18471
18439
18433
18275
18480
18332
18245
18309
18279
18361
18492
18438
18365
18414
18518
18339
18596
18269
18474
18338
18428
18373
18629
18364
18340
18292
18443
18354
18395
18525
18350
18516
18518
18298
18720
18436
18490
18414
18393
18467
18508
18503
18514
18517
18495
18537
18420
18330
18221
18393
18202
18495
18467
18484
18444
18449
18246
18396
18485
18543
18511
18571
18401
18408
18508
18385
18575
18394
18310
18523
18352
18383
18227
18364
18491
18471
18711
18611
18413
18418
18311
18310
18449
18430
18430
18322
18619
18420
18460
18305
18549
18291
18377
18525
18426
18327
18331
18368
18403
18456
18425
18392
18529
18395
18392
18570
18439
18349
18447
18533
18612
18362
18295
18342
18323
18486
18406
18366
18444
18445
18360
18667
18465
18467
18443
18423
18422
18167
18488
18581
18318
18408
18519
18459
18340
18237
18350
18403
18553
18398
18536
18354
18403
18394
18451
18564
18552
18369
18272
18466
18333
18342
18482
18522
18406
18447
18503
18509
18433
18303
18569
18375
18266
18536
18381
18362
18378
18635
18515
18356
18492
18400
18401
18258
18558
18421
18514
18458
18426
18405
18598
18589
18493
18294
18364
18399
18467
18593
18415
18367
18311
18327
18433
18220
18374
18638
18431
18348
18376
18538
18536
18670
18348
18259
18345
18484
18461
18552
18507
18564
18554
18515
18551
18474
18478
18331
18338
18564
18301
18602
18436
18382
18311
18450
18520
18493
18374
18742
18366
18369
18411
18437
18159
18486
18452
18337
18340
18523
18389
18350
18499
18407
18478
18309
18271
18452
18425
18549
18275
18439
18500
18329
18395
18306
18361
18250
18584
18498
18495
18494
18332
18446
18467
18362
18537
18386
18394
18470
18447
18422
18260
18494
18332
18533
18366
18422
18323
18593
18418
18429
18407
18385
18397
18230
18578
18394
18387
18271
18619
18478
18437
18401
18382
18499
18571
18381
18371
18328
18317
18505
18569
18503
18510
18507
18542
18593
18478
18489
18360
18314
18314
18407
18469
18397
18585
18436
18291
18405
18447
18310
18245
18259
18398
18337
18309
18444
18431
18488
18387
18512
18477
18349
18518
18478
18344
18419
18659
18436
18277
18588
18549
18590
18430
18396
18499
18273
18521
18536
18407
18566
18223
18316
18347
18481
18430
18488
18295
18171
18317
18422
18519
18438
18450
18347
18279
18508
18714
18082
18597
18527
18338
18423
18444
18555
18444
18474
18422
18505
18282
18371
18312
18484
18410
18509
18466
18296
18385
18463
18509
18442
18700
18478
18447
18475
18314
18338
18380
18427
18471
18565
18362
18373
18392
18292
18341
18537
18310
18344
18398
18530
18501
18343
18250
18446
18349
18382
18484
18453
18367
18552
18340
18405
18598
18367
18299
18267
18523
18336
18529
18496
18348
18429
18445
18350
18351
18418
18504
18482
18343
18375
18474
18354
18413
18254
18544
18512
18378
18472
18435
18582
18418
18441
18302
18430
18539
18320
18570
18326
18282
18430
18433
18568
18345
18512
18463
18453
18461
18443
18565
18526
18501
18490
18567
18438
18556
18489
18543
18379
18390
18298
18252
18370
18434
18471
18366
18558
18527
18498
18335
18657
18404
18232
18390
18510
18382
18365
18491
18260
18566
18425
18270
18574
18668
18478
18308
18569
18398
18480
18297
18498
18476
18366
18430
18478
18270
18417
18539
18447
18409
18514
18476
18433
18406
18600
18333
18448
18519
18405
18557
18480
18524
18413
18378
18362
18418
18346
18473
18386
18341
18440
18330
18235
18262
18453
18453
18531
18494
18367
18452
18279
18350
18668
18541
18736
18380
18386
18660
18316
18498
18256
18487
18522
18344
18325
18343
18344
18316
18442
18635
18425
18456
18422
18442
18342
18565
18375
18352
18394
18564
18505
18322
18425
18489
18388
18617
18649
18375
18327
18294
18434
18602
18362
18437
18381
18508
18205
18431
18608
18518
18351
18469
18249
18318
18412
18385
18371
18350
18507
18359
18458
18275
18480
18335
18253
18390
18282
18514
18336
18509
18454
18291
18228
18575
18304
18290
18371
18421
18548
18322
18536
18426
18478
18365
18484
18322
18391
18369
18484
18638
18686
18334
18538
18472
18438
18412
18417
18398
18570
18591
18452
18439
18554
18357
18589
18461
18317
18313
18541
18481
18417
18524
18281
18266
18426
18413
18472
18443
18516
18458
18582
18390
18403
18403
18447
18403
18292
18693
18462
18409
18385
18525
18485
18400
18269
18345
18499
18251
18281
18294
18259
18469
18570
18624
18234
18529
18338
18443
18413
18537
18486
18356
18437
18531
18352
18515
18592
18465
18252
18435
18439
18500
18479
18332
18526
18344
18428
18372
18479
18496
18366
18414
18244
18312
18394
18337
18328
18513
18591
18415
18332
18571
18637
18437
18392
18353
18560
18380
18394
18395
18411
18406
18390
18410
18357
18409
18350
18478
18390
18374
18375
18491
18347
18532
18340
18378
18518
18449
18539
18192
18426
18510
18652
18388
18520
18385
18438
18439
18374
18342
18325
18388
18388
18353
18353
18578
18448
18534
18436
18327
18519
18409
18338
18305
18629
18367
18308
18465
18468
18456
18585
18431
18280
18314
18487
18473
18169
18466
18397
18336
18383
18337
18412
18379
18371
18368
18351
18494
18482
18634
18440
18463
18332
18460
18606
18389
18373
18498
18422
18458
18478
18436
18454
18462
18620
18392
18447
18540
18464
18320
18491
18599
18239
18279
18364
18338
18531
18543
18492
18552
18468
18448
18459
18511
18479
18561
18478
18434
18501
18403
18479
18379
18435
18648
18362
18519
18344
18453
18413
18340
18670
18443
18230
18363
18423
18306
18263
18535
18452
18352
18534
18392
18362
18336
18372
18488
18462
18466
18616
18287
18487
18320
18615
18459
18450
18408
18429
18336
18568
18331
18494
18428
18527
18431
18298
18356
18396
18451
18509
18423
18471
18359
18360
18347
18380
18458
18443
18410
18461
18600
18366
18334
18346
18353
18611
18570
18374
18504
18308
18294
18635
18315
18595
18530
18279
18501
18445
18468
18411
18376
18599
18477
18453
18440
18488
18488
18524
18536
18431
18315
18446
18463
18445
18598
18597
18405
18450
18449
18526
18409
18547
18398
18384
18441
18384
18404
18581
18399
18302
18484
18417
18317
18388
18272
18513
18491
18457
18660
18462
18471
18529
18415
18342
18431
18348
18472
18310
18470
18662
18462
18445
18457
18401
18407
18479
18298
18301
18416
18544
18549
18458
18567
18356
18694
18483
18376
18470
18477
18281
18384
18407
18388
18461
18591
18359
18376
18351
18381
18222
18246
18401
18365
18407
18267
18341
18406
18393
18333
18484
18425
18379
18740
18502
18555
18401
18379
18606
18355
18589
18478
18613
18240
18479
18388
18364
18417
18248
18352
18479
18492
18447
18602
18443
18579
18415
18508
18408
18362
18584
18440
18490
18373
18315
18503
18306
18329
18380
18380
18358
18330
18467
18283
18476
18553
18449
18304
18348
18480
18453
18591
18411
18370
18265
18420
18461
18438
18452
18466
18424
18268
18442
18634
18382
18351
18579
18384
18384
18497
18399
18423
18274
18338
18196
18481
18526
18542
18419
18352
18496
18478
18495
18551
18640
18627
18511
18354
18239
18442
18326
18518
18314
18499
18517
18587
18342
18420
18561
18466
18220
18275
18324
18372
18426
18376
18494
18452
18291
18421
18311
18412
18525
18511
18571
18410
18554
18423
18445
18246
18431
18529
18478
18500
18291
18395
18531
18382
18376
18654
18316
18418
18520
18435
18495
18516
18191
18300
18381
18577
18399
18496
18437
18466
18442
18272
18346
18408
18436
18469
18383
18430
18707
18520
18472
18423
18391
18550
18393
18280
18474
18423
18507
18536
18412
18453
18296
18433
18656
18588
18454
18432
18493
18422
18376
18398
18530
18498
18550
18437
18333
18476
18421
18332
18305
18402
18577
18399
18429
18367
18369
18489
18492
18413
18392
18488
18258
18472
18364
18424
18384
18449
18535
18461
18477
18443
18481
18549
18435
18344
18472
18449
18641
18555
18428
18399
18498
18515
18197
18557
18368
18318
18477
18398
18497
18339
18475
18425
18347
18277
18431
18397
18327
18566
18456
18154
18550
18337
18453
18368
18321
18399
18346
18513
18427
18459
18501
18357
18508
18434
18390
18587
18361
18417
18518
18392
18464
18314
18471
18321
18617
18315
18608
18439
18428
18568
18447
18322
18419
18492
18407
18618
18429
18365
18390
18452
18406
18312
18492
18388
18346
18266
18471
18515
18480
18389
18192
18450
18572
18471
18344
18336
18507
18514
18526
18435
18568
18382
18512
18436
18388
18378
18609
18510
18303
18341
18432
18587
18655
18253
18262
18438
18461
18524
18512
18396
18590
18322
18274
18573
18517
18654
18344
18707
18389
18368
18579
18440
18448
18431
18410
18342
18447
18473
18399
18558
18653
18470
18447
18452
18545
18605
18439
18506
18413
18389
18306
18506
18408
18353
18521
18504
18376
18597
18385
18377
18467
18382
18424
18653
18421
18461
18477
18379
18363
18203
18572
18431
18313
18336
18582
18420
18398
18702
18475
18271
18602
18257
18492
18549
18315
18609
18377
18463
18498
18457
18348
18699
18458
18270
18551
18222
18351
18487
18356
18519
18470
18338
18324
18383
18595
18644
18374
18286
18448
18226
18357
18351
18533
18378
18377
18418
18543
18377
18374
18436
18457
18380
18459
18129
18494
18443
18471
18539
18551
18524
18652
18364
18579
18559
18493
18311
18452
18595
18139
18545
18525
18341
18347
18359
18529
18422
18365
18403
18393
18435
18453
18433
18354
18409
18461
18429
18370
18449
18527
18336
18444
18301
18387
18370
18456
18672
18466
18456
18386
18400
18391
18397
18739
18454
18665
18278
18473
18505
18348
18350
18561
18123
18312
18339
18525
18431
18407
18510
18534
18226
18497
18597
18574
18604
18426
18512
18486
18531
18463
18591
18483
18357
18637
18570
18308
18496
18537
18385
18450
18352
18425
18434
18549
18339
18396
18314
18294
18430
18333
18417
18560
18352
18384
18493
18541
18524
18496
18487
18329
18409
18267
18645
18382
18480
18516
18480
18288
18730
18378
18597
18540
18406
18405
18523
18435
18428
18391
18484
18421
18427
18413
18557
18467
18647
18276
18222
18278
18429
18401
18493
10034
13540
1089
7390
6014
8642
8176
4923
841
10617
12853
11198
6584
7146
2765
10701
3698
14308
266
3276
951
13170
4369
4651
11492
7357
1386
8187
6203
13893
8487
2547
12509
7625
14236
13812
8473
2119
94
7806
3931
11617
13247
1495
6724
13673
8530
10026
712
9889
7037
4462
3798
10300
13564
9728
5318
9717
11139
11785
9319
8182
12686
911
1192
8256
572
207
9496
7395
4661
10992
5658
11489
14152
2039
12862
6092
8444
11801
12804
1026
12824
9003
5115
2967
2068
1032
3360
9318
12716
1297
4240
1991
11033
9802
3070
14130
10840
14334
11196
14099
13155
2911
13251
10873
909
8772
5977
3487
6476
3541
1101
11554
11152
8455
11042
10785
3852
508
2968
3401
12630
3062
8314
10905
11599
5151
11447
6015
4398
9886
1024
1803
5304
7079
2367
3833
5799
13079
8991
733
6207
9915
1228
6579
8030
6795
6486
13173
9901
2532
9466
3665
1309
2567
9464
12305
748
3461
7058
3094
5663
6447
3818
12152
2876
5018
9115
13024
5687
9378
1886
5472
8030
10350
3165
40
907
9059
5764
5779
5978
13846
7897
4727
5898
13680
7446
13761
8228
7933
5126
12741
5199
9617
10254
2307
7653
4086
7522
2349
7976
11338
12245
2116
11462
9482
12480
4992
4767
2181
6352
2241
3776
4887
6988
953
9973
244
6561
10691
9613
8451
8177
7351
12087
4126
9198
8193
5492
7968
9194
8856
5109
8293
10079
2543
10186
7661
5476
7220
7658
3975
5978
6790
7477
8749
1810
12756
13379
3680
421
13277
10445
101
3577
11054
7169
10750
4260
10677
11436
10758
9611
9811
2935
8873
12992
14301
2667
7588
10282
653
12423
3060
11927
518
795
4017
12362
6679
4430
8533
1285
1742
12552
12871
3653
8359
10403
9726
14256
14499
14316
14257
14294
14426
14351
14297
14257
14343
14104
14462
14337
14177
14509
14283
14333
14417
14410
14402
14349
14217
14403
14350
14184
14267
14375
14310
14454
14449
14409
14390
14403
14386
14230
14153
14417
14150
14166
14053
14445
14221
14390
14426
14518
14278
14411
14336
14391
14265
14422
14471
14426
14234
14355
14366
14308
14281
14454
14421
14294
14450
14154
14203
14506
14565
14500
14159
14256
14220
14135
14224
14423
14324
14361
14329
14244
14461
14358
14196
14198
14353
14468
14260
14256
14309
14383
14416
14275
14477
14378
14295
14399
14281
14279
14477
14288
14338
14297
14215
14370
14394
14387
14153
14301
14446
14345
14247
14290
14300
14416
14276
14344
14448
14414
14236
14201
14387
14312
14260
14229
14450
14473
14417
14265
14293
14521
14369
14381
14446
14260
14398
14435
14350
14364
14336
14379
14524
14416
14127
14407
14354
14119
14361
14136
14213
14391
14314
14207
14333
14330
14373
14355
14368
14421
14321
14325
14330
14090
14206
14356
14544
14365
14446
14219
14423
14353
14337
14308
14335
14149
14518
14283
14423
14351
14402
14358
14350
14424
14290
14485
14332
14407
14410
14434
14349
14256
14324
14460
14498
14391
14365
14370
14149
14533
14333
14171
14294
14329
14444
14077
14147
14397
14360
14394
14243
14510
14361
14405
14292
14292
14424
14291
14385
14135
14447
14328
14294
14434
14395
14162
14461
14375
14359
14471
14285
14402
14206
14295
14303
14246
14080
14245
14410
14362
14373
14355
14278
14287
14283
14311
14305
14344
14121
14392
14441
14294
14227
14227
14175
14328
14347
14310
14273
14445
14259
14243
14430
14351
14300
14516
14124
14344
14371
14223
14328
14321
14240
14186
14304
14438
14379
14465
14352
14371
14250
14281
14227
14240
14407
14207
14371
14160
14460
14431
14296
14356
14382
14376
14433
14528
14387
14406
14182
14312
14287
14268
14181
14253
14360
14288
14434
14371
14314
14230
14180
14271
14300
14372
14256
14344
14310
14387
14256
14384
14272
14353
14253
14425
14304
14227
14316
14558
14433
14380
14459
14207
14366
14290
14495
14227
14428
14232
14469
14266
14172
14459
14406
14354
14348
14321
14346
14396
14430
14228
14537
14296
14047
14329
14363
14516
14434
14415
14272
14390
14275
14407
14379
14283
14364
14274
14059
14351
14387
14472
14326
14402
14410
14316
14271
14216
14336
14395
14364
14368
14151
14343
14321
14545
14459
14202
14238
14275
14424
14489
14186
14313
14033
14247
14424
14376
14465
14328
14355
14337
14334
14516
14275
14227
14474
14436
14426
14239
14178
14474
14281
14348
14453
14125
14319
14227
14298
14339
14237
14306
14385
14309
14224
14397
14426
14214
14530
14621
14160
14331
14430
14254
14336
14253
14306
14329
14273
14392
14284
14278
14171
14196
14151
14121
14192
14376
14375
14329
14315
14385
14078
14293
14235
14373
14415
14427
14475
14234
14427
14275
14347
14363
14433
14239
14204
14337
14265
14178
14263
14415
14394
14402
14203
14271
14370
14576
14350
14406
14379
14379
14327
14193
14416
14284
14373
14429
14434
14295
14225
14307
14433
14301
14339
14481
14556
14389
14161
14297
14280
14300
14339
14146
14246
14267
14305
14357
14288
14342
14403
14259
14250
14377
14456
14379
14480
14309
14402
14200
14313
14385
14465
14327
14496
14257
14269
14410
14293
14376
14241
14502
14148
14288
14295
14309
14148
14332
14438
14458
14238
14327
14374
14279
14313
14260
14266
14473
14399
14439
14318
14264
14395
14364
14175
14250
14336
14360
14351
14468
14164
14327
14410
14322
14370
14304
14058
14415
14247
14234
14391
14302
14399
14287
14328
14338
14230
14202
14495
14432
14439
14389
14340
14455
14304
14274
14343
14363
14271
14362
14435
14386
14142
14446
14344
14430
14284
14434
14348
14306
14271
14394
14210
14256
14402
14278
14347
14367
14275
14441
14299
14473
14184
14267
14196
14386
14510
14326
14388
14160
14354
14476
14362
14293
14367
14383
14354
14419
14330
14426
14491
14438
14435
14381
14421
14250
14252
14355
14309
14269
14224
14376
14451
14281
14369
14272
14264
14317
14326
14449
14229
14146
14355
14265
14423
14519
14495
14296
14252
14406
14259
14318
14404
14360
14155
14191
14332
14326
14284
14409
14261
14390
14221
14399
14314
14280
14421
14249
14393
14289
14316
14250
14326
14244
14406
14237
14341
14491
14326
14343
14259
14220
14434
14388
14386
14331
14234
14338
14201
14354
14343
14364
14231
14292
14268
14182
14217
14333
14350
14150
14299
14296
14287
14283
14367
14341
14204
14289
14200
14270
14364
14232
14461
14339
14155
14425
14171
14235
14395
14248
14268
14444
14450
14392
14460
14307
14308
14321
14403
14439
14372
14329
14389
14267
14456
14522
14389
14344
14467
14360
14547
14434
14441
14494
14387
14223
14255
14407
14398
14412
14463
14249
14314
14385
14032
14352
14322
14221
14363
14272
14294
14227
14388
14361
14474
14280
14228
14291
14347
14436
14305
14293
14330
14398
14251
14510
14277
14453
14451
14310
14295
14148
14474
14390
14328
14256
14209
14493
14398
14165
14052
14309
14384
14418
14274
14312
14368
14286
14245
14231
14479
14453
14297
14286
14339
14178
14226
14587
14297
14368
14250
14526
14362
14312
14481
14287
14313
14333
14383
14316
14278
14314
14175
14274
14257
14538
14161
14242
14170
14434
14268
14354
14395
14210
14244
14343
14256
14157
14360
14254
14428
14348
14343
14351
14315
14352
14358
14344
14199
14273
14384
14226
14231
14475
14117
14177
14426
14427
14150
14357
14269
14273
14434
14277
14239
14350
14450
14393
14242
14317
14299
14368
14206
14440
14541
14512
14303
14341
14274
14195
14416
14158
14415
14505
14166
14366
14263
14373
14441
14414
14237
14121
14275
14374
14178
14107
14418
14282
14468
14403
14476
14105
14339
14286
14270
14373
14195
14246
14443
14346
14298
14291
14238
14247
14058
14352
14221
14310
14395
14277
14398
14228
14020
14378
14300
14303
14243
14527
14254
14302
14461
14294
14227
14388
14297
14472
14277
14161
14373
14169
14344
14266
14343
14307
14403
14139
14250
14351
14387
14488
14224
14327
14372
14354
14493
14164
14387
14365
14259
14248
14360
14339
14208
14098
14225
14336
14354
14338
14583
14310
14395
14259
14359
14372
14485
14303
14442
14455
14276
14350
14428
14374
14373
14312
14452
14492
14185
14465
14303
14265
14336
14377
14307
14341
14434
14652
14378
14228
14542
14438
14345
14074
14222
14093
14284
14181
14318
14168
14566
14365
14277
14383
14422
14314
14177
14333
14296
14436
14363
14495
14247
14449
14330
14375
14222
14176
14331
14166
14306
14353
14243
14452
14282
14420
14218
14314
14397
14386
14321
14367
14344
14342
14292
14368
14332
14336
14335
14319
14396
14377
14357
14350
14346
14470
14385
14446
14398
14409
14310
14285
14293
14279
14317
14333
14355
14459
14265
14421
14351
14385
14170
14315
14451
14320
14622
14391
14057
14355
14222
14209
14389
14311
14202
14536
14276
14381
14571
14362
14435
14419
14493
14484
14327
14531
14218
14365
14063
14366
14348
14405
14103
14390
14332
14213
14442
14351
14610
14330
14317
14295
14290
14279
14368
14310
14362
14350
14485
14367
14274
14386
14456
13993
14339
14252
14166
14285
14300
14189
14158
14286
14453
14392
14224
14449
14282
14386
14339
14414
14254
14404
14421
14377
14466
14323
14309
14329
14224
14146
14306
14452
14632
14476
14370
14537
14357
14096
14219
14366
14402
14322
14352
14172
14474
14208
14375
14283
14309
14441
14594
14362
14219
14399
14563
14281
14265
14343
14510
14350
14240
14444
14262
14378
14375
14395
14320
14418
14210
14366
14364
14133
14208
14411
14298
14513
14241
14483
14366
14236
14242
14354
14305
14345
14363
14300
14435
14324
14362
14267
14578
14285
14462
14397
14226
14340
14285
14446
14228
14323
14257
14283
14239
14397
14416
14446
14407
14421
14201
14366
14177
14161
14338
14360
14319
14370
14354
14301
14547
14305
14413
14399
14273
14364
14419
14420
14406
14317
14322
14491
14271
14321
14177
14383
14342
14440
14374
14210
14253
14331
14238
14335
14242
14407
14323
14198
14317
14223
14182
14442
14446
14462
14328
14315
14392
14387
14299
14371
14415
14292
14312
14460
14332
14380
14413
14397
14365
14290
14386
14486
14331
14279
14393
14320
14458
14310
14325
14322
14222
14359
14297
14404
14359
14315
14525
14322
14385
14301
14441
14309
14431
14331
14489
14351
14389
14331
14490
14262
14299
14381
14253
14499
14428
14300
14239
14463
14427
14440
14235
14333
14295
14586
14344
14336
14375
14272
14552
14400
14447
14326
14401
14322
14123
14367
14300
14202
14087
14409
14334
14454
14326
14434
14323
14430
14141
14492
14424
14433
14461
14285
14456
14258
14200
14437
14302
14353
14465
14409
14258
14248
14442
14046
14353
14321
14324
14439
14289
14278
14260
14435
14374
14521
14377
14352
14237
14235
14515
14408
14364
14365
14265
14295
14326
14371
14275
14177
14210
14099
14325
14434
14376
14288
14343
14476
14354
14340
14473
14344
14412
14419
14280
14382
14335
14230
14376
14324
14263
14318
14255
14525
14336
14241
14476
14379
14501
14323
14331
14303
14456
14132
14408
14316
14272
14303
14553
14326
14439
14247
14382
14353
14269
14412
14328
14312
14271
14471
14412
14428
14235
14513
14229
14229
14433
14256
14437
14360
14239
14459
14311
14426
14437
14451
14337
14220
14597
14447
14234
14471
14330
14400
14398
14364
14217
14235
14278
14278
14336
14286
14557
14435
14171
14303
14470
14494
14329
14177
14527
14467
14406
14244
14134
14183
14254
14298
14254
14271
14422
14212
14251
14453
14195
14316
14569
14323
14464
14328
14325
14453
14290
14435
14341
14241
14217
14419
14386
14368
14425
14362
14292
14416
14399
14334
14389
14296
14364
14410
14304
14447
14251
14208
14451
14330
14380
14274
14317
14280
14267
14504
14497
14324
14207
14270
14383
14310
14374
14375
14558
14291
14226
14337
14227
14428
14326
14346
14456
14470
14214
14266
14421
14405
14477
14338
14358
14319
14449
14414
14215
14133
14315
14297
14512
14230
14489
14427
14390
14542
14142
14358
14442
14411
14389
14283
14373
14186
14370
14378
14474
14323
14271
14287
14293
14408
14218
14192
14340
14276
14409
14291
14220
14229
14228
14203
14340
14434
14259
14378
14254
14312
14253
14402
14469
14459
14225
14280
14144
14335
14302
14247
14288
14333
14099
14223
14214
14374
14276
14354
14186
14245
14415
14300
14373
14542
14202
14236
14288
14232
14229
14196
14390
14340
14235
14264
14240
14533
14395
14165
14431
14307
14185
14443
14281
14307
14191
14180
14396
14323
14368
14321
14363
14207
14396
14488
14348
14449
14480
14216
14543
14238
14341
14397
14293
14313
14532
14248
14477
14337
14362
14422
14412
14468
14343
14308
14252
14388
14393
14488
14402
14565
14316
14264
14287
14485
14163
14475
14332
14452
14345
14375
14429
14358
14303
14284
14389
14355
14202
14543
14503
14301
14189
14264
14198
14492
14346
14261
14383
14376
14330
14440
14430
14323
14301
14246
14315
14283
14301
14395
14308
14484
14295
14331
14407
14249
14336
14423
14356
14287
14189
14218
14304
14124
14413
14323
14370
14284
14329
14355
14298
14300
14301
14193
14527
14373
14320
14419
14261
14264
14316
14320
14306
14165
14407
14422
14368
14434
14429
14431
14350
14363
14270
14426
14301
14339
14417
14414
14547
14252
14416
14396
14334
14430
14319
14379
14169
14348
14300
14274
14261
14126
14311
14260
14293
14251
14444
14467
14306
14403
14249
14278
14503
14335
14425
14383
14314
14414
14459
14313
14259
14371
14225
14171
14413
14394
14469
14283
14505
14398
14511
14269
14489
14444
14352
14319
14281
14263
14228
14244
14503
14243
14302
14355
14281
14402
14492
14107
14280
14438
14210
14192
14427
14253
14492
14263
14327
14307
14478
14230
14216
14440
14435
14404
14266
14469
14163
14374
14381
14284
14156
14512
14279
14180
14307
14271
14347
14316
14325
14179
14349
14246
14230
14286
14233
14334
14285
14324
14436
14514
14226
14310
14276
14343
14256
14348
14298
14106
14234
14513
14233
14391
14176
14328
14409
14486
14239
14392
14341
14509
14470
14381
14426
14410
14337
14362
14403
14089
14145
14177
14482
14183
14417
14420
14332
14169
14397
14470
14292
14189
14377
14265
14314
14275
14559
14363
14529
14382
14287
14285
14473
14380
14509
14553
14126
14403
14611
14248
14299
14286
14376
14300
14259
14516
14325
14403
14512
14289
14277
14262
14251
14391
14375
14330
14305
14233
14294
14412
14259
14460
14384
14415
14528
14248
14263
14249
14340
14337
14192
14377
14370
14555
14268
14254
14246
14316
14455
14506
14205
14371
14239
14429
14196
14415
14397
14201
14353
14506
14271
14299
14383
14224
14172
14329
14204
14203
14198
14341
14191
14372
14238
14250
14574
14162
14276
14392
14395
14371
14428
14368
14274
14414
14388
14292
14285
14310
14303
14482
14241
14496
14308
14330
14233
14285
14393
14246
14415
14406
14105
14440
14425
14300
14292
14161
14391
14291
14418
14280
14332
14232
14153
14387
14179
14215
14483
14309
14364
14159
14363
14339
14311
14146
14461
14427
14213
14382
14366
14276
14501
14272
14324
14498
14429
14408
14343
14264
14389
14376
14417
14397
14176
14361
14374
14526
14048
14326
14444
14229
14557
14333
14497
14406
14439
14176
14285
14385
14177
14291
14289
14334
14355
14302
14300
14218
14324
14626
14291
14446
14283
14417
14388
14373
14367
14327
14376
14251
14409
14285
14396
14437
14493
14412
14226
14349
14250
14341
14342
14335
14392
14272
14269
14545
14410
14422
14223
14346
14425
14347
14273
14297
14333
14300
14306
14236
14413
14449
14372
14260
14339
14421
14296
14360
14317
14193
14393
14494
14442
14224
14382
14329
14301
14313
14318
14418
14414
14366
14227
14236
14271
14192
14471
14561
14485
14265
14332
14427
14221
14336
14256
14412
14282
14525
14554
14310
14223
14466
14184
14483
14191
14254
14206
14422
14273
14256
14138
14272
14116
14555
14360
14261
14286
14170
14248
14359
14318
14465
14340
14123
14351
14424
14280
14293
14294
14435
14494
14406
14168
14420
14363
14275
14505
14335
14286
14329
14316
14369
14313
14376
14364
14279
14495
14324
14333
14360
14382
14325
14362
14362
14390
14272
14363
14149
14293
14186
14371
14433
14377
14385
14359
14426
14492
14366
14360
14315
14375
14263
14611
14269
14432
14293
14332
14288
14265
14462
14336
14224
14426
14580
14359
14559
14319
14369
14414
14236
14489
14389
14317
14261
14203
14219
14442
14425
14283
14380
14186
14354
14286
14466
14273
14209
14286
14531
14320
14481
14379
14309
14482
14233
14238
14541
14239
14323
14353
14331
14150
14278
14419
14298
14221
14218
14518
14397
14506
14518
14293
14270
14425
14327
14387
14305
14403
14558
14447
14444
14351
14440
14247
14264
14340
14268
14314
14197
14394
14399
14319
14512
14564
14219
14320
14517
14273
14540
14529
14425
14407
14382
14378
14264
14401
14368
14257
14283
14398
14438
14351
14392
14394
14281
14320
14272
14353
14348
14256
14269
14409
14417
14324
14287
14390
14316
14300
14248
14349
14460
14377
14227
14308
14240
14435
14308
14273
14340
14372
14246
14232
14287
14516
14427
14419
14274
14272
14269
14220
14306
14357
14475
14163
14193
14405
14515
14306
14260
14299
14417
14312
14391
14265
14248
14172
14453
14198
14324
14323
14330
14442
14411
14358
14414
14341
14276
14377
14411
14186
14204
14380
14324
14358
14114
14306
14392
14423
14425
14284
14303
14248
14228
14217
14416
14395
14434
14367
14300
14394
14325
14420
14290
14343
14367
14265
14426
14271
14477
14326
14558
14295
14389
14181
14224
14380
14422
14308
14219
14422
14333
14328
14340
14290
14590
14140
14254
14431
14301
14483
14499
14203
14315
14197
14311
14272
14331
14317
14354
14231
14274
14327
14250
14295
14173
14325
14385
14203
14488
14203
14403
14469
14309
14307
14287
14399
14463
14451
14282
14387
14281
14321
14351
14239
14335
14471
14306
14264
14186
14422
14181
14373
14266
14527
14303
14250
14262
14250
14298
14257
14280
14365
14458
14376
14179
14360
14212
14414
14344
14425
14420
14315
14364
14357
14377
14332
14191
14284
14518
14451
14209
14405
14418
14562
14412
14197
14326
14333
14377
14285
14244
14253
14218
14512
14160
14447
14538
14252
14519
14310
14309
14301
14325
14330
14464
14233
14286
14496
14334
14493
14278
14602
14289
14276
14336
14293
14467
14389
14422
14281
14273
14243
14323
14146
14400
14402
14604
14547
14342
14326
14380
14250
14358
14263
14268
14298
14321
14337
14241
14275
14414
14381
14268
14306
14438
14267
14337
14494
14190
14354
14378
14336
14467
14267
14263
14268
14186
14216
14452
14425
14422
14302
14266
14228
14389
14130
14265
14256
14250
14325
14295
14360
14227
14238
14300
14460
14333
14443
14420
14295
14234
14469
14483
14311
14405
14401
14305
14344
14394
14181
14202
14165
14337
14319
14553
14415
14401
14442
14102
14381
14243
14466
14299
14364
14359
14198
14259
14376
14424
14308
14261
14356
14386
14478
14491
14348
14331
14298
14188
14392
14270
14392
14502
14178
14228
14282
14179
14340
14222
14323
14176
14545
14423
14371
14285
14308
14123
14312
14358
14211
14196
14203
14295
14502
14140
14599
14445
14334
14338
14326
14343
14264
14137
14153
14348
14245
14173
14609
14326
14256
14314
14260
14274
14503
14363
14490
14357
14317
14374
14366
14316
14222
14299
14264
14214
14504
14459
14494
14384
14351
14185
14375
14290
14341
14166
14409
14429
14296
14401
14361
14417
14269
14275
14331
14199
14302
14323
14278
14318
14283
14500
14268
14275
14452
14399
14304
14415
14508
14303
14350
14407
14397
14397
14449
14284
14503
14136
14277
14420
14306
14353
14263
14128
14454
14257
14398
14173
14313
14384
14452
14305
14132
14427
14365
14352
14335
14323
14344
14227
14361
14243
14342
14420
14509
14522
14256
14303
14419
14380
14307
14290
14359
14347
14297
14343
14477
14438
14402
14489
14190
14370
14241
14208
14506
14396
14355
14414
14268
14426
14524
14246
14431
14416
14304
14205
14262
14304
14307
14383
14382
14161
14309
14376
14362
14261
14490
14289
14264
14339
14374
14133
14253
14228
14397
14489
14301
14164
14276
14456
14385
14436
14366
14446
14284
14332
14365
14346
14277
14438
14517
14356
14308
14344
14127
14315
14148
14228
14426
14339
14477
14359
14228
14526
14462
14086
14322
14209
14310
14223
14344
14421
14280
14460
14269
14387
14227
14312
14353
14259
14348
14243
14338
14483
14324
14333
14352
14523
14248
14266
14211
14397
14484
14341
14245
14328
14291
14353
14272
14421
14476
14359
14307
14539
14421
14353
14431
14405
14311
14362
14355
14203
14126
14280
14065
14400
14408
14300
14394
14419
14487
14362
14291
14385
14358
14370
14314
14293
14390
14352
14474
14402
14476
14545
14261
14418
14293
14231
14396
14324
14281
14226
14113
14388
14184
14244
14420
14491
14200
14238
14443
14415
14297
14253
14323
14178
14201
14374
14156
14386
14431
14263
14435
14371
14335
14468
14323
14288
14298
14396
14272
14474
14351
14409
14461
14172
14355
14238
14370
14298
14443
14348
14378
14311
14360
14307
14291
14288
14320
14372
14387
14291
14399
14322
14339
14443
14349
14399
14398
14378
14290
14228
14352
14370
14421
14202
14444
14239
14212
14257
14324
14338
14161
14385
14354
14383
14310
14354
14345
14345
14334
14402
14306
14233
14144
14181
14361
14303
14479
14314
14139
14358
14335
14271
14532
14486
14518
14134
14305
14329
14190
14266
14282
14152
14469
14223
14159
14438
14472
14453
14400
14223
14388
14301
14475
14389
14201
14310
14370
14321
14391
14334
14210
14294
14201
14264
14286
14486
14321
14352
14443
14394
14316
14374
14376
14365
14388
14199
14319
14206
14367
14403
14268
14291
14424
14364
14502
14364
14258
14253
14320
14303
14355
14246
14372
14321
14317
14464
14339
14326
14264
14389
14371
14345
14181
14347
14214
14254
14335
14373
14203
14309
14306
14120
14399
14301
14196
14376
14235
14269
14231
14404
14443
14429
14359
14343
14335
3718
9093
2841
3101
2252
8299
1945
5590
2689
1957
10188
4280
13110
4491
13953
8979
1701
718
13652
3638
7482
2591
989
11554
5750
5131
714
9812
14225
9750
6909
13995
2831
7215
2219
2159
10065
4812
6917
4078
12280
11292
4858
12966
13195
1617
14334
8644
14140
2289
11523
8674
9598
198
3521
981
3715
6638
12266
11114
1549
4462
69
10406
10995
1782
12409
12829
73
11343
10611
6211
3616
9268
5824
6964
8540
14161
6658
5634
10449
4368
3317
4489
6815
10641
1925
10849
4240
2255
11641
6104
13072
7781
3127
12430
7661
14140
6254
6503
14123
14027
13286
7387
12153
9497
2675
3967
8631
4587
5128
3854
560
6455
9785
13449
1394
11939
337
10682
5213
9760
83
3568
9493
803
14106
7315
2048
11736
12393
3201
1097
12307
13718
1210
10778
322
13230
2322
13166
9128
3942
12912
3758
8326
1111
10789
8653
5819
7839
10558
81
5804
3492
12683
7470
8486
9310
10052
13145
9718
13546
10064
4787
11459
8243
8372
5658
4561
981
8870
597
1987
623
2490
6213
1486
5651
12700
6283
11017
3799
9456
4917
686
13234
1130
857
7366
5353
4234
7308
8049
5209
4620
2532
9287
12550
10443
13572
1103
3688
11372
8327
2536
4521
2384
13183
4232
6378
3565
5416
9075
9831
8826
5646
5523
8173
3407
48
1999
11244
2846
5098
11185
7831
2434
5064
8367
10343
3290
1430
1096
7344
7538
8824
8826
5009
5618
1570
3134
1488
3215
8665
7443
6022
6022
8465
9822
10894
2398
705
13903
10844
4822
1127
11897
898
8315
8726
3497
6901
705
2807
2133
7809
8699
12220
7032
3026
5718
9389
9713
12392
5742
5159
6802
6374
6001
5638
8902
8258
10433
4766
8023
4901
1182
13263
9655
9026
3279
1850
11450
703
73
10430
9115
2647
4026
1818
7748
3509
9383
14077
1051
6207
10080
6800
5524
7747
1231
1219
4681
6076
11364
13549
9279
6085
8803
3690
298
9308
422
4914
4422
8559
328
8133
494
9354
14066
5981
1641
12408
14203
1853
5969
10995
9436
63
8749
7453
3372
2141
9337
6880
2678
14257
14245
14343
14418
14403
14365
14427
14366
14307
14354
14327
14555
14322
14374
14245
14447
14260
14312
14296
14299
14393
14425
14182
14255
14497
14408
14418
14395
14336
14206
14371
14157
14379
14177
14290
14449
14116
14179
14303
14355
14342
14466
14261
14188
14267
14286
14304
14435
14038
14382
14397
14384
14358
14181
14259
14399
14349
14350
14377
14353
14357
14312
14348
14355
14438
14234
14188
14295
14290
14429
14448
14348
14302
14280
14365
14353
14352
14412
14328
14327
14283
14355
14168
14353
14398
14426
14364
14460
14246
14147
14393
14322
14223
14180
14236
14385
14226
14229
14454
14357
14247
14325
14372
14262
14360
14320
14283
14284
14322
14440
14355
14178
14330
14273
14231
14443
14441
14436
14393
14452
14397
14635
14356
14349
14530
14164
14397
14409
14473
14490
14441
14359
14215
14313
14183
14386
14376
14419
14260
14327
14244
14480
14297
14311
14250
14362
14348
14184
14417
14343
14355
14192
14380
14300
14213
14407
14333
14504
14572
14311
14416
14197
14242
14310
14419
14390
14333
14331
14370
14353
14339
14327
14351
14377
14299
14358
14305
14451
14371
14350
14167
14447
14277
14427
14396
14365
14288
14330
14340
14266
14366
14348
14094
14202
14189
14357
14279
14407
14159
14261
14453
14429
14174
14316
14242
14196
14291
14262
14338
14463
14350
14373
14244
14443
14383
14310
14291
14469
14228
14505
14258
14244
14341
14350
14370
14253
14421
14544
14376
14158
14468
14379
14295
14217
14443
14264
14304
14241
14161
14356
14346
14484
14390
14263
14348
14272
14249
14349
14231
14301
14243
14482
14249
14175
14222
14189
14376
14224
14307
14355
14451
14380
14431
14451
14357
14510
14469
14334
14281
14271
14382
14461
14553
14394
14295
14274
14188
14162
14066
14216
14539
14397
14280
14166
14341
14177
14315
14421
14358
14337
14211
14448
14259
14389
14305
14217
14403
14333
14319
14217
14460
14443
14350
14479
14285
14212
14252
14336
14328
14259
14204
14373
14316
14327
14441
14495
14322
14410
14276
14437
14448
14392
14236
14392
14357
14431
14248
14268
14266
14298
14252
14327
14252
14287
14296
14374
14028
14353
14240
14396
14360
14307
14330
14198
14417
14202
14311
14515
14275
14392
14339
14214
14183
14334
14251
14148
14315
14261
14354
14325
14254
14256
14389
14384
14557
14305
14582
14281
14298
14307
14398
14389
14273
14226
14356
14415
14485
14315
14301
14519
14626
14412
14209
14354
14137
14428
14211
14401
14188
14311
14253
14298
14403
14158
14335
14364
14413
14151
14299
14238
14369
14468
14244
14534
14279
14438
14293
14310
14408
14269
14230
14287
14280
14291
14216
14219
14463
14301
14511
14191
14154
14263
14487
14301
14373
14510
14408
14301
14261
14166
14418
14289
14148
14173
14289
14373
14336
14341
14447
14242
14290
14596
14287
14371
14366
14202
14319
14376
14429
14258
14272
14416
14419
14369
14161
14331
14371
14416
14461
14318
14273
14281
14302
14286
14226
14273
14430
14309
14327
14442
14175
14250
14206
14399
14246
14362
14124
14369
14482
14277
14358
14162
14554
14444
14434
14398
14355
14281
14363
14512
14437
14305
14480
14361
14341
14158
14272
14470
14321
14407
14422
14250
14357
14328
14231
14474
14256
14224
14287
14417
14317
14480
14137
14345
14245
14315
14211
14326
14377
14333
14280
14244
14270
14262
14181
14339
14351
14330
14321
14234
14378
14129
14456
14340
14349
14223
14374
14285
14482
14378
14260
14248
14362
14336
14317
14341
14259
14336
14350
14386
14321
14212
14461
14576
14383
14462
14242
14428
14343
14305
14300
14309
14283
14153
14421
14368
14355
14278
14314
14444
14389
14293
14237
14437
14270
14487
14378
14497
14347
14395
14318
14401
14336
14235
14421
14342
14101
14418
14291
14324
14527
14346
14257
14319
14385
14558
14365
14231
14310
14323
14298
14290
14400
14579
14345
14467
14408
14194
14329
14281
14506
14478
14410
14361
14381
14320
14329
14339
14372
14383
14302
14215
14208
14340
14560
14389
14411
14317
14419
14358
14352
14425
14272
14320
14435
14145
14363
14331
14178
14386
14197
14411
14425
14286
14422
14269
14288
14277
14309
14519
14418
14265
14366
14312
14549
14422
14157
14187
14309
14453
14337
14358
14318
14170
14106
14353
14196
14341
14229
14261
14297
14337
14361
14426
14581
14255
14115
14373
14222
14385
14147
14359
14321
14192
14343
14393
14343
14222
14192
14402
14335
14535
14369
14304
14287
14412
14539
14223
14310
14409
14294
14440
14433
14425
14255
14488
14415
14397
14424
14437
14285
14298
14281
14246
14471
14380
14318
14389
14260
14349
14215
14383
14295
14445
14223
14228
14455
14273
14422
14408
14469
14369
14276
14390
14354
14251
14159
14299
14084
14333
14320
14568
14393
14297
14288
14263
14371
14321
14276
14401
14406
14288
14143
14386
14193
14341
14251
14370
14537
14352
14188
14312
14363
14473
14367
14362
14414
14243
14268
14318
14363
14250
14294
14318
14289
14566
14491
14335
14159
14335
14412
14339
14294
14565
14365
14364
14238
14436
14354
14412
14378
14205
14255
14492
14368
14189
14407
14248
14337
14180
14400
14323
14500
14352
14486
14439
14432
14287
14199
14441
14493
14298
14202
14469
14329
14390
14406
14589
14290
14404
14454
14254
14230
14300
14446
14125
14398
14214
14193
14400
14349
14506
14385
14431
14433
14312
14235
14583
14343
14349
14407
14321
14335
14521
14263
14306
14291
14419
14298
14384
14688
14466
14156
14559
14288
14351
14260
14266
14240
14320
14403
14254
14275
14198
14520
14489
14304
14307
14291
14416
14350
14402
14398
14213
14417
14104
14175
14306
14430
14376
14345
14306
14314
14189
14334
14463
14360
14176
14272
14284
14288
14442
14311
14500
14434
14313
14346
14164
14259
14430
14312
14295
14429
14304
14235
14377
14398
14403
14510
14202
14283
14239
14185
14384
14344
14456
14360
14444
14325
14263
14219
14281
14463
14350
14322
14174
14340
14384
14333
14334
14281
14242
14331
14375
14400
14361
14311
14452
14260
14459
14311
14194
14231
14297
14350
14386
14346
14204
14426
14476
14371
14383
14418
14361
14239
14279
14229
14374
14392
14160
14366
14283
14202
14348
14432
14434
14299
14304
14389
14488
14183
14205
14335
14320
14385
14263
14267
14479
14338
14517
14211
14254
14349
14357
14191
14194
14285
14317
14314
14323
14218
14321
14364
14397
14606
14398
14182
14275
14278
14325
14327
14222
14260
14221
14310
14284
14300
14316
14280
14306
14332
14314
14489
14382
14277
14316
14436
14371
14287
14274
14124
14225
14549
14438
14243
14236
14409
14242
14495
14313
14411
14378
14318
14249
14555
14558
14450
14213
14324
14408
14257
14248
14350
14567
14363
14359
14217
14228
14218
14462
14240
14345
14361
14231
14387
14215
14370
14350
14173
14209
14238
14355
14243
14496
14574
14367
14518
14476
14356
14280
14271
14246
14446
14298
14464
14405
14350
14463
14374
14227
14495
14328
14228
14347
14397
14272
14462
14424
14381
14436
14295
14210
14363
14332
14451
14469
14261
14462
14142
14407
14170
14263
14080
14211
14423
14143
14497
14248
14177
14184
14417
14347
14326
14384
14136
14194
14501
14324
14489
14191
14255
14455
14208
14315
14326
14130
14322
14360
14369
14318
14434
14293
14567
14476
14511
14282
14246
14285
14154
14443
14291
14375
14319
14358
14315
14167
14204
14245
14120
14273
14235
14378
14268
14323
14215
14282
14405
14227
14535
14096
14163
14226
14391
14159
14545
14404
14284
14331
14169
14447
14277
14269
14308
14233
14411
14257
14358
14379
14324
14332
14423
14276
14374
14277
14439
14332
14348
14371
14187
14301
14439
14427
14391
14229
14292
14386
14294
14305
14418
14443
14418
14365
14481
14423
14143
14371
14317
14328
14329
14352
14114
14356
14312
14436
14326
14543
14271
14510
14288
14292
14420
14438
14432
14261
14349
14488
14343
14228
14349
14375
14339
14361
14422
14448
14223
14267
14275
14345
14255
14350
14382
14653
14379
14394
14207
14387
14248
14370
14366
14317
14318
14290
14373
14424
14310
14096
14271
14279
14304
14228
14480
14206
14279
14195
14372
14330
14252
14136
14374
14383
14340
14394
14319
14131
14136
14280
14284
14553
14170
14231
14224
14218
14170
14401
14385
14408
14419
14355
14344
14150
14348
14433
14459
14165
14439
14353
14388
14369
14313
14496
14163
14156
14361
14258
14273
14449
14240
14455
14345
14531
14192
14382
14362
14307
14502
14091
14290
14296
14236
14213
14445
14427
14401
14235
14273
14371
14363
14407
14338
14319
14359
14324
14377
14268
14344
14312
14618
14348
14403
14383
14530
14316
14359
14582
14365
14257
14316
14264
14274
14526
14282
14381
14303
14451
14450
14477
14295
14272
14311
14345
14440
14397
14461
14240
14297
14114
14196
14510
14194
14329
14096
14360
14540
14311
14452
14354
14267
14351
14337
14347
14429
14494
14187
14297
14427
14378
14252
14340
14413
14399
14279
14471
14463
14227
14253
14320
14354
14257
14440
14350
14409
14388
14361
14398
14279
14438
14388
14367
14334
14371
14396
14202
14257
14360
14248
14405
14383
14339
14323
14473
14422
14417
14349
14257
14217
14363
14250
14584
14426
14261
14255
14235
14457
14407
14355
14420
14412
14452
14191
14310
14327
14207
14353
14360
14301
14567
14372
14406
14327
14466
14288
14329
14367
14250
14331
14257
14443
14406
14230
14345
14338
14210
14229
14388
14140
14343
14265
14329
14344
14300
14334
14330
14337
14256
14316
14250
14166
14425
14221
14399
14120
14169
14304
14415
14193
14309
14364
14415
14348
14430
14221
14378
14413
14344
14343
14247
14504
14315
14411
14246
14425
14316
14229
14350
14292
14369
14278
14451
14304
14400
14268
14440
14324
14255
14069
14462
14278
14386
14335
14283
14455
14473
14438
14377
14301
14165
14570
14335
14415
14329
14104
14377
14323
14502
14353
14329
14488
14456
14435
14216
14382
14443
14313
14458
14384
14362
14461
14386
14350
14321
14415
14341
14346
14302
14173
14488
14181
14417
14275
14403
14338
14470
14174
14304
14224
14259
14274
14540
14233
14343
14281
14351
14441
14358
14303
14389
14299
14409
14475
14352
14222
14494
14260
14432
14057
14489
14170
14155
14300
14307
14533
14205
14238
14324
14430
14435
14253
14204
14460
14183
14381
14373
14311
14328
14351
14377
14377
14323
14403
14325
14226
14118
14501
14366
14230
14447
14311
14264
14264
14403
14235
14508
14423
14259
14366
14343
14331
14433
14103
14352
14276
14214
14260
14392
14325
14259
14388
14330
14283
14229
14324
14222
14424
14459
14509
14329
14265
14342
14301
14432
14350
14402
14382
14512
14368
14371
14304
14130
14240
14236
14506
14325
14352
14293
14417
14465
14236
14272
14312
14374
14124
14399
14295
14238
14487
14372
14260
14205
14190
14544
14286
14468
14279
14360
14216
14324
14379
14213
14240
14615
14472
14443
14352
14191
14279
14279
14554
14247
14272
14244
14163
14265
14257
14256
14177
14272
14226
14178
14467
14385
14371
14352
14300
14322
14384
14289
14252
14408
14372
14382
14524
14430
14479
14277
14422
14273
14192
14133
14376
14200
14448
14339
14393
14251
14432
14203
14389
14351
14291
14368
14289
14413
14264
14575
14200
14425
14328
14419
14438
14171
14515
14347
14313
14397
14383
14393
14278
14316
14450
14230
14443
14223
14353
14373
14412
14316
14410
14360
14567
14185
14393
14216
14323
14377
14360
14333
14350
14442
14302
14275
14409
14530
14276
14328
14190
14291
14410
14294
14359
14414
14342
14260
14129
14200
14364
14396
14499
14348
14326
14137
14400
14365
14489
14346
14322
14298
14263
14298
14411
14433
14343
14391
14231
14180
14325
14383
14295
14289
14349
14278
14388
14410
14289
14344
14289
14315
14492
14349
14485
14257
14212
14174
14248
14341
14396
14504
14490
14491
14399
14358
14429
14368
14370
14490
14224
14300
14363
14410
14330
14318
14360
14548
14260
14268
14434
14372
14255
14216
14282
14368
14306
14371
14265
14432
14252
14396
14335
14215
14210
14402
14160
14327
14413
14446
14327
14192
14316
14426
14228
14329
14332
14103
14313
14464
14288
14317
14537
14217
14319
14448
14231
14326
14254
14220
14166
14262
14404
14334
14394
14364
14304
14187
14389
14249
14291
14343
14406
14413
14418
14445
14393
14287
14232
14213
14317
14503
14241
14290
14394
14103
14098
14398
14338
14448
14253
14410
14105
14308
14089
14259
14347
14046
14188
14380
14466
14127
14297
14316
14393
14224
14474
14574
14562
14267
14295
14220
14511
14366
14298
14305
14430
14407
14417
14314
14369
14208
14488
14382
14231
14407
14463
14582
14085
14461
14372
14536
14212
14424
14253
14534
14299
14426
14155
14340
14265
14414
14417
14356
14360
14406
14344
14295
14395
14458
14192
14232
14326
14292
14160
14266
14212
14405
14312
14490
14428
14342
14464
14372
14255
14358
14179
14281
14264
14368
14249
14354
14226
14515
14505
14366
14442
14308
14293
14429
14304
14203
14162
14239
14184
14246
14484
14253
14430
14231
14385
14248
14459
14191
14307
14206
14374
14392
14441
14353
14285
14371
14299
14159
14319
14316
14406
14413
14394
14122
14157
14352
14264
14498
14363
14289
14358
14286
14349
14286
14271
14427
14237
14318
14376
14361
14357
14347
14223
14199
14260
14170
14301
14130
14457
14343
14372
14379
14299
14440
14464
14332
14318
14423
14326
14294
14159
14305
14452
14203
14318
14383
14516
14248
14357
14352
14346
14486
14281
14223
14393
14410
14181
14302
14198
14248
14451
14246
14176
14408
14297
14358
14201
14398
14317
14387
14367
14302
14388
14240
14312
14319
14326
14551
14378
14272
14586
14381
14378
14552
14435
14244
14252
14199
14402
14413
14462
14326
14340
14291
14231
14285
14349
14086
14413
14315
14577
14331
14421
14319
14237
14295
14168
14334
14329
14352
14401
14144
14324
14457
14233
14238
14375
14529
14505
14350
14384
14331
14352
14307
14270
14417
14298
14377
14429
14205
14402
14297
14464
14282
14128
14440
14196
14380
14113
14128
14345
14420
14389
14355
14156
14382
14406
14216
14131
14364
14226
14455
14485
14266
14341
14260
14469
14445
14383
14292
14298
14274
14271
14230
14276
14155
14380
14180
14263
14317
14259
14209
14183
14275
14243
14343
14398
14310
14290
14463
14657
14513
14392
14245
14375
14299
14249
14304
14376
14440
14244
14399
14361
14334
14273
14334
14340
14372
14238
14331
14486
14207
14415
14510
14243
14221
14244
14410
14171
14258
14362
14315
14437
14396
14271
14494
14243
14277
14354
14424
14307
14362
14260
14360
14319
14469
14260
14523
14377
14317
14465
14284
14332
14483
14304
14308
14156
14198
14319
14320
14365
14483
14503
14130
14255
14277
14263
14309
14393
14176
14371
14306
14463
14335
14478
14209
14329
14397
14266
14351
14541
14480
14251
14278
14325
14321
14261
14554
14445
14240
14351
14315
14287
14511
14372
14390
14365
14225
14374
14323
14177
14287
14316
14230
14386
14240
14249
14358
14420
14356
14372
14216
14218
14138
14299
14436
14336
14091
14475
14210
14331
14474
14303
14432
14481
14417
14309
14339
14194
14345
14150
14253
14185
14422
14456
14392
14396
14118
14427
14445
14313
14385
14268
14390
14301
14270
14464
14290
14351
14401
14467
14300
14164
14395
14259
14500
14188
14264
14311
14233
14256
14272
14151
14418
14430
14345
14419
14366
14412
14231
14484
14191
14645
14184
14420
14415
14335
14266
14106
14427
14551
14605
14647
14359
14400
14354
14286
14403
14373
14224
14419
14373
14219
14224
14274
14469
14435
14343
14323
14454
14388
14306
14416
14516
14460
14349
14284
14397
14524
14254
14345
14345
14267
14302
14276
14416
14352
14288
14333
14320
14472
14336
14403
14205
14434
14119
14358
14324
14397
14254
14407
14461
14226
14282
14326
14353
14233
14368
14391
14416
14455
14333
14202
14079
14435
14332
14348
14265
14267
14244
14437
14332
14302
14443
14325
14309
14320
14324
14414
14353
14414
14329
14407
14313
14301
14243
14307
14418
14393
14085
14422
14385
14305
14392
14331
14241
14264
14396
14208
14241
14255
14383
14416
14241
14357
14561
14342
14392
14315
14210
14287
14313
14312
14179
14312
14436
14372
14442
14362
14421
14345
14457
14220
14218
14300
14324
14382
14323
14324
14356
14221
14350
14372
14249
14283
14317
14288
14340
14313
14408
14266
14317
14279
14387
14613
14464
14218
14387
14453
14418
14410
14313
14374
14357
14364
14262
14369
14522
14288
14342
14434
14307
14266
14399
14294
14349
14499
14295
14349
14113
14404
14330
14395
14447
14430
14324
14425
14443
14317
14405
14460
14170
14403
14382
14175
14571
14396
14327
14476
14408
14311
14414
14429
14368
14267
14310
14359
14256
14220
14608
14300
14318
14262
14349
14422
14242
14373
14415
14386
14263
14249
14307
14257
14418
14554
14342
14284
14269
14252
14192
14500
14371
14357
14427
14316
14369
14410
14340
14329
14342
14366
14330
14347
14283
14381
14230
14227
14216
14306
14241
14519
14400
14465
14553
14338
14457
14326
14456
14124
14343
14281
14377
14476
14649
14368
14314
14255
14289
14408
14433
14243
14344
14579
14406
14234
14149
14304
14390
14414
14421
14255
14306
14325
14347
14268
14479
14407
14420
14380
14424
14279
14380
14374
14322
14282
14388
14264
14157
14193
14471
14407
14314
14402
14378
14368
14210
14352
14403
14398
14294
14416
14294
14465
14459
14435
14246
14113
14403
14308
14359
14428
14223
14246
14497
14447
14350
14387
14345
14168
14343
14179
14389
14183
14509
14348
14257
14286
14406
14356
14301
14355
14334
14424
14454
14265
14332
14299
14348
14418
14429
14306
14341
14183
14290
14237
14270
14452
14461
14408
14274
14344
14116
14463
14451
14385
14211
14320
14088
14369
14281
14324
14172
14347
14534
14492
14193
14377
14368
14466
14169
14370
14366
14308
14366
14212
14280
14345
14266
14334
14359
14338
14588
14403
14220
14280
14281
14448
14233
14306
14398
14354
14295
14485
14415
14293
14465
14230
14330
14297
14268
14288
14311
14459
14356
14333
14217
14214
14116
14515
14306
14194
14286
14133
14175
14348
14442
14463
14246
14374
14375
14498
14496
14447
14359
14238
14364
14334
14346
14251
14308
14252
14270
14395
14388
14065
14436
14430
14358
14066
14298
14336
14423
14054
14277
14240
14272
14433
14164
14515
14301
14443
14414
14344
14427
14432
14316
14372
14432
14421
14472
14287
14331
14358
14477
14350
14126
14212
14435
14393
14282
14327
14377
14300
14260
14351
14145
14318
14229
14272
14316
14395
14287
14436
14413
14249
14221
14321
14402
14385
14317
14384
14314
14307
14492
14264
14329
14175
14339
14369
14430
14348
14344
14400
14349
14201
14497
14276
14159
14405
14362
14325
14435
14337
14199
14304
14269
14435
14263
14581
14486
14164
14183
14265
14259
14295
14267
14414
14486
14181
14227
14494
14120
14516
14381
14214
14000
14163
14305
14375
14513
14375
14378
14328
14542
14543
14331
14356
14210
14425
14220
14292
14467
14236
14161
14295
14352
14310
14270
14248
14269
14423
14231
14377
14249
14311
14555
14446
14499
14353
14190
14409
14332
14327
14326
14330
14314
14383
14131
14197
14237
14358
14274
14302
14336
14221
14329
14249
14324
14618
14343
14343
14184
14551
14405
14408
14299
14264
14371
14212
14363
14372
14391
14385
14504
14134
14489
14521
14323
14309
14438
14449
14222
14336
14296
14525
14552
14181
14441
14222
14315
14390
14187
14325
14252
14354
14308
14333
14193
14184
14275
14251
14257
14152
14337
14290
14180
14476
14409
14255
14187
14304
14309
14211
14390
14300
14373
14328
14272
14363
14313
14391
14324
14372
14395
14421
14281
14369
14265
14258
14313
14325
14370
14230
14181
14326
14280
14342
14364
14447
14399
14309
14405
14288
14390
14402
14629
14320
14224
14392
14190
14268
14375
14378
14537
14375
14316
14334
14391
14459
14235
14427
14382
14373
14420
14419
14591
14199
14352
14398
14189
14332
14338
14426
14357
14354
14209
14286
14356
14541
14234
14422
14329
14331
14320
14217
14440
14411
14416
14417
14314
14342
14253
14223
14375
14302
14305
14366
14360
14296
14339
14256
14410
14217
14273
14419
14381
14232
14376
14159
14446
14280
14325
14257
14409
14188
14515
14475
14274
14452
14419
14231
14328
14492
14473
14316
14311
14250
14260
14369
14452
14412
14307
14240
14382
14275
14415
14278
14282
14331
14385
14505
14312
14210
14159
14437
14162
14286
14331
14210
14340
14116
14328
14539
14471
14294
14336
14348
14494
14366
14577
14322
14370
14141
14422
14345
14159
14302
14358
14369
14358
14245
14499
14343
14273
14398
14382
14309
14288
14278
14201
14339
14415
14376
14258
14497
14408
14288
14239
14337
14345
14569
14269
14212
14409
14373
14306
14293
14493
14394
14195
14451
14254
14291
14325
14199
14232
14311
14472
14327
14394
14384
14313
14194
14411
14301
14494
14062
14283
14326
14408
14358
14491
14296
14460
14315
14248
14203
14388
14366
14419
14322
14388
14366
14249
14181
14208
14432
14353
14219
14197
14414
14333
14321
14476
14371
14278
14206
14256
14295
14525
14227
14320
14401
14345
14289
14520
14353
14383
14419
14269
14463
14380
14402
14168
14460
14155
14276
14408
14357
14467
14374
14202
14336
14482
14289
14358
14410
14400
14258
14404
14453
14300
14516
14136
14400
14309
14211
14338
14283
14376
14292
14294
14442
14139
14438
14416
14293
14446
14278
14487
14346
14296
14288
14688
14327
14125
14380
14378
14271
14418
14199
14128
14141
14181
14340
14495
14479
14233
14319
14437
14405
14237
14406
14337
14232
14397
14330
14456
14178
14359
14461
14172
14340
14467
14378
14341
14325
14362
14354
14234
14427
14486
14450
14324
14207
14361
14293
14421
14231
14373
14450
14171
14445
14402
14370
14324
14355
14351
14445
14376
14116
14491
14299
14222
14361
14339
14399
14384
14219
14422
14398
14228
14472
14461
14404
14278
14341
14346
14307
14359
14433
14266
14303
14158
14327
14436
14148
14361
14491
14142
14428
14440
14420
14414
14266
14283
14268
14340
14333
14263
14314
14437
14404
14241
14424
14400
14314
14562
14323
14356
14431
14315
14218
14449
14283
14361
14266
14220
14494
14361
14372
14320
14461
14387
14298
14461
14270
14348
14255
14281
14205
14234
14265
14359
14442
14381
14570
14320
14465
14417
14267
14486
14433
14567
14321
14297
14358
14366
14273
14507
14257
14398
14180
14312
14317
14344
14581
14460
14262
14230
14481
14306
14250
14303
14490
14621
14332
14233
14360
14221
14329
14345
14489
14422
14239
8323
11059
1255
2145
5328
4879
8745
13106
7380
8751
10589
8027
10427
5301
5441
3679
8718
12442
9604
5530
8461
12324
6266
2655
11294
8646
11785
5960
12741
1958
2586
9606
8442
7193
396
13829
1248
9981
8001
7392
6261
9635
12938
13087
9423
1126
7419
5572
9017
13541
2866
637
1100
2871
8559
2423
7767
13667
6956
11647
1577
7980
10193
13443
11146
6450
11334
11308
1120
13016
12751
8175
6526
19
1823
10176
12026
14303
6349
9763
8978
4751
10864
1839
12492
3523
7499
835
13167
13442
12118
3091
10422
8739
5311
7065
1276
9213
3760
11271
2347
12160
6197
6472
14332
10913
12009
2559
4839
1443
2963
12684
9366
5
11477
11640
1160
13466
73
9539
13604
3699
10730
4780
4635
4074
10455
5563
10100
6857
10555
13349
3324
11210
287
13640
9625
13397
9384
14042
3277
3966
6732
1694
6251
1660
6688
2645
3149
188
439
8724
7859
13464
7204
13685
6485
1584
5458
13823
12231
13553
563
11826
2372
3629
4867
7404
12808
5125
2205
6652
3668
6368
3959
4521
6601
10242
8374
8524
1846
1253
11029
14270
13062
13632
7694
11181
7706
1594
13338
4981
3805
13079
2782
4124
6898
11629
10762
3905
7121
8293
4358
11394
1727
9304
13299
12252
4208
11783
9407
11808
4050
11330
3579
4753
13157
6755
8196
13766
2449
3162
772
8547
11748
4410
12220
1759
6354
7726
1994
11290
8119
10452
9250
12250
1130
10850
13185
6145
10444
11039
10663
6648
6003
4442
3711
918
1329
9705
11092
12468
11999
12038
2693
11552
2923
13929
2451
6426
2561
11651
7026
6914
13511
10998
394
1619
9089
13351
12441
12968
4411
7254
2975
10391
13219
690
8646
6764
10176
4490
10694
9921
2792
7117
8023
5775
10926
5994
2265
9943
312
10810
8447
940
1495
14279
2172
9227
14046
9973
3878
3549
443
2323
4589
7968
7102
9722
10696
14299
4478
3069
7816
1339
14165
849
10243
7487
13354
9579
11564
13006
5719
13420
11139
1612
8637
13909
3266
13337
9382
2176
13284
5133
11023
7097
4817
5273
8246
9655
5559
4310
8851
3766
7043
3973
12861
9600
3848
10803
11202
3056
504
12747
8522
2728
3067
13140
13886
13981
2071
8155
12945
12390
3877
8713
10247
14236
4133
479
9632
11763
11325
8692
360
1572
5030
7649
7810
13803
9357
11475
3453
428
1874
12672
12474

