22560
21884
22476
22113
23574
22244
22781
22764
22675
22621
22161
22856
21591
22587
21898
23061
21800
22715
21953
22425
21831
23826
22057
21969
22362
21795
22125
23617
22332
22192
23104
23594
22047
21175
22407
21871
22365
23449
22251
21988
22404
22911
23001
20997
22357
22520
21681
21407
23259
21608
23160
22633
21883
22747
22023
22159
22452
22319
21479
23018
22952
22213
22421
22634
22718
23070
22886
22737
21767
21788
22450
23095
22094
22201
23276
24194
22541
21550
23549
23703
23357
21953
22882
23051
22983
21948
22277
22652
22423
21675
22174
22289
23820
21838
23119
22109
23262
22351
22754
23622
22486
22219
23370
21533
23270
22066
21992
22680
22358
22341
22941
22532
22883
23612
23003
22142
23406
21666
21854
20870
22320
21946
21583
23595
24103
23285
22256
22013
22298
22697
22260
21872
22991
21287
23348
21800
22387
21775
21997
23121
21701
21990
22818
22476
21164
22164
21950
21632
21861
22572
22593
23277
22819
22859
22386
22671
21589
21732
22867
23565
21927
23929
24574
22768
23551
22137
23317
23149
22424
21248
21883
22823
23004
23145
23075
22766
22359
23435
22378
22330
23341
22856
21900
22361
20789
22216
22818
21595
21815
22973
22230
21369
23394
22204
21833
22374
23148
21745
22764
22787
22347
21372
22857
22789
22443
22078
22180
23886
22251
22613
22616
22690
22041
22214
21996
22500
21783
22296
22770
22016
22878
22265
22557
22718
24059
23496
22816
21481
22060
24292
23834
23069
23183
22241
21887
23344
22860
22981
21929
22306
21967
22590
22363
21847
22239
22491
22267
23450
22493
22833
22687
23061
21393
21592
22285
22920
22888
22857
23000
21521
22153
22694
22207
21861
22316
22340
21795
22711
22540
22523
21854
22206
22627
23168
21085
21544
21618
22924
22796
21539
22079
23263
22152
22888
22610
22455
22390
23453
21522
23874
23342
22498
22187
22759
21615
20611
23041
23357
22231
22569
22580
23468
21589
22259
22403
23007
23002
22975
23268
22436
21451
21653
22876
23823
22815
22208
23026
24154
23637
22395
22274
23750
21677
22640
21910
21373
22454
22562
22690
22041
21995
23474
22513
22466
21623
23177
21298
21189
23338
22848
22391
22369
21954
22011
22132
22431
22091
22294
21773
22372
23488
22163
21705
23087
21986
23675
21495
23572
23509
22212
22695
21886
21977
22114
21734
22276
22649
22105
23001
22569
22754
23095
22208
23734
22925
21396
22940
22040
22469
23643
22329
22745
22615
22144
22420
22679
21908
22824
21930
22310
22551
22172
22625
23517
22436
22781
21632
21885
23931
23970
22269
22869
22918
23850
22445
22486
22416
22388
22376
22949
22868
22797
23432
21814
24414
22055
23069
22190
22484
22449
23389
22053
23206
22849
20999
21577
21711
23335
24179
22245
23021
22601
22131
22047
21083
22344
22684
22245
23193
21070
22673
22183
22720
22792
21983
23576
20749
23032
21960
22503
22147
22800
21233
22437
22832
23454
23012
22410
22442
22675
23356
22673
21739
22977
23124
22619
22279
21954
21912
21955
23898
21917
22836
21666
21113
23566
22583
22702
21964
23336
22155
22104
22631
22677
21748
22312
22107
23197
23850
22388
22656
21625
23693
21124
21895
22248
21906
22540
23079
22626
23840
22163
21392
21802
21824
23161
22945
21778
22898
22477
23092
21793
22793
23614
23070
21421
21573
21344
21213
21699
22976
22526
22725
21715
22744
22782
22233
23569
23320
21731
22429
20757
22234
22864
21877
22792
22652
22322
21495
22283
22042
23137
22630
21776
22109
22677
21642
22839
23021
20989
22433
21658
20637
22593
21910
22609
22756
22644
22291
22492
22933
22877
22012
22747
22931
23246
22267
22492
23603
22389
22532
23365
22569
21057
22110
21719
22874
23060
22093
22139
22399
22961
22558
24502
21666
22997
22222
22753
21934
22622
23034
22407
21808
23486
22044
23346
21777
21749
22155
22560
23216
22312
22558
24206
21798
22347
22774
22169
22288
21587
22766
22307
22993
22576
22902
23203
21435
23405
22778
21941
21820
21376
21463
22697
22359
22184
23566
23603
24230
22501
22597
22304
21856
21663
23458
22439
22827
20991
23116
22775
23104
21845
22537
22304
22374
22534
22585
22549
22138
23339
22333
21814
22964
22588
22277
22979
23438
22612
22430
23352
22843
22630
22211
22546
22339
22676
21651
21648
23971
22371
22494
22836
23150
21762
22096
21898
22858
22001
22416
22201
22481
23659
23189
22021
22586
21299
22963
22836
23282
22553
21843
22980
21648
22058
22965
22796
22779
22005
22893
22378
23709
23815
22732
22376
21758
21581
20969
22774
22807
22680
22355
20580
23562
23372
21968
22868
21650
22909
21261
22151
21772
21143
22821
23122
22322
23065
22965
21728
22106
22067
23004
22830
22546
22063
22347
21923
22388
23079
22670
22741
23093
21400
22499
23705
22963
22390
21312
20967
21331
22991
21953
22154
23025
21262
22359
22783
21989
22594
22928
23110
22560
22650
22723
21895
22392
22863
23821
22000
22562
22697
21940
21801
22549
22869
22710
23052
22211
23868
22230
21652
22959
21562
22323
23394
21202
22775
23592
21730
22547
23444
22407
23283
22024
21390
22559
22849
23277
22150
22687
22550
21903
22596
23721
22254
22209
22846
23350
22675
23814
22685
21535
21825
23119
21906
21450
22893
22264
21809
22000
21593
22536
22293
22599
23389
22893
20793
22538
22756
22748
23032
22069
21607
23087
21917
22893
22656
21989
23133
23073
22216
22246
22167
24436
21965
23330
23031
22333
23028
21168
23538
23095
21163
20663
22779
21989
21145
23470
20769
21335
23106
22921
22645
22557
22880
22936
23018
22166
22563
22032
23540
22627
21134
21359
22542
23058
22906
21964
21848
22714
23057
23052
21965
22742
22967
23589
21382
21805
22911
22695
23030
21874
22540
21367
22071
21555
23172
22889
22183
23221
22601
22826
21570
22261
22873
23491
21635
23186
22189
22359
24228
23989
21505
23015
22589
22003
22429
22791
21300
22090
22494
23385
22691
23424
21911
21569
22936
22101
23168
21450
22797
21758
22324
22300
22745
21929
22854
21329
23042
22563
23352
23244
23427
22125
22690
21887
22405
22216
22191
22527
21404
22225
23054
22305
22565
21815
24430
21676
22765
21186
21983
23129
21928
22058
23609
22422
22637
21690
22288
22609
22779
22779
22206
21671
21686
23438
24494
22175
22378
24128
23165
22333
23028
22043
22386
23636
22810
21666
21382
22153
23725
22964
21725
22507
21596
23785
22369
21914
22590
22716
22163
22653
23243
22550
21971
20700
21534
21470
22613
23123
21734
22577
22689
22819
23473
22390
24251
23260
22527
22535
22965
22214
22793
21457
21325
23234
22577
22257
22220
22651
23117
23515
22552
23154
24104
22755
21686
21784
21764
22549
21574
23678
22330
22577
22374
22664
21611
22248
21680
22003
22497
23454
21894
22270
23805
22463
21918
21503
22614
21529
23059
23220
22846
21388
23241
21953
22204
22511
22987
23174
21247
22432
22535
22935
23476
22552
22719
22151
24258
22611
22588
22206
22411
21275
23236
23015
21288
22269
23422
21899
21687
22900
22402
23061
21809
22485
21903
22255
22144
22087
22795
22071
22640
22742
21143
21704
22160
22396
22469
23404
22187
22822
23063
22809
21586
22270
21555
21896
21374
22866
21826
23480
22096
22950
22166
23739
22096
23634
21738
23157
22000
22600
21927
22274
22473
22262
23239
21863
21529
23056
21455
22803
22421
21702
23017
23792
22201
23841
22844
22938
23035
22024
22752
22371
21466
21518
22694
23222
23086
22017
22954
22850
21286
23405
23051
22106
21955
22541
21670
23508
23511
22058
22231
21790
23479
22361
22441
22070
23468
23221
21699
22508
22075
21833
21706
21019
22553
22743
23220
22759
22657
23009
22750
22938
21593
22490
22017
23239
24164
21873
22921
23007
23689
22067
21901
22497
23745
23648
23226
22217
21486
22406
22693
23108
23725
22228
22666
21449
22567
21513
22098
22879
2624
5795
2084
4979
25
1848
1103
3112
4233
2186
5896
5631
2484
2502
1929
1170
1351
5868
5086
4046
5433
3979
1750
4580
4862
1193
6063
1213
1556
2
4554
162
4178
736
1418
2379
886
1610
2093
5185
376
1276
6062
5865
4105
5814
3422
21
1224
2570
478
4094
3460
5367
666
5471
1762
6001
1594
2876
3130
3796
352
3262
836
3124
4419
5658
4473
5663
1109
5492
2861
2841
1910
4764
3180
6129
1575
4967
4707
1317
3528
3368
4045
4239
3525
3881
2176
347
1404
4213
4199
1616
1406
2674
159
3606
3862
1521
4043
2627
5181
4467
1350
970
4150
5532
618
3924
2613
5176
6060
1583
5183
3520
820
5951
2226
6130
3373
5311
5921
2755
5144
1460
5786
4247
1201
4529
5260
3394
3114
96
4827
4072
6147
5811
5198
6324
7310
5588
5717
7191
5786
5704
5571
5093
5614
5911
5713
5424
6008
6324
5313
6530
7037
6168
5619
4649
5133
6466
5665
6538
6129
4885
6197
5227
7155
7105
6275
7295
5793
6631
6330
4637
6850
6014
5280
5769
6713
6936
5177
6548
7050
5826
7426
6499
6279
6462
5371
6953
5835
4801
6151
6560
5798
6854
5829
5842
7006
6543
6539
5019
5514
6502
7157
5956
5665
5558
4376
5426
6454
6811
5521
6248
5307
5684
6120
5999
6544
6950
6521
5970
6556
6399
6715
5063
5404
6076
5619
5934
5435
6959
5406
6828
5763
6733
6250
7305
7057
5859
6433
5973
7632
5969
6706
6391
6418
5779
6526
6940
6251
5902
5339
5233
5647
5077
5851
5478
6027
5119
6943
5067
6125
5476
5444
5017
6627
7320
6025
6275
6013
5630
4784
6068
7284
5218
6224
5618
6649
6528
6474
6218
6285
5925
5695
4785
5713
6256
6528
6240
6453
7014
5376
5292
5361
5858
7427
6297
6916
6660
6203
6867
5856
6314
7743
6643
6124
5636
6063
5740
6301
5611
5855
4097
5646
6225
6144
6048
6765
6285
5596
5878
5727
6421
7032
5383
6146
6231
8190
6305
5247
7181
7290
6792
6833
8049
6697
5042
6363
6500
5483
5362
5711
6013
7114
6774
6929
6764
5795
6045
6450
5166
5609
6411
7181
4097
5187
5989
6227
6019
5757
5765
6444
6573
5597
6521
5406
8190
6155
6137
5763
6599
6165
7341
4619
6768
6288
6373
6010
6866
6559
5481
6934
5286
6162
5820
5806
7258
5744
5312
5493
6460
6564
6321
6000
6236
5489
5651
5668
6013
6699
6615
5649
6016
7140
5943
5844
6453
6883
6580
6081
6253
6614
5443
6493
6874
5707
7151
6714
7193
5899
6348
6086
5937
5210
5469
5690
6582
5831
6298
6490
5623
4698
7357
6878
5770
6752
5770
7026
5920
6004
6471
5654
6371
7790
6019
6625
6053
6071
6829
6352
5735
5532
6254
5200
7396
5841
6499
6892
5227
6544
6217
6228
5680
6769
6745
6842
6043
6538
6063
5741
5913
7177
5642
6161
6778
6213
6679
6538
5418
6910
5553
6817
6842
5521
6967
4968
6498
6606
6864
6328
5650
5217
6194
5700
4901
6352
5995
6114
7071
5928
6841
5268
6879
5661
6829
6900
6408
6405
6809
4715
7018
7171
6764
6034
5865
6325
6173
7078
7358
6440
6703
7355
5856
6244
5271
6777
5721
8124
5397
6085
6274
6142
5845
6094
5786
5240
5755
6733
5901
6695
5033
6401
6054
5266
5886
5779
8190
6637
6007
5295
7242
5785
5998
6534
5492
7019
6053
6809
6577
6194
6455
5010
4774
6177
5835
5637
5403
6749
5488
5233
5771
7372
5675
5522
6431
5735
4876
5498
6501
6052
6241
6855
6020
7655
5879
5736
6290
6528
5651
6222
5975
6056
7365
5936
7354
5839
5862
6379
5463
5295
6977
6144
6316
5564
6723
5889
7378
5029
5585
5789
5732
4857
8190
6486
6176
7155
5587
5304
6229
5861
6721
5606
5584
6958
5758
5901
5577
6451
5661
5257
4627
6427
6374
7409
5938
7752
6842
5581
5152
6856
7752
6041
7496
5616
6647
7831
6160
5886
6891
7266
6437
7486
6367
6683
5940
6224
6981
5707
6358
7949
5060
7043
6704
5436
4773
7945
6092
5753
7260
7138
8060
7168
6196
7413
5403
6475
6619
6457
6429
5869
5301
5894
5793
5923
7091
5909
6786
6833
5928
6418
6158
6668
6569
6300
5823
5031
6148
7551
6444
7378
6255
6177
5080
6638
7520
6313
6452
4946
5908
5352
6635
7129
7006
6409
5133
6802
6196
4934
6058
5863
4757
6728
6514
5901
6562
5828
5770
7611
4656
6962
6236
4795
6326
6235
6255
5333
7551
6558
6868
6312
5262
5885
6572
5877
6368
5733
6115
6024
5350
5662
5967
5592
6396
5613
5831
5758
6482
6667
5905
6896
5629
6792
4141
6567
6134
5802
6828
5375
5859
7072
5449
5887
7046
5991
5255
5452
4840
6104
4880
5786
5939
6552
4916
6788
6380
5187
5371
5577
6412
7537
4964
5933
5278
6584
6716
7415
6908
8084
7715
6446
6256
7137
5062
5464
7158
4153
5613
7049
7121
7281
5428
6131
6645
6429
5968
6185
5420
6366
5263
6491
5388
6220
7401
7070
7413
6655
6314
6533
6558
7036
6891
6567
6030
6374
6800
4915
4667
6569
5998
5055
5566
6401
5148
6413
6190
5513
6786
6174
5464
5789
6632
5591
6586
5254
6511
4894
5958
4868
5698
5610
6996
6919
6789
4951
7593
5540
5327
6168
5551
7084
6007
6037
6260
7127
6783
6083
5526
6116
6017
6939
6399
5123
5550
6621
6829
6579
6031
6209
6295
6994
5455
6274
5791
5368
5669
5475
6423
6542
6175
6375
4097
5906
5504
6822
6082
6066
6458
6105
6776
4980
6388
7103
6520
5634
6102
6276
5551
6544
5708
6700
5189
5624
5989
6785
6594
6245
6181
6642
7015
6011
5812
5584
5641
6582
5675
6530
4913
6073
7283
6244
6046
6443
6724
4097
5989
6112
5076
6412
5942
4935
5500
6321
4435
5950
5498
6942
6812
7725
6056
5517
6064
6330
6261
5672
5551
5276
6751
5870
7215
6596
5248
5612
6274
6253
6699
7170
5930
7216
6758
7195
6208
7943
5855
7445
6088
5909
6939
6324
6989
6022
6869
5117
5857
6155
7192
5046
6848
7137
6600
5950
5259
6128
6079
6620
5827
5848
6709
6512
6946
5269
6095
6505
5444
5683
6482
5782
5142
5755
6291
4538
6509
7139
7200
6437
5058
5667
6761
6345
4852
5791
6560
5566
7418
6932
7261
7382
5620
6073
7056
6691
6055
6566
5123
5853
6338
7048
5823
6393
6077
6032
6041
5271
4537
6403
6147
6656
5713
4784
6087
6685
5952
6023
7607
5891
5082
6265
6544
7186
7505
5539
6320
6524
5641
6981
7036
6165
5673
6010
5395
5346
6478
5723
5367
6113
7272
6307
7146
5941
7096
5478
6845
5738
6704
6172
5646
6423
5848
5340
6092
5974
6678
5613
6294
6737
5650
6329
4870
5842
5753
4994
7016
5816
6065
4796
6189
6198
7391
5578
5469
5948
6584
6231
6131
6701
5931
6301
5897
5523
6893
7451
5358
5896
6827
4660
6734
6716
6595
6321
5630
5896
6643
6180
5728
7011
5731
6640
6185
6295
7147
6176
4896
6442
6635
7116
6882
6942
6081
6367
6009
8023
5806
5888
6729
6727
5109
5458
6906
6788
5858
5624
5645
4773
5589
5770
5963
6883
4258
6020
5242
7072
6783
5635
6836
4184
5454
5181
6843
6379
5350
6613
5869
6867
6436
6423
6507
6013
6402
6403
6043
6531
7038
7000
6978
5755
6205
5390
7279
6814
6515
6182
5211
6856
5712
5635
6579
6731
7744
4179
5519
7885
5449
4503
6495
5838
5865
6035
6532
6279
6528
5551
6090
6962
6625
5912
6367
6076
6561
6026
6159
6042
6340
5286
6377
6009
7300
5250
6457
6652
5701
6250
5333
6014
6600
6863
6505
6164
6228
5510
7598
5663
5538
6897
5311
6680
6770
4721
7158
5811
6514
7195
7038
4887
6153
5188
6036
4783
5932
6128
6721
5435
5384
6578
6364
6536
5705
6418
5541
5987
5382
5752
5451
6221
6500
5321
5624
6272
5721
6358
5996
4793
5871
6466
6523
5840
5798
5034
7095
6970
4986
6623
5904
6215
5814
6353
6730
5686
6132
5148
7671
6508
6089
5167
6479
6019
5483
5575
6549
6807
4506
6160
4705
5082
6432
6764
5742
5497
5772
6975
6554
5493
5587
7388
5626
7269
6146
4097
7520
7224
7074
6344
5914
6856
5465
4709
6401
6385
6586
5295
5480
6277
6934
6122
4209
5832
5830
6102
6691
6658
5049
6335
5995
5706
6463
6669
7620
5924
5886
6298
5746
5692
6732
5246
7394
5515
6012
7553
6877
5964
6305
5900
6096
5777
4097
5236
5835
5537
6477
5974
6352
6303
5412
5880
5713
5979
6955
6157
4808
5809
6783
6230
6382
5724
6916
6374
6668
5461
5943
5585
5128
6703
7037
4399
6371
7429
6412
5920
6630
4644
6288
6038
5955
6091
6646
6576
6175
7058
6412
6506
6304
5425
5113
6457
5210
5066
5468
7341
6555
6911
6388
5904
6155
5684
6369
5179
6336
5975
6190
6225
5901
6705
5958
6356
7213
6259
6551
5588
6058
6436
5407
6834
5095
5727
6868
6697
6517
6301
5548
4833
5655
5631
5085
6094
5375
5774
5934
7318
7636
7631
5587
5819
6451
5706
6710
5961
5480
5681
6431
6110
6537
5591
4945
7257
6189
7232
6730
5968
6776
6889
6106
6848
7492
7713
6237
6928
5916
6998
5261
5670
7288
6414
6521
6426
4109
6065
6002
7017
6909
7390
5374
6058
5265
6659
5074
6392
6025
5748
5941
5419
6378
6086
5606
6617
7615
5932
6716
5713
5558
4929
5302
6151
6886
5543
5425
6955
5709
4712
6077
6458
6495
5155
7829
5460
5350
5166
5998
7036
6485
6200
6286
5474
6604
5605
5969
5836
5620
6387
6129
6586
6403
6418
6654
7343
5787
5539
6135
5851
6201
5907
6553
7101
5851
6714
5065
5833
7496
5155
5419
6195
6018
6406
6272
6746
6577
6303
5807
5409
6675
6545
6739
6776
6504
5205
5770
6344
6732
6413
6634
6207
5563
6113
4933
6514
5596
5090
6077
6926
5932
5479
5319
5340
6946
6240
6974
5876
6714
4476
5175
6610
6461
6184
6130
5893
6417
6428
5284
6341
6185
7251
4868
6331
6039
4995
7486
7465
5693
4928
6098
6919
6157
7054
6870
5782
6287
5593
6061
7440
5968
5240
6189
6541
5619
7079
6200
6491
6412
7307
6497
7302
5905
7491
6033
4851
5513
6930
5559
7280
7508
5966
4558
6295
5914
5838
5858
5055
6457
6186
6749
7745
6415
6084
5960
5864
5902
6917
5697
6127
6997
5517
5715
6601
532
1791
1932
549
1326
295
1103
1413
1048
289
529
1667
872
909
1400
10
560
1862
374
124
262
1972
1052
1890
1531
831
1767
353
168
1929
165
186
714
510
28
1166
1291
1881
92
1022
1615
976
446
2047
908
1731
369
2021
319
1234
1014
1103
1805
1576
625
195
949
1346
122
690
1501
900
1438
597
298
74
1285
733
1196
1115
1205
1346
1969
582
331
391
710
683
842
979
1386
766
1076
33
752
830
1849
484
1235
475
895
8
203
1008
1540
1612
2000
1775
1698
386
178
1572
285
859
567
1430
222
861
1761
1058
891
1729
185
481
296
286
347
1325
1900
1685
187
1533
1496
1099
1256
1209
1024
1774
486
746
400
1644
628
1281
1044
838
359
736
187
402
417
1069
238
1626
779
813
1744
1751
1815
1271
47
1189
1081
1185
773
1465
446
773
876
604
61
946
72
1962
401
901
1383
527
1484
1728
674
21
827
1317
1877
2379
2690
3537
483
1280
2738
1670
2323
1961
2515
1
2440
1670
1743
1340
2794
3791
2034
1739
2863
2032
1159
2558
1866
2829
1619
1344
377
3665
1873
2459
1402
1540
2404
1792
2470
1186
2203
1163
3300
1491
1541
2363
618
929
1417
2016
1348
2161
1093
2565
2462
1738
1467
2899
931
3011
1336
2451
1212
2099
2282
1741
3383
2535
1981
1554
1991
2200
2404
2859
2959
3148
1717
2206
1715
2178
2476
2105
2604
2647
1965
1510
1863
2081
3083
2556
940
2518
1673
3067
1322
1607
2235
975
1009
2170
1625
2437
1966
2004
2248
2661
1216
1244
1864
2749
2864
2236
2707
2528
2663
1221
1608
2754
1969
1376
2111
3104
2073
1707
1610
2275
1454
2438
2931
2076
1970
1358
1826
1120
592
2431
2187
1149
1679
1563
2453
1266
2387
2385
1974
2634
1192
2545
1638
1754
2803
2579
1441
3346
2211
1921
1338
2961
1754
2776
2883
3571
988
3567
2295
3619
1425
2107
1872
2104
1353
2160
1664
2046
2012
1340
1635
2709
1702
1851
2664
2907
2207
1905
3959
1930
2712
2686
2784
858
1433
1924
2651
1914
1524
2597
2260
2930
1728
2675
1043
2247
1283
1907
2514
1863
881
1587
2743
2665
1811
1642
1499
2491
1793
1506
2296
2128
1615
3343
1711
2749
2069
2501
2295
1740
2323
1613
3054
1951
1862
1910
2373
1895
3706
657
1769
1707
2188
2169
1532
2464
2524
2399
2451
2013
1825
2405
2579
1638
1516
1895
2204
1693
1776
2241
1297
1819
1579
2633
847
1762
2450
2593
1394
2571
262
2885
2205
2196
2606
479
2686
2436
2492
975
3199
2219
2599
2185
2591
1561
1158
2716
2513
3161
1335
1568
2238
971
1488
2613
1376
2121
1057
2414
1771
2040
712
3279
1960
1686
1821
3752
1901
2392
1968
1669
2543
2052
3512
1633
2563
2073
1853
2739
2524
1677
1238
1435
3045
1982
2279
2734
2303
2117
2096
2990
3650
2192
1700
1387
2026
1191
1166
3195
3217
2591
2176
944
1661
1756
1142
1738
1901
2046
1943
1742
2851
1956
2399
1987
2393
814
2961
1757
2228
2416
1882
1391
3206
2192
1805
2190
2726
1381
3133
1634
1739
2506
3329
2170
3463
2401
1796
1888
2981
1000
1207
1725
2420
2477
1278
2886
2263
872
1555
2939
1587
1845
2410
2113
3752
2912
1171
2784
2549
2727
2724
2430
1468
2073
2318
2818
3402
1937
1976
2466
2761
1086
1860
1632
2598
2103
2382
1544
1369
2649
2164
2077
2348
2182
2156
2785
2184
1171
1765
1126
2339
1676
1194
2883
1106
966
1647
1689
2939
1249
2613
2174
2988
1353
2173
1399
3591
1644
2204
1369
2445
2254
1883
1720
1397
2030
2087
1844
2353
1184
2049
3317
2432
2711
1541
1574
309
1785
2281
1776
1163
1569
2133
1728
2393
3039
1437
2877
2252
2718
1450
2219
2119
2014
887
1420
1476
1582
2005
1855
2416
2290
3195
1856
2624
2380
3162
921
2067
2629
2171
1244
2373
2524
1472
655
808
1617
1633
1522
2683
1111
2939
1953
2047
2759
1463
3174
2744
434
2640
2368
1199
2170
2440
1598
2502
3101
1234
2099
2300
909
1641
2346
1986
1966
1675
1977
2447
2173
3191
2319
1486
2369
1768
1414
2306
1467
2584
2266
2739
1779
2398
1348
2682
1760
1394
1680
2344
1464
2056
2502
1319
2552
1532
1056
2752
1916
1448
1790
1452
3046
1867
2007
1515
1421
2459
2484
3340
1657
1957
1574
2697
2091
2073
2141
3115
3185
1998
1868
2056
1894
1319
1277
1336
1710
1339
1262
3268
2798
1197
1740
2750
1621
2016
1587
1292
1133
2541
2212
3473
2667
2437
2919
1946
2027
2153
1592
2532
2199
1625
2171
1342
2079
2056
1272
1161
1753
2444
777
2606
1698
2955
3197
2022
1579
2018
2366
2042
2524
1008
2187
2137
1514
2677
61
2410
1612
2522
1019
2428
783
3215
2235
1032
2787
2416
1773
2928
1465
1964
1692
743
3213
2470
3163
2221
1212
1912
2422
2474
2224
1446
2583
2425
2580
1020
2483
1083
848
2088
1747
1923
2064
1817
1619
2424
2725
2262
2230
2337
346
2471
1225
3689
3069
2500
2825
2415
362
1596
2385
2125
2001
1813
2342
2447
1934
2697
732
2576
2267
822
1581
1708
1759
3031
1681
2418
2290
1431
2485
2504
1872
1320
1359
1309
2009
1616
2155
2664
101
1427
2977
3118
1990
2138
1925
2926
2953
1156
2412
1317
1741
1996
1282
2476
1406
2041
1657
2519
2334
2638
2338
1611
2329
2481
1122
2270
2352
3162
1749
2699
1646
1606
2750
1575
1950
2565
2881
1803
2581
1120
2756
1709
2585
2119
2717
2554
2085
2553
629
3539
2907
2483
2003
2828
1794
2111
3174
2182
2044
1863
2082
973
2125
2453
2022
2743
2400
1926
1513
2514
1200
2392
2662
1848
1241
2843
2834
1919
1902
1582
2258
2525
2705
2279
1886
1854
1748
2713
2543
2118
2394
1610
787
2094
2249
3620
2945
2742
616
1859
1846
3051
2120
1729
1368
3472
2466
1879
2471
1948
3239
2580
3135
2671
2924
2152
1122
1395
2084
3141
3089
1598
1914
2380
1733
3392
3036
3010
2191
1249
3050
1736
1782
1813
1758
2294
2061
1205
1711
2518
1472
2286
2366
1973
1628
1758
1176
1275
3079
853
2692
2049
2331
2912
1271
2214
2190
3150
2842
1198
3100
3737
1931
2317
2811
2545
1516
1624
1616
2120
2087
793
2311
3407
2015
2791
2568
1867
2891
1896
2593
1100
2339
1846
1462
2697
1975
1539
1188
3012
3277
996
3072
1734
2410
2216
1549
2156
1425
2136
2880
2170
2998
793
2089
1562
853
3348
1722
2060
2099
1789
2395
2121
1320
2662
2596
1351
3381
4019
2381
1929
1593
2031
2213
2263
2981
2990
872
2332
1695
1869
2963
1898
2006
2457
2707
1969
1532
2376
2267
1982
2542
2597
1699
1971
1595
2389
3299
2468
2971
1555
3101
1172
2201
1750
3292
1852
2316
1773
2792
3266
1694
2576
2205
2576
3393
1685
1776
2240
2841
1798
2440
2042
2266
1355
1983
847
3353
1761
1913
2000
2233
2254
1803
1779
2409
517
1798
3085
1620
2182
2883
1227
502
2529
2310
2462
2659
2072
2487
2783
1597
3453
2665
1867
2619
2697
1728
1949
1646
1827
828
737
2324
1630
2442
2679
2279
2119
3457
1219
1363
961
2989
2848
1845
2650
2789
2231
2613
3209
1887
3230
2212
2127
1702
1267
2567
1111
1753
2438
961
2806
1793
1681
2376
1302
2398
2669
729
1193
1503
2146
1811
2979
1575
1465
1749
2338
3090
2837
1985
2064
1691
959
1754
1855
694
2226
980
3112
2375
2672
1725
1988
1063
1608
1146
1427
951
2116
2925
1388
2924
1584
993
1963
1942
1684
1420
1925
1775
2326
1007
2520
2175
2776
1554
1780
1845
2257
3556
2580
2994
2424
2310
2513
2794
2909
2136
1394
1659
2250
2747
1938
2164
2265
1044
1352
1850
2039
3169
1392
2776
3121
2725
2278
1600
1350
3391
1606
1506
3381
2265
1225
1960
2843
1161
2850
2963
2043
1362
1925
1006
1441
1288
1777
654
2145
2619
2794
1390
2222
1831
1385
2913
574
2685
1529
2167
1933
3159
1849
2107
1475
2104
1111
2519
2739
1341
1862
2024
2404
1754
1618
2951
2053
140
2911
2947
2993
3248
3111
3304
2427
2301
2165
2808
1476
1173
3105
2649
1649
2613
1867
2738
2269
1098
2243
2551
4094
1524
3041
3551
2644
1485
1342
1416
2759
2916
1871
1768
3036
1923
2438
1660
1391
1878
689
1980
1685
1841
1740
1755
2054
2024
1531
2517
1398
1713
3204
2199
1323
1411
1832
2560
2293
2039
1762
2188
2402
3118
2686
2750
1951
1768
791
2133
2155
2195
1756
1035
1393
2182
3448
2111
2198
318
1622
2549
1752
3505
2361
1242
2547
1563
2092
1852
3628
1819
2554
1620
1168
2222
2304
2979
1829
2094
2131
3175
2988
3357
1246
827
2104
2046
2939
2610
2853
1518
2334
2626
2656
574
3146
3452
2545
2839
1748
3159
2168
2400
2692
2120
1568
1759
1867
2387
2662
2945
1388
1895
2344
1548
1420
4094
2111
1583
1400
1535
2564
2107
2160
2973
2144
3314
1897
1988
2310
2464
997
2306
1806
2986
1285
3276
1185
2523
1892
1972
3003
3419
2034
2383
1369
2795
2355
1527
2105
2177
3143
2391
2105
2878
1628
1273
2856
2875
1957
3073
1874
3026
1680
2513
1743
2143
3204
1284
1995
2377
2276
3017
1797
2160
2822
2179
2321
1888
2227
3722
1755
3100
1572
890
2157
2352
3805
1560
3023
1513
1093
2060
1611
896
2907
626
1884
965
1323
1025
2726
2330
2551
2960
2706
898
2239
1350
1870
2634
1375
2819
2725
1066
2119
3086
1622
2603
2036
2303
2200
2306
881
1468
4086
2563
2575
1962
2233
2257
1191
2030
2747
2963
2060
2757
2492
2299
1923
976
2177
2825
1257
2546
3320
1474
2423
2264
948
1729
3323
2228
1894
1675
1655
1857
1761
845
2909
2064
2820
2042
2696
2345
1436
1535
1605
1974
3819
1692
482
1684
2438
2282
3171
1946
715
2775
1895
1243
1787
2196
2945
3037
2175
1473
2205
852
3156
2402
1251
1717
3123
1652
2370
3074
2679
743
2529
1740
817
1098
1650
2944
1308
2200
1203
2767
1689
2636
1377
2632
1404
2980
2645
2452
2150
2603
1734
956
2526
1742
2031
457
2316
781
2001
3249
1518
1472
1315
1586
1540
1293
2669
4069
2565
2158
2336
866
737
2167
2089
1611
585
1316
2186
2341
1473
1861
2913
1553
1614
2829
2327
1757
3282
2605
250
1735
1658
1152
2416
2159
719
2610
2364
2439
1434
1760
2580
2008
2867
2365
2657
323
3103
1791
1192
2284
902
2821
1967
3410
1786
2362
1123
3220
1169
2282
2327
807
2216
1812
2499
1275
2707
2535
3028
2639
3122
2601
1828
1309
1203
2295
1977
1819
1744
2641
1967
2320
2717
2707
1975
1404
2022
1844
2654
853
2066
1637
1474
1250
2532
934
1706
2760
2990
2033
1295
1504
2646
1923
1117
2504
1353
2962
3038
1987
1668
1348
3521
2818
2286
2626
2460
460
1070
2213
2068
799
2864
1737
2738
921
1493
3122
2353
3823
3041
1523
1888
2534
1784
2943
3036
1909
1727
2473
2669
2837
1141
1484
1856
1853
1988
1935
1666
1855
1902
2494
3425
2506
1629
1291
2008
1318
1493
2834
2234
2055
1021
1565
2733
2284
2011
1366
3202
2033
2635
2802
2201
2238
2424
2134
713
1289
2146
2208
3037
2982
4094
2960
1527
2029
2836
2361
2010
1976
1983
2768
2728
2759
2476
2623
2685
2444
1935
3718
2760
2099
2321
3003
2252
1991
2448
1822
2453
2297
2179
1997
1960
2231
610
2076
2711
2218
2142
1762
1358
2555
1824
1160
2049
1701
1721
1747
3037
1060
1979
1684
2324
1478
1942
2353
1065
2739
1586
2468
1509
2581
2643
753
1138
1996
854
1416
1339
2242
2131
3221
1706
2858
2463
2227
1109
3208
376
2573
2093
683
2569
1957
3159
1615
1748
1877
2132
1770
4094
2564
1196
1546
1856
2393
2077
3069
2144
2047
2110
2535
295
2384
1382
3076
2000
1435
2876
2332
730
2067
2608
1963
2706
716
1905
725
2074
2278
1854
1584
1473
1703
1831
2032
936
2210
1088
1067
2423
1944
1502
3478
2563
2824
1706
3038
1553
3237
2307
3015
1663
2958
1822
874
1349
2903
1123
2251
753
3597
1851
2035
2187
2288
3029
2754
2111
1549
1758
1955
1844
2541
2718
2608
3044
2663
2363
2451
1819
2321
1914
1126
2578
1500
1027
1757
1428
2326
3199
1461
2210
2540
2328
3224
2675
3149
2642
1172
1691
2234
2260
1683
1390
2273
2025
1638
1918
2401
2000
2075
2254
1780
1980
2097
816
2441
2646
3276
2363
1517
2799
2759
1464
2637
690
2675
1207
2188
2836
3621
2287
2423
1530
353
1463
2636
1302
1839
2216
2414
2859
3033
2674
1401
1998
2858
2285
1501
2125
1455
1997
508
1849
3186
2199
2591
1815
1330
2060
1535
2456
1180
1372
2630
2871
2250
1600
997
1908
1274
2087
1398
838
1997
2451
1363
2264
1332
2251
1560
726
2179
2269
1832
459
1310
1682
2078
2467
1807
2662
618
992
2439
2218
1982
1578
1733
1388
1859
1631
2448
1060
2825
1130
2177
1982
1874
1723
2685
1687
1310
2229
2763
1859
2369
2746
1636
2806
1764
1439
3758
1900
1553
1794
2038
2829
1728
2510
3165
2468
2775
1180
3112
3054
3159
2751
2433
1904
2282
1225
2213
2230
1642
2138
2109
2215
2517
2422
1749
405
2346
2809
2127
1123
1730
2372
1898
1471
1407
2008
2042
2098
2012
2308
3048
2664
2686
1392
1438
1513
14145
13925
776
18883
14671
2990
12766
19114
22398
15620
1757
6046
2231
16992
11996
13218
14037
12134
9378
15560
10835
22006
2215
15559
5202
5759
3859
14961
18852
6196
9270
9995
6441
11306
12474
18792
17000
16536
6152
15495
6540
22201
19638
7075
17733
10196
811
6313
2129
6725
9178
22165
20974
6151
10039
19678
4819
13320
27
20080
6119
132
21279
22007
10562
4099
3230
18549
7415
7307
19309
12957
4982
775
12968
17679
13821
19637
17100
3785
5045
6808
11345
1721
5395
9639
3665
4420
21717
18990
22367
6144
21920
18356
18991
12916
21137
11515
15841
18766
16574
18615
3467
1608
19225
20449
10811
8041
10045
15645
5446
2251
18089
5753
18698
2730
4176
17357
246
13259
11718
337
9994
16043
8703
7306
8051
1582
17993
11626
15978
10906
9905
2146
1178
20353
14013
791
11844
4193
17368
17607
8223
11107
17852
16464
10492
13014
22053
10621
6844
10985
7394
15000
734
11627
14613
9305
20813
15118
12801
5665
2027
13908
2392
15184
15658
21352
13487
17748
3211
10878
14694
14817
6523
15639
19866
5350
15529
7658
18369
18904
1530
11513
13678
14231
506
5245
3147
12034
21804
16220
20547
8648
19982
501
4716
15844
14664
5243
11253
4366
15696
14922
3799
21573
8491
1938
12331
3630
10528
6196
15208
21013
14874
6387
4531
18034
20914
1661
16517
15683
18633
5929
13171
3881
20716
14000
17800
9085
17920
4024
14808
22447
23281
22247
22465
23458
23266
22985
22724
22422
22153
23491
22531
21380
21297
23355
21359
21798
23017
23035
23857
24076
22273
22378
22431
22763
22645
24574
23427
22986
22046
21318
23685
23549
23646
22043
24497
22335
22890
23163
22318
21820
21797
22363
22833
22390
22767
22172
22511
21050
24085
21880
22902
22567
23234
22237
23399
22190
21647
22674
22827
22308
22089
24048
22079
23618
22508
23736
22882
22394
22013
22925
23305
21979
22750
22188
23630
22866
22450
21380
22147
21788
22100
22067
21795
23087
22748
22347
23043
24128
22841
23226
22721
22768
22317
22196
22313
22904
23384
22624
23879
22667
22603
23143
22862
23123
22565
23575
22889
22079
21525
22458
22824
21792
20710
23028
22472
22409
22411
22234
22292
22709
21690
22588
23161
23934
21620
22071
22378
21899
23034
22380
23369
23620
23447
22796
22223
23602
23701
23657
23633
22936
23357
22711
21240
22657
22482
22636
22704
21838
23076
22839
22487
22472
22199
23778
22677
22150
22253
21422
22574
23420
22533
22747
22479
23017
23062
23145
21631
23603
23231
21740
22764
22878
23613
21308
23647
21730
23172
20563
21323
21231
21815
21429
21021
23453
22463
23259
22230
23125
22062
22812
22719
23529
22764
22986
22236
22266
23818
22238
23722
21112
22945
21729
22301
22055
22336
22065
22581
21710
22822
23443
21309
23513
22779
23035
21346
21743
22313
22975
22365
23041
22863
21759
22559
23879
21565
22429
22947
22826
22555
21787
23252
23109
22755
23307
21751
24146
21862
23199
23619
21832
22863
23437
23103
22124
22232
23098
22270
22941
22011
23123
22171
21821
22098
22770
22542
21977
23150
21438
20801
22890
21321
21743
21677
21719
22650
22467
22429
21942
22932
23355
22187
22951
22839
22574
23507
23017
21073
21851
22835
21593
21592
21935
21458
24574
22712
21046
22452
22675
22546
22901
22370
22688
22410
22242
23060
23270
22656
24255
23264
22848
22594
21367
22081
23060
22635
22682
23426
22892
23826
23084
22944
23871
22655
22199
21770
22480
21357
22276
21620
22650
24206
22783
23120
21517
22697
22054
22032
22854
22465
22434
23687
22360
23291
22742
21992
22881
21974
21870
23756
23867
22521
23027
21752
23262
23528
22777
21440
23787
22414
22642
21642
21619
20481
22694
21900
21890
22481
22981
23212
22411
21262
21997
23295
21588
23517
21633
21799
22553
22387
21566
21192
22560
22242
22556
22238
22439
22813
23034
21818
22530
22302
22692
22329
22045
22051
20904
23031
21713
21934
22468
22515
21816
22202
22277
23651
22325
22641
21861
23353
22799
21503
22921
21981
23539
21636
22504
22506
23513
21283
22525
23767
22307
22061
22104
23127
23119
22244
22698
21915
22784
22881
22253
22015
21748
21727
23031
22138
22478
23025
23551
21804
22782
21236
22919
21088
23840
22468
21005
22668
23415
22466
22243
22999
22203
22218
22851
22238
22502
22970
21811
21696
22420
22286
22866
22988
22970
22799
22725
22288
22613
20697
22235
22115
23792
22941
23558
23415
22511
21640
22683
22553
23430
22692
22342
21605
23389
22100
20969
24069
23358
22468
21254
23216
21851
22090
22100
22042
22761
21557
22788
22655
22076
23553
22111
24096
21626
22397
22138
21958
22577
22067
21656
22524
22318
21910
23352
23687
22904
21823
21992
23080
22042
22266
22624
22651
23114
22802
23397
21675
23230
22158
22593
22116
22449
22408
23363
21432
22644
22687
23433
23175
21077
23045
22336
22687
22293
23751
23376
22899
22368
23267
22843
22168
21677
22254
21712
22014
21895
21611
22342
22152
22258
22322
21748
21885
23162
22889
22351
21000
23136
22581
22140
22569
21606
21927
22562
22658
22429
22245
21919
24521
23005
23260
22809
22127
23636
22797
22435
20646
22583
21769
21889
22499
22957
22155
21601
22892
21333
22164
23238
21970
23415
23342
23389
24038
21287
23254
24386
21695
22134
22439
23552
21840
22642
22522
22283
20547
21854
22090
22254
23671
22743
22639
21901
22345
22494
21116
23211
21112
22276
21407
22552
22994
22714
21533
23256
22310
22872
21544
21970
24282
23236
23230
22531
22425
22389
23102
22477
23805
22178
22258
22913
21529
22931
22679
23549
22308
22870
22715
23996
21406
22180
22482
23743
23769
21954
22541
22665
23870
23321
23187
22105
22900
22869
23559
22416
22945
22430
21895
22525
21877
22440
21761
22977
22701
23194
23831
21526
23491
22767
22610
23009
23705
21742
22389
22427
21908
23154
21573
22128
22784
22218
22238
22111
21920
22429
23135
21353
22749
22214
21914
22601
21708
22324
22452
21939
22495
23597
22640
22933
23472
22332
23128
23904
23380
22959
22478
22030
23201
22769
23296
22629
22132
21957
22755
22330
22191
22010
21851
21698
22639
21301
21337
22566
23464
23349
22733
21809
22427
22276
21675
21283
23226
23276
23283
22811
22625
22221
23316
22564
22654
23207
22527
22464
21876
22005
23042
21592
23938
23245
23079
23376
23510
21806
21840
22644
23768
21205
21562
22130
22509
22192
22289
22509
22669
21499
21805
22913
22485
23163
22033
22275
23881
21644
22038
21914
23541
22551
22298
22745
24365
22366
21806
21782
22106
22880
22636
23356
21489
22538
23400
22331
22079
23001
22326
22753
23477
23012
21884
23339
21519
21496
22582
22083
22398
23034
21918
23301
21862
22232
22033
23251
21649
22724
23413
23012
22698
22251
21161
22991
21873
21608
22017
23316
23417
21679
23071
22473
22270
22473
23353
22927
22133
23296
22880
22334
22524
22899
21745
21516
22821
22188
22939
22570
22650
23642
22395
22452
23208
23247
21313
23299
22320
20986
22746
21491
22387
22684
21756
22466
23435
22269
22722
22015
22484
22295
22225
22207
21648
22030
22679
22706
24448
23646
20706
23400
22875
23002
21237
23093
23011
21642
23356
21984
23740
23040
23539
22445
23741
22916
21177
23068
22120
21572
21156
22735
22769
22768
23275
21412
22241
24109
22679
22246
21681
22481
22687
22250
21610
22478
22234
21017
21736
21770
22451
23149
22442
22156
23582
22542
22755
22120
21712
22559
21277
22196
22836
23147
21598
20761
23700
23268
23544
22863
22311
23842
23430
23116
23343
23429
23143
22207
23157
22609
22421
22577
22389
23939
23610
21788
22756
22811
22070
22751
22739
21215
22007
22418
23063
22328
21591
23260
20996
22601
21907
21714
22823
21960
23103
22988
22490
22029
22868
22043
22118
23845
22429
22197
22877
23013
21680
22544
22627
22320
23097
21796
21597
22300
21638
22522
21505
22253
23286
23272
22479
22108
22038
21331
22609
22934
23474
22792
22085
23267
22437
21668
22990
22654
21875
23996
21929
21423
22751
22822
21524
21348
22840
22755
21946
22298
22400
23315
21173
21660
22511
20481
22062
22810
22680
23105
22045
21752
22492
21821
22379
22576
22188
23504
22235
22551
23089
21645
22332
22121
21933
22812
22225
23114
21930
22277
22996
22850
21430
22599
22368
22327
22627
21872
22161
22768
22230
21727
20898
22950
23512
22980
21856
23027
22877
22598
21835
22454
22341
22241
20985
22693
21486
22408
22563
21423
22719
22616
21993
22333
22933
23431
23364
22081
22132
22560
22403
22987
21569
22360
22024
22805
22863
22993
22168
22718
22417
22291
21944
23193
22035
22904
22375
22635
22420
23010
22182
24430
23485
22470
21593
22787
23136
21326
22554
22530
21604
22518
22607
22658
22605
21914
23097
22313
22899
22356
23536
22059
24049
22020
22246
21171
22200
23215
23063
22614
22109
21917
21973
23437
22329
23055
22742
23573
23205
21641
24360
23042
21917
21958
22835
22700
22241
23264
22722
23402
22436
22066
22713
22093
22352
22136
21737
21683
21769
21267
22226
21704
22480
22394
22365
20481
23158
21033
22512
23014
21785
23034
21812
24574
24074
22656
22091
22291
23932
22667
23035
23015
23141
23135
24574
21603
22238
21880
22226
22220
22838
22978
23258
22394
21377
21872
23669
21670
22517
21669
21444
22568
23188
22746
21963
22957
22570
23678
22897
22180
23603
22175
23555
22143
21431
23894
22709
21956
22714
24011
22805
20481
22419
22318
21580
22246
22206
22670
22663
23358
22295
22132
22203
22890
21615
22418
22772
21230
22204
20936
22748
23347
22650
23082
21697
23073
22203
21132
21877
21961
22908
22956
22859
23452
22182
23123
22393
23173
23862
22480
22968
23446
22321
23130
22869
23048
22950
23501
21811
22784
23055
22507
22929
22427
21724
22841
23339
22077
22476
22450
22809
22618
23037
21733
22691
23378
23448
23159
22090
22155
23653
21917
21981
22045
22896
22952
22778
21820
22211
23614
21706
21951
23461
23671
22499
21347
22806
23376
22420
22525
23627
21775
22237
22951
22203
22888
22580
24081
22467
22520
22292
20806
22415
23998
22625
22658
22022
22399
21475
21647
21870
21949
22409
23669
22201
23036
22768
22694
22444
22790
21987
22369
22896
22433
23164
22984
22948
22530
22092
22952
22903
23443
22192
22044
22323
22398
22256
22475
23154
21629
21390
22002
22660
22791
22460
22821
22739
23029
21782
22137
22338
22476
22421
22934
22251
22924
22025
21701
23303
23331
23179
22310
22921
23618
22355
21698
23205
22310
22370
23126
22332
23581
22914
22222
22145
20983
22822
22232
21971
22587
22478
23647
22560
20878
22019
22505
22822
22274
23163
23658
22850
22164
23217
22080
23111
22706
21821
23334
22159
22549
22322
22157
21926
22460
21169
23581
22142
22412
22421
21832
23431
22118
22538
22991
23579
23452
23789
23521
23011
21708
22585
21194
22685
21757
21065
22628
23214
22623
20481
22595
21582
22083
22138
21865
22293
21679
23002
22673
23477
20494
22149
22702
23441
22715
22365
22837
22402
23494
22901
24057
20700
22627
22134
22703
23067
22030
22526
21680
21929
22155
22000
22643
22946
23974
22512
22829
21286
23110
22966
22888
21053
22768
22460
22594
23010
21568
22196
22880
23079
22354
21363
22344
23179
22222
22889
22352
22484
22169
22962
22828
22851
22903
22518
21732
21746
21942
21792
22662
23214
23001
23015
22573
23552
22423
23541
23090
21678
22190
23263
22598
23735
23002
23481
23266
23886
22534
21043
22817
21518
22825
21881
21982
22445
22592
22299
22309
23677
22284
23249
22617
22948
22126
23102
21198
21793
22637
22238
22070
23234
22456
22303
22315
22603
21589
22647
21990
21255
23034
23145
22859
23284
23230
22646
22701
22096
21787
21431
23108
22304
22369
21961
22386
21448
21438
21595
20481
22027
21953
22994
22514
23212
23320
21487
22929
21942
22151
23571
22646
22325
21548
23614
22283
23061
23430
21535
21750
22135
23457
22194
22571
22527
22890
22466
23526
21761
22720
24041
22376
22592
22031
22596
22228
20746
22221
22149
22556
22049
22723
23732
22588
23120
21924
22268
22458
22183
22427
22144
22277
22927
22959
22959
21239
21691
22173
22945
23418
21901
21525
22197
21958
22447
21146
22875
23078
22719
22096
24425
22419
22408
23201
22004
22800
22502
22457
23281
21285
22160
21345
22140
22571
22706
21600
23511
22477
22303
23380
22478
22085
22288
23342
22049
21718
22506
22050
21348
22644
22543
22945
23030
23291
23714
21266
23077
23256
21298
22577
22857
22115
22512
23121
21956
23570
21604
23933
21504
22480
23901
21425
21760
22177
21795
22378
21141
22138
21827
22157
21937
22791
22145
22620
22766
21094
21770
22425
22496
22771
21616
22533
22275
21441
22256
22331
23374
23269
20881
22317
21263
22067
22496
21567
23499
22123
22057
23445
22690
22077
23113
22353
23767
22275
23446
20745
22048
22620
23170
21426
21562
22963
22509
21009
22758
22512
22617
21156
22324
23614
22238
22308
23562
22421
24574
22785
23315
22632
22857
23365
20906
22370
22513
22294
24344
22398
22433
22016
22899
22831
23549
22462
22546
23858
21504
22476
23526
23773
22601
22458
21598
21315
22832
21290
22938
22728
22163
20743
23699
22722
22030
23297
22692
23169
20570
22325
21879
21984
21639
22344
23666
23095
22445
22497
21474
22131
24068
22841
22675
23380
23299
21811
22150
23182
23195
23141
22547
24243
22650
23185
23769
23541
22872
22633
22628
22080
23171
23255
21610
21979
21707
22940
23213
22375
22793
22986
22606
22803
22393
21233
22847
22990
22616
23340
22467
23355
22885
22331
23185
22710
21739
22749
22578
21392
22272
22179
22112
22598
22776
23226
22929
22659
22008
22205
22890
22351
21718
23312
22733
21861
23264
22398
21341
21382
23144
21001
21918
21789
23158
21827
23402
23001
23431
21480
21665
21169
22768
21894
20927
22443
24574
22906
22299
22707
23326
23348
23045
23613
22303
22886
24443
22699
21984
22497
22347
22220
23120
22232
23355
21128
22695
21968
23184
22059
22138
22950
21244
22155
22935
23051
22454
23154
22522
22772
23136
21451
23365
22238
23175
23224
22365
22612
23653
22875
22792
22920
21797
23029
23162
22673
23835
23160
21403
22418
21556
23338
23079
22940
22299
21978
21825
22339
22155
23106
22658
22421
22255
20828
21529
23429
22683
22432
23444
22371
22824
22313
22428
23266
22145
22370
22169
21558
22758
21676
23079
21348
21330
23367
22695
22299
21764
22142
23234
22157
22587
22067
22078
23716
23001
22079
22582
21096
21516
22726
22705
22942
24000
22642
22063
21979
22619
23040
23047
22517
21501
22553
23600
23274
21555
22490
22358
23578
21640
22506
23135
22358
22941
22430
23279
22938
23676
24574
22247
22614
23039
23509
22223
21871
21636
22158
22539
22406
22515
22506
22459
21577
22570
23122
21704
21946
22772
22766
21443
21579
22905
23473
21888
22514
23131
23728
22678
23042
24081
21384
22589
23075
23719
21425
22411
22532
22168
21842
23306
23641
22097
23209
23455
22829
22676
23045
21909
23742
22138
22620
24146
22399
23699
21147
22398
22808
22649
22225
22198
22022
22251
22154
23018
23794
22339
21864
22260
22529
23929
22110
22405
23035
22979
22750
23751
24183
21526
23504
20900
22949
22402
22561
22616
22293
21661
22076
22255
22602
22599
22971
22637
21882
21592
23104
21881
23363
22627
22155
22845
22240
23227
22491
22846
22372
22980
21976
23498
22306
22824
23039
22915
22368
22916
21784
22319
23645
22859
22232
22886
22709
22482
22108
21847
22112
23363
21075
22461
21865
22730
21616
22349
23592
23479
21808
22477
22891
21336
22776
23345
23029
22145
21594
22492
22023
23273
24279
22431
23496
22428
22392
23053
22442
22665
22810
22063
22605
22529
21866
22301
23061
23165
23538
22194
23108
21565
23092
21766
22286
22997
22330
21765
22047
22023
22795
23534
22501
22545
22903
23068
22964
21267
23618
22640
21967
22410
21943
21791
22411
22210
24130
22487
22094
22266
21356
22431
22536
22942
22718
24260
22528
22687
22217
22601
22893
22433
21572
22667
21483
21672
22663
22244
22083
23389
22998
22759
22727
23822
21525
21915
23141
21239
21910
22349
23136
22084
22788
21643
23621
22832
22743
22954
23549
22864
22734
23467
22316
22908
21639
22600
22369
22004
22645
22238
22200
21732
23258
22735
21824
22983
22057
23408
23900
22321
22439
22976
23352
22640
21463
22320
23421
23275
22329
22423
21831
22589
21825
22826
21665
22651
22877
21960
21978
24151
23747
23601
21986
22155
22227
23373
21958
22040
22258
23147
22938
22012
23298
22474
21917
23222
21845
23898
22668
23033
23692
22802
22933
23644
21684
23265
21521
23201
23053
24104
22604
22253
20968
22566
22588
23079
22367
22806
22156
22160
22205
23672
22762
22314
22726
22794
23200
23834
21757
23979
22505
22092
24195
23118
21805
23351
22501
23659
22593
21031
23315
23167
23169
21320
21839
22355
23155
22695
23546
22626
21451
24108
22184
22437
23420
22661
22997
21634
22579
22324
21264
22177
22362
22681
23351
22430
22742
23526
21647
22315
22562
22546
21804
23278
22071
22566
22173
22557
22031
21481
22521
22253
23590
23211
22635
22616
23529
22568
21592
23269
21769
22359
21613
23650
22137
22712
21370
21603
23505
23543
21721
21974
22115
22078
23154
23237
22582
22886
22806
22240
22089
23161
23093
22339
23283
22713
23692
22138
23160
23235
22723
21570
21719
22507
24081
21068
22655
22228
22128
22690
21571
21765
23101
22768
22495
23293
23535
23857
21814
22506
21852
23065
21980
21269
21995
22211
21676
22617
22005
23082
22180
23099
23151
22293
23927
21222
22455
22852
23362
23711
22998
21992
23195
22047
21962
22202
21465
21849
22804
22965
23401
21463
22616
22352
22393
22321
22479
21927
23851
22893
21906
21527
22548
23664
22652
23634
23507
22310
21292
22871
21419
22174
21567
22253
22891
22768
21795
23642
22317
22646
22509
22586
21953
22633
21783
22381
22359
22769
23190
22597
23508
22715
22271
22088
21633
20791
22127
21625
23015
23922
21143
23086
22907
22408
22294
21824
21507
22621
23346
22539
20545
22142
21799
23159
23122
21618
21610
21967
22560
21898
23403
23305
22282
22587
22534
23043
22345
21305
21921
22890
22484
22391
23453
22999
22898
22069
21866
22037
23175
22773
21358
23025
22660
22265
21418
23371
22409
22952
22243
21739
21891
23394
23016
22648
22534
23219
22757
23171
21652
22991
22388
22247
22831
22264
23096
22169
22533
21695
22536
23300
22038
24042
21994
21402
23022
22832
22288
22224
23474
21438
21746
21861
22261
22745
22261
22736
23071
20881
23124
22295
23215
21997
22107
22226
22014
22603
22862
22356
22183
22663
22208
21761
22240
22462
21682
23079
22907
21363
21388
22931
22125
23004
22858
22834
22892
22722
22401
21981
22685
23705
22695
21967
22725
23950
22747
21750
23151
22466
22801
23153
23177
22225
22072
22485
22298
21939
22652
22916
22919
22253
23675
22058
22839
22715
22420
21179
22374
22741
22693
24224
22207
22287
22782
22751
22232
21380
22642
22391
22687
23140
23371
23045
22637
22407
22962
22706
22631
23006
22800
22722
22403
22587
23171
23822
21480
22174
22536
23144
23456
21861
22349
22049
22744
21558
22689
22119
22315
22161
22125
23546
23461
22492
21421
23225
24089
21088
23794
22252
22455
21463
22305
22236
22163
22604
21812
23852
22103
22227
22480
22858
22982
22568
22687
22721
22287
22417
21857
23026
21791
22280
24067
23237
21912
23153
22911
22628
22831
23074
22500
22886
22073
22646
23330
23182
22404
23411
22285
22809
23124
23158
23241
23377
21495
22928
23176
21121
21791
22909
23168
22482
22229
22278
22702
23310
23512
22078
21267
22702
22039
21996
22482
23455
22110
22018
22088
23350
21968
22183
23097
23327
22504
20760
23165
23257
23097
23341
21550
23121
22559
23004
23340
22582
22085
22896
22749
23993
21241
22788
21987
22432
22847
22998
23330
23357
23006
23697
21796
21213
23008
22708
21422
23095
21345
23100
22350
22686
22163
21659
23166
21703
23152
21736
24317
21369
22443
22873
21472
22640
23275
23103
23242
24182
22940
21285
22050
22705
21944
22216
24574
22601
23222
23100
22590
22692
22093
22039
21692
24014
23045
22760
23919
22524
22668
21396
23540
23035
22133
22706
23407
21527
23582
22493
21922
23238
22209
21923
21503
22164
22603
23751
22499
23066
22238
21378
22304
22496
23149
22107
23025
22145
22062
23976
22777
22286
23831
22505
23761
23034
22699
22261
22114
22929
21637
23334
22349
22399
22778
23209
23081
23255
22393
23281
22312
21849
22344
23619
21524
21845
22214
22463
21444
21964
22713
23565
22726
23223
21785
23189
22448
21518
21711
21049
22957
21789
22591
21836
22363
22831
22312
22053
22891
22171
23256
22870
22966
21745
20604
22027
22703
22861
22332
22198
22648
23057
22634
22586
21803
22177
22954
21694
22979
22795
22170
22977
21738
21700
22719
23451
23037
22533
23299
21619
22903
22538
20604
22128
24166
23152
23317
22370
23426
23179
22179
23386
22183
21534
22543
23209
21891
20774
21314
21457
23149
21747
22596
22701
22653
22116
22890
21007
22800
21794
23204
23198
22115
21726
22334
22438
23299
22198
22579
22534
22564
23139
22166
22098
22668
22931
22115
21860
21665
23372
23552
23181
23366
22240
21693
22113
23387
22878
22795
22833
22183
22350
22775
23073
23005
23878
22714
23421
22328
22713
21509
22480
22205
22351
21888
21369
22630
21765
22393
23197
21982
23053
22020
23665
23653
21947
22636
23620
21596
22829
21805
22856
22217
24440
23271
23257
23375
22473
22631
21960
23417
23053
20905
22737
22715
22455
23036
23149
22005
23736
23975
22630
22574
23399
21795
22856
21321
22786
22095
22169
23112
22359
22113
22558
22806
23401
22465
21134
22326
23116
22853
22668
22464
22331
22566
21993
23000
22336
21574
22629
21684
21932
22978
21366
23435
23184
23119
23902
22798
22801
22093
23223
22650
22640
22424
21600
24319
22935
22365
21958
22768
23603
22344
23192
22662
22145
21645
22605
22621
21993
23724
22964
22291
22213
23344
23094
23610
22941
23400
22614
21451
21053
22512
22568
23616
22575
22346
24014
22312
22182
22173
21935
22152
23951
22736
22751
21968
22622
22412
22198
22790
22743
23036
545
6057
1534
3893
7971
6496
2109
4876
7937
5240
7888
1112
3953
9828
1737
4934
4556
3554
721
5448
6837
6663
209
2998
7459
3813
2537
1750
1737
194
1835
1256
2762
9097
8666
4613
4265
2916
5731
9934
2120
1183
1641
5205
4096
4986
3921
4584
2877
7790
822
711
6929
8947
3945
836
958
6326
4344
8074
4064
8374
351
8294
3437
9523
9624
9162
8893
7215
4266
3204
9813
9977
6216
3947
6216
9966
6673
3306
8446
953
4343
1458
1479
2653
4060
3918
9465
9595
4953
5956
4968
7010
8318
6569
4730
2364
6990
1521
3745
7191
2017
6628
7589
8899
6482
4337
9279
4574
7853
1344
5413
7356
1601
6030
2299
696
7018
3002
2638
5679
1953
7611
632
6691
3993
824
1691
676
7296
1634
7513
5686
9032
7256
149
5149
3204
5897
9615
5399
3078
3198
8851
6646
8149
8276
10069
893
6863
6204
5687
6799
6006
8496
8937
6176
6807
233
16
2650
1155
8483
4116
4273
7255
8554
5994
5392
9815
1740
6071
10050
7835
2659
9446
3945
2418
7727
10049
6385
8603
7330
5828
9030
3815
1158
4240
84
9310
82
4748
5280
7797
1209
7090
7384
10167
4308
3296
97
3145
6229
4624
8193
2848
1715
2793
4904
7883
7926
1145
3128
1847
6671
6646
1933
7015
4163
6612
1966
7237
2260
4477
9782
9280
6493
8080
10038
9758
4010
4770
7810
1535
4546
5522
501
1148
5744
6555
8034
4997
5723
9058
1348
8533
9151
4581
3520
147
8555
9839
6243
7796
6295
8518
4979
3161
1307
4813
6707
4550
7382
7414
2368
9415
8412
82
2394
2806
6604
9079
1359
8294
9394
3579
9242
9923
5559
470
8505
3233
1119
4912
4626
4959
3716
1800
6271
9673
9377
4047
195
3828
10100
9283
1340
3549
1861
7434
1758
6696
4351
9319
9931
9707
8342
2715
3562
8758
3170
8259
3297
8668
5900
6642
2675
9376
6474
8700
9866
8495
9102
6356
2612
1879
3818
9361
4932
5392
3659
5743
3234
6052
4571
325
1606
8343
1625
4762
3437
6596
7799
5699
6826
2702
7781
6368
6554
1955
10163
7517
8431
4775
5402
2672
8293
4074
10457
9760
9410
9521
11113
9752
10112
10006
8813
9947
10237
10478
9882
9550
8980
9867
9831
10271
10183
11493
11106
9826
10350
10084
9732
9825
9939
10107
9954
9970
9886
8316
9948
9725
10903
10361
11549
10399
10900
10697
10770
10592
9430
9483
9998
9359
9969
9186
9009
9989
10509
9249
11005
9935
9331
9449
10714
10565
10616
10368
9507
10944
10395
9299
11237
9328
9997
9618
9550
10706
10570
10678
10836
10679
10618
10981
9686
9745
10345
9228
10752
9399
9392
10197
9697
10600
9975
10056
10213
10550
10543
10597
10587
9042
9896
8927
10591
10320
11500
10174
9954
9618
10038
10170
11038
10960
10644
9204
10496
10194
9996
11067
9829
10512
9908
10203
11073
10674
9720
10286
10855
10695
10223
10690
10887
10282
10614
11332
9803
9609
11166
9465
9542
9728
10663
10132
9596
10510
10458
9220
8909
9395
9780
10532
10091
11008
9868
10897
10229
10764
9327
10949
10740
10648
9710
10311
10454
10796
9166
9599
10257
10137
11029
9781
9707
9441
9511
10189
9768
10151
9720
9144
9459
10415
10150
10849
10560
10633
10021
11124
10102
9855
10813
9970
9672
9876
10296
10618
9461
9318
9261
10172
9695
11225
8309
10633
10529
11142
11684
10315
9985
8872
10209
10734
10983
10238
10029
10416
9814
9852
10372
10510
9034
10284
10329
10682
10581
10063
9553
10028
10299
9691
9636
9744
11771
9705
9385
9295
10949
10435
9985
10117
10157
10128
10823
10891
9195
9735
10743
10204
9781
11502
10628
10926
11205
9961
9778
9206
10091
10762
9495
9452
10432
9987
9996
9760
9854
11772
10115
10098
11246
10606
11803
11085
10113
8868
11161
10447
10746
10031
9380
9473
11003
9105
11127
11626
10082
9958
9277
9212
9739
10850
11336
11009
10870
9334
11030
9814
11043
10555
10478
10325
10000
10962
10463
11101
10507
11065
9476
9804
9349
10334
11494
9462
10625
10778
10483
10026
10273
9615
10136
10394
9974
10441
10022
9694
9537
12130
9529
8672
10531
9367
11090
10391
10071
10475
10628
11309
10643
10140
10925
10661
9254
9469
10381
10169
9690
10204
9942
10482
9840
9809
11358
9693
9451
9636
9571
9747
10488
10950
9851
10096
10294
9974
9474
9319
10178
9407
10434
10067
11080
10718
9785
10688
10244
8215
9971
9681
9761
10763
9526
11588
10008
10670
10409
10523
9351
10491
10047
9286
11192
9708
9859
9543
9855
11009
11241
9115
10358
9804
9297
9905
10814
10186
10092
11432
9700
11288
10534
10305
9829
11249
10820
10791
10258
9568
10628
10558
9509
11104
10486
10442
9507
9989
10733
9956
10428
10237
10332
10771
10899
9549
10156
9751
10512
9739
10918
10401
11455
10673
8993
10116
10494
11334
9616
10168
10114
10218
9956
10911
10157
9304
9156
10244
9802
12103
9759
10629
10053
10585
10082
9721
10529
10929
9445
10313
9584
10768
9591
9568
9772
10673
10522
10258
10171
11565
10368
10277
9314
9849
9895
9576
9283
9679
9690
9975
10132
10932
9629
10279
11005
11283
10864
9861
9719
10217
11300
9908
10361
10205
8910
10485
11503
10208
9822
9538
10848
9303
10034
10930
9676
9452
10753
10306
11512
10472
10664
10307
8874
9514
10740
8529
9458
10616
10576
9273
10704
9498
8878
11006
11017
10461
9449
10936
10242
10106
9838
11910
10839
9440
11156
9944
10131
11651
10230
10080
10280
9724
12030
9192
9484
8865
10567
9474
9919
10444
10635
10587
9790
10343
9476
10678
9896
10522
10325
11086
10259
9551
10282
10624
9950
10188
12147
10132
9992
9821
10813
11819
10670
9623
9655
10241
9368
10725
9905
10868
11386
9452
9476
9040
9829
10012
10841
8940
9562
9627
10211
10777
10306
10366
11126
10676
9751
10514
10835
10571
10524
10376
9482
9140
9577
10116
10933
9906
9849
10976
11664
10110
10585
10441
9630
10328
10494
9832
9554
9852
9985
11482
10934
10262
10365
10148
9779
10935
11411
10258
9893
10083
10071
10015
10116
9796
11154
10492
9972
9641
10594
11104
9390
9676
9935
8737
10421
9306
9718
10573
10143
9676
9216
10272
11186
10352
10885
9866
10611
9075
9940
8498
9236
10706
10550
10611
10444
10713
10662
10928
10517
10222
9185
10530
11016
8704
10353
9924
10571
10335
11095
9980
10013
9853
10913
10031
10419
9757
10791
10984
9305
9140
10423
10369
10275
10624
10091
9633
9482
10751
11152
10422
10879
10379
9929
11519
10964
10115
9888
10454
10633
10952
9962
9074
9744
11013
10229
9751
10205
11316
9401
10355
10147
10550
10504
11066
10380
11915
11821
10081
10352
11379
10121
10088
10294
9723
10456
10413
9907
10026
10531
10353
10430
9406
10617
10223
10279
11412
10058
12127
10759
10151
10548
10669
10592
10265
9948
11018
10652
9738
10996
10387
11066
9796
8709
8731
8599
11778
10152
9699
11279
10389
10888
9976
8918
9593
10891
10296
9747
12286
11183
9821
8193
10518
10104
10570
11331
9452
10355
11182
9973
10065
10000
9919
10569
10288
9514
10719
10341
9403
11136
9594
10497
9448
9767
9950
9843
10545
11409
9620
10531
10039
11765
9996
10502
9583
11208
9640
10548
10819
9938
10004
10649
11214
9590
10381
9582
10850
10591
9682
10097
10063
10912
10253
10758
9865
10062
9804
9769
10250
10224
10958
9896
10060
9106
10528
11028
8813
10541
10107
10397
10142
9786
11520
9319
10100
10056
9904
9354
8633
9988
9382
11071
10223
10681
11767
9028
8465
10234
9280
8362
9517
9861
9489
11772
10336
11365
10683
10935
10415
10142
9514
10958
9435
9762
11531
9862
10007
11062
10316
9355
9637
9425
10822
10339
9903
10684
10027
10681
11437
8940
11956
10179
9474
10066
10514
9503
9918
12053
9641
9966
9728
10319
9221
10138
10054
9679
9574
9446
10743
9662
8349
9288
10002
9964
11228
9971
9581
10173
10424
10731
10217
10306
10689
10567
9936
11349
9958
10651
9447
9945
10490
11627
11123
9165
11759
10085
10452
10340
9334
9505
10983
9656
10399
10129
9931
10552
10964
10653
9591
10524
9908
9890
11212
9053
9850
10207
10068
10673
10717
10683
9828
11038
10477
10787
10628
9419
10677
9516
9207
11699
10048
10544
9856
8905
9954
10390
10750
10106
10550
9807
10892
9799
10955
11383
9379
9669
8477
11098
9908
9631
8828
11358
11030
9883
11395
9788
9445
10690
10658
10246
9261
10499
10780
10371
11725
9228
9503
9781
10245
10251
10641
10348
10137
11271
9678
9368
10850
9258
10127
9194
10139
9746
8791
9615
9740
10738
9989
11254
9763
11101
11206
9721
9812
10196
9840
10520
8952
10812
11724
10942
9574
10414
9570
10752
10035
9725
10095
9708
10723
9330
9274
10647
10234
9588
10656
9996
9369
10793
8193
10403
10034
10239
9904
10709
10268
10696
9809
10809
11391
11188
10797
9280
10879
8428
10578
10661
9727
11249
9035
10325
10167
10303
10671
10820
11359
9867
11056
11324
10723
9926
9050
10092
10328
9725
10171
10020
9314
9380
10200
8870
10139
10094
10223
11310
10281
10902
11244
10269
9080
10640
11035
10268
10850
9106
9509
8757
11327
10030
11444
9809
9791
10646
10208
10879
9511
10661
9283
9077
9915
9852
10247
9991
9011
10586
11524
8193
10818
10035
12019
10778
9764
10443
10070
9956
10134
9232
11185
10338
10345
9691
9226
9733
9862
9053
10483
10150
9061
10242
10031
9943
10217
10096
10275
10185
12286
10475
10056
10254
11865
9078
9885
9079
10379
11129
10226
9752
11509
10248
11019
10378
10964
11890
10400
9683
9879
9704
11027
9912
9263
10408
10452
10812
10678
12136
10427
9585
10013
9742
8916
10276
10208
10445
9216
10178
8948
9216
10329
10077
9589
9911
10065
10868
10947
10426
10433
10518
10577
10741
9829
10097
11156
9984
11064
9498
10745
10541
9868
9570
10673
9872
10070
9650
9055
10127
9926
10328
11143
9989
10611
10192
9675
11126
11356
9696
10730
11868
11182
8986
10712
10004
10585
9935
10484
9935
9546
10431
12037
10403
10533
10457
11291
9682
9987
12072
9471
9717
10852
11301
10335
10584
11142
9250
8937
9612
10244
11478
9919
11261
10684
9686
11278
10202
11553
8937
11228
9943
10253
10903
10790
9390
10065
11496
10216
10323
11261
10346
10428
10915
10634
10234
10334
10937
10236
11214
9081
9350
9563
9239
10941
9427
9966
9695
10535
10145
11017
10645
10576
11001
11172
10446
10475
10214
10993
10066
10187
9966
10385
10137
10935
10252
10051
10205
9979
10523
9691
11438
9641
11118
11118
9092
10172
9976
9981
10803
11065
10817
11031
10679
11252
10189
10736
10951
9677
10045
11216
10711
8934
10327
9579
9137
10785
10549
10000
9163
10672
9272
10205
11191
10386
8849
10675
10196
11091
11538
9379
9872
10666
10073
9695
10040
10252
10780
9329
10003
10265
10412
11730
10445
10160
9522
11160
8997
10291
10019
10885
10901
10441
10658
10771
10116
10047
11806
11116
10561
10740
9039
10108
11035
10017
10427
10968
8445
10029
9799
10384
10926
10644
10838
10299
9420
10257
10826
9802
10757
10290
9605
10343
8495
10772
10372
9923
10034
9754
10491
9680
10412
10220
10643
11725
10940
10282
10467
10653
10539
9986
8609
10827
10636
8994
10322
10056
10366
9908
10309
10122
11801
10299
9556
10482
10682
10431
9843
9540
10550
10075
9914
10720
10142
9870
9484
10733
8755
10588
10686
11167
10734
10640
9053
9863
11028
10781
10747
10234
10415
10300
10539
10817
9963
9860
9905
9528
10404
9429
10846
11021
8862
10256
10379
9795
10610
9826
9822
9902
10695
9548
9869
10712
10246
11292
9824
10783
10062
10170
9632
10744
11029
10239
9976
9552
10011
10337
8825
10581
8699
10209
9489
9659
11088
9724
9991
8736
9989
10082
11116
10345
9807
10084
10480
10030
10787
9425
11013
9379
9652
10479
10337
10953
10554
10151
10003
11007
9891
10130
10680
9993
10753
11111
9838
9398
9569
9122
9806
10906
10021
10215
9989
9630
10677
10988
10262
8770
11184
10371
9455
9995
9771
9299
10360
9764
10068
11067
10982
10016
11654
11130
10575
10940
9654
8861
10537
9561
11198
9422
9873
11256
11404
9814
9845
10115
10979
9707
10338
9796
10897
11667
11749
10075
10606
9595
10443
10608
10490
10278
9292
10303
10918
10350
10917
11152
10070
10496
10213
11460
10165
9554
9792
10460
9407
9671
11667
11061
10327
9889
9999
9213
10258
10845
10375
11274
10491
10771
12187
10623
10672
9797
10878
11648
10319
10269
10244
10068
9531
10150
10512
10747
9074
10762
9561
11705
10193
9754
9761
10804
10486
9110
9820
10279
8932
10373
10034
11269
10652
10719
11440
10117
8826
9085
9809
10170
10680
10456
11876
10981
11211
10274
10829
8875
11024
10661
10061
11182
9667
9582
11405
11629
10615
9446
10315
9426
10631
11036
10339
10216
11751
8784
9768
10716
11516
10227
10430
10495
10937
9484
11157
9618
9670
10591
9682
9499
11991
9953
10994
9786
10141
9778
10382
9327
10619
9963
9745
9206
10585
10244
9825
10110
9620
10568
9383
11428
10073
9449
9956
9570
10399
9658
9131
10604
9777
11303
10744
10165
10957
10578
9828
10209
9998
10569
9490
9939
9686
10186
10258
9344
10014
11589
10738
11159
9398
10802
10280
9112
11003
10217
10258
10593
11114
10417
10891
10292
9336
9163
9047
9492
10571
9484
10791
10036
10092
8989
9362
10299
10204
10795
9063
10122
10666
9816
10737
10615
9308
10573
10888
9399
10235
10728
9740
11933
9693
11757
10125
10788
10167
11202
10242
10149
9181
11069
10239
10619
10392
11541
10286
9691
10502
11719
9465
11205
10088
9306
10170
10456
10670
10023
9935
9941
10614
10206
10695
10784
8613
10710
10479
11020
10678
9528
9889
9319
10644
10261
11079
10929
10751
8528
9336
9480
9673
10422
10546
9328
11238
9963
10133
10940
10130
9525
10800
10172
9081
11362
10167
11130
10063
9925
9636
9557
10080
9954
10936
10169
9802
10521
9746
10025
9740
10509
10354
9561
12286
10768
10047
10628
10943
10936
9553
11041
10285
10304
9698
10923
10266
9548
10360
10982
10862
11211
10515
11308
10801
9920
9762
10263
10369
10296
9230
9601
10220
9630
10102
10508
10760
10268
10804
9423
9320
9251
9621
12286
10392
11212
8829
9658
10975
11024
9978
9360
10976
10417
10518
9780
9195
10706
11133
10402
9990
9963
9229
8921
11547
8872
10502
11240
10155
10635
9763
9843
10572
9995
9088
10204
9767
9187
9997
10612
11480
9904
10184
10337
10335
8472
10635
10852
11111
11166
9394
11216
9545
10429
10805
10609
9942
10256
10136
11058
10803
10737
8488
9044
10881
9130
11188
11634
10811
11058
9613
10964
9538
10124
10888
11253
9353
10212
10630
10606
9835
9755
9652
9304
11241
10515
9532
10518
10777
9972
9901
10720
9896
9907
10009
9912
10360
10027
9846
10779
8640
11214
10659
9773
9767
11275
10500
11273
10766
11430
11010
9437
11285
10481
10809
11055
8471
10192
10071
10391
8193
10502
9555
9613
9675
10986
10652
10676
10022
10454
11130
10501
9898
10610
10740
9659
9610
10367
9352
10691
10017
11252
10605
10995
11102
10418
10889
9553
9973
9314
10849
11978
10499
9408
9920
10582
10224
11034
10525
10217
9858
10264
10096
10152
10628
9936
9761
11608
10656
9511
9694
10024
10188
10516
9831
10607
9930
10922
9274
11374
10107
11439
10113
9730
9804
10602
10785
11062
10653
9737
10320
9487
9704
9938
8687
4741
3086
356
9759
400
6502
9266
6110
454
6077
3380
1609
4431
1450
9508
6444
262
7284
3348
9446
377
7855
7006
63
3408
7103
1814
1953
2357
2822
9669
164
6792
7135
9935
4926
7542
4240
9797
4531
645
6244
8886
4926
4132
7935
6799
10172
2451
6587
4840
9733
10027
8786
2514
6356
199
334
9387
1458
9030
8670
2621
2499
8585
7392
1587
6924
5768
8384
8447
1631
2244
9399
1967
7336
5477
9981
7181
1214
2229
433
9272
8521
2293
1487
1791
6476
6038
2274
5188
5291
9589
2878
940
7571
343
8696
9135
9552
9145
1380
39
5226
6146
1288
4022
9804
8308
2182
10182
9958
6447
5022
2687
9093
7064
6919
1525
9272
582
4596
2003
9719
3599
1778
6143
396
10043
1919
6263
4823
9931
8674
2021
8775
10155
3291
9339
7220
7928
5124
3681
6835
5091
1508
4539
235
9822
3419
4608
6483
4642
2297
6794
10135
3929
8912
6692
10101
4196
2867
7429
3579
9209
8985
6398
7078
9591
3085
4691
7876
5570
1098
9055
2051
2975
4181
3811
7188
2058
6055
3561
5170
9002
8462
8722
7248
8672
1420
3283
8715
3225
2304
6903
7712
3197
6452
3205
2072
3199
846
9469
7582
9806
7124
6469
8247
728
4332
7341
5400
340
516
1121
8289
10125
9131
40
2298
127
487
2922
6288
3185
9091
5359
5759
7720
2514
7178
6022
6422
2990
3407
10636
9816
11727
10512
10718
10229
10506
10379
9379
10954
10346
9778
9841
10213
9289
8875
10241
9439
10110
9740
10112
11016
11468
10205
9871
9605
10814
10058
10587
9991
10121
9096
9292
9434
9946
10352
10728
9523
10086
10002
11032
10197
9954
8849
9369
10325
10425
9397
11160
10423
9959
10222
10944
9981
9504
11140
9390
10089
9720
9706
12039
10660
10594
10094
9975
9456
9011
10270
10195
10726
9009
9679
9731
9683
9525
9950
10034
9213
9856
9974
10689
11005
9767
10265
9800
9975
10045
10554
11347
9517
10200
9983
9978
10529
9461
9424
9902
10586
10704
9861
9732
9598
9243
8830
10054
10551
10175
9521
10165
10529
10575
10490
11689
9442
9358
11047
9606
9758
9160
8918
11487
12116
10534
9529
10777
10199
10644
11091
10504
11290
10598
9565
9109
10809
9323
9806
10032
10171
10111
10454
10483
10629
8193
10108
10451
10305
10109
11343
8865
10816
10555
9570
9673
9971
9627
9859
10536
9997
10292
8609
10262
10392
11652
10504
10945
10929
8986
10459
10210
10284
9068
11246
10720
10729
11097
10001
8562
10632
10595
10099
10001
10974
11178
10528
10258
9885
9624
9228
10125
9773
9855
10216
9075
9162
9587
9892
9788
9712
10574
10305
9289
9387
10101
9651
10485
10975
11064
10286
9813
9518
10526
11411
9784
10660
9108
10515
10551
11327
10685
9670
10513
9605
10300
9851
10516
9411
10067
11181
9876
10751
11057
11586
10615
9205
10446
10493
10268
10462
10647
9449
10929
10891
9420
9658
10618
9715
9828
9668
9637
9530
10514
11055
10772
10052
10465
9585
10042
10365
10059
8302
10309
10561
9114
12043
10724
10483
9596
11009
10517
9607
11244
8924
11092
9451
10122
9322
10555
10584
9310
10652
10360
10441
9749
9790
10729
10034
11038
9171
10780
10451
9537
9414
9684
9963
10556
9460
9388
9511
9829
9073
9180
10429
10857
10438
10185
10099
10371
8956
9076
10560
11586
10325
10937
11594
10671
10781
9337
9888
9788
9517
10676
10571
10346
12054
10975
10268
9594
10813
9875
11337
10904
10030
8541
10272
10246
10057
9137
11312
10384
9657
9393
9013
8828
10573
10851
10102
10842
10208
10893
10213
10542
10648
11507
9661
10222
9955
11162
9554
9634
11201
9388
11055
10577
10913
10705
10235
10336
11200
10840
9522
11285
11193
9659
9085
11177
10212
9150
9975
10020
9989
10110
10908
10653
10656
10660
10204
10295
12038
8879
10549
10623
10513
11171
11231
9274
10906
9627
10453
10321
10883
9650
9533
10970
9537
10031
10273
10226
11359
9306
10046
10940
9793
10385
10396
8552
10373
9812
11246
10536
9668
10686
11185
9691
10281
9573
9322
8967
9875
9887
10082
10387
8933
10360
10173
11304
10808
11332
9764
10351
10055
10305
10931
11652
10133
9817
9856
9796
9924
10188
11101
10852
10238
11260
9045
10526
10321
10256
10912
9290
9350
11269
10049
10321
9411
10085
9292
11728
9780
11578
11224
10057
10061
10197
9533
10700
10755
10931
9885
10602
10187
9630
11009
9974
10419
10191
10437
9123
9124
11205
9987
11012
10309
9161
10184
10059
10857
10662
10535
9486
9219
11616
10281
11020
9890
10721
9309
11167
10131
11336
10281
10572
9338
10597
11133
10395
11605
10868
10744
10992
10728
11026
10805
11325
10265
9655
9581
9813
8715
9602
11192
11719
10301
9538
10656
10180
11058
10559
8947
11198
10007
10055
10303
11155
10049
9624
11877
9314
8971
10791
11037
8929
9309
10721
9545
9544
11280
10112
9770
9347
9948
9842
9634
11267
9684
10183
8946
11788
9581
12286
9768
10335
9078
9924
10270
10592
10113
9957
9894
12205
11567
10630
9745
12124
10041
10865
10501
10251
9643
9255
9871
10710
9485
11169
9715
11327
9346
10672
10074
10225
10105
10117
10609
8977
9437
9985
9881
11007
10443
9410
10579
10479
9652
10198
10267
10910
8915
10691
10911
11218
10393
9315
10365
12096
10565
10386
10311
8679
9876
9336
10171
10596
11018
9643
10597
9769
9231
10595
9131
10378
10270
9809
9776
9597
11114
10741
10698
8666
10391
10682
9654
10508
8970
10256
9483
9605
10479
10039
10237
10717
10407
12018
10881
10745
10655
10960
9711
10512
10752
9583
9740
9750
10725
10027
9147
9500
9562
9880
10368
10279
10570
11241
9613
10140
10216
9864
10445
8947
10774
9381
10581
10701
11185
10194
10140
9635
11274
10377
9940
10053
9665
11157
9540
8947
9639
11362
11991
9616
10713
11261
10151
10720
9610
10361
10450
9133
9675
9706
10980
9207
10713
10222
10515
11005
9187
9651
11618
9256
10602
10575
11037
9701
8962
9981
9365
9934
10424
10011
10170
11052
8545
11059
8923
9925
9653
9523
11406
10082
10404
11003
10868
10124
10760
11429
10080
9577
10161
10607
10808
10537
10296
9794
11461
9236
10268
10153
9709
12286
10693
10731
9859
9734
9556
9442
10719
10340
11585
10209
11000
11440
9774
9776
10055
10822
11010
11600
10225
11157
11485
10652
11139
10665
10131
10689
9746
10732
10921
10374
10531
11448
10278
10349
10291
9206
12054
9906
10134
10681
10178
9970
9648
11159
9304
10347
10475
9748
10234
10261
11307
11788
10034
9296
10807
10675
9514
9837
10647
10111
8193
9275
9129
9776
11170
11501
10025
9001
9756
11036
8916
11067
11275
10089
10388
11080
10533
11243
9713
11001
11735
10604
10792
10412
10498
10371
10512
9540
10428
10822
9767
10758
10181
10523
9593
10548
11159
10623
10060
10792
10123
8819
9914
10043
10087
8461
10119
10428
10233
9742
9772
10665
9446
9990
9100
10875
11003
10440
10605
9508
11000
11119
11221
9653
9178
10981
10308
11729
8614
10779
10354
9446
10899
10134
9601
10698
9798
11152
10091
9699
10733
10002
10525
9793
11007
10497
8581
8451
10110
10625
10270
10151
10388
10651
10094
11239
8975
10147
9556
10256
9428
10403
9345
10931
9972
10492
12286
10043
10060
11855
11556
10276
10697
8193
9499
9613
9560
11396
9123
11787
10517
9804
10950
9627
10089
10512
9845
10943
9315
11003
10179
9216
10647
10431
11192
9814
9827
11462
11645
9388
10018
10621
10670
11475
11674
9481
9799
10027
9399
10473
10130
9962
10306
9284
10598
10906
10245
10317
10851
11067
8933
9313
11632
11081
9435
10078
10354
10003
10148
10828
11196
10154
11056
11209
11198
10470
10448
10811
10536
10047
9957
10073
9191
10193
10960
9843
10522
9881
9755
9960
9936
9530
11175
11162
8662
8939
10457
8462
8978
10086
11077
9726
11049
10634
8885
11105
8336
9663
10528
11465
10620
10498
10409
9703
10525
10742
10262
9834
9925
9647
11008
9920
10507
10484
10916
9859
9918
8473
11383
8997
10413
9918
10318
11108
9901
10174
10812
9684
9823
10401
9673
11102
10599
10142
10541
10412
10065
10029
10056
9554
9601
10101
10539
10119
8647
8909
10721
11386
10260
10574
11106
9704
10082
10536
9593
9786
9337
10285
9877
10001
11108
10382
9487
10404
8986
9896
11184
9672
9990
10700
11826
10058
10579
10460
11502
10553
9888
9960
10881
9830
10097
11025
11302
9749
10028
11217
9573
11509
9831
9378
11185
11131
10275
9369
10445
9275
10073
10507
10248
10503
9972
10796
10994
9830
10728
11244
10145
10068
9242
9469
9991
11151
10086
9297
10201
10035
9609
10657
10942
11690
8716
10972
10740
10103
9379
10125
10557
10189
9311
9486
10641
11295
10548
11347
11002
10325
9643
11092
9626
10492
8936
10719
9600
9662
10985
11425
9122
9365
9416
9956
10010
10472
9460
9975
10057
10477
10509
9740
10375
10920
9956
10948
10222
10149
9968
10290
9509
10036
11453
10922
10127
11232
10635
9755
10702
10960
9293
10142
9998
10047
9454
11282
10742
11238
10989
10483
10628
9310
9998
11738
9801
10878
10744
9148
9888
10831
10935
10541
11164
10365
10794
11286
10689
9770
10766
10970
10579
11118
10247
9911
10907
11058
10367
11465
10417
11885
10830
8936
11737
10041
10614
11523
8639
10699
10215
10518
10586
10664
9241
9886
9205
9394
10439
10304
10056
9877
10001
10362
10784
10680
9206
10757
10085
10956
8836
10605
11304
10356
9665
10793
10288
9716
10031
8193
11001
10275
10787
9818
10287
10455
10553
9184
10738
9196
9841
9467
10014
10166
9122
9959
9666
10149
10912
10156
10776
9505
9979
10297
11476
9280
11075
10346
10404
10935
9933
11192
10399
9950
10429
9788
9537
10803
11570
11598
9880
10565
9332
10865
9985
9650
9592
11087
9704
10263
9566
10281
10362
10700
9150
9430
11124
10665
10693
9281
11315
9566
11080
10989
10190
10624
10428
9628
9751
11448
10598
9520
9357
10433
10758
10628
9961
9387
9809
9788
10498
9526
9499
9918
9942
9138
10174
9181
10995
11239
11170
9699
10753
9486
9584
10991
10648
9316
10661
10123
10480
10113
9884
9684
11096
11666
9470
11101
9509
10921
10632
11179
11170
11276
10891
10215
10942
9943
9687
9197
10161
11309
10736
9187
8329
9848
10739
11431
9209
10309
10525
10724
10282
9558
9627
9613
10672
10558
9152
9479
10144
9577
9323
10327
9973
10118
9637
10359
9712
10184
9965
9430
11079
10565
10793
10611
8894
9485
10945
9825
10759
9901
10042
11346
10508
9614
10938
9335
10836
10097
11139
9460
8706
10399
10146
11013
10804
9985
9633
11134
10874
9745
10099
9663
10259
10423
9655
10059
9036
10273
9725
9198
10548
9850
10647
10439
11840
8487
9600
10575
9614
9661
10265
11443
9115
9674
9162
9948
11138
10139
8855
10636
10540
9715
9498
10046
11157
10520
10374
10407
9606
11330
9960
11033
9661
10219
10346
10299
10164
8646
9882
10363
10218
10142
10584
8820
10792
10907
10160
10230
11543
10195
9400
11030
11094
10483
9702
10425
10172
11430
10359
11377
10774
10488
10049
10125
9646
8571
9979
10480
10305
8749
10873
10355
9802
9540
9983
10195
11351
10568
10068
9776
9883
10772
8955
11042
10749
10278
9598
10397
9426
9815
10359
11310
10666
9941
10904
10123
10604
10632
10196
10653
10342
10302
11028
10903
11148
9569
9419
10543
10515
11637
9917
9742
10159
10043
11464
8306
10645
10569
9897
10829
10566
9803
10927
10188
10055
9468
9997
9996
9736
9245
10134
11565
10453
10716
9644
8923
9575
9308
10041
9826
8677
11707
10081
10682
10212
9725
10406
10927
9275
9865
9894
9953
10755
10557
9779
9635
10231
10010
10140
9649
10636
10390
9804
10177
9805
9384
12133
10549
11100
8697
9884
10182
10622
10513
9515
11448
10394
10992
10117
10091
10671
10518
10642
9641
11964
10558
9866
10705
9989
10869
9433
10275
10062
10608
10141
10421
9933
9515
10524
11554
10408
10042
10383
9650
10092
10057
10305
11352
10826
9121
8193
10628
8528
10555
10889
9595
9448
10699
12245
10398
9577
9989
10457
10538
9981
9299
10928
8443
9643
10263
10507
9428
9637
10306
10786
10015
10525
10647
10578
11082
10429
9002
10625
11708
10515
9550
10978
9341
10324
10379
10973
9144
10262
9711
10998
10266
9222
8341
9458
9862
9648
9808
10448
10920
10144
9813
10524
9733
11493
9417
10233
12286
9726
10314
10600
9388
11401
9077
8588
10621
10811
10996
10951
11796
10292
12004
9093
10498
11163
10654
10555
10165
11224
10397
9017
10271
10554
9304
9530
10300
10338
10741
11626
10266
9480
11626
11189
10519
11111
9663
11678
10061
10309
10483
9799
9714
10819
9842
9831
9888
10421
10348
9725
10789
10782
10407
9875
10440
11049
10989
9958
9420
8948
11108
11212
10603
11788
9034
11066
9622
10723
10945
10570
10922
10512
9959
9563
10574
8922
9367
11106
9155
10431
9948
9454
10399
9852
10115
9701
9470
10546
9385
9998
9967
10020
10494
10970
9780
9538
10032
9912
10067
10475
9222
10402
10725
9930
10730
10191
10881
10664
9214
10921
8607
9322
10572
9223
10241
10598
10961
9842
10558
11314
10965
9100
11020
11142
9955
11206
11327
10304
11153
10389
10097
9379
9663
9881
10559
9365
10046
10174
12286
9085
9488
10388
9311
10837
8213
9706
10894
9725
9946
8778
8803
11267
11489
9906
9434
10009
10511
10978
11099
10684
10458
9617
10423
9514
9662
9564
11760
11285
10565
9804
10113
10520
12128
9845
10856
9427
9203
8862
10423
10184
10504
10424
11311
10033
10758
10065
10487
11318
11550
10542
9963
10114
8876
10249
9491
10664
9932
10627
9242
10014
11131
10923
9942
10947
8193
9243
10124
11797
10064
8867
10559
9977
11024
9411
11719
11014
9078
10519
11577
10622
10590
10414
10909
9835
10400
11505
9460
10131
10661
10701
10156
9582
10366
11273
9792
8775
11172
9636
8618
9517
9351
11674
11338
9221
10716
10533
9478
9338
9411
10336
10926
9486
10177
11550
9171
9323
10645
10630
10329
10840
11336
10617
10028
9855
9750
10700
10513
10594
10341
9320
10034
9594
9899
10216
10905
10411
9815
10212
8524
10898
10691
10370
10152
10538
10733
10602
10411
9647
10576
9904
11887
11292
11591
9031
10398
10759
9860
10698
10148
9466
11685
9719
9795
9819
10959
9542
10118
9891
8803
10454
11067
11197
9641
10395
9889
9571
9448
11003
9404
11209
9458
11184
9261
10810
11067
9421
11138
10891
10349
10376
9718
10638
10716
10121
10551
10366
10533
10498
10348
11150
10653
10007
9325
10390
10676
10402
11262
10941
10946
9603
10804
10164
10720
9469
11291
9602
10426
10613
10145
9137
9111
9228
9050
9779
11437
10631
10196
10837
10268
10435
9172
9105
10293
9573
9515
9285
9597
9856
9587
9252
8570
11042
11015
10024
10808
10147
11019
11397
11368
10299
9822
11299
10144
11087
9613
9267
10457
10281
10907
11130
10307
9432
9869
10676
10901
9787
9038
9636
10747
8922
10080
10488
11518
10561
10211
10944
10695
10079
9660
10099
10530
9523
10537
10301
9715
8830
9683
9094
10827
9864
10105
9721
10183
10814
9232
11181
9862
10647
10148
10035
11312
9257
10904
9838
9528
9898
9896
10964
10590
9708
9681
10382
10521
10109
10709
10972
10483
9875
10498
10365
10925
9967
11296
9446
10571
10075
10258
10203
10861
10391
10662
9569
9540
10386
11095
9892
9558
10618
11243
10340
9919
9851
11113
9052
9537
9860
9338
10192
10370
11226
10048
10263
9963
10945
9947
9390
10109
10447
11478
11661
10475
9805
10182
9283
10156
10212
9509
10722
10659
10340
10181
10052
10180
9969
10790
9200
10757
10142
10274
11123
9896
9864
9551
10056
9200
10468
9994
11530
9982
11249
10617
10351
9292
11959
9837
10047
11763
10007
10678
9817
10565
9629
10855
10379
9475
10146
10995
10470
10802
9544
9450
10753
9167
11249
10130
10685
9730
8801
10846
9031
10515
10134
10356
9283
10913
10962
10171
10526
9856
11484
12063
9071
12173
10448
11639
12001
10814
8193
9581
8193
9897
10058
9874
11443
10379
9935
9640
10380
10410
10371
10631
11300
11352
9617
10061
8649
10305
11016
10191
9453
9441
8977
10482
9776
9528
10353
10322
9899
9452
9383
10284
10492
10616
9422
10019
8896
11263
11022
10224
10026
9310
10233
9704
9484
9092
10005
10826
10162
11049
10038
10531
10679
10564
10246
10681
9884
11128
11364
9022
11741
11129
10622
9094
9466
10809
10814
9557
9759
9697
10033
10393
10956
10058
9878
11252
8239
8802
9762
11276
10823
9683
9620
10946
9586
10414
10652
10537
10483
9978
10787
10054
11474
8861
10471
10864
10407
10456
10076
10187
9495
9268
9875
9438
9552
10050
10602
9539
10096
8510
11146
10147
10776
10482
10653
10956
10931
10130
11185
9523
10321
9607
10197
9126
10474
10594
10157
9998
10643
8709
10728
10727
10788
10305
9752
10361
9254
11393
10565
10123
9567
10341
10997
10111
9832
9392
9994
10056
9767
8523
11211
10503
10118
10105
9594
10610
9091
10711
9919
10463
10313
10738
10106
10440
8965
9294
10072
10740
10847
10089
10053
10579
10643
11001
10270
11092
10276
9600
9907
10660
9525
11583
10021
10399
10105
9812
9846
9585
10667
10036
10818
10868
10563
9985
12160
10200
9798
10274
10426
10284
10297
9958
11826
10160
10531
9343
11347
10226
10347
9997
9746
11882
9339
9837
10936
10011
10093
9682
10064
10413
9870
10008
9649
9973
9680
11715
10366
10052
9744
9490
9440
10603
9928
8936
10397
9912
10218
9604
11321
10620
10903
9779
10558
9667
10890
10522
10551
10826
10638
10606
9077
10564
9594
9815
9188
11049
11185
9835
10753
9039
10847
10711
9571
10687
9566
11052
10958
10634
10538
10563
10336
9661
10738
9781
9848
11196
11410
9904
10417
10970
10973
10788
10301
9479
9518
10794
10140
11293
9624
9504
10546
10848
9835
10114
10394
9793
10083
10128
10290
10313
9786
11838
10009
10271
11014
11020
9829
8900
9303
9675
11010
9482
10623
9933
11199
10560
10224
9978
10171
9369
10013
10262
10196
10826
9276
10670
11284
9929
12286
10149
11098
9639
10927
10764
10935
10076
11130
10324
10425
10112
12119
10038
10709
9052
11215
11516
9407
10465
10300
10626
10082
10078
11050
11482
9219
8828
10316
11196
11015
9895
10393
10582
10410
9598
10625
10886
9708
10617
9280
9580
10245
9144
11471
9519
9529
9592
9574
9445
10097
10218
8878
8931
10671
9311
9657
9716
10041
10370
10644
9994
10398
9577
10451
10624
9722
8920
8800
10182
9532
9349
10368
10572
9606
10543
9492
9735
11016
10471
10972
10324
10606
10876
11130
10437
9655
11442
11809
10142
11240
10622
11022
10280
10422
10831
11544
9637
12122
9688
10026
9431
10751
10364
9602
10250
10729
10364
10579
11968
11258
11383
11201
9652
9741
9269
11178
9439
10460
10203
10203
9668
9453
10159
9797
10573
10010
11764
9875
9758
11004
10038
10096
10432
10378
10566
11628
10191
9631
11351
10992
10284
10287
8879
9160
11747
9989
9905
10061
10399
9919
8730
10291
9605
10500
9815
9882
9394
10686
8440
9507
10777
11243
9893
9919
9624
10007
11559
10577
10968
9352
9902
10412
11000
9333
10535
10096
11340
10015
10800
9865
10640
11196
10236
10337
10233
9753
9350
9470
9571
8933
9775
9850
10763
10049
8888
10436
9431
10437
10760
10280
10554
9961
11131
8201
10282
11240
9628
9348
10322
9493
11295
11564
9635
9241
11016
9579
11094
10331
11370
11001
9762
10404
10096
9746
11573
10291
11093
9939
9494
9359
10746
10367
10117
10969
10844
9292
10226
11137
10213
10099
10019
10758
9629
10070
10476
10684
10540
11206
9830
9822
10475
9954
10679
9389
10397
9497
11480
11392
9748
10217
10254
10386
9325
11779
9556
10549
10091
10532
10905
9555
11255
10164
8926
9308
10516
10309
10597
11063
11398
10617
11228
12097
11070
11199
10997
10218
11331
10713
9560
11511
10463
10393
10657
10140
10146
9647
9425
10311
10316
10696
9871
9173
9939
10040
9507
10604
11620
10428
10183
9958
10636
11309
10857
10926
10223
9998
10145
10748
9920
10191
8943
10539
10596
9321
9607
11312
9846
9870
9910
10533
10135
9451
10076
10250
10186
10348
10118
9474
10083
10000
10021
9789
9893
9844
9570
10646
9792
9195
9515
9840
10437
10601
9419
10893
10288
10723
10230
9078
9370
10188
10261
9878
10668
10723
11116
9719
10562
10119
10732
10149
11320
8826
10001
10335
10344
10600
11467
10572
10294
9348
9566
9452
9917
10460
11252
10054
10219
9187
10478
9375
10683
10564
10765
10250
9722
11232
10638
9360
10323
9795
11922
9250
9791
9993
10179
8861
10219
9014
10111
9632
10502
8262
10891
10031
10614
10243
11007
10004
10512
10163
10733
9647
9408
9048
9859
10363
11747
10655
10365
9721
10914
10742
10575
10144
10924
11005
10781
11256
11361
10688
8340
9448
9992
9499
9191
10917
10543
9925
10708
10599
9148
9835
10028
10798
9262
10526
10131
9317
8969
10309
11333
9521
9986
9229
9169
10127
9690
9884
10239
10390
10800
11296
9645
9579
12286
10168
9484
11099
9926
10098
10432
11202
9660
10857
8193
10901
10813
9183
9952
9734
10373
9899
10594
10901
10376
9698
9635
9657
10326
10906
9406
9932
9481
11068
10996
9519
11087
11457
10150
11080
9617
9887
9537
10393
11024
10306
10721
10259
9775
9622
9301
10568
10508
8840
9723
10136
9689
11042
9217
9139
9749
11312
9639
10372
10118
10483
9859
10275
11547
8950
10766
10812
10103
9445
9639
10597
11003
10424
10322
9182
10361
10522
10472
9802
10607
11147
10522
10345
10334
11154
10269
11371
10246
9160
10353
10498
9499
9915
10337
10084
9369
10403
10329
10294
10125
9372
9928
9960
9755
10002
8617
10190
10171
11043
11488
9251
9293
10740
11034
9490
10040
10435
10313
10168
9405
10678
10899
10665
11205
9921
9249
9159
11242
10140
10418
11006
10064
8898
10690
11087
9309
10265
10314
10583
10787
10054
9979
9354
9372
9978
9311
11326
11545
9793
9852
10174
10499
9967
9375
9891
12286
11111
10703
18958
271
22135
10171
5794
2287
22291
6278
6551
13868
12817
23917
13457
1807
24192
24210
11303
13376
538
20159
13207
8457
10961
20786
15018
2508
11808
1553
3575
15868
24532
12524
21010
12046
25675
9828
6009
3059
6627
25102
23739
21279
10662
5320
12656
11759
7560
25849
3373
9979
3603
9739
19359
7253
14746
20748
25860
5057
14350
20296
6973
2905
25328
1500
25641
7368
52
12854
21249
15493
11609
16013
19285
25628
25108
14622
7361
6422
12061
18683
24861
524
17208
9760
9063
3585
6758
12969
4384
14668
23443
7889
3795
22954
11822
10345
22581
18412
13492
12683
14383
3750
6305
20604
4197
10262
9883
17886
15480
13551
13257
5689
2520
25113
14962
24711
13357
6132
12492
2885
616
13586
20612
16969
4206
19402
21093
20306
1793
3568
6818
9604
20393
7402
1015
13999
22141
21846
4828
22363
15084
21033
6495
21177
23796
12949
5857
4507
25008
16774
26324
11227
17694
17223
15057
1656
17015
13727
20395
2327
6406
4194
23425
16872
13279
14181
710
13729
376
23314
20726
150
6756
5337
4006
5244
4503
1397
8719
11730
25193
1716
12118
20437
10315
11616
5459
11626
26028
12530
7950
22804
11169
7793
21541
23088
23399
9142
792
25378
19193
8638
4899
8793
23626
25662
25065
4451
22727
19342
11302
9484
14100
21226
18647
21477
17487
18849
21991
7518
26068
19980
6513
16325
3241
20158
21348
24797
23259
15941
20818
9189
921
6560
14095
9364
8283
6468
13251
9785
20237
11613
20185
25429
20401
26035
18373
19755
198
6018
3076
8917
12898
2749
21799
25772
3221
15434
21405
4608
21138
16457
6959
11381
1023
1267
5698
17009
7620
1049
13517
7946
5042
11983
1558
16165
16459
23187
9418
3254
21078
13021
20466
9900
15813
23384
22043
9180
1025
18316
1746
10205
21179
18134
21390
8453
9995
15266
6577
21009
11123
9207
1874
15930
13348
25746
19570
22717
9941
409
24454
21180
8384
6028
8400
18229
5754
4279
6261
308
18791
16281
14590
8649
5357
23807
951
1449
20895
17617
144
9144
2682
15790
23568
11231
12864
3984
14131
21514
9910
1037
17561
19841
23982
1884
9072
25028
2201
15755
18539
13659
1397
1679
25309
21207
1388
18126
22121
7581
26067
20181
7068
5966
21407
26143
26950
26547
26097
26276
26529
27130
27712
26127
26566
27050
26549
26977
27472
24577
26931
25679
26664
25921
26658
25738
26261
26564
26949
28260
26446
26826
26461
26451
26594
27441
27108
26696
25218
25985
27289
26704
25920
27183
26511
27206
27361
26050
26038
26643
27163
28030
26677
26389
27070
27335
26259
25933
27234
26702
27339
27319
25658
26965
27679
25305
26098
27263
27335
25772
25766
27294
26523
26531
26116
26053
26839
27088
26179
28267
26506
27131
26232
26992
26439
26750
27199
26685
26370
27013
25288
25681
26815
25251
26110
27225
27313
27071
26400
27908
27217
27073
27054
26853
25692
26918
26138
26671
27332
26395
25791
27070
26452
25723
26738
26337
25681
27264
27143
26149
26741
26754
26083
25766
26204
25824
27137
25036
26116
28228
27172
27605
27303
25852
27669
26961
25392
26608
26900
26434
26121
26794
25534
27528
25215
26184
26644
26027
26853
27492
26640
26997
26011
26131
25982
27572
26585
26159
27245
25749
27790
26111
27354
26204
27646
27245
27575
27770
26204
26409
26884
26739
28309
26642
27142
27157
28067
25812
27152
26865
26007
26963
26045
26324
27141
26921
27439
26670
27615
27176
27335
25625
26613
25993
26655
26087
26029
25468
26107
25524
26949
27033
26862
26738
25149
27244
26294
25742
26556
25991
26077
25615
27451
26788
25724
27167
27469
27083
27194
26937
26801
26557
26465
26684
25918
26225
26648
25964
26888
26311
28015
27060
26366
26964
26021
26376
26840
26127
26746
27491
26622
25646
26655
25861
28234
26115
25763
26027
26922
27163
26467
27375
26185
26640
26695
25352
26598
25634
26681
25702
27160
25649
26340
27550
26472
27074
27286
27042
26249
26286
26276
27781
26207
26336
26855
26591
26781
26492
27315
26427
26038
25885
26494
25567
26152
27673
26998
25792
28421
26450
25622
26473
27478
26518
27139
27025
26858
26688
26764
27133
25045
27316
26025
27537
27075
27080
27047
25883
27393
26729
26628
26406
27180
28467
26051
26889
26776
27442
25400
27079
26698
27352
26255
25401
28479
26627
26847
26352
27071
26625
25992
26366
26609
26223
27410
26634
26171
26283
26459
27498
25506
26582
26210
26650
25900
25758
25998
26282
27104
25815
27342
27215
26744
27142
27130
26881
26547
26035
24577
25810
26838
26200
25539
28080
27452
25943
27292
27279
27758
26578
25976
25910
26093
25946
26496
26718
26169
26440
26555
26224
25720
27714
26076
27492
27097
27078
25774
25949
27668
27047
25442
26942
27269
26657
26253
26296
25787
27412
28114
26719
27502
26816
26687
26724
26988
26945
26801
27429
26309
25825
27531
28622
27069
26171
27194
27730
26264
26938
26973
26779
27858
26268
26366
26628
27473
27698
27252
26169
26329
25841
27563
25660
27479
26075
26258
27047
26559
25785
25887
26884
27170
27624
27171
27534
25411
26879
26438
26539
26820
26779
27230
27360
27137
25810
26511
26186
26779
26646
26614
25527
27146
26449
27216
27354
25854
27047
26025
26002
26741
26561
26267
25341
26570
26242
26891
27192
26171
26246
27317
26084
24983
27471
27122
27265
26187
26501
26369
26039
27365
25304
27134
26721
27483
25333
26635
26830
27017
27123
26848
24995
26974
26168
26788
25959
27267
27846
26208
26712
26824
26392
26671
25485
26605
26552
26286
25934
26905
26737
27430
27360
25531
27009
27386
26473
24885
27553
27116
26075
27078
27756
25926
27187
27710
26626
27879
26848
27332
25835
26731
27574
26548
26234
28086
25992
27037
27762
26540
25814
26939
26827
25682
27384
25582
26402
26777
27070
27779
27438
25554
26636
26784
25147
27255
27484
28670
27327
26257
26987
26431
25776
25995
26657
27028
26091
27307
26875
26805
26023
27720
27075
25863
25793
27745
26619
27157
26710
27604
26501
25925
24659
26481
26629
26366
27034
26255
26313
25352
26658
26335
25598
26930
26890
25865
27424
26250
25692
27648
24978
26282
27148
25852
25623
26127
26259
27866
26900
27119
27443
26298
27379
26000
26172
26605
25552
25988
26563
26671
27715
26378
26756
26571
26313
27488
26064
24577
26327
26896
26315
26344
27225
26926
26220
26802
26057
26181
25823
28316
26690
25781
27208
25587
26263
26318
28628
26767
25706
26756
27471
28186
25104
25590
26441
26514
26694
25578
28067
26093
25844
27738
27116
26753
26553
26719
26098
27442
25962
27121
26627
25624
25644
27202
26352
26229
27373
26792
26638
27293
25458
26138
26753
27399
25550
26080
27649
25947
28053
26611
26143
26937
26834
26497
27595
26617
25889
26748
26239
25598
26424
26961
25733
25841
27251
27239
26497
27805
26907
26874
27455
25116
26967
27629
26059
26478
26064
25479
25795
27524
26896
26518
26716
27354
25762
25856
26370
26557
25865
26588
25567
25693
26778
27462
25626
28405
25423
26121
26995
26764
25939
26422
25512
26321
26366
26514
26339
27489
26819
26375
26479
27535
26544
26936
27047
26083
27400
27657
27088
25606
27841
27120
27346
24815
27269
27244
27800
26388
28199
26841
26939
27417
25584
25518
26590
27013
26849
26867
26157
26985
27431
26491
26587
26586
25734
26025
27868
26464
25642
26465
27412
26167
26247
26768
25481
27485
25886
27373
27316
26669
25894
26762
27620
25718
26443
26298
26757
27120
26681
27067
27468
26036
27848
27224
26565
27085
25442
26469
25008
27666
26666
26926
27240
26142
27328
26279
26728
26866
27695
25446
27180
26820
26415
25344
27006
27143
26080
27095
26370
26772
25299
26626
27818
25761
26974
26415
25983
26476
26466
26846
27224
25992
27482
26399
27584
28095
26887
25912
27186
28292
27176
26407
25888
26305
27066
25737
26853
26241
27488
28178
25883
27303
26593
27095
26496
26860
26565
27376
26176
28020
27661
26466
27186
27470
25818
27666
26134
26457
25103
26617
25624
26963
25949
26389
26343
26559
26849
26430
27443
26584
26988
26500
28356
27295
24885
26463
26346
25353
26956
26093
26768
26659
24582
26108
26858
27008
25916
26083
25704
26488
26585
26253
26988
26277
27697
27161
28155
25742
25606
27710
27210
25256
26386
26403
26270
26156
26905
26700
27059
26002
26773
26687
27422
26576
26274
25889
27487
25972
25363
26601
26065
27402
27405
25310
25879
26046
25779
25800
26373
26494
27451
26680
26532
26819
27246
4785
10107
10135
7612
8708
6139
3211
4326
1844
9546
5214
4590
9910
9106
7699
4977
3923
9424
2438
4416
4234
7462
7634
3072
450
4109
2902
3927
3365
7577
809
5254
7400
8093
81
9868
1900
4970
3777
2770
201
6177
5923
703
4861
6782
4680
8738
6180
5984
5790
6231
6533
3460
5754
700
8306
4329
9816
1445
9688
1403
8892
6266
5735
2517
4710
7228
2586
279
251
5640
9280
7749
1485
6018
1055
2112
2756
4592
9885
4129
8553
492
8356
1746
9999
4212
9426
2500
5446
4212
10006
3489
3928
6335
2211
1362
1684
6032
5428
3903
1623
1121
3153
10057
1151

