31678,3006,0
30460,1788,0
30600,1928,0
29427,755,0
31641,2969,0
29416,744,0
31550,2878,0
30074,1402,0
29897,1225,0
30940,2268,0
29905,1233,0
29757,1085,0
31880,3208,0
31881,3209,0
31243,2571,0
31351,2679,0
30755,2083,0
31013,2341,0
29733,1061,0
29695,1023,0
31015,2343,0
31695,3023,0
30130,1458,0
30361,1689,0
31876,3204,0
29988,1316,0
30389,1717,0
30961,2289,0
30599,1927,0
32704,4032,0
29237,565,0
31234,2562,0
31383,2711,0
32766,4094,0
29332,660,0
31950,3278,0
30064,1392,0
30849,2177,0
29490,818,0
30509,1837,0
29875,1203,0
31992,3320,0
32766,4094,0
29568,896,0
32292,3620,0
30892,2220,0
28843,171,0
31177,2505,0
30673,2001,0
32766,4094,0
31024,2352,0
30036,1364,0
29274,602,0
31561,2889,0
30897,2225,0
31667,2995,0
28673,1,0
31191,2519,0
29421,749,0
30251,1579,0
29967,1295,0
30901,2229,0
30617,1945,0
29594,922,0
29393,721,0
31841,3169,0
30243,1571,0
31080,2408,0
29471,799,0
31641,2969,0
31313,2641,0
30332,1660,0
30084,1412,0
30631,1959,0
31272,2600,0
30957,2285,0
30037,1365,0
30945,2273,0
32396,3724,0
32204,3532,0
31887,3215,0
30159,1487,0
30268,1596,0
31993,3321,0
30537,1865,0
31727,3055,0
31155,2483,0
31354,2682,0
31413,2741,0
29528,856,0
30670,1998,0
30702,2030,0
30958,2286,0
30355,1683,0
30692,2020,0
31873,3201,0
30415,1743,0
30197,1525,0
29818,1146,0
29148,476,0
32321,3649,0
30118,1446,0
32478,3806,0
29618,946,0
30661,1989,0
31370,2698,0
31959,3287,0
30950,2278,0
31238,2566,0
31688,3016,0
29606,934,0
31630,2958,0
31148,2476,0
31438,2766,0
31106,2434,0
29753,1081,0
30106,1434,0
31979,3307,0
29689,1017,0
30511,1839,0
30365,1693,0
29193,521,0
32158,3486,0
31400,2728,0
29063,391,0
31416,2744,0
31255,2583,0
30733,2061,0
31773,3101,0
29870,1198,0
31308,2636,0
31688,3016,0
30672,2000,0
32766,4094,0
29281,609,0
30147,1475,0
31110,2438,0
32766,4094,0
31647,2975,0
30194,1522,0
30873,2201,0
31305,2633,0
31098,2426,0
28673,1,0
29332,660,0
30877,2205,0
31202,2530,0
30118,1446,0
32030,3358,0
31008,2336,0
32766,4094,0
30926,2254,0
30560,1888,0
30655,1983,0
28673,1,0
31636,2964,0
29846,1174,0
31036,2364,0
30072,1400,0
29687,1015,0
30690,2018,0
31146,2474,0
30929,2257,0
30890,2218,0
32108,3436,0
30184,1512,0
29829,1157,0
31680,3008,0
31898,3226,0
29557,885,0
30279,1607,0
32231,3559,0
30676,2004,0
32149,3477,0
31359,2687,0
30563,1891,0
31564,2892,0
32369,3697,0
30049,1377,0
31834,3162,0
28694,22,0
29684,1012,0
32279,3607,0
30977,2305,0
30400,1728,0
29987,1315,0
30314,1642,0
29376,704,0
32174,3502,0
31349,2677,0
32275,3603,0
30755,2083,0
31256,2584,0
31006,2334,0
28796,124,0
30117,1445,0
31754,3082,0
30654,1982,0
30651,1979,0
29801,1129,0
31268,2596,0
30754,2082,0
31286,2614,0
31140,2468,0
31581,2909,0
32282,3610,0
29825,1153,0
31050,2378,0
28673,1,0
31657,2985,0
30599,1927,0
31766,3094,0
30845,2173,0
30253,1581,0
30369,1697,0
29353,681,0
31800,3128,0
30526,1854,0
31243,2571,0
29825,1153,0
29914,1242,0
32216,3544,0
30040,1368,0
31869,3197,0
31798,3126,0
31181,2509,0
30420,1748,0
29008,336,0
30022,1350,0
30118,1446,0
31387,2715,0
30691,2019,0
29409,737,0
30024,1352,0
29263,591,0
30700,2028,0
30104,1432,0
29286,614,0
32766,4094,0
30385,1713,0
31315,2643,0
30101,1429,0
28831,159,0
29218,546,0
29469,797,0
30351,1679,0
29448,776,0
29309,637,0
32362,3690,0
30240,1568,0
28673,1,0
32766,4094,0
30048,1376,0
28673,1,0
31167,2495,0
30984,2312,0
30514,1842,0
32766,4094,0
29757,1085,0
30825,2153,0
30367,1695,0
29724,1052,0
32103,3431,0
32051,3379,0
31976,3304,0
30893,2221,0
30040,1368,0
29904,1232,0
31459,2787,0
30333,1661,0
29707,1035,0
30387,1715,0
28673,1,0
30800,2128,0
30552,1880,0
31293,2621,0
31171,2499,0
31069,2397,0
31331,2659,0
29363,691,0
29826,1154,0
30220,1548,0
29852,1180,0
31090,2418,0
31226,2554,0
30575,1903,0
31638,2966,0
31738,3066,0
32275,3603,0
31301,2629,0
31608,2936,0
32766,4094,0
31631,2959,0
30628,1956,0
32371,3699,0
32766,4094,0
29928,1256,0
31486,2814,0
31663,2991,0
31412,2740,0
29597,925,0
29644,972,0
29469,797,0
31678,3006,0
31941,3269,0
30850,2178,0
29894,1222,0
30844,2172,0
30667,1995,0
32247,3575,0
30599,1927,0
31538,2866,0
31453,2781,0
29364,692,0
31203,2531,0
29188,516,0
30778,2106,0
30802,2130,0
29247,575,0
29161,489,0
29645,973,0
30934,2262,0
29414,742,0
30474,1802,0
30531,1859,0
29352,680,0
32766,4094,0
32695,4023,0
30609,1937,0
30840,2168,0
29914,1242,0
31374,2702,0
30269,1597,0
31991,3319,0
32766,4094,0
32574,3902,0
30159,1487,0
30272,1600,0
30444,1772,0
30020,1348,0
31369,2697,0
32683,4011,0
29210,538,0
30634,1962,0
31232,2560,0
32155,3483,0
30717,2045,0
30338,1666,0
30484,1812,0
31241,2569,0
31287,2615,0
30419,1747,0
29140,468,0
31263,2591,0
31879,3207,0
30799,2127,0
31371,2699,0
30571,1899,0
29843,1171,0
31741,3069,0
31299,2627,0
30094,1422,0
29632,960,0
30016,1344,0
29238,566,0
30289,1617,0
31080,2408,0
31408,2736,0
30737,2065,0
30372,1700,0
32005,3333,0
29790,1118,0
31246,2574,0
30250,1578,0
30049,1377,0
31673,3001,0
31344,2672,0
30011,1339,0
31138,2466,0
29736,1064,0
30914,2242,0
29608,936,0
29290,618,0
30750,2078,0
28673,1,0
30825,2153,0
29956,1284,0
29591,919,0
31335,2663,0
31057,2385,0
31108,2436,0
30506,1834,0
31531,2859,0
30885,2213,0
30326,1654,0
31207,2535,0
29915,1243,0
31007,2335,0
30533,1861,0
31163,2491,0
31199,2527,0
29392,720,0
30445,1773,0
31915,3243,0
29589,917,0
30344,1672,0
29933,1261,0
32262,3590,0
28874,202,0
30326,1654,0
30375,1703,0
28673,1,0
30830,2158,0
28673,1,0
31179,2507,0
31336,2664,0
31507,2835,0
30151,1479,0
30990,2318,0
30952,2280,0
29283,611,0
31550,2878,0
30692,2020,0
31547,2875,0
29904,1232,0
29293,621,0
29510,838,0
30552,1880,0
30773,2101,0
28673,1,0
31655,2983,0
31089,2417,0
31034,2362,0
31390,2718,0
30144,1472,0
31110,2438,0
29966,1294,0
31388,2716,0
30673,2001,0
31875,3203,0
28673,1,0
32166,3494,0
30165,1493,0
29975,1303,0
29859,1187,0
32183,3511,0
29598,926,0
30559,1887,0
30279,1607,0
30753,2081,0
30210,1538,0
31470,2798,0
30032,1360,0
30065,1393,0
31249,2577,0
29846,1174,0
31184,2512,0
30755,2083,0
30621,1949,0
31131,2459,0
30565,1893,0
29966,1294,0
29650,978,0
30097,1425,0
30481,1809,0
29912,1240,0
30665,1993,0
29077,405,0
31284,2612,0
31153,2481,0
31253,2581,0
31138,2466,0
31939,3267,0
31012,2340,0
30889,2217,0
30734,2062,0
30144,1472,0
32285,3613,0
31426,2754,0
30742,2070,0
30019,1347,0
32766,4094,0
30068,1396,0
29494,822,0
30092,1420,0
30951,2279,0
30389,1717,0
31385,2713,0
29531,859,0
29813,1141,0
31280,2608,0
31101,2429,0
30603,1931,0
28834,162,0
29895,1223,0
28753,81,0
32697,4025,0
29079,407,0
32460,3788,0
32725,4053,0
29767,1095,0
31699,3027,0
28673,1,0
31207,2535,0
31435,2763,0
31418,2746,0
32641,3969,0
31440,2768,0
32711,4039,0
30656,1984,0
30867,2195,0
29011,339,0
30892,2220,0
32037,3365,0
31270,2598,0
30861,2189,0
30315,1643,0
29959,1287,0
30143,1471,0
30330,1658,0
29786,1114,0
31709,3037,0
30070,1398,0
31302,2630,0
31955,3283,0
30378,1706,0
31580,2908,0
29094,422,0
31104,2432,0
31595,2923,0
30848,2176,0
29635,963,0
31390,2718,0
31552,2880,0
30296,1624,0
30060,1388,0
29292,620,0
30957,2285,0
31674,3002,0
32057,3385,0
31412,2740,0
31726,3054,0
28673,1,0
28969,297,0
31678,3006,0
28673,1,0
32140,3468,0
28673,1,0
32533,3861,0
30686,2014,0
30685,2013,0
28755,83,0
28673,1,0
31468,2796,0
29185,513,0
32268,3596,0
28882,210,0
31957,3285,0
32147,3475,0
31221,2549,0
29201,529,0
29171,499,0
30068,1396,0
32126,3454,0
30663,1991,0
31519,2847,0
30588,1916,0
30725,2053,0
31563,2891,0
29250,578,0
29092,420,0
31838,3166,0
29979,1307,0
29966,1294,0
30864,2192,0
29227,555,0
32766,4094,0
30376,1704,0
30137,1465,0
29108,436,0
30815,2143,0
30309,1637,0
30151,1479,0
29519,847,0
30403,1731,0
31585,2913,0
31147,2475,0
30832,2160,0
29212,540,0
31505,2833,0
30404,1732,0
30798,2126,0
30332,1660,0
32212,3540,0
31069,2397,0
29753,1081,0
30748,2076,0
30671,1999,0
30131,1459,0
30680,2008,0
29844,1172,0
30444,1772,0
31381,2709,0
30754,2082,0
32292,3620,0
31791,3119,0
31255,2583,0
29931,1259,0
29190,518,0
29655,983,0
29902,1230,0
29432,760,0
31108,2436,0
31512,2840,0
31573,2901,0
32535,3863,0
30660,1988,0
30328,1656,0
32766,4094,0
30186,1514,0
29855,1183,0
29909,1237,0
29618,946,0
30019,1347,0
29058,386,0
32083,3411,0
31382,2710,0
30487,1815,0
30510,1838,0
32666,3994,0
30535,1863,0
31075,2403,0
29807,1135,0
31295,2623,0
30818,2146,0
30994,2322,0
29861,1189,0
30378,1706,0
31538,2866,0
30497,1825,0
29994,1322,0
31136,2464,0
32352,3680,0
29666,994,0
29770,1098,0
30469,1797,0
30405,1733,0
31068,2396,0
30650,1978,0
29657,985,0
30027,1355,0
30866,2194,0
30247,1575,0
30206,1534,0
31884,3212,0
28673,1,0
30770,2098,0
29371,699,0
30763,2091,0
30570,1898,0
30283,1611,0
29430,758,0
32436,3764,0
32340,3668,0
30280,1608,0
31173,2501,0
30119,1447,0
30368,1696,0
32234,3562,0
30181,1509,0
30198,1526,0
31833,3161,0
30300,1628,0
31321,2649,0
29894,1222,0
31910,3238,0
31978,3306,0
31044,2372,0
30883,2211,0
31896,3224,0
30798,2126,0
30541,1869,0
31412,2740,0
30463,1791,0
30184,1512,0
28913,241,0
29765,1093,0
31911,3239,0
29908,1236,0
30930,2258,0
30159,1487,0
31492,2820,0
29489,817,0
30617,1945,0
29605,933,0
30045,1373,0
30122,1450,0
32602,3930,0
30442,1770,0
31144,2472,0
32072,3400,0
32090,3418,0
29815,1143,0
30941,2269,0
31437,2765,0
30614,1942,0
29484,812,0
30143,1471,0
30113,1441,0
31294,2622,0
29830,1158,0
31705,3033,0
30532,1860,0
29857,1185,0
31436,2764,0
30359,1687,0
31380,2708,0
31384,2712,0
30366,1694,0
30626,1954,0
32028,3356,0
30485,1813,0
30137,1465,0
29563,891,0
31432,2760,0
31202,2530,0
29274,602,0
31074,2402,0
31942,3270,0
30293,1621,0
28673,1,0
31294,2622,0
30560,1888,0
32096,3424,0
29975,1303,0
29882,1210,0
32353,3681,0
31689,3017,0
30151,1479,0
29997,1325,0
29596,924,0
30904,2232,0
30375,1703,0
30694,2022,0
30069,1397,0
28991,319,0
29497,825,0
31648,2976,0
32766,4094,0
31587,2915,0
30212,1540,0
30969,2297,0
28673,1,0
30889,2217,0
32262,3590,0
31517,2845,0
31230,2558,0
31204,2532,0
32041,3369,0
32012,3340,0
31625,2953,0
30833,2161,0
31577,2905,0
30933,2261,0
30569,1897,0
30448,1776,0
31452,2780,0
31100,2428,0
29989,1317,0
30114,1442,0
30016,1344,0
29441,769,0
31378,2706,0
31035,2363,0
32766,4094,0
30054,1382,0
31404,2732,0
30980,2308,0
31695,3023,0
32766,4094,0
30427,1755,0
30633,1961,0
30148,1476,0
29260,588,0
30338,1666,0
29000,328,0
32055,3383,0
28744,72,0
29205,533,0
29958,1286,0
29653,981,0
30816,2144,0
30892,2220,0
29645,973,0
29544,872,0
30619,1947,0
30608,1936,0
30555,1883,0
28673,1,0
32143,3471,0
30398,1726,0
31165,2493,0
30120,1448,0
31336,2664,0
30540,1868,0
31397,2725,0
31580,2908,0
30499,1827,0
30600,1928,0
31722,3050,0
30428,1756,0
28673,1,0
31446,2774,0
30387,1715,0
31214,2542,0
30342,1670,0
31637,2965,0
28673,1,0
30346,1674,0
29798,1126,0
31578,2906,0
29371,699,0
29554,882,0
31734,3062,0
30796,2124,0
30786,2114,0
30217,1545,0
31953,3281,0
30148,1476,0
30821,2149,0
29430,758,0
31032,2360,0
30785,2113,0
31365,2693,0
29869,1197,0
30731,2059,0
31368,2696,0
29978,1306,0
31164,2492,0
29373,701,0
30776,2104,0
31754,3082,0
30850,2178,0
29781,1109,0
30980,2308,0
29584,912,0
30079,1407,0
31707,3035,0
30348,1676,0
30393,1721,0
30056,1384,0
30973,2301,0
31098,2426,0
31076,2404,0
29842,1170,0
30747,2075,0
28673,1,0
30838,2166,0
32476,3804,0
31032,2360,0
30891,2219,0
30270,1598,0
28767,95,0
30903,2231,0
29958,1286,0
30094,1422,0
29420,748,0
31967,3295,0
31262,2590,0
30750,2078,0
31680,3008,0
31027,2355,0
32766,4094,0
31281,2609,0
30100,1428,0
30989,2317,0
31072,2400,0
31849,3177,0
31322,2650,0
30857,2185,0
31646,2974,0
29479,807,0
32068,3396,0
29427,755,0
31503,2831,0
31298,2626,0
30096,1424,0
29600,928,0
29739,1067,0
32414,3742,0
31391,2719,0
31074,2402,0
32074,3402,0
30462,1790,0
30355,1683,0
30664,1992,0
29161,489,0
31688,3016,0
31321,2649,0
31125,2453,0
31289,2617,0
32005,3333,0
29620,948,0
30544,1872,0
30025,1353,0
30195,1523,0
30998,2326,0
31698,3026,0
31050,2378,0
30039,1367,0
30308,1636,0
31346,2674,0
30038,1366,0
30394,1722,0
31905,3233,0
30337,1665,0
30838,2166,0
31729,3057,0
31610,2938,0
30852,2180,0
30969,2297,0
31010,2338,0
32380,3708,0
32149,3477,0
29186,514,0
31137,2465,0
29803,1131,0
30579,1907,0
30727,2055,0
30719,2047,0
31082,2410,0
30466,1794,0
32033,3361,0
29031,359,0
31428,2756,0
32418,3746,0
30188,1516,0
28673,1,0
29786,1114,0
28995,323,0
30690,2018,0
29796,1124,0
30488,1816,0
31295,2623,0
29601,929,0
32288,3616,0
30076,1404,0
31671,2999,0
30545,1873,0
32273,3601,0
31325,2653,0
31753,3081,0
30827,2155,0
30784,2112,0
30682,2010,0
32241,3569,0
28673,1,0
29851,1179,0
31458,2786,0
29648,976,0
32766,4094,0
31343,2671,0
30238,1566,0
30901,2229,0
31070,2398,0
30219,1547,0
28999,327,0
32159,3487,0
31944,3272,0
32330,3658,0
28673,1,0
29772,1100,0
31512,2840,0
30630,1958,0
30700,2028,0
28673,1,0
30859,2187,0
30213,1541,0
31288,2616,0
32766,4094,0
31741,3069,0
30414,1742,0
31156,2484,0
31374,2702,0
30847,2175,0
31791,3119,0
31392,2720,0
30188,1516,0
29418,746,0
31069,2397,0
29480,808,0
31271,2599,0
30772,2100,0
31145,2473,0
31085,2413,0
30584,1912,0
31709,3037,0
31334,2662,0
31911,3239,0
32120,3448,0
28673,1,0
30982,2310,0
32205,3533,0
31918,3246,0
31547,2875,0
31610,2938,0
30622,1950,0
29168,496,0
32243,3571,0
32219,3547,0
32501,3829,0
30593,1921,0
30606,1934,0
29585,913,0
30777,2105,0
30253,1581,0
30586,1914,0
30583,1911,0
31702,3030,0
30944,2272,0
30089,1417,0
29983,1311,0
30599,1927,0
31050,2378,0
31600,2928,0
29889,1217,0
30736,2064,0
30519,1847,0
29572,900,0
30849,2177,0
30728,2056,0
30591,1919,0
30828,2156,0
31906,3234,0
29979,1307,0
28673,1,0
28673,1,0
30844,2172,0
31458,2786,0
29992,1320,0
31411,2739,0
30835,2163,0
30883,2211,0
31675,3003,0
30744,2072,0
30531,1859,0
30565,1893,0
30809,2137,0
29228,556,0
31474,2802,0
30894,2222,0
30081,1409,0
30869,2197,0
31585,2913,0
30457,1785,0
30689,2017,0
29092,420,0
30294,1622,0
31182,2510,0
30405,1733,0
32100,3428,0
30007,1335,0
31253,2581,0
29791,1119,0
30590,1918,0
29973,1301,0
31480,2808,0
30474,1802,0
30927,2255,0
30257,1585,0
30006,1334,0
30483,1811,0
30540,1868,0
31558,2886,0
28673,1,0
31330,2658,0
30276,1604,0
32524,3852,0
28774,102,0
29778,1106,0
29693,1021,0
31758,3086,0
29858,1186,0
31015,2343,0
30915,2243,0
31530,2858,0
29504,832,0
31303,2631,0
30244,1572,0
31450,2778,0
29560,888,0
29833,1161,0
28673,1,0
31053,2381,0
30816,2144,0
29149,477,0
29642,970,0
31581,2909,0
31104,2432,0
32642,3970,0
29986,1314,0
30448,1776,0
30790,2118,0
30312,1640,0
30963,2291,0
31792,3120,0
28673,1,0
29914,1242,0
29327,655,0
32358,3686,0
29812,1140,0
31284,2612,0
29124,452,0
29940,1268,0
30379,1707,0
32537,3865,0
30651,1979,0
31902,3230,0
30697,2025,0
30431,1759,0
29908,1236,0
31219,2547,0
30831,2159,0
30520,1848,0
31585,2913,0
29709,1037,0
29918,1246,0
30934,2262,0
31958,3286,0
31340,2668,0
31990,3318,0
30757,2085,0
28710,38,0
31136,2464,0
29912,1240,0
28862,190,0
32220,3548,0
29865,1193,0
32578,3906,0
30261,1589,0
29847,1175,0
31970,3298,0
30839,2167,0
30207,1535,0
30535,1863,0
29975,1303,0
31888,3216,0
29195,523,0
29526,854,0
31790,3118,0
29051,379,0
30678,2006,0
30301,1629,0
30453,1781,0
32022,3350,0
29959,1287,0
30986,2314,0
30653,1981,0
29011,339,0
31077,2405,0
30191,1519,0
29949,1277,0
31085,2413,0
30722,2050,0
32161,3489,0
29787,1115,0
28824,152,0
29900,1228,0
31317,2645,0
30511,1839,0
30463,1791,0
31160,2488,0
31445,2773,0
30620,1948,0
31087,2415,0
29939,1267,0
32619,3947,0
31240,2568,0
30806,2134,0
31780,3108,0
28673,1,0
32682,4010,0
31008,2336,0
29799,1127,0
28673,1,0
31297,2625,0
30049,1377,0
30936,2264,0
29554,882,0
30600,1928,0
31812,3140,0
31107,2435,0
31462,2790,0
32766,4094,0
30100,1428,0
29790,1118,0
30104,1432,0
30793,2121,0
30836,2164,0
31160,2488,0
31374,2702,0
30639,1967,0
31861,3189,0
30932,2260,0
31111,2439,0
31178,2506,0
29341,669,0
31814,3142,0
30489,1817,0
31143,2471,0
30053,1381,0
31888,3216,0
31734,3062,0
30652,1980,0
32369,3697,0
29926,1254,0
30897,2225,0
30652,1980,0
32115,3443,0
29807,1135,0
31107,2435,0
29855,1183,0
30671,1999,0
30847,2175,0
30488,1816,0
31522,2850,0
30168,1496,0
31365,2693,0
31619,2947,0
30655,1983,0
30105,1433,0
29842,1170,0
30815,2143,0
32669,3997,0
30241,1569,0
31061,2389,0
30254,1582,0
31606,2934,0
30213,1541,0
29846,1174,0
29985,1313,0
31851,3179,0
29871,1199,0
32209,3537,0
30870,2198,0
29949,1277,0
29669,997,0
30782,2110,0
30664,1992,0
30668,1996,0
31917,3245,0
32343,3671,0
32525,3853,0
30409,1737,0
32761,4089,0
32488,3816,0
29786,1114,0
30203,1531,0
30155,1483,0
31229,2557,0
31448,2776,0
30780,2108,0
32720,4048,0
29476,804,0
30417,1745,0
29084,412,0
29429,757,0
30162,1490,0
28868,196,0
29411,739,0
32484,3812,0
28673,1,0
31092,2420,0
32277,3605,0
31743,3071,0
30860,2188,0
32168,3496,0
29970,1298,0
30502,1830,0
28673,1,0
30747,2075,0
31142,2470,0
30952,2280,0
31364,2692,0
31362,2690,0
30275,1603,0
30051,1379,0
31128,2456,0
30896,2224,0
30622,1950,0
32319,3647,0
31299,2627,0
30969,2297,0
28915,243,0
30689,2017,0
32283,3611,0
31274,2602,0
30640,1968,0
30710,2038,0
30493,1821,0
30276,1604,0
30726,2054,0
30354,1682,0
30856,2184,0
30373,1701,0
31490,2818,0
31365,2693,0
29474,802,0
29900,1228,0
30604,1932,0
32726,4054,0
31495,2823,0
31961,3289,0
31479,2807,0
31137,2465,0
32766,4094,0
30721,2049,0
30116,1444,0
32296,3624,0
29346,674,0
32606,3934,0
30250,1578,0
29178,506,0
32195,3523,0
31343,2671,0
32036,3364,0
30038,1366,0
29932,1260,0
30844,2172,0
29405,733,0
30876,2204,0
29025,353,0
31112,2440,0
29754,1082,0
29715,1043,0
30636,1964,0
28673,1,0
30925,2253,0
30534,1862,0
30941,2269,0
31247,2575,0
28673,1,0
29063,391,0
30600,1928,0
29092,420,0
31758,3086,0
29426,754,0
29339,667,0
29467,795,0
30269,1597,0
29757,1085,0
29731,1059,0
30692,2020,0
30008,1336,0
30675,2003,0
32346,3674,0
30990,2318,0
31822,3150,0
28920,248,0
30610,1938,0
29809,1137,0
31735,3063,0
30377,1705,0
30227,1555,0
32118,3446,0
32687,4015,0
30563,1891,0
30709,2037,0
29969,1297,0
30683,2011,0
30961,2289,0
30248,1576,0
29575,903,0
30925,2253,0
28718,46,0
31784,3112,0
30528,1856,0
29625,953,0
32710,4038,0
28673,1,0
31550,2878,0
31780,3108,0
31212,2540,0
32766,4094,0
31050,2378,0
32766,4094,0
31297,2625,0
29119,447,0
30571,1899,0
31224,2552,0
30801,2129,0
32270,3598,0
31186,2514,0
31133,2461,0
31884,3212,0
30531,1859,0
31006,2334,0
32478,3806,0
32139,3467,0
30951,2279,0
31288,2616,0
31418,2746,0
30312,1640,0
30733,2061,0
32273,3601,0
30023,1351,0
30663,1991,0
28673,1,0
32125,3453,0
28803,131,0
30408,1736,0
30675,2003,0
30873,2201,0
31927,3255,0
29673,1001,0
31954,3282,0
31680,3008,0
31499,2827,0
30973,2301,0
29892,1220,0
29479,807,0
30806,2134,0
30290,1618,0
31918,3246,0
30778,2106,0
32097,3425,0
32161,3489,0
30118,1446,0
30244,1572,0
30688,2016,0
31701,3029,0
30160,1488,0
32766,4094,0
28673,1,0
29926,1254,0
31148,2476,0
31356,2684,0
31829,3157,0
29895,1223,0
29896,1224,0
32766,4094,0
31137,2465,0
29941,1269,0
30794,2122,0
31204,2532,0
30533,1861,0
32351,3679,0
30192,1520,0
30189,1517,0
31094,2422,0
30371,1699,0
32415,3743,0
30180,1508,0
28967,295,0
30056,1384,0
30157,1485,0
29232,560,0
30190,1518,0
31590,2918,0
30455,1783,0
31095,2423,0
30649,1977,0
31798,3126,0
31900,3228,0
31483,2811,0
31405,2733,0
28869,197,0
29509,837,0
31718,3046,0
29484,812,0
28673,1,0
30884,2212,0
29810,1138,0
31904,3232,0
31420,2748,0
29322,650,0
32301,3629,0
31329,2657,0
30263,1591,0
29577,905,0
30450,1778,0
30507,1835,0
29950,1278,0
30304,1632,0
31549,2877,0
30124,1452,0
32700,4028,0
29621,949,0
28673,1,0
31021,2349,0
32254,3582,0
30051,1379,0
30605,1933,0
30306,1634,0
29616,944,0
29605,933,0
29899,1227,0
30988,2316,0
30994,2322,0
31230,2558,0
30314,1642,0
30535,1863,0
30247,1575,0
32119,3447,0
31344,2672,0
31175,2503,0
32033,3361,0
29420,748,0
30414,1742,0
30845,2173,0
30743,2071,0
31165,2493,0
30642,1970,0
29428,756,0
30822,2150,0
29164,492,0
29896,1224,0
30537,1865,0
31870,3198,0
31785,3113,0
31271,2599,0
31206,2534,0
31011,2339,0
31002,2330,0
29985,1313,0
28673,1,0
32075,3403,0
32338,3666,0
30642,1970,0
30515,1843,0
32319,3647,0
31717,3045,0
31691,3019,0
30975,2303,0
30616,1944,0
30717,2045,0
31580,2908,0
30190,1518,0
29844,1172,0
29497,825,0
29995,1323,0
32766,4094,0
29714,1042,0
31227,2555,0
31558,2886,0
30863,2191,0
29914,1242,0
29989,1317,0
30454,1782,0
31739,3067,0
31997,3325,0
30409,1737,0
32430,3758,0
31704,3032,0
29165,493,0
31223,2551,0
30965,2293,0
29378,706,0
31028,2356,0
29643,971,0
30284,1612,0
29928,1256,0
30593,1921,0
31352,2680,0
32114,3442,0
31681,3009,0
29294,622,0
30889,2217,0
31073,2401,0
30948,2276,0
29755,1083,0
30949,2277,0
30590,1918,0
31717,3045,0
31390,2718,0
29263,591,0
29903,1231,0
28673,1,0
29518,846,0
30676,2004,0
30998,2326,0
31756,3084,0
30289,1617,0
30265,1593,0
32766,4094,0
32270,3598,0
31992,3320,0
30054,1382,0
31257,2585,0
28684,12,0
31280,2608,0
30219,1547,0
31608,2936,0
30947,2275,0
31183,2511,0
30859,2187,0
31736,3064,0
30098,1426,0
29629,957,0
31636,2964,0
31283,2611,0
30039,1367,0
30549,1877,0
31392,2720,0
31667,2995,0
30295,1623,0
29952,1280,0
32165,3493,0
31100,2428,0
28673,1,0
30510,1838,0
28711,39,0
30384,1712,0
28673,1,0
30171,1499,0
30989,2317,0
30239,1567,0
31065,2393,0
31747,3075,0
28938,266,0
30735,2063,0
29960,1288,0
32454,3782,0
30907,2235,0
30936,2264,0
29038,366,0
29719,1047,0
29459,787,0
31632,2960,0
31178,2506,0
29825,1153,0
30307,1635,0
30702,2030,0
31061,2389,0
31515,2843,0
30789,2117,0
29638,966,0
28673,1,0
31035,2363,0
28764,92,0
31179,2507,0
31250,2578,0
29205,533,0
30716,2044,0
29717,1045,0
30915,2243,0
30788,2116,0
30534,1862,0
32516,3844,0
30964,2292,0
30866,2194,0
30751,2079,0
31263,2591,0
29897,1225,0
31867,3195,0
30891,2219,0
28714,42,0
30833,2161,0
30525,1853,0
29620,948,0
30509,1837,0
30920,2248,0
29768,1096,0
30655,1983,0
30161,1489,0
29647,975,0
31689,3017,0
32766,4094,0
30139,1467,0
31134,2462,0
32553,3881,0
30519,1847,0
31215,2543,0
30256,1584,0
32572,3900,0
30302,1630,0
30543,1871,0
30792,2120,0
32766,4094,0
31852,3180,0
29448,776,0
30710,2038,0
32244,3572,0
31310,2638,0
30643,1971,0
32033,3361,0
28673,1,0
30287,1615,0
30353,1681,0
30357,1685,0
31999,3327,0
31321,2649,0
31034,2362,0
31017,2345,0
29663,991,0
31127,2455,0
30791,2119,0
29644,972,0
31937,3265,0
29974,1302,0
28941,269,0
31017,2345,0
31759,3087,0
29738,1066,0
31953,3281,0
29505,833,0
31509,2837,0
32766,4094,0
31269,2597,0
30838,2166,0
30754,2082,0
31249,2577,0
32274,3602,0
29944,1272,0
32054,3382,0
30371,1699,0
32382,3710,0
29566,894,0
31312,2640,0
32473,3801,0
29101,429,0
30106,1434,0
30729,2057,0
30881,2209,0
30213,1541,0
31792,3120,0
28673,1,0
31878,3206,0
29687,1015,0
31348,2676,0
29834,1162,0
28673,1,0
30162,1490,0
30435,1763,0
29766,1094,0
30270,1598,0
30923,2251,0
29344,672,0
30906,2234,0
31444,2772,0
30858,2186,0
30931,2259,0
29100,428,0
31511,2839,0
31885,3213,0
31093,2421,0
31356,2684,0
30744,2072,0
31434,2762,0
29920,1248,0
31490,2818,0
29171,499,0
29778,1106,0
32766,4094,0
30588,1916,0
31548,2876,0
30876,2204,0
30736,2064,0
29901,1229,0
30822,2150,0
30365,1693,0
31104,2432,0
29869,1197,0
31141,2469,0
29985,1313,0
28673,1,0
31945,3273,0
31781,3109,0
31108,2436,0
31104,2432,0
31014,2342,0
30575,1903,0
30900,2228,0
31890,3218,0
31830,3158,0
30607,1935,0
28673,1,0
30490,1818,0
31747,3075,0
31289,2617,0
29658,986,0
30235,1563,0
30609,1937,0
32381,3709,0
32649,3977,0
30558,1886,0
32174,3502,0
30615,1943,0
30523,1851,0
30970,2298,0
29949,1277,0
30673,2001,0
30345,1673,0
32202,3530,0
31039,2367,0
30935,2263,0
31896,3224,0
28673,1,0
31200,2528,0
31816,3144,0
30660,1988,0
30723,2051,0
32124,3452,0
30015,1343,0
31106,2434,0
30648,1976,0
30062,1390,0
30238,1566,0
32435,3763,0
30519,1847,0
29010,338,0
30597,1925,0
30478,1806,0
30690,2018,0
29897,1225,0
29619,947,0
31236,2564,0
29816,1144,0
32766,4094,0
29964,1292,0
31120,2448,0
29621,949,0
30796,2124,0
30205,1533,0
32514,3842,0
31245,2573,0
29759,1087,0
30914,2242,0
31324,2652,0
28673,1,0
28673,1,0
29641,969,0
29121,449,0
32111,3439,0
31274,2602,0
31252,2580,0
32766,4094,0
29726,1054,0
30869,2197,0
30412,1740,0
29847,1175,0
30588,1916,0
30414,1742,0
31461,2789,0
31125,2453,0
32387,3715,0
31125,2453,0
30898,2226,0
29789,1117,0
29224,552,0
29292,620,0
31469,2797,0
32126,3454,0
30575,1903,0
30540,1868,0
31560,2888,0
29827,1155,0
31697,3025,0
29316,644,0
30837,2165,0
32336,3664,0
32061,3389,0
31367,2695,0
29667,995,0
30322,1650,0
31987,3315,0
30011,1339,0
30496,1824,0
30396,1724,0
29555,883,0
30903,2231,0
32066,3394,0
30386,1714,0
29826,1154,0
31253,2581,0
32592,3920,0
29932,1260,0
30065,1393,0
31908,3236,0
30684,2012,0
32705,4033,0
29916,1244,0
30648,1976,0
30987,2315,0
30489,1817,0
28848,176,0
32368,3696,0
29333,661,0
30717,2045,0
31372,2700,0
32180,3508,0
31228,2556,0
29927,1255,0
30593,1921,0
30678,2006,0
30716,2044,0
29543,871,0
29313,641,0
30357,1685,0
31335,2663,0
29081,409,0
30265,1593,0
31169,2497,0
32256,3584,0
29876,1204,0
29366,694,0
28673,1,0
31577,2905,0
31515,2843,0
30476,1804,0
31164,2492,0
31915,3243,0
29462,790,0
29666,994,0
29892,1220,0
31666,2994,0
30979,2307,0
31399,2727,0
32251,3579,0
31056,2384,0
30064,1392,0
28764,92,0
29684,1012,0
30476,1804,0
29594,922,0
28842,170,0
31779,3107,0
30293,1621,0
31476,2804,0
29477,805,0
30973,2301,0
31726,3054,0
29903,1231,0
31006,2334,0
28673,1,0
32488,3816,0
31453,2781,0
30254,1582,0
31292,2620,0
29768,1096,0
30655,1983,0
30549,1877,0
29901,1229,0
28673,1,0
30645,1973,0
30773,2101,0
29346,674,0
31941,3269,0
30511,1839,0
31491,2819,0
30376,1704,0
29679,1007,0
32118,3446,0
29927,1255,0
31396,2724,0
30996,2324,0
32147,3475,0
31326,2654,0
28673,1,0
31835,3163,0
30534,1862,0
31120,2448,0
32319,3647,0
32100,3428,0
30251,1579,0
31659,2987,0
30966,2294,0
31661,2989,0
30077,1405,0
30424,1752,0
30407,1735,0
30316,1644,0
29207,535,0
30896,2224,0
30460,1788,0
31982,3310,0
29951,1279,0
32184,3512,0
30467,1795,0
28673,1,0
31392,2720,0
31570,2898,0
29219,547,0
32173,3501,0
31048,2376,0
30737,2065,0
31005,2333,0
30212,1540,0
31762,3090,0
30085,1413,0
31383,2711,0
30593,1921,0
30545,1873,0
30402,1730,0
30598,1926,0
32051,3379,0
31012,2340,0
31373,2701,0
29849,1177,0
29958,1286,0
32745,4073,0
30763,2091,0
31041,2369,0
31356,2684,0
30834,2162,0
32696,4024,0
29875,1203,0
30317,1645,0
31183,2511,0
30127,1455,0
30619,1947,0
30906,2234,0
31168,2496,0
28673,1,0
32090,3418,0
30993,2321,0
31344,2672,0
32766,4094,0
30890,2218,0
30199,1527,0
31905,3233,0
32766,4094,0
31146,2474,0
30553,1881,0
30310,1638,0
30887,2215,0
29646,974,0
30327,1655,0
30199,1527,0
29922,1250,0
29902,1230,0
30215,1543,0
31277,2605,0
32440,3768,0
30898,2226,0
31040,2368,0
29725,1053,0
30415,1743,0
29890,1218,0
30158,1486,0
32283,3611,0
30181,1509,0
31164,2492,0
31231,2559,0
30062,1390,0
32766,4094,0
29471,799,0
28693,21,0
30053,1381,0
29204,532,0
31864,3192,0
32158,3486,0
31666,2994,0
30355,1683,0
28673,1,0
29509,837,0
31771,3099,0
29066,394,0
32173,3501,0
30955,2283,0
31255,2583,0
31483,2811,0
29894,1222,0
31081,2409,0
31180,2508,0
30223,1551,0
30341,1669,0
29612,940,0
30487,1815,0
30983,2311,0
28936,264,0
30377,1705,0
31284,2612,0
30898,2226,0
32104,3432,0
31160,2488,0
30453,1781,0
31335,2663,0
30623,1951,0
30634,1962,0
30074,1402,0
28928,256,0
30455,1783,0
31678,3006,0
29220,548,0
30582,1910,0
29126,454,0
29561,889,0
30634,1962,0
30716,2044,0
29930,1258,0
31890,3218,0
30724,2052,0
31623,2951,0
29237,565,0
30091,1419,0
30519,1847,0
31588,2916,0
28673,1,0
31716,3044,0
30258,1586,0
32766,4094,0
31272,2600,0
31708,3036,0
31683,3011,0
30653,1981,0
31592,2920,0
29828,1156,0
32032,3360,0
31914,3242,0
32157,3485,0
30352,1680,0
31148,2476,0
31183,2511,0
30180,1508,0
30502,1830,0
31246,2574,0
30306,1634,0
31013,2341,0
31864,3192,0
32766,4094,0
28896,224,0
31238,2566,0
30239,1567,0
30598,1926,0
31290,2618,0
31010,2338,0
29888,1216,0
30029,1357,0
30332,1660,0
31567,2895,0
29994,1322,0
30657,1985,0
30895,2223,0
30024,1352,0
31453,2781,0
31812,3140,0
31674,3002,0
30815,2143,0
31254,2582,0
31756,3084,0
31028,2356,0
31479,2807,0
30317,1645,0
30660,1988,0
32404,3732,0
31616,2944,0
29114,442,0
30733,2061,0
31075,2403,0
31931,3259,0
32432,3760,0
30926,2254,0
32732,4060,0
29794,1122,0
31984,3312,0
31003,2331,0
31096,2424,0
32151,3479,0
29247,575,0
32632,3960,0
32583,3911,0
29717,1045,0
31308,2636,0
30097,1425,0
31766,3094,0
31799,3127,0
31126,2454,0
30096,1424,0
30997,2325,0
31681,3009,0
30904,2232,0
28673,1,0
31842,3170,0
30617,1945,0
29766,1094,0
29235,563,0
30052,1380,0
31636,2964,0
30102,1430,0
31114,2442,0
29933,1261,0
29923,1251,0
32177,3505,0
31518,2846,0
31881,3209,0
30711,2039,0
31181,2509,0
31322,2650,0
30518,1846,0
32218,3546,0
30270,1598,0
30808,2136,0
30737,2065,0
31832,3160,0
30738,2066,0
29945,1273,0
30778,2106,0
31222,2550,0
31295,2623,0
30567,1895,0
30124,1452,0
31990,3318,0
30262,1590,0
30580,1908,0
30140,1468,0
31291,2619,0
29068,396,0
28716,44,0
32348,3676,0
29037,365,0
29996,1324,0
31359,2687,0
31593,2921,0
32446,3774,0
29934,1262,0
30509,1837,0
31385,2713,0
31941,3269,0
29508,836,0
31286,2614,0
30637,1965,0
31535,2863,0
31358,2686,0
31440,2768,0
32091,3419,0
30740,2068,0
30819,2147,0
28673,1,0
30801,2129,0
30476,1804,0
29519,847,0
31853,3181,0
30877,2205,0
30112,1440,0
