9885
11355
10978
9395
10495
10274
11245
11415
9876
9880
10939
10129
9841
9890
10290
9849
10338
10507
10322
10518
10505
10577
9338
9517
10917
9628
9752
10646
11542
9648
9715
10212
10051
9716
10753
9924
10416
9834
9545
10543
9998
10245
10943
10635
10784
8193
9181
10476
9441
10620
9512
9305
9808
9324
9888
10254
10881
10010
11098
11086
8770
10760
9762
9960
9577
10776
10257
11203
9889
11369
10330
11569
10016
9502
9424
9946
10530
9293
10310
10386
9800
9759
10261
10630
9315
10944
9028
9663
10908
10294
8744
10453
10422
9229
10764
11346
10848
10134
10782
9778
10212
11049
9073
9751
9850
10264
10148
9882
9578
10479
10016
11068
9042
10256
9392
9845
10585
10082
9334
9201
9993
10704
10123
9625
10703
10832
9709
9863
10954
9484
10258
9989
10052
10174
8537
9549
9202
10658
10354
9452
10623
9533
10633
9497
11907
9445
9332
9767
10994
8556
10171
10782
9303
10120
9918
11102
10378
11185
9244
10880
10626
10656
10929
9813
10132
9294
10184
9044
10325
10311
10645
10147
10921
11262
9311
10445
10409
10020
11393
10182
9817
11252
9930
11106
10075
12232
10644
9491
11518
10362
10489
10729
9394
10415
10234
11095
10204
8842
10887
10057
10091
9786
10721
9308
9771
10702
9994
11084
9546
9576
10329
9773
10655
10389
10022
10995
10232
10674
10611
9693
9584
11126
10785
9333
10015
9725
10278
9852
10066
9397
9962
10555
9962
9272
10534
10541
10417
10692
10031
10988
10266
10398
10830
10138
9752
11128
9892
10148
10013
10047
10872
10670
10085
11574
10110
10222
10132
11215
10978
10421
10386
10451
9017
11242
8789
10412
10284
10545
11573
10486
10540
10297
11004
10162
10920
11655
10290
10255
10331
10053
10335
11009
9705
10145
9481
11161
9797
11265
10167
10852
10666
10850
10632
11472
9601
9209
11000
10821
10204
9999
9295
10316
11190
11726
10718
10764
10679
10700
10262
9971
9757
9524
9645
10112
10143
10159
10006
10133
11556
10280
11455
10272
9639
10695
11047
10329
9342
10031
9158
10322
10514
10521
10017
9788
10765
9608
10286
10116
9685
10196
11452
10236
9567
9977
10400
10893
10052
9659
10223
10073
10303
9113
9481
10074
10106
9491
10656
10294
9814
9952
10686
9829
8990
9813
10750
11529
9564
10497
8193
11069
11310
10810
8701
10156
11130
9091
11324
10680
9205
10766
11166
10257
9068
10597
9598
10104
9323
9857
10286
9654
9846
10163
9603
10645
10530
9541
10239
10304
11166
9812
10406
11083
10847
9904
10882
10765
9433
9966
11091
11157
10259
10218
9150
9764
10568
9843
10585
9532
10137
9794
10663
9258
9996
9794
11051
10507
10486
10276
9166
10026
10966
10375
11525
9658
9838
11785
10757
11334
9951
9509
11175
10284
9234
11281
8953
9804
9875
10637
9771
10917
9968
10570
10647
10270
10176
10151
9906
9795
8929
9564
8750
9971
11173
11244
9367
9739
10264
9361
11533
9586
11033
10811
11115
11312
10080
10350
9856
9408
9988
9886
9587
11272
10743
10995
10678
9772
10912
9759
10079
9792
10643
11053
9192
9399
9310
10217
9913
10078
9721
9465
10698
10920
10352
8545
9846
10092
10335
9253
10866
12281
10295
11310
10371
9984
9575
9942
10223
10334
9170
10573
10824
11250
11081
11059
10626
9557
10538
10087
9655
9507
9795
10502
11165
10857
9405
11597
9224
10991
10146
10335
10267
9440
10102
8898
9825
10135
11074
10103
10656
10505
11107
9834
10545
10886
9703
9595
9869
10161
10371
10860
9769
10886
11162
10794
10928
10742
9555
11599
10701
10902
9962
10829
10868
9601
10722
9526
9055
10110
10057
9080
10085
10535
9775
10715
10220
9535
10653
11007
10613
9491
10887
9731
10980
10675
10258
9825
10836
11964
11679
10056
10105
10964
9179
10961
11269
11460
8934
10604
10864
10494
9781
8855
10183
11150
9637
10121
11342
10288
10539
11335
10003
9852
10176
9478
9998
10417
10584
9733
10153
10275
10321
10155
10270
9608
9859
9789
9548
11498
9367
10321
10316
9453
10929
8929
10472
10574
11327
9458
10288
9771
10312
10493
11728
8695
10452
10395
8974
9318
9530
9202
10115
10454
10117
9607
9457
11316
10776
11101
9182
9725
9741
8547
11956
10611
10142
10201
10688
10596
9361
10351
10015
11048
10861
10466
10503
9294
10111
9731
10228
10455
10232
9334
10565
10110
9275
9235
10304
10082
10902
9509
9777
9934
9899
10238
11480
10075
10788
9798
10459
10194
11474
10618
11912
10081
10767
9829
11379
9706
10485
9353
9957
9013
9684
10960
9918
9774
9711
10471
11129
9463
10137
11284
10337
9644
9493
10711
9596
11399
9658
9154
9326
9408
11748
10399
9586
11103
10606
10670
9658
10236
10372
10623
11502
10322
9536
9920
10089
10865
10007
10900
9805
10487
10745
9619
11407
10787
9629
11156
10058
9837
10305
10238
9913
10916
9758
8910
10838
10233
10930
10822
10238
10356
9426
10168
10344
10793
9940
9405
10541
9563
10977
10246
9103
8899
9679
10375
9835
10621
9459
10908
9518
11026
10713
10625
10926
10413
9880
10966
10167
9890
9323
10397
12116
10133
10396
9538
12052
10322
10561
10459
9760
8822
10166
9349
10750
10161
9962
11874
10191
9988
10275
10349
9946
9706
10701
9159
10485
9468
10233
9734
9282
9735
10706
9050
11230
10680
9924
9623
11134
8870
11147
11701
9516
8987
9422
10058
10440
10205
11431
10702
10107
11103
11029
9571
11271
10888
11219
11217
10261
10948
9357
10420
10252
10276
10649
8791
9573
10761
11503
8837
10017
8713
9910
9904
11138
10566
9410
11130
10415
11020
10378
8939
10384
10451
10471
9992
10748
10021
8193
10914
9574
9818
10436
10409
12012
10469
10393
10257
8897
10078
9720
11192
10319
10649
9571
9160
9670
10813
9991
10580
10088
10025
10013
10450
9615
10591
8938
10109
10181
10367
9962
9823
9288
9966
9150
10282
10634
10344
10241
9933
10276
11420
11233
11881
9253
10705
10379
9999
11332
10637
9409
10616
10214
10997
11128
9675
10412
9271
9553
10733
10232
8953
11549
11427
8916
10642
9948
9895
9590
9580
9897
11918
9935
10963
10507
9785
9603
9239
9792
9741
9225
10353
9903
8944
11343
10307
9202
10284
11400
11034
10589
11317
10358
10006
10812
10568
9462
10015
9541
10144
9838
10405
10614
9948
10752
8970
9313
9786
10345
10051
10063
10834
9675
10557
11517
9330
9803
11266
9739
9625
10943
10261
8617
9208
9257
10455
9449
9584
9896
9582
8956
9850
10260
9014
9262
10619
11037
9945
10241
9105
11341
9150
8949
11497
10403
11287
10672
9849
9848
9142
9157
9067
10625
10911
10365
9765
9993
11115
11458
9823
11015
10177
9360
10635
10098
11706
10268
8731
10087
10321
9534
10292
10847
10648
9745
9934
10337
10097
9983
10223
9863
9713
10314
11645
9513
11256
11402
8760
10140
10329
9685
9989
9153
10766
9963
10259
10079
11258
10431
9131
10484
10522
10616
10912
10297
10779
10647
9926
10189
10084
9936
9904
10060
10252
10069
10272
10828
10362
10755
10592
10552
10539
10262
10488
11613
11379
9734
10805
11325
10732
9910
9435
9106
10952
9802
9875
10620
10694
10499
9740
10604
10475
10475
10450
10093
10468
9821
8860
10491
11636
10024
10420
9238
10168
10145
9883
9860
11229
10385
9820
10920
10167
9434
10090
9669
10611
10566
11918
9224
9640
10127
9442
9033
9634
10159
9173
10037
10654
9391
11310
11025
10519
10485
10313
11003
9881
10755
11518
10088
11155
10987
9721
10460
9580
10134
10278
10640
10362
9704
11112
10318
10895
10666
9945
10184
9013
10242
9685
10975
9944
9936
10609
10153
11225
9568
10353
9565
10866
11097
9394
10603
10332
10505
9080
10246
9885
10532
9434
10648
10564
9392
11548
9929
11217
9969
8864
10076
11013
10242
10549
10174
9866
10661
9580
9978
10189
9919
11135
10120
10756
10345
10256
10579
9904
10021
10600
9753
10509
10091
10788
10501
10153
9938
11673
14163
17127
16590
15911
7921
17758
17080
15030
14161
14338
8555
17130
8125
2531
943
15542
13461
3994
2881
3715
11920
13019
8299
8394
1620
13818
18142
16335
14620
9263
270
6585
10503
13822
5065
699
3611
163
645
814
6148
2830
3675
2397
12224
9908
13952
3718
10375
5469
11516
1875
8619
14434
14004
1205
14635
15522
12244
10359
9328
9585
10278
16419
10451
17007
16403
12212
3483
9992
9819
3367
5589
1187
7161
8604
9180
12867
2718
5825
11807
17987
9105
14516
8272
2034
12051
18215
16626
12235
15146
16523
11994
4298
922
4866
2795
3870
16678
15429
572
15999
10250
8470
17279
15910
2138
8329
1844
13326
8903
5218
14985
6333
3116
14453
987
14758
10133
17224
1856
9366
17948
14196
13288
4034
14392
2679
16810
16083
5303
4880
2663
6573
2002
16496
17844
14039
6083
905
17693
17448
17785
18373
18333
17322
18213
17115
18457
17970
18005
18049
19539
19114
19226
18040
19221
18602
17680
18682
19885
18507
19301
19300
18214
19754
16960
19163
19094
18835
17599
18914
20478
18351
17945
17433
18528
19948
19197
19276
17927
17983
19084
16601
18550
17160
18954
18356
18476
18418
18940
18947
18229
20022
19477
19054
18057
18200
20005
19391
18521
18637
18391
18080
17367
18891
17726
18406
18488
18684
18216
18253
18783
19098
17654
20301
17787
18646
18753
18547
17613
17635
18757
17299
18920
17878
17341
18406
18661
17670
19782
19109
17232
20001
18779
18173
17930
16743
19360
18863
19230
17854
18488
17439
19028
18437
18766
17285
18900
19084
17903
17770
18491
18860
17737
17722
19001
17622
19243
18366
18929
18637
18357
19336
18013
18711
18600
19229
18120
18799
17914
17622
17983
19593
18499
18884
18526
17745
19712
17474
17802
19282
18594
18542
17905
19390
18413
19014
17964
17990
18741
20035
19524
18590
19085
17628
16866
19684
18571
19043
16961
18347
18205
18242
18588
20035
19445
19034
18966
18590
19773
18404
17132
18194
18495
18889
18470
19964
18802
19300
16727
18659
19088
17583
19047
19445
18862
18764
17750
18077
18139
18870
18644
18679
19187
17004
18273
17728
19046
18176
19714
17471
18448
18381
17666
18590
19467
19359
17310
18473
18108
19860
18749
17580
17444
18963
18741
18605
17976
17809
19768
18449
18725
18082
18340
18486
19697
18624
18077
18687
18721
18401
18962
18182
18524
19269
18236
17362
18175
18852
17257
18494
18081
17760
18860
19147
18145
17209
18303
17741
19483
18445
18866
16890
17967
18517
17811
19046
17940
18404
18562
17480
18026
18723
19501
19386
18517
19871
18174
17669
17500
19088
18508
18331
17659
19722
17554
19692
19154
18258
19672
18640
18312
18356
19725
18187
17132
17975
17250
19490
18497
17174
19369
19272
17979
17776
17095
18331
17805
18608
18056
18273
20223
18264
17818
18531
18190
19492
18719
19923
19235
17581
18323
19591
17984
17966
18799
16608
19049
19393
17631
17676
19038
17497
18761
18741
18764
17153
18180
19301
17690
18228
17532
18522
18698
19556
18811
17536
19607
18186
16957
18277
19061
18223
17195
19539
18855
19262
18818
17532
17799
17125
18794
17907
17009
17164
18904
18789
17699
17353
18669
17995
17334
19588
18570
18872
19028
18915
16743
18198
18978
19626
18090
17717
17284
17576
18357
18876
18641
17822
18969
18557
19950
18376
18974
19501
17612
18992
19541
19941
18540
18873
18938
17867
18551
19048
18361
17792
19244
17901
19332
17871
18421
18473
18012
17608
18092
17588
19372
17230
18111
18219
19212
18551
18693
17935
18440
19165
18073
18517
19056
18524
16679
17642
18271
19716
19498
17820
18038
17861
17812
18664
18544
19659
18115
18937
18020
18566
19272
17840
18329
18019
19146
18972
18292
17330
19830
17333
19685
18783
19583
17543
18500
18399
18578
18439
19177
19354
18494
18887
18559
17338
18903
18956
18361
18229
17180
17454
17912
17973
19799
17952
18738
19233
19408
19903
18270
19350
19175
18147
17434
18356
18910
17786
18333
18275
18338
18281
18965
18812
18218
19121
19247
17136
18725
19133
19513
18827
18457
17865
20208
18384
16509
17536
17148
18782
17854
17660
17923
18114
17837
19250
19074
18721
18678
17635
19412
18437
18237
18371
19116
17413
18301
18615
17899
18882
18667
18523
18200
18397
17984
17991
18367
19221
18810
18360
18122
18627
19158
18876
18824
18451
19016
17744
19826
17896
18390
18244
18737
17935
18131
17372
18031
17622
18079
19669
19042
18113
18505
17519
17882
18453
18866
18970
19604
18380
18822
17986
18423
18243
18919
18488
17394
19195
18067
19061
18691
17260
18569
19160
17810
17728
17261
18283
18274
18094
19650
19692
18283
18910
18322
17300
18587
18619
19041
18126
18347
18375
18062
19737
17285
18871
19481
18112
18640
18600
18236
20134
19517
18054
18617
18005
19193
18365
17868
17979
18428
18561
18418
17872
17625
17561
18727
18544
18939
17345
18357
17965
18717
18301
18866
18746
17919
17713
17641
18366
18271
17692
19221
17947
17595
17527
18820
17955
17681
18360
19702
18110
19233
17336
18495
18548
18225
17634
17876
16850
17619
18467
18277
16941
18286
18328
18469
18719
18304
18770
17446
19354
17898
18435
18049
18997
17715
18024
18809
17947
18804
18582
17761
17916
18604
19289
19419
16389
18437
17656
17695
16963
18667
18052
17934
17731
18206
18306
18857
18837
17873
19124
18281
19074
17597
18757
18772
18693
17104
18993
19141
17350
18767
19028
18833
17273
17671
17367
18643
19454
19733
19029
17233
17040
19268
18647
17910
19564
18224
19165
18355
19685
18175
18430
18712
18521
18669
17780
18651
18894
17940
17827
18459
17708
18426
18968
18843
18756
18998
19015
18729
17555
18961
18919
19464
18738
18830
18665
17878
19299
17997
18430
18763
19011
17097
18360
18835
19199
19093
18930
17729
17127
20088
18375
19082
18260
19223
19226
18222
18477
18107
18428
18423
18786
18417
18370
18993
18129
18923
17626
20194
18469
18578
18217
18820
19246
17562
17448
18338
18792
18879
18596
18131
18932
18504
18518
19825
17899
18084
19049
18240
19496
18556
18683
17495
18585
18708
17915
18450
18334
17536
18210
18751
18486
18220
19372
18097
19530
17959
17989
18106
18078
17360
20369
18265
17839
17627
18773
19148
16816
19637
18830
17220
17801
17861
16693
18475
18488
17444
19121
18434
19105
19150
17914
17996
18069
18321
18402
19448
18196
19436
18949
18585
18237
18005
19373
18541
20020
19100
17509
18548
17538
18222
17846
19102
18842
17675
18270
18749
18603
18788
19588
17344
18906
17555
19635
18392
19459
18022
18641
18819
18576
18189
19581
19859
18728
20329
18655
18221
18174
18269
18235
19060
17994
17805
18580
18243
17816
17846
19903
18804
18203
18569
18698
19524
18171
17963
17977
19189
18425
18534
17991
17945
19148
18859
17636
17925
18053
18729
17785
18520
19557
19706
17291
18554
17226
18820
17182
18085
18335
19291
18065
18828
17326
18631
18301
18453
17746
17412
19386
18782
17070
18563
18277
18010
17739
17720
18925
16615
18579
18231
19335
19096
17085
17823
17508
19242
19497
18012
19313
17578
18482
18295
17638
18718
18698
17508
19225
17048
19203
18202
17474
18594
19303
17352
19517
18727
18916
17253
19942
18049
17774
19598
18684
17873
18572
17931
18938
17762
17952
19495
17587
19258
19255
19651
19518
18164
19707
18412
19914
18501
18352
16851
17774
19284
18620
19287
18733
18176
17535
19540
19150
17953
18080
19699
19426
18589
18209
18182
19061
18923
18169
18863
17747
18591
18192
18006
18893
18189
18556
17222
18191
17346
19149
17805
20025
18623
17267
18903
18357
17053
19655
18143
17677
20279
17727
17323
18270
18185
18515
19756
18748
18829
20374
18824
17979
18363
17896
18151
17950
17382
17991
16568
18428
17780
19559
19079
18031
18426
18107
18005
19176
18409
18382
19910
17145
18885
19135
19143
19918
17937
18913
17856
17969
18200
18919
19685
18421
18763
19232
19210
18883
18762
18055
19006
17616
17759
17150
18443
16943
17540
17653
19098
18321
20329
18968
18483
18425
19259
17728
17148
19763
17427
19061
18539
17998
19735
19800
17853
18131
18322
18489
17587
18132
18049
18836
18836
19011
19790
18796
18810
18111
17337
18550
18884
17803
18305
19346
18266
18642
18110
18489
18084
18487
17108
17923
18602
17240
18039
18033
17081
18426
18749
18997
18353
18199
16385
18674
18410
19003
18909
18526
19009
18271
19707
17837
18779
18425
18829
17457
17692
17044
16596
19015
17590
18124
17195
19089
18556
19068
19211
18479
17991
18879
18952
17100
16982
18219
18922
18780
18766
18572
18413
18342
19313
18535
17374
19048
18936
19096
18451
18754
18306
19885
18900
18013
18273
16668
17522
18674
18610
19386
18278
18294
18480
18378
18840
18058
18245
18918
18557
18578
16734
17300
18458
19447
17993
17691
17614
18487
18628
18149
18573
17330
17955
18272
19125
18490
17572
18747
19231
18229
18159
18508
19834
18545
18497
18650
17929
18117
18089
18793
18598
17444
17687
18598
19729
17133
18421
17813
19140
17295
18439
18410
17956
18242
17799
19259
18943
17808
18174
18065
17720
17921
18885
18187
19375
18639
18695
19035
19083
17751
18399
18242
18226
18055
17932
17064
17077
17786
18207
18792
18846
19250
17902
18594
18099
17800
18162
18359
17985
17496
18331
18579
19578
17511
18335
20118
17502
17868
18243
18615
18205
18238
17266
18362
17813
18619
18098
19568
18557
18526
18290
18656
18814
18538
19552
17644
17822
18091
17383
17531
18054
17918
19563
19194
18996
18735
18775
18822
18451
18666
18737
17420
18177
18048
18411
17729
17561
18686
19277
18189
19901
17990
18399
18453
18167
18843
17888
17638
18988
18790
17589
18844
18499
18161
18320
17908
17908
17226
17721
18360
18132
18561
18210
17583
18488
19122
17095
18144
18669
18475
17917
18758
19262
17854
18889
17828
18744
17094
19490
18684
18321
18425
19235
17500
18193
17670
17953
18227
19129
18665
17885
19120
18919
18778
18307
18266
19895
19370
19146
17260
18065
17852
18680
18300
18465
17922
18365
18923
17552
17973
17620
18350
19420
17725
17629
18615
19220
18472
19284
18609
18587
19291
18131
19386
18643
18193
17925
18577
18798
18928
19201
18171
19334
19315
17973
19041
18098
18953
17768
19760
19042
17999
18161
19320
18637
18873
17886
18032
17914
18958
19526
19138
18467
18475
19117
18942
18988
17713
18488
19325
19400
18117
19228
17059
18929
19293
18116
19345
18995
19616
18856
16875
19007
18113
17391
18528
18231
18145
19076
17799
19697
17488
18026
18754
18630
18568
19259
17855
20104
18995
18410
18456
18502
17938
19416
17962
18247
17578
18977
18645
19767
17297
18858
17641
18007
18431
17713
18980
18044
18691
18271
18647
18613
17611
18757
18968
17527
17796
16918
17067
19290
18855
16775
18494
19259
18249
19463
18420
18339
19475
19433
18336
18593
20326
18200
19083
17605
19005
18666
18868
18559
19012
17924
19550
18753
17691
18660
18196
17623
18643
18334
19162
17514
17509
18243
18069
17800
18236
18371
18617
19172
18203
18491
18535
18975
17959
19073
18094
18742
18682
17947
18854
18350
18675
20237
17145
18231
17704
18687
17980
18776
18231
18125
18290
19173
18770
18538
18750
19178
16930
19737
17881
19106
18386
18257
16959
19917
18751
16539
18894
17386
18342
18153
16961
17891
18417
19917
18169
19626
17160
18235
18003
18365
17861
18459
18499
17866
19615
17186
18343
18778
17975
17234
17997
18570
19111
18311
17822
19236
19362
17785
18553
17743
18569
17741
18938
18501
19212
17985
18430
19023
18629
18547
18179
17709
18167
18577
18658
17369
18787
17765
18591
18050
18862
18691
18801
19415
17206
18610
18391
17328
18464
18724
17081
19350
17410
18752
19038
18711
17644
18026
17954
18583
19054
17324
18581
18528
18313
18374
19240
17298
18375
18929
17745
18636
17788
18037
18332
17790
18906
19710
18433
18038
16998
18861
17697
18622
18076
19625
18439
18967
18482
19114
19240
18232
18971
18249
17805
18821
18891
18367
17461
18092
18787
18147
18972
18188
17308
17896
20250
19565
18038
19046
18263
18846
19744
18899
17774
18489
18810
17879
18391
19061
19155
17851
17842
18192
19503
18480
20072
18700
19428
18683
18266
19469
18724
17956
18140
18649
18372
18932
17603
17897
19088
18341
19221
17694
18978
19442
18654
20318
18300
17843
17883
18334
18965
18671
18214
17597
17300
19023
17701
17893
19242
18206
18632
18673
18408
17819
18630
18641
17479
18322
18658
17551
18603
18056
18527
17607
19412
18634
17356
17993
19370
17929
17031
18788
16822
18522
19464
19945
18179
18870
18163
17843
18647
18562
17933
18119
18952
18232
19211
17857
18023
19021
18548
19154
17825
18253
18526
19796
19339
18647
18339
17620
19257
18010
19226
17491
19229
18808
17907
18972
18800
17697
19134
18311
16803
18725
17733
17854
17712
17916
18327
18625
19078
18281
18955
18107
19571
18615
19161
18442
18349
18305
18705
18269
17615
18616
18269
16763
18073
18387
17688
18242
17715
18195
18077
18747
19709
18193
18188
18296
20097
17958
18315
18295
17879
18870
18693
18429
18941
18872
17916
19280
18179
17384
18331
17178
17896
19759
18272
17367
17373
18495
18444
18181
19144
17660
17953
17694
18546
18503
19947
17365
17261
18984
18787
19001
17470
18677
17748
17996
17974
17957
18650
18881
18461
19260
18781
18052
18451
17173
18138
17132
19135
17868
19026
19579
19020
19561
18169
18367
18796
18362
17901
19235
18702
19034
17930
17807
18369
18187
18489
18033
17738
18560
19241
18845
17956
18892
18160
18946
16999
18098
19254
18639
18470
17600
18521
17819
18047
18968
18993
18463
18070
18057
17437
19465
17698
18126
17744
18611
17818
17977
19180
17858
18173
16568
19401
19060
18214
19435
19215
17974
17714
17947
17407
18451
17874
17893
19711
19456
18088
17791
19140
17385
19135
18516
17791
18306
17768
18622
18437
18200
19061
18301
19415
18294
18838
18348
17900
17644
19160
17157
18217
17551
19756
17430
18323
17573
18118
18253
18293
19261
18566
18429
18513
17987
17001
19450
18829
18250
17469
19139
18862
18791
18203
18866
18308
17995
18830
17825
19298
20075
19905
16385
17729
18597
17855
18386
18891
17668
18639
19947
18344
17977
18391
19788
17682
18548
18362
18350
18374
18771
18421
18947
18309
18046
17978
17853
19431
18872
16385
17605
18111
17939
18164
17194
18375
18308
19332
18718
19087
19721
16914
18998
18915
18077
18080
18840
18045
17973
18615
18224
18741
17153
18998
18339
18361
18565
18927
18928
18246
18096
18150
18056
18772
18909
18456
19252
19207
18836
18504
19358
19240
16721
18589
18924
19261
18024
19049
17648
19039
18266
18954
16970
18436
17921
17888
18636
19687
17557
19737
18471
19715
19746
19598
19280
17658
18388
17656
16749
18499
18585
18852
18043
18828
17357
17238
17497
18277
18390
18964
18830
19123
19777
19509
19406
17702
18588
18295
19717
19116
18792
17320
18546
17528
17243
18433
17152
18074
17609
17460
18793
17344
18436
19068
19285
19480
18089
19669
17689
17140
18607
18776
17644
18574
18028
18379
19443
19909
18788
18333
18394
17367
19317
18526
19188
18917
19583
19332
18074
19376
18646
18702
18168
17265
18598
18729
18570
19231
18068
19617
18578
18736
17655
17833
18771
18081
17700
17714
17999
17412
18448
17857
19455
19347
17945
18966
18111
18575
18386
18310
19006
18861
17229
17665
18296
17821
16690
17920
18804
18190
18619
18224
18036
18388
16649
16708
19901
18536
18871
19545
18329
19196
17842
18221
19270
18644
18389
18105
18580
18204
18115
18608
17266
18875
19094
18662
17572
17491
19030
18852
19700
18836
17978
17754
17701
18716
18603
18918
17806
18887
17562
17385
19369
18711
19090
18821
18824
18362
17637
18429
18244
18122
18860
19385
18935
18737
17923
17885
17890
18450
19101
17768
18097
19010
17690
18146
18788
19573
17276
17821
18751
18329
18826
19326
18236
19008
17461
18122
18702
18572
17698
17464
17461
18243
17656
18671
19070
18762
17789
19690
18457
18391
19622
18122
18867
18225
18376
17471
18356
18865
19437
19000
18062
19402
18801
18994
18527
17448
17498
19682
19684
19302
17977
19480
18375
17273
18407
17265
18530
17831
17421
20259
18539
18852
17587
18066
18114
18469
19103
19102
18476
18103
17978
18036
18119
17784
18998
18235
17632
18340
18519
18120
18285
18345
17348
19040
18533
18352
18141
19304
17655
19894
18222
19434
17802
17975
17584
18712
18846
18528
18868
18417
19119
19665
18413
18848
19369
18565
19084
20156
18338
18946
19395
18758
18082
18268
18679
18263
17663
18698
17628
18133
18307
18364
17928
19182
18396
18225
16902
18574
18012
18065
17695
19697
17885
18756
18572
18444
18379
17725
18409
19937
16560
19301
18564
17934
18016
18508
20375
19187
17237
18274
19338
17334
18703
19010
19083
18127
18804
18457
17031
18526
18056
17982
18606
18186
18295
19451
18509
18239
18316
19033
18679
18652
19901
17688
18542
18469
19040
18046
19051
18830
18981
18208
17729
19699
18236
18351
17982
18555
18603
18634
18736
18685
18136
18228
18700
18789
19555
19049
18822
18972
18650
18688
18265
18771
18807
17639
18457
17957
19440
19261
19183
18433
18779
17902
19018
18175
17687
17796
19556
17866
18659
18619
18886
19380
17949
18862
17277
18417
18171
18702
18945
18504
18615
17973
18273
17830
19273
19228
19065
18135
17783
18242
17354
17974
19359
18393
18253
17773
19359
19764
18235
18114
18564
19799
18133
18536
18588
17768
18280
19486
18040
18747
18916
17226
19560
18903
18954
19346
17502
17918
18436
17801
17856
17153
18707
18711
19065
20096
18869
18903
19283
19335
18299
18560
19026
17938
18047
17927
18486
17448
19198
18133
18302
17258
18247
18174
17454
18537
18884
18667
18930
16882
18814
17273
18292
17736
17202
19152
18393
17808
19398
18689
18217
19212
16833
18315
17322
18190
18436
18472
18427
18195
17348
18370
20184
18798
18994
18463
18662
19110
16781
19276
17671
18967
17999
17986
18332
18898
18096
18403
17492
18365
19613
17457
18274
18539
18122
18284
20213
18226
17775
18622
18318
18604
19788
17016
18868
18340
18951
18029
19121
18492
18594
18198
18605
19057
19000
17604
19463
17949
18764
18895
18870
18919
18542
18389
18832
18329
18884
19694
17834
17762
17379
19007
18073
18122
18487
18368
18498
17883
18640
18959
18837
18466
18361
17936
17184
18918
18551
18417
18441
18760
19308
17869
19326
18788
17995
17425
17410
19078
18477
19773
18048
18498
18373
18636
18762
17264
17790
19797
18449
18787
18317
18160
19033
17970
18729
18802
18766
18450
17214
18028
19354
18453
18676
18295
19284
17887
18979
19369
17676
16811
18807
18694
17922
17373
18194
18059
19246
19407
18950
17266
18202
18205
19041
18911
18155
18826
18713
17595
18610
19101
16846
18738
17637
18946
18643
18318
18600
17983
18399
18041
19332
18005
19452
19113
17810
18828
19352
16972
19141
18763
17888
19310
17995
18070
19375
18082
18203
18849
17900
17930
18221
18742
19514
18208
18540
18288
17673
18312
17548
17480
17540
18526
19138
19417
18592
17634
16430
18751
18317
18211
19175
19009
18694
17440
19932
18946
18037
19970
19072
18752
18989
17612
19029
18716
18097
18776
17107
19183
18614
18220
18425
18967
18435
17643
18757
18419
18107
18139
18268
18754
18514
17777
17652
18617
19646
17569
18475
18467
18778
20436
18717
18378
18770
18158
19240
18762
19188
17390
18791
17178
18926
18995
19374
19815
18919
18597
19603
18986
19137
18401
18170
18059
19231
18688
18238
18273
18614
17115
18224
19044
18324
17996
19775
19226
18087
16941
18850
17794
18723
18406
18312
19354
18063
19380
18229
18635
18005
18787
18788
18435
18190
18138
19079
19430
19143
19283
17327
18934
19860
18732
18064
16932
18219
18819
18958
20478
19015
17080
18825
18765
18966
18585
19094
17894
18046
18291
17757
18510
19275
19728
19472
18234
18661
19015
19109
17932
17521
18627
18160
19122
17716
18081
18522
17544
18447
18656
18986
19269
16683
18665
18463
18854
17910
18265
18567
18210
18336
18563
18578
17322
19041
17973
18022
19434
20051
18864
18313
19250
18250
18081
18446
19095
18208
18651
17000
19760
17896
17394
18247
18445
19034
18732
18520
18195
18599
17899
17811
17367
17756
17961
18837
19085
17537
18802
18062
18634
20075
19485
17404
17723
18626
18870
18206
18991
19373
17351
17191
17165
18342
17056
18544
19377
18403
18880
19141
18141
17973
18104
18502
17756
16895
17979
19271
18496
18804
18825
18250
17630
17595
17793
17640
18004
17482
17204
18628
17764
17918
19354
18641
19040
18776
17733
18284
18381
18824
18041
19257
17905
19043
20179
17745
19388
18584
16385
18794
18759
18161
18863
18248
18773
18375
18758
17891
18122
19406
17046
18124
17558
19233
18248
17692
19626
17832
18419
17663
18253
17585
18792
18796
18501
18020
19245
18585
18711
18219
18570
17571
19136
17604
19831
18148
16998
16942
18629
19034
18126
18660
16955
19171
20084
18303
18414
19204
18750
17866
17488
18926
17825
17733
19660
18911
19702
16953
18513
19720
19340
18161
16936
17061
17888
18337
19641
18912
18501
17408
18463
19182
18264
17726
19048
18303
20404
18236
18921
20050
18420
18699
17627
19042
18665
17485
18426
17114
19328
19905
17092
17903
18949
18820
18127
18920
18526
19409
18007
17586
19057
19193
17405
18493
17969
18019
3683
5871
1222
198
5463
1170
1725
5746
333
2574
1846
229
527
5479
3443
1409
3262
4176
1526
573
1647
5853
3781
4600
417
295
1850
4832
3588
5919
6082
965
4225
2771
4812
4883
4011
3793
1469
4650
4539
41
4047
1914
1429
719
2998
4878
2098
3734
4506
823
5268
5977
4615
4258
5975
5548
230
6042
2818
1789
2160
990
6049
101
3911
4346
4540
1124
5036
2212
5223
1116
5921
5617
867
2466
2195
2377
3573
4923
1570
1024
3972
5423
4713
4013
1107
2129
3374
2975
1058
3448
6127
4050
3219
5932
683
1776
1109
4108
319
2899
365
1528
3645
1504
1005
3219
3338
2681
1839
4524
5063
2440
217
2837
3823
49
3241
529
5825
1084
5460
3360
879
4568
2935
5736
93
3190
1618
4081
5510
1339
6002
2200
5936
4241
2753
1702
4966
5901
5444
923
4253
5477
3020
3058
1129
1154
3409
520
1526
5230
1994
546
1001
4880
889
5493
3928
3314
3156
5138
3304
2423
5356
6076
5249
1182
3133
1939
1011
633
3758
3820
600
3971
4411
3794
4168
3427
1403
4879
2695
5861
5203
4032
246
5346
4697
3216
2748
6023
9
2232
3589
5307
199
4330
1589
1993
408
1556
1138
3122
2539
4727
4829
941
2567
3183
5300
59
4730
1208
5497
5721
1904
4974
2138
2217
1306
801
1082
3730
156
5680
4884
4328
5181
4069
1255
2532
4521
2811
3171
4615
6046
6079
3075
5187
33
5395
1997
5763
396
2736
5629
4180
2994
3231
608
1892
2357
1197
3917
1381
2679
3900
1006
1605
1845
1746
2312
549
3435
1504
4530
4886
622
2547
3999
2222
6037
834
840
5184
702
6134
5368
690
3598
1675
3796
2669
3084
1117
3555
1149
2556
5114
3425
4598
2217
4660
2721
2985
2261
883
3316
449
2022
1545
3549
1346
1217
3225
4388
2510
4274
3795
551
274
4995
2565
2644
952
455
2327
5927
4447
1867
1154
3800
1373
1109
3878
4935
3399
2483
3614
5750
5028
6117
3658
406
4681
1453
2923
1353
5134
4748
5164
3453
3829
631
5427
5449
2204
5009
3964
5624
6180
5250
6987
6092
6907
6998
6168
6116
5679
7291
5761
6432
6410
5878
7392
7212
5619
5695
5059
5316
5506
6159
6131
6260
6413
4401
5494
5346
5409
6467
6472
6091
5390
6000
4997
5958
8023
5596
5507
5999
7465
5004
6194
6060
6083
5696
5621
5768
6795
5873
6621
5320
6020
5876
5098
6468
6277
7363
7129
5182
7089
6567
6580
6812
5509
6176
6942
6099
6797
5781
5992
6628
6364
5467
5870
6401
6779
6409
6133
5907
5912
5342
6296
7203
6718
6801
5379
5824
5241
5752
6253
4959
6031
6386
6367
6400
6398
6293
5640
6796
6420
6530
6736
5823
7222
6557
5949
6466
5935
6526
7421
5578
7568
5923
6446
5804
5559
6221
6186
5361
5918
6508
6090
6241
5267
6641
7193
6009
7122
6349
5962
6696
6686
6283
7289
5305
7179
5861
6231
5889
5125
5406
6661
6005
7735
4931
6867
5399
5777
6265
6912
5250
6977
5968
6603
5770
6972
5714
6643
6391
5983
5979
6635
6072
5570
6220
5814
6613
7355
5255
6255
5517
6305
6482
5458
6666
6039
6958
6319
5611
6300
4884
6252
6811
8190
6180
5630
6959
6691
6284
6013
5872
6207
6776
6637
5276
6490
7036
6521
6274
5402
5638
6251
6607
5735
7694
5803
6853
5484
6961
6581
7459
6700
6780
5880
5827
6228
6115
7339
5293
6168
6637
6481
6099
6333
5088
5784
7377
5792
6550
5899
5197
6928
6350
6311
5810
6004
6386
5998
5826
6428
6615
6113
7095
5285
5696
6350
6149
6509
5763
6611
5253
4958
6127
5339
6638
7790
5387
6066
5956
6014
6427
6133
6275
5899
4190
7898
6498
6762
7048
5608
5698
7419
5607
7053
6253
6140
5963
5516
6117
5300
5663
6569
6139
5884
6516
6804
6137
5963
6922
5503
6336
5587
5825
6683
6515
6545
6340
4827
6117
5704
6603
5030
6681
5476
5959
6295
6749
5758
6257
5104
6279
7476
6797
6290
6464
5975
6653
5405
5161
6100
6420
6049
7584
6342
5702
6311
6392
6351
6298
7374
6601
5324
7300
6426
6312
5625
5503
5080
6573
5576
6321
5545
6922
6535
5151
7127
5275
6644
6462
6247
5575
5987
7184
5309
4801
5952
6237
6185
6679
6175
5854
6849
4781
4661
6491
6280
7255
5336
7457
6652
6419
6678
5737
6730
6284
6908
6511
6419
5375
6522
5810
7053
5801
7016
5291
6810
6691
6337
6350
5220
5241
7284
5964
6050
7070
6365
5733
6367
5888
6596
6611
7501
6890
5927
6575
5789
6471
4489
6101
5862
5121
6412
5029
6088
6508
7026
4676
5771
5260
7883
6716
5084
6881
5626
6626
6536
5986
5777
5676
6041
5858
5131
6289
5361
5918
4950
4752
5984
5512
5856
5813
6492
7167
6485
7158
7151
5318
6179
6686
4952
6791
5846
7403
5958
6321
5620
7669
5026
6560
6561
6133
6408
6097
6119
5787
6529
5830
5343
7405
5554
7441
5342
6699
6860
5899
5869
5162
7002
6097
5970
5072
6784
6164
6039
6064
7249
5772
5994
5954
6012
4974
6856
5930
5830
5083
5491
6425
5631
5944
5941
5931
5304
5331
5994
7598
6053
5996
5963
7335
5474
7081
5773
7158
5129
6739
5715
5399
5323
5603
6322
5726
4761
6916
5815
4196
6072
5888
5903
5065
6708
5427
5788
5161
5827
5687
6024
6284
5580
5267
7861
5564
5448
5993
5487
5070
5898
7289
5749
6289
5985
6421
6964
6799
6981
5716
5901
7186
6441
7759
6504
5459
6151
5918
6174
5081
5758
5456
6505
5042
6486
6034
6794
6550
6521
5869
6016
5759
5017
6168
7607
5974
6293
6251
6346
6431
6253
5852
6418
6746
6166
6303
5189
5939
6641
7174
7135
7304
5970
5558
6757
5980
6133
5167
6235
5189
5865
4708
5699
6165
6444
6140
6655
5334
6137
6162
6738
6274
5463
5402
6758
6481
6493
6487
4914
6309
5513
6869
5969
6144
6180
6111
6176
5744
6642
5745
6602
5721
5188
6294
5799
6059
7380
6474
7115
6115
6476
6031
7121
6092
4854
4664
7129
6378
6500
5675
6167
7275
6505
6105
5597
7103
7101
6641
6281
6264
6836
7055
4097
6837
6575
6749
5681
5863
5438
5468
5271
6015
4915
5098
7359
4647
7759
5934
6621
6445
6758
6430
5488
5990
5927
7637
6952
5548
6268
7000
6648
6240
4971
6106
6659
7162
6248
4999
6447
5751
5977
5556
5399
6163
5821
6122
5841
4891
6070
6472
6119
5260
5991
6148
6949
5979
7892
7148
6701
6310
6683
4566
5580
4736
7237
5165
7509
7226
6930
6965
5904
7057
6118
5723
6172
6074
6235
6537
6952
6792
7790
5713
6242
6339
7125
5243
6847
6481
6865
5924
7455
6189
5769
5851
5898
5660
7798
6824
6456
5592
6710
5079
6184
5453
5839
6229
5908
6538
5414
5188
7213
6543
5469
5750
6260
5659
6321
8190
6476
6667
5409
6348
5196
7147
6478
5857
6138
4910
7031
5470
5423
7659
6859
5648
5949
5877
7465
6443
5841
7141
5474
4823
7270
4729
6149
6247
6413
5707
7191
4666
7736
6054
6996
5262
5436
5223
5620
6087
6250
5742
7891
7176
5693
6279
6233
5837
7308
6734
5816
6512
6934
6610
5920
6046
7130
4957
6173
6797
4932
6231
5985
4662
6453
6676
6277
6475
6241
5894
7024
7666
5666
6123
6021
5699
7031
6244
7089
5376
6722
4097
6441
6891
5837
7173
6605
6578
6214
5248
6750
7428
6683
4930
5329
7446
5895
6183
5598
6250
5462
5881
5807
5825
6992
6967
7110
6160
7451
5703
5863
6644
6114
5525
6109
7534
5924
6059
7134
6976
6188
6495
5463
7382
6569
7084
5609
6712
5746
5692
6372
7785
4699
5535
6848
5736
5570
6611
5286
6931
7515
6842
6436
5566
7423
5918
7149
7086
7159
6082
6871
6953
5119
6605
5099
7164
6649
6486
6077
6146
6288
6109
6918
6463
5663
5929
6482
6962
6815
6650
5089
5609
6981
5175
5194
5085
6081
4507
6905
6201
5293
5859
5765
6824
7112
5921
7820
7076
5130
6284
6726
5253
5311
4974
5920
5256
6007
5686
5531
6076
6186
5133
5183
5736
6113
6031
6278
6159
6004
6569
6186
7716
6061
5542
6086
5971
6755
7859
7130
6662
6242
6204
5290
6506
6144
6040
5231
6233
5044
5875
6882
6645
6648
6630
7418
5734
5366
6205
1091
5261
2952
4642
779
1438
3878
5792
3835
3828
2757
5201
6098
2259
3476
1139
1404
3092
2524
3301
5535
5065
2910
4304
3541
3836
3755
1347
3808
1855
2281
5614
2299
5114
2383
2587
5652
1581
2358
5465
3010
4018
2341
5767
2466
1560
3268
2817
1272
6095
5674
3258
5152
1156
939
3625
2466
3941
2434
1147
1989
5248
417
1485
2943
4129
917
1535
2365
2798
1282
3566
2984
673
6115
5137
3961
1262
2242
3119
2344
1786
2875
3947
3625
3656
2436
5529
3243
2309
2353
3929
4766
2861
3265
5898
4171
4785
86
4645
5308
3356
5812
515
1547
5877
382
3740
670
680
444
4822
3435
5736
6662
6691
6176
5772
5859
6980
6176
6759
6169
6420
5921
6034
6132
4985
5768
5600
6215
6263
5877
6208
6279
6407
5121
6439
6879
6024
6081
6094
6097
6802
6033
5456
6159
6024
5692
6190
6999
7036
6224
6499
6101
5403
7186
7126
6214
6792
5220
6388
5636
6445
5401
7176
6032
6225
5043
4876
6588
6112
6891
5354
6134
4455
5689
6776
6291
5835
6398
5936
6461
6104
4704
5242
6728
7017
7810
7664
6748
5839
5831
6420
5895
4929
7601
5965
5601
5341
6529
7299
6060
6027
5687
6135
4336
5133
5852
5979
7861
6365
6724
6865
7127
7650
5923
6121
6695
6181
5926
6066
5130
6128
7255
6322
6299
6284
6894
6291
6104
7506
5719
6108
6729
6316
5606
4904
5778
6066
5435
5426
5694
6269
5795
5986
5957
6007
6606
5682
7039
5640
6293
5633
5859
7493
6912
5878
4487
7125
6603
6323
5992
5029
6226
6469
6343
5515
5675
6451
5897
5688
5297
5353
6283
7075
5461
5615
6347
6046
7429
5911
5405
6431
5853
6285
5065
5178
8190
4431
5326
7544
4592
5467
5651
5686
7204
6060
6540
5898
6671
6084
7717
6571
6633
7307
5688
4711
6393
5970
5304
6006
6829
6025
6109
4524
7125
5591
7645
6857
6069
5611
6024
5663
4481
6391
6492
7110
6234
5765
7254
5881
6623
6359
6028
5854
7280
4524
6230
7121
6525
6987
6963
6151
5964
7179
5662
5241
7135
5880
5568
5884
5629
5867
5286
5545
6677
6393
6482
6278
6331
5221
6593
4861
5618
5517
5908
6362
5804
6703
6467
7062
7043
5322
5001
6412
6778
6376
5754
6546
5276
7234
6465
6154
5430
4341
6713
5974
6259
5970
5081
6218
6332
6149
5682
4829
4391
6355
8190
7077
5217
6837
6289
5532
5244
6176
6593
4959
6358
6325
5973
5912
5846
5517
5896
5544
4506
7433
6426
5586
7185
5949
5363
6098
6838
4980
5510
6518
6740
5394
6232
5682
6516
6588
6230
6648
5718
5684
7823
6413
4775
7127
8015
6261
5367
6437
6217
6461
6890
7048
6038
6236
6717
7612
7535
6214
6274
7267
5496
6189
5325
6985
6877
6632
4947
6319
7189
6301
4776
5569
6292
5348
5774
5223
7290
5576
4097
7153
5819
7148
6532
6212
6676
6078
6524
5775
6336
8083
6527
5388
6943
4969
6693
5028
5389
6002
6265
5517
5221
5517
6213
5501
6550
6226
6278
5685
5583
6998
6198
5979
5047
5651
6561
5025
6760
5377
4834
5963
6029
8169
6335
6236
6263
7522
5697
5591
5785
6094
6818
6468
6232
6629
5470
6230
5866
5088
6057
6346
6088
6592
6747
5242
5247
6376
6256
6496
7293
7064
7011
5818
5929
7091
5000
6353
7263
5037
7530
5668
5490
6803
6782
5275
6156
7523
5733
6456
6061
6087
6116
6429
6782
5486
6165
6580
5760
6466
6750
5607
6368
7118
5938
6361
6518
6783
6822
6951
7822
7329
6753
5132
5440
6280
5687
6229
6544
5684
6458
6144
6925
6610
4444
6685
5988
6067
6085
5666
7856
5746
5720
5733
5974
5668
5185
6421
5918
6012
6370
6917
6105
5562
4353
5462
6334
6771
5434
6621
6950
5804
5959
5417
6834
6479
7180
6194
6107
5088
7818
5432
6561
7449
6066
5354
6362
6155
6586
5689
6235
4912
7994
6038
6446
6743
5237
6786
6336
6767
5541
7623
6996
7910
7292
7004
6351
5765
5837
6328
6406
7553
5755
6299
6434
5919
5721
6377
6881
5247
6050
6032
6265
6269
5661
5757
5879
6252
6759
5789
7266
7244
7246
6743
5956
7514
6389
7010
6419
6940
5405
5650
7170
6792
6738
7205
5199
5785
5408
8082
4962
5790
6331
5918
6894
4900
6310
5580
6441
6188
6112
6592
582
1640
955
1658
1486
1981
1388
521
1383
2034
1642
64
1971
1288
657
1713
903
1623
32
821
1833
52
1110
1952
1147
1213
763
1021
2005
1537
1526
466
1549
42
1814
1903
1289
1617
1550
1168
2019
2041
1534
1489
1487
631
133
1579
1240
1596
1835
806
1130
823
1136
950
76
509
1930
1460
647
491
637
655
1595
1840
394
1764
2522
1502
2644
2195
1406
1693
2882
1529
1313
2941
2401
2361
2221
2101
3201
2160
1987
2835
2117
2849
2524
525
1722
2016
3066
1729
1
2200
1939
2764
1245
900
1589
1737
2487
2506
2723
2079
2502
2598
981
884
2654
1859
1462
2231
1880
1527
1931
2280
1019
1783
2324
1505
1574
1990
1843
3050
871
1498
1287
1873
1011
1336
1520
1911
1699
2472
2352
2165
2017
2230
2277
1276
2794
2296
1777
1301
1899
1219
1494
2164
2255
2771
1725
1928
3004
2748
2643
2433
2296
2306
3250
1286
2306
1818
3254
1421
2876
1514
1812
2473
1443
795
684
1756
2496
3045
2060
1092
2122
1859
2006
1663
1183
2714
1740
2211
1480
1107
662
2039
1514
3245
1858
2385
1796
1789
1335
1406
1429
2828
1936
1774
2552
2804
2281
2670
2704
1926
2380
1930
3363
2917
1625
1704
2801
1860
1972
2680
1531
2195
825
2622
893
2148
1822
2266
2408
2319
607
3396
2999
3200
2069
2048
2941
2412
2381
1170
1227
1719
535
2007
2562
2740
1334
3005
1606
2338
3082
1200
1847
2588
2191
1882
2505
743
3528
1041
3815
2118
321
1797
3540
2805
1635
1825
1772
1571
1670
3041
1567
2021
1437
917
2482
1642
1995
2017
2265
1218
2238
3138
1607
2057
1870
979
2666
1714
2397
2524
3092
3348
1897
2093
3224
1582
1503
1466
3707
2423
1493
560
1195
3324
3002
3028
2062
1548
2691
2421
2896
1310
2353
1711
2471
2962
3255
2527
119
1806
1350
632
1210
2339
2057
1106
1614
3287
2173
1318
2221
1914
2016
2901
2604
3592
974
2603
2192
1774
476
2116
2220
1714
2391
1544
3104
2301
1034
1361
2775
655
2602
1876
2048
2040
2368
2467
1829
3367
1870
1010
2870
2634
2635
1193
1548
2798
1716
1221
1323
676
2761
1539
2602
2179
1701
2065
1619
3744
1460
2219
2002
1286
2763
2588
2588
1860
1140
3012
1941
2719
1487
2729
1928
514
2103
729
1230
2063
1931
1386
1943
1420
2386
1824
1597
1840
2744
2952
1950
1585
2841
2244
2743
2018
775
2325
1750
819
2393
1460
3073
1715
1567
1941
2097
991
1397
2580
2037
2836
1994
1592
1219
2942
2824
1652
1771
3353
3309
2267
2712
2807
2173
2626
1337
1113
1652
3782
3425
2841
894
2499
2743
2322
1472
1789
1
2046
1290
2457
1323
2938
2975
1759
2031
1675
1521
3005
2144
2683
2661
3108
1990
2767
1245
2490
2344
1105
2067
2229
3153
1897
2269
2019
1191
2165
2227
2185
1385
1509
2593
1362
982
2373
2367
2800
1688
1964
1856
1607
1900
2135
1996
1765
2979
1566
2416
1888
2108
2191
2657
2518
1124
2559
1572
3002
2264
2311
2273
2740
1575
2957
2813
1827
2240
2563
1451
1508
1681
2837
1530
1888
1371
1864
3282
1861
1499
1727
1685
2243
2461
1301
2243
2610
2081
2068
1514
2658
2282
1158
1677
2459
2037
1892
1944
2639
1832
522
3433
1311
1725
2930
2274
1494
2396
2101
2135
1878
1831
2005
1712
1595
3124
2392
2727
1510
2287
1849
2292
1488
3991
2474
1495
1830
2011
2159
2495
1994
2996
2814
1402
1870
3045
1673
1661
1913
2601
2567
2179
2728
905
2801
2181
1819
1738
1619
2003
1254
1044
1382
1149
2290
1314
2369
2481
1154
1036
1976
1874
1785
1663
3407
1296
1422
1481
1548
2597
1811
868
1399
2042
1687
2922
1749
2861
2363
1664
1300
1900
1231
969
2778
2184
2537
2285
1690
2286
1888
2055
2588
2125
969
1177
1011
3135
2316
2798
362
1732
1901
3176
2713
1544
2334
2542
1793
2538
1196
1991
2308
1409
2270
1547
1342
1962
3584
2259
2330
1863
2100
1648
799
2362
2533
2105
3435
1725
1463
1821
2578
1571
894
2865
1446
1412
1536
2515
2952
1203
860
2277
3248
1669
2949
1486
1536
2235
2078
3269
1330
1751
2025
2551
952
2508
2577
1370
3086
1702
3524
1524
1
2738
1872
2402
2866
3176
1848
1106
2576
1719
2283
1364
1299
737
2308
491
2227
1702
1198
1489
1534
1342
2186
2181
2350
1385
2138
1833
2749
1298
2679
4055
1649
2376
2599
2420
2952
2201
764
2794
2140
2494
2001
2164
1527
1327
2907
2277
2111
3281
1731
2428
2644
2536
987
1386
2070
1988
2620
2026
2008
2387
1736
1953
1477
2797
1771
2179
1209
2813
3136
1388
1745
2488
1980
3393
1897
1820
2519
1906
2541
2016
2701
3036
1223
2247
2744
2381
2817
2500
1831
996
1754
2676
1961
1862
1623
827
2411
1519
3128
2289
2047
1697
900
1605
2412
914
372
1317
1016
979
2049
3140
2326
2536
1055
1890
805
1754
1755
2883
2295
1489
2277
1748
1445
2002
1899
2253
2614
2643
3128
1053
3132
2167
1931
1915
2574
958
1793
2730
2346
2052
894
2546
1243
1697
2672
3339
2102
2035
1701
1301
3217
1677
1640
1451
1947
2818
1124
2501
1643
2699
1713
2635
2118
2547
2188
1723
2753
1327
1976
1911
1890
2202
1035
2636
1555
1862
1528
2212
3041
2147
2346
2631
1096
2494
2297
2223
869
2612
1802
1976
1777
2546
2326
2396
1221
1635
2770
2463
869
1640
827
1696
1519
582
1045
1703
2079
2000
2083
900
1981
719
2861
1486
1533
2194
634
3140
1646
2220
3077
2650
2727
2712
1448
1542
2228
1870
2062
2360
3037
1979
3011
2239
1689
1859
2602
2290
1888
2251
2683
919
2597
1759
537
1381
1104
2021
2557
860
1444
2724
2733
1787
2321
1479
2899
2163
2287
1786
1679
1459
1283
2576
2631
1319
1361
2780
1839
1917
2362
2758
3576
1315
1717
2615
2111
2590
1263
1068
2395
1826
2646
2664
2875
1055
2622
3754
2052
2654
3335
2109
2135
3862
2047
2876
3346
1587
1948
1839
2707
2189
2743
859
2055
2573
2421
2040
1465
1786
2215
2375
1596
1736
1261
952
1811
2066
1821
2329
3050
1263
3010
2947
1627
1780
2845
410
1778
1879
1694
3385
1005
2526
1614
2957
1255
2656
835
2625
1117
1765
2525
2701
1407
2114
1899
2028
2503
2363
1022
1580
2519
1647
2743
2791
3192
1945
2599
2798
1616
1410
1500
2232
1686
2541
545
2211
1598
2619
1230
1145
2354
1303
265
1233
2039
2109
944
2148
1107
2101
1806
1747
1644
1515
3314
2174
1237
1214
593
2280
2515
1990
1553
1997
598
2223
3707
1664
2089
1962
1138
1223
2123
2040
1355
1793
1568
3462
1823
2329
2271
2487
1549
2362
1814
3079
2561
2164
2394
2240
1424
2036
1791
1566
2661
1127
2403
1646
1987
1316
1745
1850
3229
2102
2231
3186
1940
2107
1928
2135
2437
2021
1607
2076
2500
3673
3687
2771
1634
2650
1674
1679
2358
3371
2147
1767
2198
1683
2155
3466
2225
1618
1785
2592
1403
2368
2599
1515
2440
2519
2652
2371
1443
2869
1114
3461
3390
3006
3078
2519
1977
2155
3848
2795
1682
2415
2857
1376
1841
2849
2937
1484
1950
1130
1881
1302
1830
4094
3287
1661
2566
3077
1466
760
1702
1820
1953
2441
1256
2811
1253
3239
1270
2104
2306
876
464
2672
2593
1680
2215
2619
817
896
1168
2888
2401
2576
2465
888
2147
2215
3263
2655
1880
983
1456
1975
1706
2102
1765
2293
1656
2522
2867
2273
1
2101
1957
3146
2050
2642
3346
2936
2593
990
1979
2820
2717
889
1667
2154
1304
1309
1306
1735
859
2696
1328
2603
1453
2379
2493
1156
2220
2594
2282
2286
1697
1737
1761
2138
2702
1698
684
2033
2126
1392
1782
2661
944
2648
2108
2296
3830
1914
2757
2366
905
3006
1599
2236
1353
1660
2332
1869
3564
2273
2934
2897
1878
1491
2732
2775
2401
1354
944
1535
2144
1095
2867
1547
1471
2006
1692
3100
986
2021
1631
1802
1360
1944
1719
2416
1679
3818
2935
1069
1259
1
648
3153
1695
2726
1500
1852
2153
1858
1506
1792
2218
1172
2839
1103
1556
1674
2067
2692
1689
2974
1147
2417
3245
2947
2352
2153
1208
2646
1521
1718
2520
1588
2422
2719
2289
2543
2601
3141
402
3645
2350
2165
574
3327
1479
1786
1022
867
2831
1810
2950
978
3515
2191
1466
1537
2353
4094
1470
1911
2089
2214
1946
1103
2142
1773
2325
899
2961
1998
1368
2562
1617
2239
2276
1718
1902
2298
1871
1786
2047
3093
2763
1405
1219
2452
1435
1717
3337
908
1550
1327
1177
1712
2471
1705
871
907
1813
446
3239
656
2770
1092
2840
2396
2239
4094
3065
2663
1249
2435
2843
2038
2058
2935
2947
993
691
2177
1451
1443
1594
2873
2665
1770
1017
2232
2243
1542
2954
731
1439
2125
1463
1129
1750
3580
2839
1246
269
2189
1750
3331
2372
1835
2302
929
1346
1675
3580
2472
2267
2723
997
2761
2686
3107
672
2763
1209
2293
2552
1274
1672
1757
1852
1134
1469
2101
2084
1804
2887
1473
1965
913
2000
1731
1584
1263
2619
1149
3405
2266
2336
962
1734
1461
1260
1862
2108
3357
2139
1702
2381
1799
2876
991
3092
1374
2991
2949
2073
921
2615
1108
2406
1637
2607
1330
2447
1755
1713
1277
2186
2336
1644
1778
2201
1391
2267
2029
1526
2095
2063
2645
720
2189
1308
2218
2374
2710
1964
1986
1976
2765
2267
2211
3405
1783
2922
1751
1507
2544
1182
2135
1655
2202
2191
2276
2214
1728
1955
3037
1770
2913
1811
3132
2230
2339
1274
2068
1444
3392
3247
3889
1495
2686
2416
2609
2874
2320
1633
1560
1808
2171
2273
1858
1532
1704
1914
2465
2127
1326
2809
1763
3077
1793
3031
1362
2608
2157
1619
2131
3028
1810
1702
1533
1723
2147
1494
2003
1720
1686
1366
2064
2260
4086
2159
2770
1398
811
3188
1611
1709
2508
2456
1090
3014
791
1661
2897
1885
2613
1
3225
779
2367
2540
1517
1680
1362
2531
3362
4048
2278
2106
2640
1623
1870
796
1077
1846
1806
2095
1105
2307
1873
3062
1995
2195
1724
1183
1224
2627
1537
1160
1556
1047
3340
1435
3155
2033
901
3774
2292
1710
2090
1347
2508
1725
2495
2266
3192
2283
952
1023
2147
1124
2078
1746
2056
1827
1699
1768
2746
1166
962
2554
2444
2256
1265
2589
1223
1056
3644
784
2903
2258
2589
1795
1795
474
1855
1317
3159
2594
3400
2584
2422
1692
2204
1069
779
2885
2364
1835
1743
1267
1582
2420
2679
1500
2636
1540
1229
3176
2344
1559
1558
2707
2412
1720
2344
2618
1159
2208
769
2214
1239
1734
1795
2327
944
3324
2708
2029
1298
425
2441
2685
3110
1439
877
2505
2645
1229
2325
1763
2022
2757
1523
1827
2424
2127
1742
2599
2988
1552
2440
2635
1587
1304
2215
2188
2538
1063
1768
2831
730
2478
953
1608
1042
535
2130
2722
1883
1511
1854
1888
2280
1977
2368
2162
2609
2559
1434
1937
866
2398
2364
1383
3052
1449
147
1855
1459
2102
1993
2306
3250
380
2439
1456
2589
2220
2279
1339
2709
2269
1225
2091
3405
678
2180
1722
2207
1833
3334
1022
1598
2128
1086
3041
2292
2353
3157
2064
1960
2891
1640
2841
1119
2444
1700
1901
1416
601
1673
2485
3076
2830
4094
1775
1479
2160
2927
1706
2141
666
2779
2405
2742
2767
2560
2341
2057
2271
3476
1877
1506
3102
2522
1623
3334
1050
1414
1692
441
2910
3582
2447
2315
1438
2226
3231
1379
1862
2550
2620
1171
2219
2703
1692
1887
1637
2406
3553
2633
1873
2423
2244
2983
2569
872
1850
1652
1779
2557
1585
2471
2596
1628
2782
3399
2677
3013
2459
2118
3015
2209
1686
2162
1647
1387
2733
2191
2020
1413
2743
3277
4094
1742
2235
1077
677
1943
1336
1494
1447
1953
1226
3121
1503
1785
1668
942
2051
2135
2479
3751
907
2758
2495
1346
2318
1655
1455
1480
1919
3216
1938
2332
1988
2905
994
334
3108
1828
2419
2591
1166
1914
2251
1268
1450
2731
2034
3434
2863
2715
1198
2030
1655
861
1570
2187
2299
2788
3960
1282
1522
2726
1976
1775
2876
3387
1423
589
3302
610
1607
1510
1167
982
1159
2340
859
1054
2075
2105
1893
1890
987
2400
611
2123
2869
3205
1373
962
1982
976
2501
1816
2506
2811
2022
2736
676
2257
2066
1757
2363
2399
1704
1682
2187
2420
2911
3595
1355
2274
2182
1842
3246
1729
2288
2328
3085
2090
1306
1993
2210
2715
2931
2691
1449
2877
1678
35
3348
4094
2640
916
633
1980
2782
2230
2952
1983
1208
1136
1830
2914
1144
3642
2125
2226
1882
537
2433
2462
2850
3426
3276
1608
2211
1571
882
1831
2384
1674
2445
2283
1439
1674
3003
1557
1612
1818
2278
1309
2112
3074
2144
2096
2956
3098
1499
2752
1553
1863
2232
2615
1487
2602
560
2648
1725
1770
2191
2813
2617
968
1904
2127
2040
2176
1669
1960
1843
1414
3325
1893
3322
2354
889
1005
1868
1658
2728
2617
2587
2464
2205
2582
1415
943
1775
3164
2091
2454
3030
1209
1784
2063
2669
1683
1503
3253
2106
2194
1674
1088
2455
2830
2453
3727
1827
1990
1408
1190
2380
2291
2236
2317
2539
1361
2049
1357
2874
1134
858
2332
1550
2845
1777
2195
2479
2156
881
2300
1133
1684
1880
1656
2611
3148
2236
2815
1295
2155
2547
2028
2521
1997
2829
900
3235
2446
2287
3461
639
1965
1682
2920
2113
3282
2166
2054
2377
2330
2885
1758
3745
994
2983
2654
2249
1364
1105
987
2121
1541
2852
2117
2179
2203
2199
2794
2157
2154
2810
2326
2036
2188
1501
1895
1866
2836
3161
2285
2837
2140
2031
1653
2127
3266
2135
2378
2840
2424
2548
2368
3461
2139
1644
3207
953
2518
2666
956
2139
1933
1035
1883
2019
1600
2637
2277
493
1683
1223
1528
2079
2519
2225
1933
2282
1657
1900
2646
2515
3182
757
1584
2041
2058
2374
1938
2610
1588
2465
2357
1298
1872
1938
1851
1294
2328
2095
1634
1894
1343
1884
1202
4094
1875
2268
1263
3011
1752
1563
1619
1457
1939
3765
2680
1012
2431
2414
2500
1934
1843
534
2131
2779
1240
2398
2075
1430
1414
2352
1109
1463
2981
1808
3294
1972
2464
2325
2306
1191
1657
1755
957
1867
398
1446
1990
2188
1379
2119
2826
2570
2743
1614
2249
3327
1744
3284
2472
1554
1008
2893
2430
1996
2352
2512
1652
2678
2519
2725
1750
2517
1919
3288
2326
669
655
1331
1540
2032
1383
2863
2376
2559
2976
2419
1477
2193
787
2238
1984
1344
2037
1135
2229
2501
2339
1797
1929
2329
1776
2320
2788
1521
2497
1044
2228
620
1218
2364
2508
2307
2088
1466
55
3903
2408
2091
2511
2463
2206
2163
1221
1526
1395
1630
2171
2285
1525
2686
1700
3596
2200
1333
1775
637
2161
1625
1963
1623
2733
2946
1907
2955
2862
1991
2542
2329
1983
1242
2829
3176
2058
1660
936
2417
1866
2601
1898
1070
2185
2240
1885
2716
1044
3082
2431
2294
2001
2348
1575
3133
2027
2251
2670
1732
1974
1677
1587
2272
896
2455
2244
1742
2064
1666
1824
1886
1307
2082
2149
2710
1837
841
4070
3571
2566
390
1371
1637
1803
1647
2994
2210
2145
440
1291
2927
2605
1447
1649
2187
1502
1079
1600
2662
1927
1602
2173
2648
2168
2180
2302
1358
2160
3519
2790
1900
1929
3899
1991
2095
308
1644
682
2640
2245
1973
1965
1763
2379
2224
2113
2690
1643
2454
3822
1304
1572
1834
1913
2771
2919
1524
2929
2328
2507
3074
2155
1383
811
1595
2530
3111
2111
1859
1372
2030
1756
1794
2397
1992
3010
2330
1649
1155
2746
1457
1633
2009
467
1877
829
2954
1628
2590
792
1403
1988
1530
2237
2863
1970
1844
2252
1776
2560
1709
1641
1304
2500
2189
2441
1928
2544
2380
1052
2545
2776
2346
2038
2430
941
3695
2049
1246
3454
2593
1884
3561
1877
1481
987
850
1685
2689
1735
1416
1858
1475
3150
3995
2754
2924
2069
1459
2480
2466
1623
2440
2227
1723
2477
1121
1104
1236
2582
2757
607
1862
1662
1425
1190
1941
3054
1674
1958
2728
901
2966
1312
1174
1852
2694
2496
2153
2002
3075
1902
2701
2848
2352
1967
1936
1588
1980
1999
2053
2661
2174
1504
3094
756
3423
962
1056
1926
2008
2075
1134
621
2202
2393
2344
2897
2042
2032
1368
2612
2217
2056
1230
1519
1632
2680
1583
1978
288
1330
1600
2118
3437
2064
2976
3210
2599
1531
1541
2822
1343
1695
1742
932
2881
2553
3830
1381
3080
956
2207
2754
1022
1388
635
2271
1093
2028
2157
2448
1952
3605
2062
1116
1448
2319
1980
1106
1293
2393
1211
2386
1166
1875
3638
1428
1880
2816
958
1732
2307
1791
2877
1544
2028
424
2948
1700
1405
2941
2185
2126
1974
2527
2905
1718
2454
1712
2183
951
2461
1545
3631
1726
1381
1510
1510
1976
1508
2165
1237
2477
2416
1322
2021
2923
1210
1849
3503
2794
1668
2487
2209
2189
2683
2250
2700
1476
2241
3813
1574
1757
2417
3786
2576
368
2673
448
1492
3426
1448
2317
1788
1617
1988
2804
1786
2281
2181
2573
2674
1887
2096
2222
3516
2345
1440
3183
677
2485
3194
1080
2141
2457
1642
2442
3296
1493
1262
2301
1569
1793
2408
2517
3026
1257
2689
2706
1391
1481
1925
2299
2570
1930
1899
1482
1386
1988
2550
2187
492
2745
2047
2044
3326
2898
1845
1804
2987
2993
2672
2766
1635
1877
3332
1334
1988
1667
2541
1449
2217
3128
2633
1857
856
1614
317
3213
1342
1881
2082
1430
1747
2386
1757
1806
2113
2057
2306
2595
429
1195
2404
1422
2331
3301
799
2333
3043
1593
2160
2042
2324
1577
718
2229
1160
2462
3094
2239
2498
1782
2064
2389
2506
1718
2459
1957
1759
2619
3417
1377
1184
1558
2736
1204
2862
2022
1790
2671
1930
3137
1810
2489
1404
2120
2512
1394
2502
2086
1450
1548
2720
1172
2075
1765
1741
1540
2073
1837
1559
950
2586
2467
1627
1539
2027
2491
2561
1320
1811
709
2490
2759
1502
1481
2190
1754
2204
1091
2640
1378
2586
2645
1248
2277
2457
1840
2783
1495
2858
1666
2091
2588
3003
1707
2267
1828
1890
1786
2533
1775
2099
1787
2416
1556
2512
3081
2642
1877
3172
1618
3842
1971
1698
1225
1727
1824
1757
2520
1926
1100
1694
2570
1385
1450
2086
2826
1423
2688
1671
2539
2079
3208
2231
1424
2068
2056
1364
2704
2947
1034
2430
2849
2660
3841
2076
2208
1913
1329
1800
3998
1579
2851
2143
2467
2528
2615
2202
1277
2386
3183
2346
2210
1809
2157
1843
1425
2358
1926
1420
2676
673
1546
1906
2215
3645
1697
2975
2145
2998
2695
2052
1414
2178
2024
1618
3141
1418
416
1755
1317
1924
3760
1113
2708
1620
3073
1450
2965
2371
2807
883
2364
1754
1655
1734
2745
2179
2843
2088
2220
1798
1349
3116
1513
2395
2578
453
2608
1505
2935
1144
1675
2049
2139
1993
2670
3402
2875
2600
1460
1499
2871
1899
1691
1747
2873
2960
2928
1887
1989
2006
2680
2783
2157
2507
1803
1289
3287
1023
3518
1351
2677
2673
980
1386
2156
2430
2330
3689
2107
1935
1318
2039
2802
2349
1037
2666
1830
2973
2255
1836
1601
2624
1341
1562
2288
3245
1581
2212
3106
2919
2069
1641
1972
1313
2075
2015
1439
1316
9775
68
2962
5106
8787
3672
2770
2294
2887
3619
4480
8507
8099
6002
5735
1122
4750
3431
2754
2010
176
2399
964
4293
9591
9055
6123
5725
6566
7411
1797
3958
25
2810
2327
1762
9314
5078
7995
9091
6225
1077
1337
9674
5153
10068
5287
6736
3296
960
7522
4788
10225
7229
5634
7820
9612
1574
5635
7379
814
820
5522
1224
9845
3078
489
10024
832
8228
8110
47
2397
1195
8204
2984
6862
3217
5423
9433
1184
480
4487
8183
4503
2362
7230
2298
8066
9717
6631
7356
5962
923
5162
1126
804
3999
8448
2749
8627
5577
8036
6490
723
4552
198
1588
1304
1485
7949
8594
1064
3602
5691
4973
880
4799
2365
5086
564
6410
3577
812
5036
10226
1612
3356
4368
68
7048
7363
3486
29
6227
5866
8371
1307
824
8332
6558
4938
3499
4955
2659
7611
6922
8303
7696
8418
1160
9834
7369
3687
2228
839
1271
6439
1737
2078
7595
3300
2714
8669
2407
10107
2091
7910
8550
2432
7008
3410
5686
1277
9278
3673
6322
9123
799
5379
7546
9932
8746
7027
5466
5078
1652
5856
1695
2431
7206
2032
7263
8938
5352
8160
6349
7038
2678
9496
60
3842
9465
2973
7275
1760
5129
3995
8177
1900
669
4414
8604
3114
8179
8297
1695
7941
630
3715
1777
3505
169
6388
1411
10001
3358
9724
3646
2151
6215
8716
7527
5858
2979
3283
5349
9838
5718
7262
4626
4937
5939
2403
6208
8856
5860
5928
9063
2442
9420
2087
7662
6123
3890
8395
3617
7832
21
6244
7372
4474
1727
5100
9749
9181
4369
6413
9904
4457
7867
8516
7290
3540
5103
6561
4869
8671
2244
9175
122
6373
8550
718
7778
5165
671
7977
4
5341
2404
2105
3436
8460
9000
5217
4517
4235
1826
6273
8648
3934
1911
5620
9584
6834
5173
9196
7427
1533
2867
157
5030
6618
1263
1987
7798
837
378
3261
8616
6859
7472
5843
6363
894
2579
7743
2180
5262
9298
7139
738
336
7453
1230
9312
7262
7696
9244
8990
1041
740
220
2848
10131
5966
2483
8442
6707
8417
8595
618
3021
3784
2003
8556
8663
10578
11157
10913
9669
9288
10093
9636
10969
8589
10939
10634
10604
10325
10881
9954
11042
10515
10621
9510
10036
11955
9866
10973
9818
8200
9419
10310
11164
9777
10990
10273
10588
11091
10575
10333
9495
10104
10474
11357
9689
10410
9515
10414
9986
9931
10892
8588
10659
11001
9620
10538
10311
9284
8504
9314
10976
10063
10935
10412
10029
8672
9686
9773
9392
10819
9885
9617
10588
10096
10466
9986
9845
8974
10452
9568
9431
10291
8710
10628
10165
9580
10193
10137
9764
11458
9908
10690
11412
10681
10144
10303
9983
9794
10924
9720
9253
10910
10504
10386
9635
9906
10660
11246
10295
11073
10481
10749
11088
10672
10510
10418
8762
11148
9838
10982
10483
9828
9555
10363
10134
11004
11122
10656
10139
9462
9902
10202
9821
10206
10236
9123
9285
9863
9910
9913
11280
10508
8783
10201
11956
10955
10430
10987
9973
9936
10533
10101
10233
10056
10426
9993
10301
12278
9693
10449
10568
10074
9669
10406
10106
10123
10188
11087
9979
10789
10637
10139
11108
11205
10880
9226
9684
11594
8339
9871
11032
9372
9045
10297
11436
10614
9437
9217
9683
10187
9122
10572
11108
11058
9538
10946
9627
9474
10398
10323
10983
9269
10132
10358
9872
11609
9667
10814
11042
9417
10365
10198
11142
9837
10985
10293
10429
9005
8193
10190
10952
10272
9943
9791
12286
9379
11780
11219
11448
9547
10735
10560
10988
9176
11642
9962
9658
9293
10685
9868
9790
9405
10158
10251
9054
9798
9572
9830
10335
10903
10002
9912
9799
9684
10838
10786
10146
10001
10078
9486
10352
11343
9438
9956
10475
10590
11359
9643
10120
11832
10348
10070
10187
10398
9907
9620
10858
11116
9973
10054
9907
9768
10632
9904
10899
10218
9870
9767
9098
9226
11027
11000
10775
9593
9338
10747
10525
8329
9238
10765
10039
8676
10605
10732
10546
10101
10707
10946
10260
10390
10182
9756
9960
10797
10766
11023
9084
11030
10012
10556
9637
10743
10374
9898
10556
10527
10710
10633
9570
11575
10793
10298
11054
11068
10538
9402
9270
10311
10883
9525
10840
11033
9716
9724
9752
10539
9175
9775
10366
9999
9846
11002
9899
10516
8808
9223
9732
10487
9040
11094
11360
9731
9833
10276
9408
9722
9442
10611
9788
10673
8958
10594
10663
11319
10024
9697
10414
10076
10591
10705
10394
10071
10660
9383
8391
9674
9885
8522
11386
8193
9616
10860
10082
11054
9360
11521
10510
9799
11399
11379
10383
9910
10219
10601
11724
10404
10424
9588
10210
10599
10498
9750
9939
10806
10162
9955
10174
10785
9562
10636
10639
10815
10001
10797
9583
10306
9846
11005
11087
8813
10583
10695
9620
10628
9449
8887
10343
10259
10157
9715
11545
10992
9629
9984
9989
9474
10164
10396
10499
9505
9693
11032
9294
9648
10947
10710
10661
11781
10022
11431
10156
9643
9702
11042
11527
10271
10342
9132
10166
10212
9354
9334
10533
10660
10435
10025
10663
11316
10494
10312
10772
9457
10084
9195
9965
10524
11617
10843
10709
10433
9931
9360
9213
10422
9502
9534
9039
10369
9459
9738
10526
9774
11500
11548
11606
10661
10845
10825
10563
11040
10961
10451
9482
10277
8660
10183
10536
10150
9081
11131
9660
9894
10922
10849
10919
11290
9678
9979
10188
10193
10224
11471
9607
9077
11124
10466
9864
9333
9279
10917
8773
11182
10658
10022
10766
9861
9709
9972
11184
10551
10220
10414
11654
9175
11082
11149
10600
9979
10699
10274
11301
11404
9650
9518
10760
10972
10661
10219
10520
8688
9347
10888
10402
10794
9861
9294
9065
9856
9989
10552
11123
9423
11420
10429
10354
10155
8600
9396
10177
10115
9510
10065
11693
10530
10007
10332
12286
9990
11216
10893
11179
10779
11317
9838
11260
9721
10281
10146
10858
9366
11265
10554
8961
9723
9325
10814
8193
10517
10480
10347
9845
10633
10833
9986
9124
10925
10479
10180
10153
10792
8743
9448
9716
10341
10549
10784
11832
9857
9840
9696
10183
9731
8257
10092
10206
9691
9944
10826
10529
10017
11026
11712
10325
9615
10099
10992
10918
11066
8717
11387
9331
10072
9672
11256
9466
11527
10736
11286
10223
10162
9137
9883
10378
9570
9807
10193
10754
9481
10249
11049
9315
10486
10118
11150
10053
10008
10299
10309
9491
10295
10799
9134
10041
10176
10464
10690
10243
10650
10380
9900
9872
11075
8641
10008
10180
9511
10395
10114
10368
10061
9863
10187
9314
10468
10096
9971
11780
11450
9093
11075
10924
9813
10472
9876
10050
11801
11580
11363
10820
9040
10011
10694
10612
10203
10437
10157
11103
10144
10549
11170
9196
10400
11129
10639
10270
10412
10948
9325
10408
9915
10335
11485
10144
9981
10104
10154
10866
11238
10423
9849
11049
10045
10764
10781
10658
11035
11951
9903
10840
10858
9808
10866
9863
10128
11031
8730
9483
10066
11203
10132
11376
10052
11960
10418
10003
9681
11820
9354
9524
10377
11027
10558
9893
9511
10726
11902
9467
10877
9674
9787
10942
9844
9230
11085
11049
10535
10826
10395
9744
10321
10590
10015
10937
9900
10436
10573
9078
10842
10260
10091
10935
9450
10884
11289
11082
10707
10895
8621
10789
10338
10526
11490
10092
9813
10211
9680
11218
9943
9093
9773
9780
10817
10151
10300
9192
10096
11333
9953
10710
9372
10566
9879
10992
9854
10674
11967
9141
11344
11221
9849
9575
9988
9132
9931
11096
9328
9609
9879
10334
10631
9293
10380
9559
10373
9422
9256
10233
10851
10822
10003
10615
10568
10274
9455
10827
10574
9420
10054
10620
10765
10841
9740
9760
11642
10037
9147
10261
11563
10069
10436
9624
10243
9778
10844
10572
11447
10394
9019
10055
10600
10267
11064
9776
10874
10663
9598
9853
11502
10043
10208
11714
9989
9621
10288
9789
10335
9191
9765
12266
10635
10622
10923
10174
9999
9414
10680
10013
11127
10365
11742
9463
9832
9252
10889
10475
10459
10731
10306
10096
10898
10912
11514
10307
11362
10553
10784
11206
10743
9820
10320
10542
10415
9233
10145
12286
9403
10514
8991
9415
10504
9266
10759
10085
10869
10764
10089
9641
10362
11352
9757
11726
10263
11617
10430
9268
11685
10954
9704
10187
9987
10433
9848
10276
11377
9662
11625
10411
11555
10515
10390
10630
10762
9792
10476
10873
10577
10886
10399
9894
10603
10127
10657
10950
10424
10986
10346
10544
10566
9451
10783
10279
9239
9140
9340
10375
9862
10531
9955
11360
10022
9618
9671
10436
9145
10683
10598
10162
11404
10109
10169
11053
11476
10331
10842
10405
9680
10444
10676
10772
10359
9917
9130
9669
9837
10543
10042
11626
10989
9895
9086
10763
9924
10016
9431
12090
10349
9676
11411
10856
9478
10348
10280
10375
11104
9774
10179
10424
10712
9593
8471
9895
9798
11937
11067
8783
10705
12073
10476
9869
10247
9820
11719
9982
10571
9372
8863
10914
11002
11465
9517
10235
11027
9767
9970
10637
11370
10719
12142
11416
8964
10464
9910
8618
8193
9892
10515
10173
10162
10796
11345
10352
9900
9739
10708
9815
10754
9728
10307
10773
10400
10926
11634
9240
10001
9223
10000
10479
9922
9717
10542
10280
10918
8481
10689
11487
10959
10059
10116
10724
9570
10787
10348
9850
10886
11760
9954
9302
11554
8993
9618
10468
11594
10805
10103
11018
9776
11321
10726
11561
9867
9859
11279
9950
9795
9919
9800
9975
10310
9934
9205
10428
10805
9908
10748
9928
9511
10223
10450
8472
9478
10012
9046
10209
9679
10453
11419
10588
9903
10010
10176
9505
10220
10422
8893
9438
9788
9452
9646
10209
9866
9590
10539
10553
9318
10285
10780
10032
10992
9927
9953
9485
11539
9098
8444
10940
10253
11077
9370
9959
9872
10118
9738
11082
10466
10243
8950
9664
10389
10955
9694
10042
10182
10331
10178
10517
11516
11166
9925
10178
9867
9881
10388
10131
10286
10189
10063
10379
10412
9930
9367
11596
10115
11162
9322
10305
10360
11955
9393
10439
10922
10872
9534
9500
11241
10940
9166
9898
8957
11218
10220
10296
10699
11178
9700
8979
9804
10084
10278
10382
9936
9764
12093
8562
10064
11219
9658
10739
9938
9847
10171
10989
11241
9494
10765
10282
10737
9985
10348
10430
11409
10124
10732
10757
12286
9381
9545
9842
10186
10133
9804
9815
9510
10350
9949
10048
11749
8903
10769
10071
10975
12286
10792
10448
10532
11125
10471
9408
10307
10255
10515
10066
10034
8935
9673
10532
10443
11207
8333
9684
10503
11262
11701
9727
11025
10150
10962
9031
9546
10436
10262
10769
11178
9921
8801
10992
10386
9638
9980
10384
9961
9512
10304
9745
10368
10616
9460
10564
9941
10680
9842
10437
10878
10561
10590
10439
9646
10278
10698
9859
10181
9895
10058
9659
10293
9400
10730
11363
10370
11161
9162
10593
10405
10278
10337
9544
11265
10698
10164
10072
9634
9920
9698
10861
10738
10528
10089
10653
9965
10643
10578
9697
10963
9549
10438
9815
9619
10263
10571
9245
10591
10546
10009
9548
11387
11327
9314
9494
9498
10700
10606
9875
11668
9801
9562
10165
9285
10117
11572
9702
11337
9771
11642
9644
10104
10526
10661
10587
10293
9706
9594
10554
10489
11292
10917
9846
10164
9557
10880
11550
10448
9873
10436
9608
10893
9691
9929
11267
9478
10314
10200
9894
11436
10164
9625
10999
9829
10180
10323
10461
10037
10842
9889
10767
9088
8977
10581
11048
11215
9701
9268
10805
10131
9585
9722
9360
11055
9741
8980
9766
10654
10932
10485
10220
10354
10300
9757
11040
12151
9763
10126
10649
11457
11428
10320
10817
8912
9758
9909
9948
9386
10339
11487
10465
9501
10708
9668
9251
10532
10641
10159
9167
10588
11078
10835
9767
10703
11113
10112
10632
10800
9957
10762
10972
9071
9294
10876
10165
10407
9999
10931
10359
10290
9678
10134
10159
9879
9864
9815
9587
11164
11353
10119
11122
10348
10548
10579
9561
10607
9765
9952
10440
10218
9897
10127
9450
10053
10049
9406
10167
10295
10966
10776
11220
10569
10564
10419
9725
9821
10821
10495
9596
10360
10206
10462
10510
10732
11559
11812
11709
10424
8490
11281
11123
10322
9567
10361
9937
10091
10842
11583
10740
10350
10011
9584
10068
10255
10774
9556
9613
10671
9075
10248
10294
11023
10812
10455
10709
10512
10452
10200
10184
10378
9578
10384
10036
10882
9672
9852
10499
10799
10528
10774
10845
9272
9896
9910
10745
11586
10542
10153
10972
10039
11108
10953
10253
10795
10194
9608
10299
9647
10508
10131
10490
10840
10203
10096
9021
9612
10614
8917
10970
10241
10367
9888
9940
10779
10332
8824
10455
8581
10168
9938
9655
10779
9859
9917
10325
10104
10466
9545
10184
8367
10049
10345
10306
10435
10896
10300
11552
11553
11630
10130
10753
11119
11774
10998
10119
11047
11024
10409
9119
9482
9029
10241
10017
10283
10720
9387
10919
10834
9283
10247
9367
9388
10013
11944
9063
9289
10303
10459
11427
10021
10138
9996
11948
10957
10297
10531
10524
11877
9579
8578
9018
11366
10344
10072
10608
11149
10968
10746
10669
9235
10269
10816
9732
9807
10979
10182
10751
11555
10531
10402
11212
9608
10342
9568
10194
9553
10064
10946
9509
10084
11275
10243
11780
11192
10386
10160
11126
9468
9966
9699
9568
11209
9976
10974
10265
10595
10808
11171
10665
10755
10154
8760
9750
10302
10963
8944
10313
10182
9867
10474
9422
9939
9850
11182
10292
11107
9700
9686
10894
11505
11127
9840
11072
11301
9376
11306
11026
10049
10106
10440
8638
11051
11009
9442
11508
9880
9698
9793
11805
11044
10071
10111
10280
10165
9879
11020
10376
8900
9597
9476
9256
10528
10364
11083
8759
11251
10052
10047
10046
10921
9739
11362
10321
11511
10670
11837
10416
10709
10747
9751
10145
11580
10585
10233
10069
10805
10126
10586
10589
10044
9786
9962
10636
10240
10520
10064
10481
10986
9985
11107
10385
10548
9241
10990
11732
11268
11136
10461
10676
9835
11197
10305
10290
10628
10084
9433
9952
9362
10097
9294
9467
10244
9853
10830
9509
9518
9950
10154
10098
9700
10485
9015
9019
10314
10192
9667
9942
10732
9814
8961
9790
10467
11305
10529
9989
10203
10557
8193
9580
9843
8193
10812
11390
9467
10346
9930
11107
9634
8988
10413
9700
9138
10915
10630
9381
10792
10346
9154
8490
10172
11641
9628
9929
10564
10580
10761
10190
11069
9985
9723
10149
10130
10264
10113
9293
10208
10672
8902
9798
9754
9004
9581
10938
9255
9383
10439
11816
10824
10471
9683
11367
9587
8554
9959
11107
9394
8575
9654
10413
9555
11109
9605
9177
10198
10918
9783
10046
11389
10211
10608
11661
9904
11154
10083
10639
11839
9106
10346
10949
10154
11418
11329
10352
10620
11338
8740
10270
10175
10569
10076
8193
10502
9804
9976
10271
11577
9945
9566
11174
9003
10421
8612
11811
10814
10513
9812
9416
9884
10325
9580
9253
10306
10821
10081
10794
10505
9845
10542
10224
9147
9173
11669
10136
10387
11694
11241
9887
10614
10481
9194
11596
10942
9776
10367
9790
9089
11112
9508
9294
9400
10357
10665
10804
11541
10098
10755
12286
10576
11376
10124
9778
9437
10104
10640
10790
10093
10602
9676
10168
10796
9621
10086
10300
9801
10656
9890
10688
11747
10010
11749
10709
9543
10640
10769
10976
10010
10767
10545
9823
9738
10123
10539
10326
9664
9958
10378
9920
9426
10833
10758
9765
9803
11360
11008
10445
10573
11068
10269
10458
9297
9739
10048
10058
9195
9429
9639
9948
9980
8943
10535
10922
9498
10494
10197
11087
10129
11030
10311
10174
9938
10956
10947
9780
10320
11251
10612
10683
10388
9741
10020
9536
11233
10647
9390
10526
10287
10188
10334
10635
9946
10159
9709
8854
10395
9742
9301
10213
11162
10892
9981
9598
11053
10919
9602
10556
8814
9623
9781
10577
9509
10706
11116
9704
10302
9263
10320
10549
9597
10877
9474
11367
9478
10109
9894
9372
10326
10433
9976
10505
9570
10235
11412
9403
9805
10704
11026
9553
10699
10347
10896
9594
10450
9523
11124
10751
10403
9297
10665
10870
10337
10541
10429
10356
10098
10579
9935
9575
9743
10032
9930
10598
10051
10052
10698
9736
9882
10853
12057
9770
9481
10804
10220
10591
9930
9787
9796
10406
9751
11053
9017
8880
10057
10612
9711
9694
10395
10169
10679
10653
10492
10856
9782
10801
10223
10551
9666
9930
8993
10120
9843
8332
11186
10178
10628
9974
11067
10173
10288
9677
11342
10203
8498
10332
11850
10475
11089
9958
9098
9582
11049
10259
10467
9334
9447
8272
9740
9790
10087
11119
10556
10762
10098
10547
9460
10225
9823
9671
11112
10462
10473
11378
10317
9610
10075
9905
11066
10709
11306
11165
10229
10953
10536
9362
9466
10443
9809
9567
11332
9663
9807
9906
9107
10730
10654
10154
10574
9064
9781
9387
9201
10315
11092
10579
10468
8919
9617
9369
8625
11275
10401
10122
10718
9660
8413
11287
9642
11053
11164
10832
11411
11572
10177
11413
8807
10969
10110
10267
9684
9700
10353
9930
9394
9163
10107
9366
10758
9585
10721
9294
10496
10679
10656
10646
10524
10559
9229
9910
10509
10440
9736
10448
10215
11353
10210
10571
9818
9731
8612
10572
10483
11725
10834
11539
9009
8625
9843
10794
9463
9236
10198
11008
8562
11451
11257
10754
10544
10896
10127
10009
9541
11452
9981
9406
9638
8847
10969
9060
9930
10060
9370
10314
9565
10616
9741
9850
10980
11462
11022
8835
9487
11554
11040
9386
10696
9987
9558
9008
9461
10428
11399
9881
9524
10712
10359
10435
10254
9911
9946
9809
10886
9693
11150
10069
8970
9779
11092
8834
9697
10837
9589
10431
9515
10017
10205
10803
10291
9535
11507
10281
10369
10231
10501
10810
10215
10050
11321
9991
9748
10291
9658
10564
11304
9449
9331
9923
9875
9314
9600
9510
9217
10363
9953
10814
9665
10894
9669
11062
9226
9819
12286
10395
10264
10317
9751
10136
10806
10186
11133
10239
10158
10666
10474
8813
9578
8193
8691
11838
8379
11713
9340
10023
10523
10176
11820
9926
10156
10723
10607
10502
10564
10401
10780
10788
9877
10107
11172
9517
10739
10124
11167
9814
11664
10645
11294
10342
10118
9107
11243
10590
11807
10953
9567
9433
10482
10397
11066
11237
10100
9339
10162
9552
10459
11183
11240
10017
10660
10377
10883
11154
9925
10225
10319
10993
11636
10296
10877
10762
10644
10944
10878
11194
10605
9882
9840
10943
10931
9631
10339
10090
10238
8387
10529
10498
10920
10440
9879
10147
9966
9666
9701
10800
10685
9714
9965
9844
10380
10347
8871
10315
11928
9951
9863
10399
10445
10594
9730
9866
9675
10032
9674
10012
10667
10219
8727
10304
9960
10104
9929
10974
9485
10910
10240
9826
8997
8932
9549
10985
10006
10564
10734
10341
11076
9781
10907
9516
10192
10322
11688
9365
10603
10126
10584
10249
10292
10607
10455
10501
11020
9356
9110
9449
10840
10678
10873
10230
9603
9531
10029
9380
11561
10498
10385
11017
10189
9164
10846
9309
9983
9628
8926
10996
9714
9812
10890
9852
9850
10970
8833
11060
10647
9184
10064
10397
11143
10162
11050
10182
9165
10769
9806
10595
9812
11529
10010
11111
10535
10155
9418
10288
9858
9013
10271
10936
9676
11549
10592
11224
10912
11538
10586
10876
9287
9532
10334
10036
10662
9702
10307
9810
9235
10157
8922
10039
9736
11305
9742
9318
10693
9559
10395
9114
10800
10081
10695
10175
9685
10737
9542
10622
10347
9510
11058
11167
10509
10683
10491
10560
11749
11785
10105
11121
10906
10446
9966
9884
11451
11403
10186
9889
10085
10932
10331
9353
9779
9903
9260
10899
9762
11502
10472
10574
11837
9802
11237
10550
8698
10495
10786
8777
10730
10809
10045
9830
9548
11642
9804
10723
11127
10248
8873
10434
9432
9637
10703
9098
9401
10678
10744
9142
10624
10328
10668
10087
8724
10071
11241
9535
9617
11373
10807
10614
10249
10326
10702
9488
10677
10362
9436
9129
11480
10351
10371
10818
9317
10331
9807
9802
10187
9489
10597
10841
10456
10109
10453
10212
9341
10732
10019
9771
8834
8816
9998
9296
9160
10432
11280
10804
9638
9905
8976
10437
8893
10281
11683
10320
11007
10428
11661
10085
9190
10490
11405
10486
10061
10625
9817
11219
10704
10031
9948
9677
11147
9478
11334
10929
10550
9619
10265
11373
9800
10331
9568
9932
9975
9486
9459
10333
10283
10968
9653
11276
9366
9362
10989
10188
9939
10855
9552
9791
10243
9244
10521
9480
10038
10177
8714
10097
9442
9031
10007
9038
9357
9958
10244
10757
10380
10093
9429
11063
10825
10935
10866
9388
10126
9655
10961
9271
9866
9828
11174
10616
10584
10094
10572
11563
9678
9263
9953
9851
8962
10134
9977
9909
10455
11038
9881
10114
10402
8592
10039
9795
10640
9895
10745
10856
9068
9606
10037
10865
9809
10025
9680
10029
9714
9544
9448
10249
10414
10907
10518
10573
9704
9720
11052
9895
10333
10907
9961
10970
9656
11541
10196
10144
10318
9855
11167
10700
9694
10110
10259
9901
9984
10226
10268
9999
10681
9581
10130
9706
10352
9757
11230
10660
10622
9346
11143
10224
10165
10484
9256
10385
10757
9423
9551
10000
10460
10482
9013
11455
9647
11568
9884
10485
8649
11018
9139
10106
12286
9529
9916
10881
10259
10456
10330
9417
11105
9764
9864
10850
10120
10612
10083
10581
10965
9471
10214
10046
11141
11499
10519
10824
10634
9979
9782
9687
9619
9721
10873
8782
10442
10085
9519
10590
9922
11586
10923
10224
10067
9537
10817
9177
9700
8942
9087
10854
9456
10558
10961
10633
10810
9608
10488
9736
9125
9969
10480
10433
11360
10553
10378
9071
9985
10189
9417
10425
9953
11105
9346
9440
10295
11368
10319
10798
10078
9800
10664
11536
8709
10142
11641
9670
9749
9406
11380
9225
9469
9974
10031
9098
10579
11141
10145
10076
10567
8957
9638
10212
9989
10400
11301
11200
9477
9972
9958
11222
11482
11148
11290
11138
9109
9837
10085
10203
11710
10507
9797
10983
9738
9840
11466
9059
10506
9553
10622
10062
10055
10082
10566
10594
9703
9817
10988
9107
9607
10227
10483
10786
10032
11512
9577
9992
10736
9491
10249
9940
9490
10076
10684
9567
9639
10253
10194
9046
10385
10374
9781
9846
10709
7412
19885
13177
21242
3759
3431
17673
5143
20079
17746
10457
10552
13496
16321
19091
8045
7672
16748
14035
22331
15736
3126
3144
636
8110
9671
5460
13642
19376
17605
3606
13503
3634
2831
21348
21047
20877
10716
4738
11338
1491
3553
12473
6552
2621
16380
5090
13469
4669
17634
18885
21449
761
567
1809
9467
8657
6776
20922
20285
17290
12799
18690
4222
8147
4526
15921
22377
17499
15284
11423
9437
308
20355
10697
18165
21091
2075
495
8431
7758
12268
6736
2818
5181
10387
63
2457
11408
3146
10429
12583
1709
3735
19932
15504
487
16335
21605
15371
14839
4234
22128
2814
8252
2386
16054
593
5647
2531
22192
10718
13110
11949
17454
7065
19236
10358
11378
19748
19842
900
21775
475
6900
9351
19618
4225
18664
22292
12190
2273
2983
11485
18201
18783
2642
17601
8253
6994
16198
8020
4830
6640
7996
3025
3224
6999
14954
4791
21687
19291
6515
17256
12892
211
4479
20054
15346
14599
10924
5513
15150
14962
8221
11105
17968
19666
9966
8370
8236
4398
7359
16992
9988
6181
400
4280
15265
9259
526
2074
11455
15191
19596
2011
13664
18839
2731
5270
437
10390
11947
3383
2955
6806
12741
11623
16146
18493
13498
15392
7556
5741
13080
1461
5743
3799
4186
14775
9371
19725
15334
12945
7871
18502
14183
18495
9271
20417
3947
2603
19229
21062
22202
2060
2444
4771
2524
15689
18976
2274
21507
11306
14532
3849
11116
6609
19888
13123
11199
7313
6038
8403
14126
15045
5381
212
3376
20171
6490
6574
8053
17782
15078
10066
17296
16052
797
16397
20881
1136
14374
2703
21430
14602
21468
3182
20134
6997
7501
19961
9454
6773
21693
4493
17345
21592
7567
15903
2785
4491
19417
12640
5484
7023
21733
16148
1885
14073
22131
12219
20885
10229
3904
6654
19846
7774
19912
6220
8096
5950
4799
5866
9528
289
14663
20964
9576
4365
3441
11379
20109
5602
20524
7378
17984
20248
423
21932
8257
12786
4458
7885
2469
306
1543
17793
15103
13136
14480
15135
1885
21958
14464
1884
21595
14220
1234
13432
9110
7515
13268
898
2611
9200
330
3208
4058
10572
5316
18085
10812
9829
15013
1498

