14243
15148
13753
14600
14492
14921
14474
13681
14712
14134
15207
15675
15552
12709
12289
13510
13622
15835
12289
14021
16382
14531
14356
13670
13270
13926
14527
16146
15605
14506
14444
13490
14719
16032
13206
16382
13329
14205
14851
12780
14607
14414
13032
13537
13284
13542
14842
14335
12546
14578
13950
14087
14468
13928
13489
14635
13138
14213
15249
14736
14831
14081
12668
13672
13550
15240
14000
13423
14504
13229
15615
12289
13077
14508
13657
16127
14825
15399
14482
12601
14001
15042
14776
15106
13059
13642
13144
13641
12289
15660
15132
13043
12733
15149
13628
13732
15241
14214
14669
14997
14742
14130
13766
13765
14253
16233
15450
14479
14369
15822
13716
13614
13170
15087
14398
14300
13045
14084
13897
15032
14551
12289
13920
13801
14153
14587
14108
15562
16382
13830
14226
14648
14486
14439
14783
15444
14081
14076
14310
12687
13947
14088
13122
13037
14299
13065
13520
15136
16349
15836
16300
12421
15990
13664
14419
13207
14885
14793
12457
15853
15857
12460
14060
15211
14305
12289
13589
15209
13078
12594
15852
14170
14884
12289
14041
12289
13619
14605
12831
14923
15238
13890
12775
15130
12289
15308
15198
14469
12330
14420
15455
15394
13559
14677
12829
13365
15493
14292
14724
13943
15505
14184
13274
14358
13745
14259
12383
13372
15700
12949
14133
13590
13884
14617
12542
14306
16382
15471
14846
14777
14572
14263
15011
13133
14464
12530
13225
15361
16146
14440
14262
15850
13799
12341
14504
14654
14436
14468
14349
14903
13104
14173
15059
14800
13287
14684
15295
15605
13824
13681
12947
15129
16382
15845
13833
14338
15048
15793
14191
14916
15753
16382
13690
14783
13983
13411
14533
15437
16382
14515
14485
13710
15536
15858
14466
13359
15984
12806
13975
13037
14004
14197
14496
14694
15362
12422
13665
14648
15065
13274
14774
13988
14332
15936
15196
14566
14389
13240
15095
15517
13795
13929
15731
14066
15865
14210
14284
13650
14740
13693
13677
14698
13951
15838
14481
14977
12664
14094
14305
13807
12762
14068
13061
15517
15076
13889
13141
13525
14565
13677
15342
13026
13919
14718
14315
15007
13195
15341
14537
14636
15216
12990
14850
13190
13232
12720
14292
13349
14293
14822
14735
14977
14350
12289
15022
14215
15115
15775
13346
14449
15886
15782
14782
16382
15581
14715
13118
15033
13341
12834
14811
14973
16382
13904
14820
15039
15127
14694
13647
14319
13618
13659
13641
15396
15223
14526
15441
13404
12361
13620
13090
13374
14819
15075
14531
14726
14894
16382
15256
14265
13770
13459
13067
13302
14286
12814
13781
14056
14873
15007
14658
15521
14365
14526
14860
16283
12779
12615
12289
14475
13998
15188
15188
13336
13801
12363
14345
14383
14370
14193
15219
13213
14441
14839
13021
15025
14992
14967
14958
14109
16026
12879
15508
14137
13633
15783
13529
14228
14195
13840
13578
13725
13948
14602
15071
14392
13774
12517
14708
16313
13249
13517
14819
14062
15357
14739
16382
14368
13782
14727
15932
14921
15887
13601
13127
14632
14766
15516
12755
15892
13958
15144
12949
13468
13872
12289
15562
12988
14465
14817
15813
14431
14229
12963
14842
14168
12661
14835
15277
13753
12756
15199
14252
13007
12959
13895
13508
14161
13671
13436
15321
15062
13211
16043
15112
15426
15058
15091
15430
15278
14568
15375
16120
15130
15034
13436
12289
15648
13238
12787
12623
15209
14015
14154
14371
16382
13144
14615
14447
12289
13784
14055
14421
13102
14448
14840
15083
14984
14291
13168
13511
13956
16382
14874
15005
14858
13533
16290
14019
14645
14559
15325
12290
13406
14078
14066
15326
13996
16382
15106
14287
15246
14687
14816
14664
14858
13519
15041
14451
13822
16382
13509
16382
12998
13423
12813
15413
12479
14317
15951
12289
14228
16154
14526
13614
15143
12887
13983
13803
13985
15147
16234
14909
14485
15520
14913
13373
14840
15445
13351
15445
15012
13746
15274
16168
15869
12953
14570
15772
14152
12289
14762
14173
12526
13746
13051
13942
14501
12550
14041
15414
15147
15321
15727
14714
15120
14025
16197
13533
13967
15002
14015
14423
16290
14549
13571
15303
14541
14855
14632
13915
14161
13989
15634
14901
14221
14349
14534
14534
14025
14789
14590
15454
13361
15712
15332
15234
12289
14275
14770
12289
14220
14992
13599
12828
13680
13958
13633
13918
13790
14482
13676
13298
14201
14686
14444
14523
13556
14415
13862
12586
13910
14757
14208
14058
13735
13666
13138
15136
15833
14127
14583
16382
14894
14181
15388
14519
14237
14624
13300
14835
13083
13456
15153
13311
13776
13768
15260
13672
15289
15386
13434
14528
13470
12924
16125
14377
14640
14921
13709
14152
14792
14166
14276
14546
14172
14834
13296
16367
14848
15128
13966
15480
15334
13501
13434
14889
14789
13531
14058
13895
14519
15287
15524
13746
14108
14541
16382
14723
16382
16382
13422
15369
15772
14129
15246
14046
14851
13634
15203
14964
15505
12999
14267
14087
14155
13805
13716
13684
13892
13856
15006
12947
14997
14110
13450
14041
13286
13633
14893
14770
14278
14181
13462
15703
13394
14626
15088
12439
14142
14838
16213
14484
15060
14137
14789
13765
14916
14738
15075
14243
14364
14668
15210
14765
14869
14813
13702
13556
13502
14710
14702
13350
13780
15713
14206
13243
13760
12972
13338
15037
13778
15139
13902
15918
14080
13222
13624
13509
13093
14438
14896
14878
15572
13840
14216
14149
14088
12799
13935
14247
15055
14685
14041
14719
13092
12922
13755
13733
13760
14702
16382
14162
15006
14214
14475
14596
13882
14756
13842
13445
14934
14503
13200
15853
14836
14590
14957
14810
14614
13398
15474
15097
13340
14969
14469
15440
14065
15282
12823
13857
13305
14119
13424
13101
14039
15615
14213
16230
16249
14212
13420
13810
15955
14722
15250
15214
13437
13441
13345
12963
13821
14650
12559
15140
15928
13533
15574
12946
14078
15223
14556
13767
13375
15531
14065
15150
15601
13312
15638
13178
15573
14917
15107
14290
14872
13621
16382
13548
13914
13480
13864
13905
12979
12289
14056
15302
16234
12511
14168
12289
12816
15074
14870
16382
13090
13676
14573
14526
14235
15610
14854
15204
13778
14213
15132
14899
13536
15116
14163
15309
13511
14622
13841
15527
13439
14741
14196
14563
14809
16242
13350
12585
15173
13588
13008
13026
13364
14536
12990
15126
14339
13812
14737
15175
13602
12742
13659
14211
13351
14995
13813
14482
12289
14129
15691
16156
12289
14360
15277
14421
13158
14199
14109
14900
16234
12520
15034
13957
13916
12289
13831
14799
13390
13031
14118
13787
15409
13723
14940
13911
15440
13058
15893
13984
14585
12640
14122
14610
14348
15016
14563
15019
13503
14964
15663
12964
15509
13702
14688
14509
12289
14304
15477
13989
15757
13998
13599
15484
14774
13969
13917
16178
14596
14528
12412
16382
14982
14854
14808
15750
13153
13883
13266
14305
16382
14731
16361
14898
14615
14868
14664
15650
14389
16235
14397
14357
13658
14058
14085
14797
14556
15512
14532
14050
14459
14033
15824
14030
14029
13801
12395
13778
13404
14647
14084
15336
15576
12617
14840
14151
13396
15233
14535
14947
14562
13838
12613
14119
12786
14692
15432
14891
12289
13824
16064
13965
14996
12289
13022
15187
15118
14184
15180
13568
15062
13722
13240
14354
15542
15447
15038
16382
12961
15312
14877
13942
16382
13726
13401
12289
14274
14517
15238
13834
15162
14722
15094
15474
14417
14034
13369
13742
13178
16292
13993
12780
13560
14134
13455
15132
12931
13330
14856
12289
14845
12573
12435
14305
15821
13553
14455
13319
14545
15261
14473
13351
13868
13661
12813
14829
14772
14713
13039
13839
14553
13614
14029
13723
12993
13404
15176
14241
13309
14529
13777
13180
13001
13837
13863
16382
13696
14759
12985
14331
16370
12720
15016
14958
14104
15382
14144
15908
14299
12938
15056
14781
14501
16382
14373
13871
16348
12567
14721
15071
15320
16087
14718
14938
13040
14410
15109
13573
12954
16031
15120
15309
14032
16267
13976
13917
15056
13555
15363
13380
15790
14951
15421
14230
15129
14421
13866
14084
14161
16382
12737
14825
14411
14674
14836
15587
14256
15208
12933
15033
13006
13135
15697
15273
13916
14403
15538
16086
13783
16382
12989
15559
14010
13507
14864
14229
14900
14355
14125
16382
14638
12400
13075
13909
12803
15699
14392
13837
12930
14836
13717
13340
14293
13607
13652
15661
15053
14909
14256
13912
14441
14208
15220
12788
13169
14139
15524
13591
12694
15364
15536
14985
14767
13776
15168
14007
14667
13760
15013
14485
13795
13318
15347
14226
12289
14464
14742
14866
13189
14061
13205
14208
13236
15352
15805
13898
15340
15132
15283
12403
14097
16382
15959
13807
14633
13674
14107
15411
14501
14633
16161
14403
12611
12877
12945
14331
16382
14241
14829
15236
13087
13684
14840
14234
14334
15401
13827
14923
14758
12289
14978
14421
15062
14198
13822
12935
13977
14647
14838
13858
14074
14370
13733
14810
13896
15635
16295
14287
15905
15406
14514
14480
14773
15038
13614
14077
13293
12841
14352
16382
15916
13813
12984
14047
15159
14333
14294
13398
15118
14142
14257
14090
14875
14410
14309
12584
14659
13650
14766
15960
14886
12972
13919
16382
13767
14533
14147
14530
15413
14960
15611
12289
13936
14207
13753
14822
13530
13941
14110
13550
12606
14579
13012
14830
14777
16186
9692
25636
7155
1436
2834
10871
25443
2119
3052
23001
22895
3623
24577
9960
14868
84
4337
25554
3672
13560
23475
764
14082
24916
19956
23251
23873
4884
11574
13159
9662
24415
11943
25687
17602
10318
23817
13882
11923
17058
15491
25592
5839
13182
10892
6739
18733
25504
22923
2639
17752
10900
16667
12009
335
2995
22317
25040
23838
19309
25542
8056
21986
14220
10068
25502
10560
21759
5115
25226
9583
15622
6377
10561
9605
9578
5803
5805
5641
21638
15814
26209
17803
14941
18759
1427
12380
13348
17218
16319
25570
11661
1000
14058
14450
22820
7223
13695
22406
25018
21957
10099
7292
1321
25916
3741
5922
7942
24729
14448
13526
1070
24547
5486
3311
22933
7607
15516
7706
21918
18802
11396
22943
22158
6483
4792
19181
8679
17174
18887
4210
14478
19307
226
4390
295
15470
5777
21134
8721
20582
20834
10437
8192
3465
11497
6178
375
24038
1190
8235
4437
21111
8577
653
14386
19620
1325
5293
18274
24212
25530
26644
26523
26838
25868
25892
27047
27131
26382
28177
28670
25512
27896
25459
28310
25303
26442
26553
26204
25741
27685
25477
26021
27120
27495
27570
26953
25028
27672
26737
25791
26744
25903
24773
27062
27312
27347
26856
28670
28134
25596
26485
26561
26641
27055
24577
26023
25912
27074
27842
26364
25535
25188
26831
26100
26434
25392
27005
27301
27930
25880
26772
25989
28104
26319
25378
26159
25711
26798
28589
25964
26175
26420
25598
26175
25631
26814
26080
26902
26438
25555
26016
25836
26069
25760
25507
25289
27099
24991
26948
26904
27539
25767
27605
26559
26577
24577
25376
28255
24577
27334
25590
26040
26750
24577
27739
26588
24648
25343
25921
27958
26689
26377
24897
27814
25694
26367
25798
27088
27792
26448
26451
27099
25388
26460
26438
27305
28670
27878
26980
27279
28053
26157
26240
27796
26105
27047
27707
25874
25613
25624
25744
27268
27390
27552
25163
25416
27171
26199
26736
25679
26300
25801
26570
25777
27852
28670
27083
25474
27106
26760
25583
25199
25195
24859
26842
26155
25567
26706
26318
26371
27096
26285
25718
25176
28670
25064
27415
25888
26142
26564
27092
26428
26058
27507
27109
25896
27231
27227
27710
26611
26785
26349
26796
25369
26186
26243
25168
28348
27782
26290
27323
25280
27314
27421
26846
26298
25076
27309
25525
26364
27137
27830
26053
25487
27406
27881
26408
28499
26597
26856
25019
26987
25265
26478
24577
25291
27637
27000
27332
27709
26020
27574
25526
25478
27805
27570
26932
25122
26619
26532
26973
26119
26765
28325
26378
27012
25178
28670
26629
26337
26700
28395
26653
25902
26023
27307
25186
27568
26565
25610
26554
26846
27789
26128
26640
24922
25579
26089
26583
27043
26492
28487
24900
26528
25862
26553
27265
27055
28498
25794
25955
27371
24764
27032
25616
25983
27979
26628
27252
27831
27218
28199
26818
25264
26524
26063
27612
25690
26911
25269
26572
26246
25264
26655
27906
24577
25943
24577
26852
27807
27424
25305
27619
26307
25636
27243
25914
26168
25768
25862
26591
26471
27732
27998
27170
25626
26928
25468
26289
26326
26147
27019
25234
26981
25699
26738
27143
27872
26009
26725
26931
27337
25908
25929
26778
26932
26173
26870
28338
27385
25070
24963
28670
25214
28670
27329
26023
26183
27338
27408
25933
26998
25169
26346
28670
26104
27229
26219
27885
26299
24905
25729
27137
24577
26148
27324
25925
26857
26429
27277
27569
24880
27378
25833
26913
24577
26732
25463
28184
27226
26616
27562
25476
26773
28557
25395
26784
28670
24577
25131
26430
26071
26374
26393
26081
27023
27530
27566
25948
26675
27398
25761
26395
25911
25433
26474
26194
27089
26768
26361
27944
26049
25786
26624
27655
26218
28151
26493
27810
25912
27892
27451
25066
26266
26609
27006
24577
26279
26107
27926
28246
26263
26354
26186
26278
26179
26877
25155
25604
26670
27039
26261
26030
26488
24797
27429
27763
26782
25756
27814
25696
26591
26058
27815
27034
25003
26830
27240
26669
28670
26166
26111
27800
28462
26312
27542
26900
27656
28670
27375
27841
27613
13685
10328
11629
12022
894
14258
2168
13994
4357
10476
1545
14143
2182
7438
7864
6135
3707
11159
14147
7847
6929
9007
14289
10778
11926
13948
1010
4663
2579
10097
9035
1403
8783
14281
9351
12783
9363
1609
8791
4912
10486
8737
2335
12365
10094
3958
4889
9195
1670
10004
10387
6845
7506
788
15619
13381
13319
14906
14065
13214
15246
13538
14266
14069
14054
13059
14581
12289
14431
14833
14345
14383
12984
14470
14027
13822
15390
13890
13805
15703
16032
13690
16382
14493
15479
14347
14615
12289
13462
15061
13144
14364
14936
13843
13032
13822
13765
15880
16382
13726
13118
13263
15781
15750
13124
15228
15305
13389
14420
13666
12326
14594
12914
14804
14507
13119
14099
14657
14982
16382
13174
15809
14106
14606
13247
13694
12978
14265
13738
12289
15994
15282
13779
14040
13415
14287
15591
15478
14554
14479
14984
13925
15172
15208
16179
14575
15333
14861
14476
15755
15409
13850
12289
13846
14858
15156
13294
15360
15927
15218
15585
15265
14154
14431
15247
15429
14688
15114
14720
14974
16382
12754
12430
14767
14529
15546
13969
12319
14082
15008
13086
15991
15575
15450
14183
13644
13791
13398
13725
14399
15661
16127
15446
14421
12537
14564
14082
12289
13052
14754
14588
15401
14148
13963
15615
15656
14259
14609
14642
14600
13662
15581
14320
14793
12789
14364
15565
14031
13531
15367
13405
13660
13429
14457
14289
14578
13287
12289
15626
15689
14813
14532
15305
13574
13471
14530
14854
15705
13581
13348
15980
14269
14138
12289
13956
15346
15431
15600
14281
15032
14247
14595
14558
12408
14315
13893
13434
15562
13533
12920
12859
14823
14410
15701
14716
13168
15868
14639
16291
12688
13597
14039
14131
14886
13934
15704
14474
14083
15568
14224
13066
13090
14719
13683
13461
14880
14538
14092
13210
16382
13896
12289
12369
15832
16067
13792
14405
15720
14698
15587
14273
14501
16295
14183
15233
14446
14818
15209
14851
13024
13927
12980
14293
13372
16382
14575
14221
13504
13887
13317
15329
13918
15019
15853
14881
13853
14049
16047
13679
14432
13621
13781
15538
16126
13866
13521
13319
14982
13715
15171
13285
14740
14192
14630
15145
12999
13471
14411
15478
15129
13660
14274
15560
13441
15025
15328
14414
14808
14702
16382
14009
14609
14852
15234
12734
13886
15190
15031
12628
14135
13838
14744
15590
14834
12440
15324
13493
15299
12856
13583
14374
13814
14554
14093
14455
15338
13806
13323
13757
13831
13870
14259
12345
13255
15355
14982
13533
13887
13316
14711
13271
13592
15730
15976
13661
14588
13344
13430
13918
14679
14636
14964
14556
12813
14544
15400
14182
15537
13863
15875
14918
14969
14024
12726
12289
14245
14541
15030
14521
14013
14254
13684
15310
14619
14723
13351
12892
12580
13968
14677
14769
14636
16382
14289
13199
14409
12571
14127
16208
15569
12290
14685
14635
14765
13717
16382
14107
15389
12678
12923
13714
13262
13979
13708
15148
15171
14469
14134
13966
14017
13847
14704
13427
15328
13674
12752
13500
13746
13319
14065
15276
14165
14227
15172
15982
15665
15078
15120
15916
14113
13510
12807
13498
13773
13406
13536
13988
13139
14842
16006
14306
13120
13937
13751
12943
13231
15523
13824
14366
15618
14553
15242
13155
15249
15018
14750
15012
14379
14461
14544
12289
14497
13680
15178
15405
13795
15556
13562
13758
13991
15509
12289
14740
14174
13528
15123
14588
13734
12984
14607
15864
13551
15692
13933
15455
15214
16374
15827
15054
13832
16238
15602
13375
15588
15117
15877
15473
15458
13936
13642
14612
15134
14964
15388
14744
14168
14878
15742
14155
12545
13022
13611
14447
14484
14387
14026
13573
14558
13576
15267
15064
16382
16284
15547
15002
15212
13116
13705
15415
12782
15768
16150
13523
12289
14113
14235
12794
16128
14983
13698
13277
13609
15236
13897
13680
15614
14593
16382
14178
13256
12523
15183
13777
14699
13984
14383
13948
15072
15103
15869
13840
15835
13143
13704
15039
14308
16067
13506
12289
14061
13121
14126
13567
13872
14116
14007
14798
14215
12729
12289
13918
15224
16326
14460
12721
15122
15008
12289
14760
14971
13934
13988
13526
13434
15522
14895
15595
14665
14062
14206
13725
12784
15412
12751
14602
12668
14746
15524
12289
14600
14029
12531
15300
14897
13206
13444
13844
12752
12717
14390
13851
14183
15338
13710
15361
13455
13069
13521
12752
14865
13789
13407
15950
14689
15446
13877
13989
14517
14532
14146
14479
16223
13316
13681
14088
15201
12289
15796
15217
13460
12934
15960
14973
12933
13291
14639
13573
13373
15037
13565
13561
14600
14533
16382
13501
15040
12948
13704
13819
12932
13602
14896
13968
12767
12552
13797
15145
15794
14890
14243
15573
14491
14750
13519
15502
13465
12566
14393
13669
13623
14330
14043
13911
13527
14660
13407
13781
14316
14751
14227
15170
13163
14194
14136
15170
14154
13849
13884
13932
14004
13821
14875
12369
15528
13859
12289
14079
15028
12566
14134
14017
15057
14782
14187
13762
13683
14420
13453
13483
15032
14194
14133
13804
14867
15367
14371
14434
14204
14257
13138
15183
14154
14242
13710
14082
13642
15028
13663
13725
15046
15146
13268
14642
15157
15724
14171
13537
14542
13543
15009
14361
12934
14881
14971
13427
14847
13050
13082
15629
13473
14654
13647
14789
13065
15872
14661
14315
13569
14282
14124
14199
14248
15230
13772
12971
15374
13960
13087
5416
3428
5704
7590
11473
10297
11016
11728
9841
8562
1253
13784
5722
4756
7446
13427
11296
2605
2127
2311
8125
9584
11398
11010
7046
11442
13626
3999
3209
4271
6633
6832
8627
13544
9545
3455
3800
10691
4383
1542
9559
13387
6338
2459
13023
1856
103
3265
12485
14206
8638
10517
2821
7079
10882
2813
5674
11045
7389
7886
10953
10444
5762
3520
4121
6440
2464
4258
7925
2161
7075
3162
5527
9794
3581
3224
10952
2614
10138
13801
14293
4245
3398
10015
11183
7450
13792
11144
13721
14082
14396
15543
12327
15975
16321
14381
12800
14160
14553
14948
15772
13523
15006
13306
14083
15227
16382
13403
15356
13892
14672
14598
13396
13676
14513
15469
14435
13628
14642
16022
14905
14549
14836
13296
14633
14572
12720
15558
15088
13404
15479
13268
13894
13220
14713
14034
15129
14604
14453
14688
13322
14195
13730
14205
14453
14754
14492
14236
13844
12831
14161
14421
13920
13862
13998
14403
12648
13226
14498
12954
14929
13950
14194
14828
16190
14527
12289
13738
13647
12557
15757
14706
14495
16175
14944
13534
14457
13383
12289
13365
14122
14732
16315
14827
14634
13170
12537
15242
13187
14013
14832
13931
15636
13700
14453
15135
13491
13689
15319
13675
13982
13256
16216
16285
13206
15866
14523
13335
12854
15270
14705
14288
13954
15315
14868
13383
14789
13901
16256
14811
14110
14617
14146
14006
14049
13602
13616
14139
14159
14062
12734
14066
14086
14904
15389
12739
13379
14301
13077
15277
13480
14206
13960
15241
14928
14643
15391
15218
15785
13544
15044
14088
13725
14314
14313
14992
13539
13955
13562
14761
15894
13435
12720
14676
16196
13534
12435
14155
13638
12981
13903
13379
14996
15261
15035
14126
13596
13340
15030
14880
14034
15353
14218
14176
12289
14803
13949
14401
15292
14011
12309
14431
14004
16095
14670
14989
13638
13298
13409
14489
14369
13827
14817
13090
13189
14222
12991
14782
15164
13939
13912
13726
13224
15036
14158
13855
13794
14195
13969
13312
15541
14876
14021
13455
15721
12757
14382
15144
13464
14856
12833
16043
15690
15142
15708
15207
14044
15184
13165
13329
15212
14546
14799
14026
13391
13097
12404
14428
13714
14817
14376
14392
12758
16382
15923
14631
13754
13808
15397
12289
15196
12605
15601
12945
13446
14375
12325
14022
13951
13519
13729
15124
14120
15403
16147
15222
13850
14649
15311
14979
15986
14631
16197
15427
13145
12289
15821
12972
13643
14643
12332
14130
14220
13866
13847
14361
13278
13008
15676
13983
14666
14365
14459
15641
15139
15412
14075
13707
12736
15667
14360
15084
14525
13716
16382
13466
13200
13903
14624
15416
14141
14205
13619
13488
15503
14197
15769
14814
14352
15832
13594
14624
14772
13987
14415
15969
15484
14732
15156
14509
13751
14110
14820
15095
14938
13582
13577
14353
14045
13539
13620
14245
14514
14953
15619
15663
13724
14628
16121
12977
15337
13945
16382
15177
13067
14610
14632
14471
13919
13811
15130
13823
15126
14495
14954
12938
14281
14804
14618
14140
15075
13207
12682
14181
13997
14200
14372
13419
13392
14121
14867
14964
14536
14854
14370
14837
15801
13779
12495
14167
12327
14285
13377
14565
13902
15063
13412
14286
13570
15416
14439
14515
14412
14393
15206
14190
12913
16330
14751
15749
13875
13567
12931
14778
12438
14250
13922
14690
14243
12818
14543
14194
13090
14498
14991
13188
14646
14187
14676
13996
16382
12790
14108
15652
15286
14404
16037
13886
14252
13121
15453
13802
13301
15236
12864
14801
12483
14934
14009
12494
12928
13412
14128
16037
13701
14613
14807
13761
15569
14590
13243
14155
13291
14983
15235
14982
13979
15392
13601
14018
15505
15949
14843
14906
13848
13447
16382
13033
13592
15672
14150
12676
14834
15261
14132
14337
13368
14713
14204
15472
12289
14535
14939
13901
15231
13845
15000
13164
13860
13390
13015
13373
14846
14129
14132
13332
15398
16017
15444
14193
14084
14859
13502
14786
13250
15345
12550
12538
14531
13639
14347
14772
13830
13899
14125
13047
13477
13272
13876
14630
15023
14950
13936
13437
14636
14962
14792
13659
13869
14660
16122
13767
16325
13906
15413
13618
15430
14493
14694
15454
13286
14013
14105
14438
12770
15108
13253
15976
15055
15157
13513
14348
14224
14696
14680
14914
14550
15588
12646
12798
14159
15004
15357
14916
14877
15813
13855
14273
14940
14417
15033
14966
15360
12946
13992
14665
13747
13000
13076
13826
12876
13278
14786
14884
15274
13519
12840
13766
14467
12433
14246
14758
15040
13163
15348
15535
13933
13571
13741
14841
13885
16049
16007
13646
14774
15639
14867
13270
16040
14593
13459
13050
14014
14830
14107
15277
13768
13830
14348
14874
14741
13603
15452
14135
14808
15302
15239
14648
14005
13355
14143
14779
14550
14587
14519
13537
14804
13596
14450
13259
15430
13637
14563
14052
13869
13490
14283
14630
14164
14663
14187
13096
14885
15088
14143
14912
15315
15303
15014
16171
13523
13709
14555
16038
13090
14892
15095
13346
14509
15784
12417
13596
14473
14453
13349
13605
14950
13546
13321
13779
12289
14681
13924
14935
13586
14017
15006
16382
15547
15238
14586
14190
12992
13722
15305
16382
14407
13129
14851
13053
14493
16055
14927
14266
14421
14065
14359
13737
13184
13217
15478
15376
15466
14507
14139
13783
14129
15074
13793
12902
13777
13046
14028
14031
14076
15547
14787
14794
13643
14205
14713
13948
15011
16349
14788
14067
12924
13148
14255
13760
13849
13711
15704
14892
14469
14674
13725
15425
14641
16311
16382
14371
15327
13617
16114
13385
14055
15197
13202
12864
13618
14352
14386
14693
14355
15464
16382
13883
14090
14812
14313
14463
13032
13751
15686
14752
14439
13898
15157
13505
14524
14033
14467
14718
14123
15383
13563
13974
14062
14565
14591
16045
13924
14454
13729
13101
12987
13363
13998
15463
15614
13248
13704
14183
13472
13578
15358
14283
15716
15571
13772
15028
13926
13259
15753
15145
14580
14879
15237
12289
16068
16061
15881
13740
16337
15322
14001
13399
13553
14224
15429
12672
13798
12855
15407
14636
15919
13476
12578
13023
14307
13246
14653
14208
14718
14298
14095
14059
13894
14030
14510
14750
14392
14971
13491
15437
13724
12289
13894
12957
13170
15265
14335
15124
14136
15007
14864
14060
13771
14789
12845
14922
13998
14939
14155
15050
16382
14144
14934
14947
14323
16298
14712
13611
13525
13082
13774
13299
14045
15799
14421
15634
13271
15909
13035
14789
16111
14467
13481
14713
15313
15416
13677
14643
14155
15470
16173
13928
14467
15090
15356
14270
12962
15599
12289
13585
14555
13234
14368
15298
13184
14157
13480
15925
13200
13919
15383
14862
14168
14521
15170
13270
12289
14781
15550
12289
15012
13075
15117
14994
13570
13968
13050
14062
13608
14570
15443
12565
15038
15820
15567
15270
13515
14346
14867
14680
14013
14364
14642
16336
14183
12666
14638
13403
16330
15758
12771
14528
14987
14443
15603
15994
14400
14690
14863
13847
12861
15762
13051
15255
12289
13481
14462
14937
14106
14119
14884
14088
14814
13831
14280
14392
13767
15895
13960
13918
15137
14800
12289
13485
15328
13267
15559
13321
13882
16382
14121
16250
13439
15487
13503
13978
15093
13242
14703
15736
14943
14423
15795
14156
13245
14121
13839
13496
13859
14406
14203
14327
12989
14248
16382
15509
14050
14514
14175
12839
14435
14885
14508
14206
14495
13921
13437
13180
15451
16382
15890
15575
16288
13623
13977
15848
14389
14221
14488
15284
14409
14594
15228
13523
14492
16014
13626
15783
14624
14440
13199
14574
15800
13105
15475
13067
14982
12289
15335
16382
12903
13475
15032
13208
15399
13986
13338
14926
14904
14265
13612
15447
12510
15562
14166
14860
15241
15929
14946
15728
13236
16312
13577
13958
14486
14058
15816
13920
14803
13701
14115
14720
13195
14600
15152
13979
14595
13200
14495
14751
13520
15003
13969
15170
15030
15532
14958
15673
13244
13945
14576
14083
15189
14063
14166
13064
14108
15025
14542
14365
16091
15334
14528
14845
13496
14549
13817
14736
14672
13695
12289
13314
14889
13832
14201
14332
15195
15705
15227
14116
13787
14046
13382
15122
13915
15458
13755
14043
15932
14582
14018
14745
12973
13293
15281
13813
14270
14160
13666
14844
12606
14311
13256
13943
12766
15017
15026
14904
15106
12289
13925
15682
13888
14100
15410
14692
13916
13984
14300
12880
14571
14643
14091
14167
16382
13335
14247
12592
14598
14676
13197
15069
12974
15418
14491
13851
15126
14809
13265
15747
12971
13481
14429
13652
13434
15034
14159
14953
15137
14565
14269
13487
12585
14603
15774
15394
14065
15407
13725
13769
16058
13796
12289
13448
12534
14933
14007
14334
14073
14932
14809
13566
14127
14456
14899
15648
13507
14967
15693
12786
14280
13606
16382
15065
16334
16050
13349
14867
14921
14280
12875
13424
14434
15033
13429
14113
13225
13134
13939
14543
15367
14002
14522
12289
13364
13800
14899
15416
12538
14847
15747
14098
14437
14117
13980
14940
14774
14342
13769
14343
15877
12491
15634
14770
14793
12766
12289
13791
13392
14115
14399
13526
13981
14213
12893
15063
12493
15186
14071
14081
13319
15634
15419
12650
14769
14852
13608
16143
12794
14631
14488
13332
14417
13175
15739
15031
13106
15349
12835
13229
15283
15409
14771
14615
15695
15793
14224
14816
14574
14517
15425
15552
12787
13977
12987
15661
15421
14195
14844
13509
13232
14894
14420
12962
13111
16382
14439
12482
13120
13015
13974
13765
13749
12431
12556
14727
14040
14216
13885
14397
13088
15031
15701
14725
13712
14914
13047
14431
14426
13310
14958
16382
13617
12445
12854
13059
14116
15060
15502
13962
14092
15869
14547
14629
15090
14945
14278
15433
13918
14051
15514
15779
15402
13894
14299
15506
15982
14202
15889
14460
16200
14266
15376
13842
12430
14594
14581
12584
14316
14327
13037
12607
15427
14727
13797
14859
14104
15148
13165
13842
13857
15402
12966
14286
13164
12398
12289
15701
13060
14442
14564
13276
14511
14659
14958
13553
14703
14328
14214
14555
14207
14609
15120
14050
15339
13483
12994
14179
12289
13456
13524
13138
14799
14031
13861
14537
16102
14551
14398
13598
13162
13596
15017
14813
14022
12639
14701
15019
14252
14183
14287
13030
13485
14736
15322
13246
15400
13301
14739
14727
14642
14467
13880
15352
13642
12757
13380
13964
14278
13640
16364
13727
13675
14109
14197
12949
13417
15808
12289
14173
13893
14416
15580
13415
14119
14122
14560
15323
13552
16239
14237
13327
14703
14774
14198
14707
13535
12482
16157
13761
14008
16342
15335
16382
16382
13872
13544
13087
14041
15108
14578
14356
14656
15269
16382
15543
13997
14779
14670
15866
16164
14829
14026
14376
14755
13399
14721
15126
12289
13370
14944
16382
13755
13442
14035
14641
15264
14100
14995
13642
13338
15138
13161
14665
14329
14200
14634
14750
15977
13318
13778
14486
13822
16382
14430
14902
12289
14682
14962
14065
16045
14787
14464
14505
13838
16181
14690
14675
14537
15962
15400
14620
14458
14144
14765
13500
16382
16382
12289
13367
15666
13349
14163
15255
15333
13603
13838
15634
14777
14937
14225
13767
15395
13614
12680
13394
13900
15709
16203
13440
16382
15997
14722
14754
15003
14159
14957
15042
13814
14535
13848
13259
15292
13357
14558
14477
14462
13414
15157
13652
13298
13863
13672
13886
15272
14153
14940
13765
15033
13691
14088
14765
14766
15677
15557
14705
14435
13400
14717
12983
14755
13923
14221
16239
12289
13929
12943
12580
14905
13839
14176
14394
12902
14978
14042
12489
15047
14265
13420
15294
14328
14396
15031
15741
14484
14236
14883
14373
14699
14081
14490
14603
13907
13171
14930
14069
14538
12289
15147
14332
15215
14407
14069
14523
13069
15474
14771
13912
14798
14627
13351
15175
12894
14008
16074
13739
14928
14970
14659
15164
15021
14799
15091
14076
15225
15646
13448
15594
14221
14793
14194
15505
13828
15086
16382
13484
14207
13440
15299
15124
14009
14905
13570
13387
12289
14825
14870
16049
14673
14616
15179
14294
14047
15315
13811
12688
12289
15892
15820
14826
13466
14591
13489
13862
15179
12289
13291
12358
12835
14665
13984
14215
14878
15407
14759
12289
14763
13525
12526
15131
15487
13659
15158
15416
15346
14104
13982
13499
13063
15895
13490
14328
14879
14066
13262
14920
14361
14054
13798
14126
12805
15571
15184
14961
13370
14990
13810
13845
14036
14534
12576
14796
14027
14349
14058
13784
12300
13872
14580
15380
13873
14001
14333
14506
15289
13607
15949
14167
13752
14834
16346
16382
14256
14019
12685
13361
14994
12850
14400
15219
13218
15178
12619
15061
13129
13911
13739
14841
15268
12965
12852
12623
14400
14025
14494
14926
14808
15541
13272
15091
13836
15442
14718
14990
12289
12757
13457
13604
13875
13206
13460
14377
14847
13689
14512
15171
13824
13587
13842
14687
13311
15213
12799
13834
13696
13852
12289
13702
13579
15094
12917
14536
13579
13393
12399
14374
14348
13270
15769
14797
14664
14337
13096
15587
14001
13533
13147
13739
14167
14708
14475
13972
14625
16382
13172
12969
13338
14809
15502
15817
14171
15647
14579
14279
15124
12697
15151
14622
14261
14962
13855
16382
16211
15175
13965
14405
15531
12889
14995
13026
13567
12960
14736
13193
14701
14055
14238
14517
12744
14831
15164
13874
13640
14560
12289
14564
14430
14113
15595
15493
12327
14807
14536
14913
15401
12289
15802
14959
15446
16382
14472
15018
15655
12719
15362
14470
14631
13965
14038
14227
15516
15563
14592
14353
12289
14495
13427
15237
13923
15583
13014
15344
15042
13325
14443
14628
13711
14819
14740
13873
16048
13652
12776
13234
15327
13342
13303
14841
13476
15501
13120
13018
14725
13622
15316
14593
14920
15917
13565
13433
14237
13603
15550
14303
14096
13452
14294
14079
14510
13640
14472
14042
16382
13563
13480
15583
16323
14450
15307
14768
15582
16170
16248
15023
14342
16265
14506
14247
14508
14316
14485
13643
15019
14583
14679
14558
13060
14151
14731
14083
12325
16233
15376
13782
14892
14231
14211
15943
13413
14625
14678
14033
14476
15269
14997
12289
15461
16310
15336
13884
13095
15210
14001
15343
15170
13612
14505
14216
13975
13828
14664
15440
13496
13382
14955
12749
14735
14659
15279
14257
14822
15373
13024
13729
13284
14081
14356
15464
16289
14428
16382
13988
14215
15182
13371
12742
15548
13348
15964
16382
16382
14330
15576
14704
14158
15482
15453
14428
14239
12721
15616
13576
15142
14434
13098
14149
14435
14135
12289
14589
15456
14601
13409
15700
13116
14050
13227
12919
14389
12585
14432
14317
14598
14118
15059
13386
12289
14473
13385
13531
12289
14903
13460
12693
14132
15058
14751
16105
14251
14592
13755
14601
16186
13819
12302
14052
15527
13477
14299
14006
13996
14291
12829
14123
13740
14411
15277
13838
14016
14015
16089
16382
13921
14566
14809
14601
14888
14609
15562
15119
14460
13740
13691
14290
13186
15048
14534
15716
14794
15832
14919
14220
14331
13333
14291
14652
15233
15383
13824
16382
14075
14143
14396
13554
15231
14901
15285
14608
14866
16382
13069
14407
14679
14307
14352
14576
12826
13715
15024
15375
15478
13672
12968
14013
14936
14876
15823
14677
13110
13596
15198
12289
15410
15153
13719
12815
15116
15150
16039
14108
13871
14513
15541
14795
14669
15192
13935
16318
14108
14252
13809
14463
14096
16382
15184
14476
13926
14706
13303
16373
14614
14497
13450
14649
14352
15766
14297
13267
16119
14432
13365
14384
12289
13571
16276
14762
14627
13103
12526
15607
13599
13463
15046
12289
13209
15054
14576
16063
13481
13695
14895
14679
12874
13902
13341
14399
12580
15116
14553
14425
14064
12639
14390
16382
12909
14148
12578
13506
14447
13769
14339
13956
14824
14600
15162
14449
15336
14396
15155
13706
13224
14810
13041
12953
14707
14706
15845
13033
13342
14823
16382
14241
14327
15021
14658
13222
12702
14029
13940
13260
12513
14266
15069
14286
13991
12601
14178
13047
13471
14533
12289
14218
13128
13005
13902
14172
14127
13110
15554
12289
15335
13943
15901
14761
14656
12289
14686
13297
16082
12986
13255
12594
14523
12289
12289
12732
15958
15355
14222
13678
15043
13778
14251
13085
14638
13941
15651
14997
14826
14518
15117
14259
13969
14379
13426
13788
13558
14122
13199
13712
14373
14823
12289
13642
14326
13125
14814
12849
14080
14322
15018
14043
14352
15809
14521
14325
12813
14641
14591
14408
13183
15118
13924
13580
15157
16382
14113
13939
15856
14367
14089
13567
14013
14945
14769
15355
15158
13337
15109
12697
14688
13470
15231
13835
13810
12751
14654
14068
13756
14965
12289
13521
15334
14782
12513
14146
15306
15154
12717
13500
14266
13741
15762
15759
13858
15075
15859
14153
15234
16382
13735
14179
14665
14614
13569
13741
14943
14384
13826
14792
14869
15958
12678
16081
14924
14109
13594
16082
13707
14485
14440
13727
14944
14365
14390
13782
13138
14590
12924
14044
13826
15636
14912
15515
15500
13395
15540
14724
14825
12979
14956
13935
15701
13464
12289
15291
13212
13522
13834
13362
13181
13804
14715
13785
14912
12289
14152
15577
15145
13846
14713
15099
14977
13553
15410
14097
14649
15678
15056
14792
14753
15586
14205
14629
14801
14119
14044
14973
13745
14537
13881
14929
14844
12289
13444
14379
14614
15128
15206
15084
13555
14398
14179
14518
15394
14025
13977
13373
13230
15440
13745
13616
14498
13224
13475
15546
15628
13883
14619
14601
14233
15081
14103
14397
14742
14657
13983
12289
12626
12289
12780
14758
13130
15072
14500
14891
14099
14494
14253
12642
15199
13628
14944
14062
15076
13659
14012
14123
13921
15103
14294
15497
14485
15298
14001
14962
13320
14178
14010
15215
15664
14151
13382
13386
13975
15342
12691
14615
15758
15130
14944
15204
15182
13868
13996
14398
13449
14323
12819
15430
14100
14923
13874
13871
13340
13135
15637
12963
13950
14241
14831
12841
15331
13881
14666
12910
15046
12289
13609
13170
403
1684
462
633
567
19
1564
1254
1781
1200
988
560
925
1665
938
449
928
363
714
1435
864
1138
455
679
852
164
704
1137
479
1753
276
300
1768
1167
638
1361
3
431
770
409
649
197
1078
89
687
529
165
1482
924
1917
1592
1017
711
927
1282
182
584
1128
1997
1572
1131
406
950
994
1245
1493
1982
1392
435
1729
785
352
1913
731
1494
1030
1857
630
1406
956
1137
1397
1749
1344
475
257
1283
916
1662
706
644
406
620
806
1748
159
729
16
1151
465
1018
324
876
32
1267
801
1812
47
864
903
265
65
617
1562
1040
1101
1012
967
1749
273
427
241
1616
164
820
1392
585
1921
728
283
1359
1470
927
1827
1256
741
507
648
1793
917
1654
1027
546
747
585
598
1597
1977
680
1671
63
1897
1311
855
1021
1392
1395
191
631
747
604
1100
1137
1017
487
1691
919
1287
91
897
1575
1360
1846
1919
509
769
156
1543
1059
383
1386
959
406
76
615
462
1185
1920
1253
1921
79
1783
228
129
1260
1852
1266
617
254
417
1412
1451
1117
820
2040
2043
7
1559
1933
324
1973
1208
1792
689
1155
1001
1115
700
953
1359
1225
135
2027
141
1830
466
385
1143
148
902
812
739
1621
851
481
1186
1651
1456
1541
1288
200
994
1010
156
1978
1722
1894
1502
504
835
13
1019
518
1193
16
1641
723
772
310
1572
1800
967
723
439
1452
1776
1605
1824
1092
913
930
489
1147
782
1875
1030
117
607
29
765
1198
1038
833
1493
1253
437
1745
919
1077
1072
581
770
283
393
552
1337
1170
1487
982
1162
1595
857
1637
2713
2602
1305
1572
1598
1957
2333
1
1465
3346
30
1105
3005
1956
3223
3537
1650
2701
1941
1411
1032
1566
1814
2107
1143
998
2349
4094
2479
1747
1781
2787
2975
1372
1957
2155
1091
853
3441
2280
2023
2401
1703
1839
1215
1576
2589
836
1784
3423
2281
2049
546
3368
2293
1168
1893
977
825
1392
3041
1543
421
2022
2040
1025
1271
1327
846
1653
1837
1336
4094
3296
1735
2001
3973
1
729
3128
1236
4094
2841
1
1961
3154
467
2226
2761
2035
3688
2567
865
2600
2277
1774
3151
1808
2231
1583
2914
395
3355
2782
1382
2072
2169
2987
2677
2442
957
2657
2192
2461
1417
1452
2137
2422
3156
1985
2013
762
1646
2453
2137
1417
1740
2517
1253
2937
238
1819
1980
2229
2240
2402
4094
459
2492
1774
1397
1
3323
2835
2428
587
1136
2177
1507
508
1874
1849
2104
68
983
1937
1056
1906
2571
938
2866
1876
369
1
2217
2357
1635
1022
1413
1
1540
2759
1598
964
730
3762
1147
2619
1494
2184
772
1252
1908
3869
883
1335
1325
2202
3186
2671
1223
2592
4094
3452
960
2883
287
1091
3864
2871
2779
941
2491
2369
1309
1193
2228
1923
2643
2614
822
2447
3151
2095
1555
2067
4094
4094
1613
3073
1806
1
2498
3336
2474
1147
1962
1787
2152
3903
1588
1971
1342
151
3902
2570
3005
2091
2613
1389
677
3345
884
2215
2977
2123
1038
1751
1471
2286
1614
2653
1978
1924
1553
2240
2318
1789
2501
2351
1500
2025
1834
483
2493
2980
2676
1137
2274
223
1640
3116
1027
2531
1137
1351
2618
2074
2117
3558
2008
3013
1220
1083
1935
1571
1486
2844
1678
3241
1537
1938
1602
1769
1194
2222
870
2558
830
1527
1194
2682
1849
1642
1793
3189
2908
3260
1746
429
104
1944
2783
1338
2790
4094
3267
2356
1314
3682
2672
3189
2289
1243
1832
1752
2590
877
659
1471
1315
2328
1
2732
4094
2016
2018
1108
2473
3003
2166
4094
2166
1215
3595
1617
2915
4094
938
1861
1158
326
2808
3089
1029
1255
878
1088
2257
1030
1973
2795
805
1545
1
1971
2934
2864
3169
3206
1049
3089
324
1997
653
2521
1074
2437
1497
1456
2046
4094
3095
1734
1855
2751
1581
4076
1790
882
1621
1686
2928
2257
4094
869
2674
3434
1581
904
1515
2473
841
3172
4078
450
2545
1738
4094
1388
3182
2791
2649
2025
1177
1126
3434
719
1983
2485
1543
2784
284
977
723
1633
1581
1262
1668
1362
1288
2535
2750
2082
4094
2166
2737
610
1499
2476
2463
1925
264
2269
3182
1166
1859
1557
2405
2739
3680
128
1777
2414
2792
4094
3514
2410
1906
1
1471
2033
2651
655
1032
3004
1667
645
1
4094
2852
2889
4094
2003
886
1664
1496
784
3550
2036
3074
2028
1247
727
1345
2916
2765
3252
2585
2207
2517
2245
2113
2963
2200
2767
1370
4094
2775
3749
2363
2649
1032
2565
1253
743
3670
2844
3461
2553
919
1142
12860
21152
16281
13519
5554
8253
10283
12705
19127
11792
4341
11305
9342
4100
15675
5167
3079
19121
15300
14466
16312
10120
21949
17956
12453
10709
9030
20456
11899
14657
5121
16992
8740
9995
15508
2250
11654
2463
8594
6455
16549
653
8205
15482
1758
13585
9640
10113
389
6432
13911
8854
5917
9486
19575
18752
20482
22751
23087
22265
23029
24515
22838
21935
23239
23754
22502
22167
22224
22190
22201
23916
22230
23286
23693
22910
22843
22506
23269
22108
23043
21516
22697
22551
22815
22099
23006
23394
24238
22631
23788
22711
23565
20700
22234
21516
22970
24326
21598
21202
21832
20819
23611
22321
24506
22943
22226
22841
21240
22205
23649
23728
23066
20639
21876
20726
23497
20481
24574
21975
22422
21627
23458
21713
21865
21900
21841
23796
22390
21702
23648
24574
22353
22373
23110
23405
22815
23379
24215
24080
20965
22771
23138
23011
21466
22247
21897
23638
22606
21682
23186
21163
22973
21727
21518
20481
23523
22930
22744
23152
21939
22067
22614
22639
22545
22436
23288
23492
22853
22051
22314
20841
23091
21861
21680
22045
21979
22366
22953
22147
22115
23027
22384
22746
24574
21691
22942
22841
23512
23727
23037
22467
21766
22912
23058
21960
22323
22953
23846
24574
23351
24574
23342
24574
20481
21955
22259
21835
23163
20874
22533
23645
21144
24228
23219
21756
22576
20966
22004
21901
22307
22915
22804
22268
22742
21006
23183
23114
21725
24446
20481
20867
22177
21895
22398
22822
22141
21615
22976
23694
22698
23437
23793
21146
24027
22393
22307
23138
23203
22169
20788
21891
22314
22426
22356
22562
20613
23235
22967
21500
23346
21745
21660
20956
23216
21652
22855
22782
22415
22201
20481
24360
22984
21871
21935
23441
21647
23348
21428
21732
22315
22302
23260
22812
22447
20517
22065
22833
23916
22884
23186
22650
22900
22133
21439
22579
24015
21449
21279
23812
20502
21862
20824
22134
20481
23922
22574
22524
21448
23462
22336
22979
22641
24101
24574
21262
21935
22098
22850
22279
23087
21853
21587
20905
24462
21688
23256
22193
22805
22734
21914
22327
21464
21135
20481
22073
23564
21358
20821
21554
21361
21054
22772
21688
22057
22669
22862
23717
22110
21467
22923
22467
22654
21183
21647
20823
21656
22765
23479
22767
23077
21525
20815
22562
22444
21290
22924
24574
23871
21787
23250
22301
22433
21075
22023
21856
20759
22711
22519
21221
22214
22850
22870
20481
23381
23811
22451
23325
21860
22552
24147
23357
21087
22403
21796
22493
22685
21782
22025
21617
23808
22308
21688
21719
23439
21833
21828
23044
22479
21723
21671
20992
23779
22258
23060
22133
21619
23288
21521
22084
22923
24011
22583
22780
21612
21994
23106
21842
21786
23331
21851
21386
23326
23044
22618
21525
23179
22223
24087
24550
21678
23041
22591
21563
21356
21960
23844
23225
23482
23865
23369
20481
24120
24275
20692
23721
23220
21760
23196
22201
22539
21638
21058
20851
23061
21709
21879
23293
22012
22562
22759
22772
22294
22553
20840
23601
23976
21534
22021
23729
21699
23056
23050
21301
20821
23241
22669
21796
20988
21980
22807
22377
23077
23688
21539
21555
22393
21979
21358
23678
23042
23207
21922
22638
21549
22945
22985
21026
22657
20481
23203
21164
21583
24574
21303
21646
24380
22176
21579
21632
22288
22675
24219
22365
23440
21723
22098
21046
22367
23133
24205
23805
22251
22297
24138
22797
23077
24254
22318
23259
21278
23486
22326
21870
23997
22336
22494
22900
21136
23002
22374
20481
22950
23505
23764
23958
22165
23498
22656
23116
20484
20481
22255
22269
23465
21774
22063
21453
23196
23566
22456
22369
23512
23711
23587
23738
21712
21325
22085
20481
21222
22726
22570
21801
22774
21913
23394
22531
20952
24064
20835
21938
24234
23949
21255
22948
22402
20643
21653
22612
22756
22582
22680
23270
22552
21872
24029
23640
21405
22171
23926
24117
20481
21806
23776
22915
23983
22067
22803
21343
21316
22361
21982
23020
20493
23857
22779
22977
22140
22600
20629
24384
22994
22742
23925
21194
22029
22463
23469
22485
22119
21965
21991
23272
22626
22699
22204
21764
22290
22570
22784
22787
22879
22132
23275
21957
21454
24446
22335
23170
22973
21792
22261
23783
21498
22924
21406
23104
21419
22806
23952
22953
20773
22848
21533
23755
23278
21589
24077
23568
23299
22902
21627
22194
24042
23402
23459
20481
22362
24434
21303
22430
22116
21898
23513
20848
23082
21481
24574
24092
21470
23541
23090
22204
22212
21047
21073
22936
22431
21959
23679
20851
22808
22388
23123
23776
23726
21346
22490
21673
22942
21638
23521
22174
21748
21233
23109
24395
22072
22160
21252
21767
20481
22048
21795
22879
22881
22735
23269
23842
22025
20976
22262
21810
22644
24005
21761
21898
23955
24237
20481
20481
22155
20846
22578
23677
22464
22400
22276
23413
23032
21688
22942
20502
22951
23240
24335
23794
23113
22778
21832
23714
22545
22905
21865
22422
21822
20602
22522
21308
24384
24140
22027
23577
22251
22335
22565
22942
20583
23814
22539
22643
23949
20481
22976
23634
21542
22308
23128
23000
22333
21573
22330
23465
21525
24157
23121
22667
22288
22604
22921
24211
22177
23009
24388
23319
23323
22361
22374
24217
21173
21074
23350
21041
22420
22953
21745
22976
21605
24574
20721
23107
23210
24215
21307
22219
21152
23233
22659
23133
24126
22875
23158
22275
20765
22335
23448
22025
23326
21449
20494
22382
24260
22982
22267
22692
22164
21993
22556
21875
20910
22265
21792
22067
21963
20579
21572
23204
23501
21761
22945
22172
21437
23153
22175
22625
22068
23123
20636
23265
24163
23644
22272
22459
22551
23283
22790
22981
22126
22355
22954
24455
21588
22610
20934
23603
23772
22053
23170
21873
23954
22386
21109
21025
22772
22605
21823
22825
22494
22408
22261
22433
22764
23027
22688
23258
23171
21907
21122
23020
22746
22995
21808
23706
21883
22326
23351
23281
21690
20837
21830
20892
22197
22724
22983
24574
24044
23501
21987
22401
23474
22789
24025
22449
22531
23638
22057
22878
22066
23002
21381
22983
22637
23411
22638
23827
23168
24324
22866
22241
21845
22735
21169
22341
22885
23081
22455
22415
23127
21587
21834
22810
20508
22102
22272
22361
23950
24176
22030
22540
22457
22608
23174
21901
22305
23240
22150
22054
23475
21714
22857
22498
24165
22572
22157
23534
22813
23087
23799
21774
21213
21875
22164
21067
23721
23517
23923
21580
21851
21618
21348
24468
22971
22726
22891
24210
20481
22536
22263
21890
24123
22054
22375
23147
22335
22102
24574
22861
21323
22130
22762
23721
22745
21138
21824
23060
22227
22511
21974
22203
21540
22043
22134
22588
23216
22353
22835
24046
21772
22728
21063
22886
22139
23497
22290
21711
23685
21421
22306
21843
22283
22569
23347
22262
21522
22613
22940
22753
21817
23305
22864
21336
23062
21409
21263
22410
21101
22640
23880
22566
22466
23295
23575
22237
20481
21425
23070
20878
21217
23786
21647
21474
21871
22212
21459
23650
23055
21550
21632
22547
20481
22010
20839
21949
21943
23420
22214
20596
23327
24030
21545
22168
21785
23555
24235
23046
22309
23246
22200
22511
23311
22546
21756
24435
21699
22933
23293
24165
21456
22906
23165
22578
21954
22705
22590
21692
21888
24410
22722
22724
22228
21476
22897
21070
23731
21929
21821
22009
23126
22866
22705
20966
22240
23309
21994
21284
22450
22743
24279
22979
21250
21389
22408
22488
22184
23125
23173
23299
22098
22751
22465
23142
21273
23565
23990
23089
21888
26212
20667
5458
1573
20159
977
26486
23858
22238
20087
19453
12831
7570
4724
14364
26290
22188
7891
10385
22731
19570
2819
20831
23541
14632
19343
24469
4287
1936
13137
13333
3477
4563
26539
5592
17276
10906
13338
19457
12531
19371
24247
315
16854
15621
6139
485
10806
21318
10722
5600
6611
13805
3902
9597
23673
12445
18370
22705
15149
7525
9485
8828
14740
12934
14646
3562
24466
15448
23335
13850
15694
17127
2852
10353
17660
3572
1958
20749
26617
2281
4453
25278
20972
7846
23707
13015
26348
12570
17882
13012
4474
11725
8928
10407
18029
18466
26117
15735
20690
18437
3284
12229
26231
25005
5942
24305
14857
18501
7894
5339
23987
22936
3292
22869
19777
14768
2407
2930
12039
21142
18404
6421
19568
27451
26400
26216
25970
28142
26643
25913
25865
26061
27591
25925
27676
25146
25782
26030
25523
26550
24676
27679
27368
28670
26739
26281
26288
26442
28073
27163
25482
25768
26402
27763
26596
28073
26132
25471
26591
26796
26644
25851
28244
25919
27750
26481
27554
25905
26508
26288
26747
26648
27031
25670
27248
27916
27046
27341
26456
27583
25670
27528
27128
26031
26318
26713
26094
26101
27034
26149
26249
26426
25534
27356
26072
27554
27729
27884
26672
25128
26621
26749
25369
27000
26126
26252
27107
27285
25914
25424
28578
27355
27441
27758
25533
26832
26608
27753
28227
27144
25562
27644
25934
27157
27029
26780
26475
27624
26889
26710
28382
25399
26750
27492
25184
28649
25889
27919
26034
25560
28670
26737
25732
24711
24892
27379
24877
27017
25933
26101
27338
28527
26619
27148
27425
25851
28188
27534
26986
26645
25430
26635
27584
25724
27226
25373
27135
28670
28139
26009
25790
24577
25512
26024
27428
27163
28069
24887
24577
25878
26767
27776
27610
26905
25013
27525
24653
26687
27662
25797
27112
27135
26076
27394
26975
27724
25722
26926
27186
27204
27129
26725
27391
24983
27103
26139
24989
26106
26420
25158
26305
26623
25479
27091
26388
27767
26825
27533
25106
27115
25601
27271
27023
26148
26958
27541
25258
26643
26809
27977
28670
27258
26423
26271
25915
27060
26206
25507
26820
26099
24691
26397
25077
26067
27945
26827
27193
27597
25866
27560
26835
26757
25313
25026
25372
26546
26853
25439
26752
26807
27126
26053
25094
26918
27240
27799
26783
27595
27575
28670
26411
26689
27773
26696
26961
25590
26246
27455
26779
27070
27045
25692
24577
26181
24577
26280
25974
27610
27385
26811
25712
25790
25644
24804
27073
27209
26386
26265
24953
25958
25349
24790
26851
27408
24683
25803
25428
26853
27583
25428
25592
25775
27020
25639
25459
25460
25277
27508
27207
26643
25773
25941
26711
28322
26580
25946
26420
27631
27101
26334
26521
25234
27003
27530
26248
27907
26498
25072
25831
25882
28670
27824
27703
26408
25531
26668
26533
27792
27460
27404
28143
26793
26260
26460
27481
24577
25159
26703
25839
25172
26169
26463
25109
26302
26220
27150
26816
25995
26235
27016
27769
26814
27234
26998
26141
27419
26414
28154
26098
26113
26433
25658
26834
26162
25610
26975
25794
26425
26424
25284
26927
25458
26605
27014
26116
25499
27334
26164
25490
27239
24577
27862
27311
26807
25974
26257
25935
24577
25405
24577
27620
26479
27006
25033
26973
28404
27802
25870
25782
26377
25827
26086
25188
25785
25682
26598
26082
27608
25422
26663
26166
25392
25887
27288
27162
26313
27566
25407
28012
24852
27408
26930
26172
27451
28327
27423
25789
25951
28018
26186
25577
25752
26827
27041
27376
26542
27593
27066
27148
24799
28181
25180
24577
26554
27220
26265
26353
27941
26175
25488
26019
26333
25819
26124
25725
27699
26020
25881
27258
26369
26962
27509
25699
27596
28435
27355
25852
26228
26339
27154
26003
26052
26997
25909
26844
26861
27577
25926
26944
28109
26745
26157
26264
26863
27356
27771
26779
28370
27180
26236
25896
26693
27614
27205
26336
27027
25027
26782
28285
26524
25333
26042
24837
27236
27379
26818
26433
26085
26424
28670
26402
26681
26957
25813
27301
27912
27402
26509
27994
24693
27199
26591
25345
27949
26126
26805
26014
25729
26657
27576
25808
27631
27023
28649
25612
26541
26920
26589
25366
25997
26171
25740
26825
27217
27691
28092
24608
27512
27076
25894
26494
27536
26027
26058
26609
24966
25315
26117
27869
27013
24577
25851
27554
25654
26949
26660
28132
26382
25907
27491
26059
26874
26492
26014
27195
28011
28670
25414
27011
26869
26883
26735
27199
28055
26946
26131
26400
25023
27092
28670
26035
26804
25964
28061
26187
27447
27325
27388
26352
25792
27729
27548
27950
27907
25571
25213
27231
25623
27396
26743
27919
27408
25899
25586
28670
25629
25313
25624
26719
26273
25838
24577
25780
25932
25060
26269
27263
26781
26204
27444
27987
25930
26613
25233
25299
25703
26268
27359
28077
27351
26257
27231
26738
26414
25040
26926
27063
27354
25649
26969
26225
26460
26445
26710
26411
28199
26742
25619
24844
24843
26427
26147
28249
27706
27031
26752
27444
27391
25732
25856
26434
26240
25577
26783
25035
25737
26298
25467
26530
25910
26256
26768
27462
27478
25636
27638
26890
26394
27206
27970
28670
24577
24632
24693
25095
27245
27784
26673
25668
26808
26460
26707
25598
24577
26555
27774
26291
25182
26125
26348
28670
28670
26709
27199
26292
27749
26181
27796
25687
26355
26536
24886
28670
26442
26454
28147
26944
27831
25264
26479
25656
27015
24577
28039
25915
25322
25910
27342
28433
27544
26709
25801
25462
26352
28017
25260
28438
26084
27363
27937
25722
27242
28491
25748
27183
27421
24918
25726
27393
25307
28043
25057
26443
28573
27336
26982
26516
27914
27825
25297
26098
26943
25318
27674
25950
25934
26457
28506
26621
26208
26963
28293
26542
26541
25718
27776
24681
27955
27976
26813
25782
27205
28264
28119
27544
26082
26107
26637
25231
26627
28069
27316
27240
26485
27766
25578
27814
27504
26710
28613
25622
25109
26685
26755
26643
26314
28624
26837
24978
27254
25782
25774
27382
26573
26779
26279
27091
25404
28109
26798
26175
26006
28213
26729
26583
27082
28555
26289
26417
25249
25725
25599
26081
26729
26239
27700
25312
26991
25662
28607
25323
27101
25438
25850
27517
25402
24577
27418
25977
25188
26970
26469
27151
26598
24577
25403
27251
27583
27199
26586
27314
26024
26662
28670
26247
26466
26166
27958
27189
26857
27196
27879
27040
26581
25919
27681
24577
25856
26774
26679
26379
27285
27404
26862
28080
26281
28102
27635
26764
27578
25549
26517
26192
27159
28332
27131
26777
26900
27235
28326
27702
27633
26570
25924
26124
26764
25780
26522
25528
27920
27193
26612
25415
27428
26128
24668
28670
27979
26958
26394
24871
26946
25696
26064
27331
28001
27441
27376
25725
26868
25177
27373
27008
26789
27333
26067
26559
26503
28670
27066
26274
26918
28670
26591
26207
25937
26431
26713
25667
28670
27086
27983
25980
26579
24902
25290
27947
25427
28128
27687
25968
27925
25769
26678
27101
25479
26932
25982
27719
24885
26628
26933
26309
26960
26467
26824
26760
26638
26689
26409
25183
26128
27319
26891
24885
27312
26011
27723
26553
27301
26886
26435
25288
28489
27019
27269
26680
26820
26829
26686
25540
27081
26146
27255
27446
26448
25284
27478
28670
27806
24577
26742
28354
25933
26159
28670
26619
26008
27322
26736
26755
27057
26352
26473
27066
27658
25765
26018
26212
26298
25353
26502
25157
27549
26329
26148
25852
26817
25046
27992
25792
26024
26651
24788
26017
27103
27933
25587
27443
27948
27148
26999
26038
25910
27040
26566
26457
27767
27250
26833
25488
27372
28670
25231
25128
27269
26908
28190
26710
26029
27815
27853
27034
26198
25124
26662
28336
28353
25785
26804
25447
27438
25808
28025
26236
27832
26032
25136
28180
27077
26054
26892
26799
27222
26937
26855
27564
26006
26652
27531
28467
26931
27464
27580
24932
28670
27894
26125
26621
26737
27496
28670
27322
25918
26443
26115
27009
25636
26433
25564
27421
26207
27977
26520
26338
25948
26904
26998
27423
27893
28158
25570
27263
26194
28670
26849
26875
26309
27418
26906
25120
25419
28391
26300
25416
25495
26729
27237
27597
26821
27412
26663
26880
27463
25620
26114
27038
25141
28373
28670
27288
28135
27696
25385
26876
26367
26799
25584
27740
26759
27605
26366
25502
26174
26731
25388
27576
26048
26364
28473
28664
24577
27003
27306
26282
25374
24832
28057
25067
26572
27568
27634
26108
25756
25053
26525
24866
24761
25056
27146
26036
25423
27394
27077
26739
27161
25989
27420
25567
27473
26114
26884
28159
28030
28107
25222
25506
25434
26702
24829
25884
26408
27090
26865
25612
28028
27304
27232
24698
26571
27163
24927
27048
25812
26058
25844
25958
26076
25877
26931
25512
28670
26803
27085
27214
27142
27113
27221
25301
26523
25623
26692
25643
25195
27250
25947
27332
26556
25359
24577
26539
27389
26609
26148
24981
26926
28383
27115
28331
28670
25549
26879
25541
26015
26589
26574
26862
24770
26806
27783
27622
25865
27339
24811
25959
26518
24863
25319
28661
24577
27308
28169
26827
26573
25190
26787
27261
27452
26901
25618
25660
27609
26014
27136
27027
27228
28668
27639
27215
27619
25345
25239
26078
25983
25528
27252
28072
26534
26535
26050
26270
25243
27092
27013
26493
27758
26893
25109
26172
26642
25566
27054
24630
25611
25678
26089
27485
25334
25405
28542
28421
25873
27528
25559
26612
27035
28670
26456
26775
27615
25682
25169
26248
27278
26324
27185
27032
26698
26768
26993
25771
27749
26904
25890
28328
25066
28057
26901
26833
24577
27520
26488
25853
25328
26718
25919
25190
26599
26981
26377
27675
25596
27116
27273
26289
27076
26375
26709
25307
26655
27024
26890
25444
25777
27393
26521
25799
26998
28670
27851
25885
26465
25672
26800
25875
25275
27398
25886
27334
25992
27594
26766
24577
26381
27608
27103
27204
26341
26652
27380
28670
24800
26525
26512
27624
26064
27880
26551
26199
26684
26242
26516
27255
24693
26794
24583
24811
26827
26129
27535
26744
26616
27972
28082
27962
24577
28559
25624
26956
26059
27677
25058
27627
24703
26715
26252
26364
26538
26942
26831
25909
26265
25747
26453
27086
27720
27629
26959
25612
28212
25035
26134
27278
26785
25795
27061
26339
27344
26643
27091
25789
26095
26706
28318
27219
25655
26785
27480
25774
28092
24696
25784
26999
26618
27577
27701
27479
27222
26205
27263
28603
27891
25859
26802
25148
26645
26305
26470
25719
25924
26112
26878
26630
27014
25591
25736
26530
24924
27605
26602
26075
26772
26629
26326
26811
25202
26355
26653
27207
27821
25397
25996
27353
27489
25338
26175
27402
25595
26395
26046
27033
27543
27746
26863
27114
28432
28185
28187
28054
27015
27399
25125
26155
26406
25513
24755
27987
25096
27925
26301
26718
25979
26562
26217
25112
26950
27586
26853
26432
26689
25648
27184
25947
25589
25596
26633
26979
24709
25961
26917
27051
26469
24577
26874
26810
25999
27365
28134
26027
25986
27467
26125
26577
25858
27863
28670
27704
25297
25517
26944
26839
26351
24687
26292
26792
27708
25209
24577
27348
25786
25948
25583
27774
27747
25351
25991
26611
26875
27345
24723
26720
26155
26557
27054
25605
25820
25348
26088
26223
26238
27479
26666
25343
28303
28606
26761
25882
26302
27119
28122
26829
26283
27348
27525
27708
26118
25714
26188
26516
25175
28021
27319
27056
27388
25709
24865
25873
25101
26745
26246
27416
27768
26586
28532
28382
24577
26297
25890
26519
26263
26201
26473
27785
27287
25551
25431
27672
27490
27454
24754
28465
28232
26692
26846
26097
26133
27664
27596
26338
26586
26538
28409
26813
26257
26485
27471
26450
26314
26484
25532
25458
26406
27313
26643
26407
26545
27464
26218
26788
25960
26602
25294
26569
26783
26185
26809
26640
27569
28035
26496
26487
24577
27864
25918
27986
27163
24827
25439
25412
28091
28670
25008
27397
27209
27252
26633
25006
26379
25287
26623
26066
26745
25618
26757
26083
25793
27331
27236
27279
26545
25474
26200
27400
26679
26109
25839
25240
27841
25850
27978
27553
26614
28120
25250
26627
26165
25277
26464
26617
26857
27466
25955
25600
27781
26792
27018
27898
25234
27155
26608
26852
26212
27954
26741
27393
27110
27959
25678
25584
28429
25623
27823
26407
25407
26278
28161
26333
27797
26765
26801
27607
28340
26138
28260
27067
27345
26704
27223
25164
24577
27095
26357
25501
26022
27683
26705
27470
25756
27311
26733
27362
28670
28370
27728
26676
27535
26965
25748
26424
25818
27278
26689
27240
26908
27404
25817
27979
27960
28670
25527
28347
28008
26550
26544
27371
27500
27592
27694
28670
25341
26357
27743
26340
27182
26247
26208
24647
26984
26479
27844
26520
26548
26483
26990
27477
26661
27127
26368
28657
25048
28051
25498
27895
27761
26621
26248
25261
26053
25017
27895
26270
27632
26081
25600
26835
26010
27683
28670
25832
27687
26762
26233
26362
25237
25800
28670
25706
25936
28002
27614
28189
26650
25568
27194
28665
27554
26662
27523
27715
24577
27020
25869
26947
26308
25745
25930
27731
26748
25925
24577
27207
27188
25787
28653
25160
25372
25993
25866
28670
26909
25947
28167
25783
26679
26891
26563
25822
25585
26262
26814
25512
28670
26874
26010
26581
26589
26949
25358
28084
26496
26509
26231
26724
26579
28670
25694
26132
28333
27114
25976
25543
28125
26500
26062
25713
28362
25681
26424
27333
27782
26278
25310
27226
27417
26184
27705
28552
25771
25884
26122
25884
25929
27469
27330
25983
26062
26352
27224
25804
26873
26718
26587
28126
25391
28344
26182
25043
26321
25508
26325
26550
26801
28061
28670
25948
27636
26818
25006
27123
28212
26163
26850
27719
27571
27360
28173
26504
28192
27211
27465
27344
26971
28182
27341
27305
27738
27908
27754
24872
27882
25172
26647
27218
25948
28204
26222
25856
26705
26845
28157
27418
26617
27527
26504
27378
26755
28311
25502
26305
25780
27274
25838
26294
27643
27008
26174
27840
26755
25205
26530
28670
25506
26955
26485
26772
25147
26860
27028
26897
25760
25468
27688
25844
26721
26444
28489
26289
26594
27023
28271
26196
27229
26262
26227
27140
27364
24610
26730
26977
27109
26275
27420
26948
28278
25770
26216
27411
26500
26142
26485
26886
25670
26577
25715
27139
25951
26943
27343
27573
28670
27160
27409
27649
26226
28055
27761
27077
25108
27702
27313
24686
26965
25279
26457
28127
26472
26184
26101
27467
26713
25911
28670
26164
27262
27854
26874
26126
25051
26073
26125
26772
26387
25504
26409
26225
24785
27942
26713
25824
27047
25533
26325
27479
26840
26674
27859
26548
27267
27513
26970
26398
28530
25940
26722
27420
27044
27424
26555
27309
26832
25561
27348
26336
25810
25567
25201
24577
26155
25328
26625
26115
26204
26655
24577
24577
27152
26708
26766
25640
27009
26744
25588
25695
26314
26186
27375
28439
27260
27375
27090
27789
26921
27848
27177
28192
26940
27113
27876
26420
25869
25735
28287
27074
27313
27982
25984
25965
27211
26464
25435
26524
25219
26422
28277
25612
27497
25053
27559
26623
24577
27459
27416
25639
25945
26403
26720
26521
26365
25996
27647
27834
27985
26910
24669
25876
28091
26192
26974
25417
28154
27473
26349
27990
27302
25612
27492
27669
26008
27748
26116
28066
26824
25697
27870
27357
25908
27888
27478
25227
26974
26038
27069
27220
27186
25546
27463
24577
26704
26345
27018
27525
25571
26520
24673
26594
25518
26115
25723
26753
27463
25551
26150
27897
27325
27473
25903
28212
25706
26402
26537
26788
27393
26161
26043
25261
26998
26843
26991
26423
24746
25088
26314
27320
26330
25725
28124
26245
27868
25674
26182
26861
26432
27397
27717
26654
27780
25507
27646
26593
27263
25678
27209
27228
26961
26730
27008
26315
26861
27464
26893
26113
26813
27379
26021
28134
27715
27496
26809
26685
25577
27174
26295
26721
26262
26960
26347
25857
28354
27244
28670
26345
26788
25974
27539
27207
27638
26605
26776
25774
26077
24925
27697
26097
26882
27914
25286
26692
25956
27246
27399
25217
26396
27063
26812
25647
27016
26650
25921
27815
27257
26003
27384
27204
26786
26199
28670
25849
26529
26292
27998
26100
25226
26204
26609
27565
26347
26191
25813
25073
26664
25089
25688
27519
27321
27343
27241
27000
28497
27163
27504
26009
25747
26783
26232
25668
26108
24686
26479
26233
26626
26068
26836
26741
24881
27840
27532
28631
27988
26940
26256
26840
25381
26723
26428
28417
27934
25327
26871
28038
26752
26193
25489
27410
26112
27026
25919
25534
27119
27260
26003
26178
26491
27343
26529
26826
28091
26426
27334
26723
25256
27101
28651
26228
26274
26032
27238
26576
27712
25681
27157
27524
26334
27368
26449
28226
26868
25890
26097
26405
25487
26092
27113
27058
25994
28390
26236
25780
28052
27084
27945
27143
28152
26393
27778
26589
25975
26749
27307
26687
24757
25922
25748
27439
27297
26902
27049
25971
25040
24577
25885
25330
25870
26570
27294
27212
27000
28574
27200
24588
26185
26323
25010
26341
27417
25999
25896
24577
24826
27632
25686
28043
26497
25761
24874
28670
25378
25099
26481
26421
27053
26001
28249
26059
26644
27446
27328
28670
26219
25022
27290
27191
26155
26203
28183
26850
26003
27062
27504
25865
25093
27066
26844
27475
26692
25793
26691
27571
27223
25664
26749
25829
28008
26296
27601
26640
26009
27556
25835
26607
26906
25899
26911
28363
27760
28594
27850
27616
27487
24615
27661
24822
26566
26987
25249
27452
26818
25430
26978
27166
27865
28097
27013
25257
28660
24896
28269
26248
27808
27175
27438
27360
26851
26584
26711
26250
26259
26731
27718
26261
25941
26500
26119
26797
25926
27691
27402
26167
27380
26214
26453
27160
27100
27879
26151
25974
26004
26173
27909
26289
27077
26984
26682
27149
27164
25736
25676
25754
28258
26531
26777
27711
26722
26919
26335
25074
26378
26672
24768
26250
26924
25712
28670
25130
24577
25889
27345
26566
26485
25401
27898
27464
25423
26921
27352
26673
27719
25047
25574
26558
27536
25897
25631
27832
28389
26912
24577
27067
24577
27435
26664
25995
25112
26959
27783
27480
26566
26073
27167
27261
28670
27909
25805
27245
25551
27635
26804
25303
26620
27299
26522
26539
25945
28654
26446
27509
27004
27080
27704
25009
25817
28670
25950
27196
26553
27337
25210
27691
25297
24577
26276
27567
25545
28570
27664
26695
27589
25608
25169
28279
27461
27021
24577
28171
28650
24908
27645
26132
26597
25772
27114
25815
26946
26091
26837
27236
27780
27131
28670
26855
27462
26212
26049
26787
25690
27705
27763
25260
27781
27496
27112
28040
27281
27067
26489
26863
27532
26510
25849
25556
27913
26762
25773
27630
28243
25475
25858
28101
26047
25978
27816
25823
26816
27942
28497
26034
27283
26539
27724
26538
25762
26094
26388
26806
27794
27421
25879
25961
24577
27704
28116
25232
27129
25639
27414
25470
27769
24924
26452
26952
26672
27717
26307
25330
26805
26277
24733
27654
25804
27389
26381
26534
26289
28179
28670
27317
25464
26059
27132
28357
25381
28202
27437
25612
27505
26305
26872
25794
25908
26420
27453
26797
28092
26242
24577
27676
25589
25754
26925
26983
27252
25147
27727
26018
24577
27120
26105
26064
25259
26268
26019
27521
26502
27203
28150
25819
28260
26427
26700
27869
27885
26000
27121
26793
25778
26124
26981
27088
26493
25764
28394
27873
26060
24922
26296
26155
26590
25299
24577
26068
25691
25185
27988
26720
27648
25685
26884
25050
27920
26439
26821
27190
27827
26789
27532
26822
25971
25403
28542
24771
26971
27370
26464
26365
25776
26944
26433
27527
26924
28142
25119
26960
26683
26220
25308
25905
24577
24690
25017
26568
26525
26242
25955
25127
25140
27115
25479
27134
25743
25955
27455
26336
26816
25994
27062
27024
27870
25216
27140
26675
28527
26371
26499
27004
28422
27209
26094
27315
26418
24577
28670
26021
25545
25444
27240
25216
28593
25878
27976
27155
27956
15153
17566
1914
2188
15318
9876
4879
3405
16303
129
6189
15250
3757
17877
10695
13197
11762
9463
17943
6450
11022
8499
2841
167
8217
12176
11473
808
762
5411
17051
17096
3346
7433
8557
14212
233
17297
16014
7965
9399
4435
7813
4851
5748
12622
2879
13134
8573
18131
12006
12670
2572
14539
15800
14611
6418
1309
10759
15654
961
17042
18300
1606
12832
15822
6715
10998
390
2784
16805
437
16350
13750
856
11613
14677
9754
16477
12342
1054
7644
12619
9981
4714
1683
6369
6828
2169
17709
7585
17599
6333
3645
8766
11122
17700
17285
18429
11977
11362
1150
16649
1015
3588
1889
5006
9904
17285
4962
18225
3166
14916
17322
15296
16972
14399
12277
10738
9050
2954
15596
12877
11549
2429
5172
7653
15085
15447
5490
5692
11643
8002
16029
17362
12854
9198
4710
6557
8725
10819
6822
8844
10155
11946
1976
5494
14415
8731
7001
7305
6415
1199
1971
12256
9474
11721
2713
17596
8671
16774
838
2161
10873
15669
13443
117
7807
1559
1256
323
9127
14097
12253
15204
2314
10005
7208
677
12287
11807
15859
2867
12716
6235
7914
11705
8348
9217
7609
7416
9972
6425
10735
3086
7741
6794
8749
16510
3149
16192
1112
7270
4284
17357
13609
11842
4547
11904
13198
1237
14829
14303
16709
5262
13045
17206
6762
8864
12093
3843
3456
14780
14102
17833
199
8755
13800
3699
1440
1734
359
2121
12636
12352
10836
13743
12553
13913
6078
3061
2733
8388
4561
331
15498
3316
14214
17376
13667
1645
11418
12086
15138
5368
12654
15861
17572
7871
1228
14472
2535
18328
15426
14123
3964
17501
1529
11455
16761
3475
17087
17629
2069
696
4659
713
4065
11689
11265
6446
12899
355
6499
14375
5417
1153
6918
11424
11027
1827
5434
9606
11758
14238
11341
14347
7876
13718
17296
10389
15559
16508
3695
1211
683
1496
2922
889
13841
12728
16123
17688
16128
18090
3987
9428
7440
2644
17951
2835
17507
10644
6825
3740
5876
7365
18179
14666
12474
6003
12527
89
18188
18842
18531
18903
17886
17706
17594
17322
17924
19122
18757
16905
19783
17551
17438
19707
17544
19287
19618
20478
20064
18118
18481
17854
18930
17791
17344
17480
20478
18102
17365
19331
18719
17296
17883
17944
18682
18517
18246
17948
17403
19731
17703
17129
17220
18114
18020
17869
18903
16583
19497
19480
18050
18835
18318
17664
20031
19426
17808
17834
18461
19377
19708
19188
19192
18298
18350
16830
16523
17099
17968
18318
18140
18936
17074
18839
20188
19243
16657
18175
17483
18572
20478
19056
18396
18312
16869
17768
18479
17918
18755
17980
18546
18387
19347
18922
16896
19065
17319
17251
17901
17970
19380
18374
18580
18579
17439
19618
18008
18726
16432
18021
19565
19309
17355
17575
17689
18824
17967
18116
19266
19444
16385
19159
17269
19669
18092
18261
18193
17479
19174
19561
20478
17065
19291
18252
18513
16385
18154
18484
17760
20478
18646
19208
17568
17917
17404
19153
17076
18095
19069
18678
17537
17900
20201
18233
18817
20352
19953
17293
17248
16385
18072
17876
17886
18363
17751
18508
18280
19629
17615
18823
19117
19465
18023
18344
18033
18430
16980
19087
19609
17843
18897
17536
18746
19167
18888
17852
18085
16904
18062
18676
17526
18835
18969
18559
19341
16913
17482
16385
19757
18222
18596
18793
18942
18077
18576
18283
17637
19559
18075
19482
16784
18841
17075
19503
16493
17583
17543
16653
18456
17548
18990
19193
16385
17863
18208
19319
17687
18146
18210
19533
16796
17316
19371
19796
18808
18470
18186
18465
17655
16385
18400
17982
18474
17194
18414
20478
19358
17719
18753
18674
16446
17921
17864
17868
19183
18911
20478
17034
18381
18298
19713
18223
18692
18344
20268
18398
17854
16940
18814
17539
18286
17784
18432
18218
18828
17969
17431
17666
16385
19280
20191
18021
17296
18630
17949
18836
19072
17928
18769
19587
18765
19544
16965
18488
16553
18510
20477
19659
19110
17485
18383
18249
18111
18825
18193
18774
17500
20122
18940
19645
16699
18362
17934
19158
16763
18403
18052
17656
18526
19023
18081
19497
18990
18177
18645
18137
19669
18564
17430
20216
20415
18793
18092
18983
18437
17068
19526
17591
19157
19754
19576
19199
17770
16936
19916
18875
19744
19365
18843
18680
17772
18857
19345
18358
16581
17529
20353
18385
17387
18562
20059
19135
18796
17454
19066
17147
20205
16461
18785
19523
19288
17413
17465
17170
19074
19066
17996
18983
17385
16807
17126
18598
17809
19593
18535
19113
18938
18049
18375
17960
19223
19391
18796
18651
18190
17502
17493
17101
18620
18261
18104
20223
16385
20165
16385
18429
17842
17621
16978
17357
18805
19157
17537
19552
19087
17624
18575
20374
18469
19220
16385
18889
19560
18999
18406
17747
19329
19410
18132
18364
20478
18169
18491
18779
17636
19295
19898
16385
18897
18392
18812
18164
18420
18132
17142
17249
20407
18546
17112
17601
18499
19484
17475
19361
19529
20198
18822
17286
17931
16740
18285
19463
19490
18068
17827
20478
19249
18469
19186
19088
18357
18303
18669
18999
17778
16385
18613
17032
19672
17978
17813
18075
20041
16675
18732
17451
17473
17781
17141
19742
18530
18710
19416
18810
19026
18512
18547
17592
20403
16646
18034
18443
16737
17697
16569
19257
18874
17971
19210
17589
19600
17808
20478
19186
17472
17018
19052
18399
18256
20478
17661
18168
19558
18040
17367
18459
18668
19328
19688
19880
17657
17741
17762
16420
19084
18164
19177
18683
16535
19202
17766
18343
17488
17735
18829
18460
18776
18824
17488
18006
19032
17231
18680
17966
18065
17734
19522
17204
19757
18627
18350
18952
17585
19462
20478
18000
19333
17706
18419
18430
18142
17829
18723
19366
17238
17451
19117
18799
18275
18773
18979
19279
17485
19501
17071
19416
18107
17445
18393
18562
18487
17236
18810
17879
17644
18171
19642
17878
17960
17607
17462
18853
17693
17368
18351
18344
19560
19689
18931
18064
18271
19009
20267
16967
18794
19147
18450
18770
18732
20094
18954
19332
19581
17660
18522
17805
18405
17586
16568
18144
17374
19073
17762
18216
18789
19465
17705
19111
16385
20478
16938
19574
18027
19420
20440
17629
19255
18852
18682
18009
19034
18913
20478
17393
19296
20030
17919
19558
17905
17357
17212
18908
17178
19955
18002
18396
18839
17808
17837
17416
19068
18983
18603
19666
18233
18476
17549
17914
17419
19545
19050
17475
19278
17891
16748
18383
18648
18135
17841
18577
17986
19254
18363
19079
20478
19258
19220
17783
17980
19134
16578
18181
19266
17350
18225
17949
20126
19374
17366
18171
16872
19289
16385
18337
17036
18008
18602
18103
18705
18195
19651
16691
18060
18101
19455
17111
19423
18810
17434
18127
16949
17495
17031
17665
19130
18234
17245
18759
18218
17965
17825
18371
16990
18794
19409
18702
19623
19326
19964
20474
18497
18000
18432
20165
16875
17925
18762
18854
19984
19581
18204
17882
18848
18084
19100
18907
18720
17703
18553
18439
20434
19011
17337
19903
20095
19244
19561
17839
19628
18187
20478
19052
20478
18516
18527
19395
19502
19859
17648
16385
19318
19391
19201
18736
18718
19057
19279
18665
18881
19374
16594
16385
19029
16989
19506
18298
18291
18260
16798
18689
17610
18758
17611
19301
19145
19640
19459
18673
18782
18283
18740
18409
18097
18744
17329
20478
19093
19745
16404
17551
17661
18159
17453
16385
19197
17563
18101
18093
18549
17432
16456
18383
17223
17523
16526
18658
19306
19064
18617
17940
18678
17017
17316
18711
19244
18703
18831
19334
17615
17599
19503
18756
18968
17355
18983
16621
19020
19256
16483
20160
18893
16833
17906
19922
17770
17583
18041
18845
18466
17525
18991
19135
17628
19145
17445
18728
16454
16736
16804
17787
19558
18779
17082
18589
19353
17710
17330
19395
18643
17095
19149
17385
18478
18154
18977
18265
18137
17241
19233
18165
16858
17843
19764
18922
19474
18289
17704
19439
18505
17674
19086
17883
17405
20049
18822
19120
20087
17916
18411
17644
19536
19572
18543
18211
18819
19553
16993
16817
19552
18996
18838
16737
18765
18047
17932
18783
19081
17127
17815
17838
17477
18826
17755
19078
19616
19337
18190
19395
18229
19039
19258
19881
17615
18455
19097
18862
18000
19310
18925
17475
18533
17608
19260
18515
19514
18665
20288
20172
16463
18271
18584
18806
20478
19662
17597
19428
17719
17120
19154
18713
18833
18215
19340
18016
16385
19001
19284
18104
18113
16385
19002
18349
17811
18602
18031
20375
17150
17993
18137
18785
17934
17886
18586
18096
19772
18003
18511
17904
18243
17269
17554
19647
19432
20478
18139
17538
18930
16649
17169
19559
18164
19344
20478
17766
17494
17966
18605
20478
19111
18606
20231
19218
19445
20102
17822
20478
19077
19356
19690
17185
18941
16385
19030
17616
17901
17524
17134
20035
18431
18346
20271
19085
16519
17706
18924
19886
18382
18587
18304
16469
19337
17733
17942
16385
17903
20027
19616
16916
18586
19878
19346
16385
18879
18641
19363
17332
19277
19981
19107
18543
16567
19400
18720
17791
17880
18188
19062
18328
20478
17014
17915
17392
18730
18137
19228
17835
18862
17670
18669
18598
18044
18878
19204
16385
20410
19056
17681
18599
19288
19458
17850
18974
18857
18611
18335
18261
16674
20478
20064
17858
19049
18782
19288
20013
18355
18723
17222
18853
19340
18360
18559
17236
20478
18426
16938
18545
16385
17818
18221
17110
18314
17789
17038
16385
17264
19837
19239
18105
18238
19271
19691
17031
17964
16655
17429
19095
18616
20478
17872
18705
19326
18657
18940
18360
19100
18234
17319
17451
20478
16890
19279
18430
19090
18785
17573
16385
19231
17780
16524
19157
16385
18836
17763
18923
19834
18369
17630
19049
16500
17128
19510
19444
17823
18545
19431
16823
17101
19170
17893
18761
17767
18756
17332
17729
17227
18562
18006
19603
17746
18957
18146
16394
18619
17592
19100
18381
18758
17390
18865
19253
16880
18531
18288
19308
20074
17587
19717
19214
18474
18126
19053
18871
20478
19272
18653
19412
18804
17983
19138
18288
17311
19469
20002
17280
19371
19068
18258
17436
18906
19281
18305
18718
18126
16869
20478
19950
19948
18199
18593
16880
18344
17339
19613
18087
19339
18068
19367
18871
18774
19216
19123
18632
19008
17183
17348
17040
17627
16618
18430
17383
17575
18146
18218
17996
17980
19699
19408
17828
17023
16385
18540
17327
19271
19241
17939
16385
20424
17272
16413
17997
18242
18150
17917
18191
19855
19010
17042
16951
19061
17798
16513
16918
17895
17548
18745
19635
17516
19878
19060
18395
18273
18154
18350
19577
16698
16954
17808
16820
18989
17252
18929
17878
17940
17659
18385
16958
17294
17258
16385
16532
17279
18574
19496
19005
19179
18281
16385
18955
17327
17530
18064
17544
20478
17177
19779
19062
18957
19516
17220
19850
19000
17634
18783
18110
18424
19359
19018
17930
16906
18009
17967
17385
18242
19112
18341
19213
17521
17340
16385
19824
17487
17901
16454
19111
18935
19529
16693
18210
18316
16742
18409
18182
19175
18596
17502
19302
18195
18134
18684
17961
19497
16981
18062
17316
16764
17809
20478
17955
17422
17728
19490
19887
18246
17332
19158
19394
18079
16434
19901
17900
19888
19582
20478
19361
17802
19231
18888
18257
17522
17948
18393
17692
18134
18530
20191
18309
16733
19054
19729
20478
20385
18198
17625
19352
19943
18554
18160
17917
18631
18381
19172
18319
19253
18040
17950
20038
18592
18633
18724
18700
17991
17740
16385
18454
18069
17513
19791
17974
19125
17425
17677
18248
18005
18093
19866
17562
17938
17670
18343
18309
19585
18496
17850
18539
18351
17433
17621
18534
18673
18303
20478
17494
16385
19561
19118
17510
17987
19767
18276
17565
20008
16532
17146
18588
16385
19000
19170
17775
17397
20246
18061
19584
19258
17164
18926
18128
19785
17552
17322
17821
19010
18330
17674
18803
19694
17844
17036
17287
18226
18199
18038
18338
19317
18696
18367
18694
17892
19273
19603
17400
18609
18122
20419
16953
18692
18561
18695
18559
17393
19344
17670
18276
18511
18604
18056
18281
18721
17521
17766
19659
18024
17332
18402
19653
18534
18518
17789
19509
16919
18176
17734
18457
19139
16568
19772
19370
18525
19436
18398
19227
18041
17454
18144
19073
17878
18558
18433
17218
18854
16385
17231
19470
20438
18680
18198
19384
17785
19075
19437
18815
18965
18735
19806
19708
18070
20242
18978
17720
18522
18583
19757
18094
20021
18740
16962
17633
18351
18460
18746
17347
16385
19091
18844
19402
17165
19047
16891
19150
16842
18535
17488
19041
16821
18213
17776
19329
19169
18882
17387
17156
20402
17927
16597
17584
18817
19626
19193
18355
18168
19362
18184
18688
18290
16886
18537
18949
19116
19117
18064
17589
18796
19186
17858
19596
17315
19731
18937
17224
18645
17959
18315
17430
17263
17763
19465
18994
17364
17331
18455
17139
16385
20478
16738
18526
17588
18901
19013
18435
17400
18864
17653
18746
18712
16385
18484
18906
20026
20478
18412
18755
19167
18469
18566
16819
19308
19337
20121
18629
19710
17859
17815
19250
19175
18882
18320
17506
19329
17461
17681
18120
18328
18447
17375
18707
17873
18210
19390
19475
19029
17972
20478
19433
18026
18093
16385
18740
17451
19748
19367
18780
18762
20478
18488
18827
17297
17836
18798
16385
18671
17236
19288
18495
17580
16878
17823
17940
16871
19144
18826
19001
20011
17726
16941
18774
18599
17253
17624
17155
18518
17769
17318
18789
18027
19834
17606
19462
18189
17210
18617
18608
18405
19048
18814
19127
19403
19467
18683
19380
18725
18601
19522
18202
19499
18563
18602
18791
18242
18062
17212
17293
17733
18347
18982
17117
18387
18738
18867
19069
16385
17799
17705
18389
18107
19561
19459
16690
17256
19759
19086
18673
17798
18586
18308
17682
19730
18496
17715
18729
17622
16385
19261
18789
17183
17762
18445
18496
18488
19467
18945
19844
17452
18844
17865
20478
19264
20478
18961
18087
16385
18568
17975
17876
20478
18528
18078
18414
18417
16843
17404
20102
19285
17348
18176
18079
19485
17468
17815
18581
17539
18768
16731
17881
17115
18297
19363
18626
17464
17283
16953
18437
18942
19216
16385
18033
17517
19488
20348
17733
19342
18479
19302
18277
18922
18341
16791
19385
16781
17482
18169
18091
18563
19155
18986
19941
19282
18731
18461
19902
17716
18109
17947
17629
19378
18778
18953
18419
17708
18566
18774
20478
17002
18206
18214
17926
17425
17881
19367
18273
19536
19437
18184
17921
16385
16803
16385
17457
18656
16385
17829
18768
18360
17879
18385
18504
17146
18440
19373
18281
16497
18886
18572
17963
17620
18563
17028
17807
17971
17376
19723
18918
18491
17480
18767
19126
16662
18252
17542
19359
18810
18180
18590
18160
18172
17436
19158
17533
20230
17765
19291
19642
19612
17771
19974
19221
18122
17864
18465
17576
19506
19289
18612
18169
19562
17830
18599
16976
16989
18374
19146
17771
18236
19239
18660
19570
18707
19853
19133
19289
19891
17083
18704
18081
17897
18372
18850
18811
18703
19049
18202
20199
18768
16385
17160
18817
18712
18762
19566
18136
18354
17272
18713
17875
18725
20125
17181
19990
18829
18754
17265
18783
20182
19171
19546
19218
18283
20358
18469
19284
19912
17705
16581
18299
18833
18997
18025
19644
20478
19411
17494
17737
18267
18161
18101
19032
19473
17964
19426
17122
19059
17554
18157
19440
19214
18900
19038
18524
17954
18219
16426
19701
17247
18018
17654
18752
17627
19079
18863
17604
18270
16690
18003
19858
19229
17547
18492
18714
16752
20026
18014
17443
19213
18074
16599
18550
17186
18278
19247
18495
18115
19519
18462
16466
18880
17413
19299
18816
18708
17706
17492
18787
17878
18972
18545
17787
20113
16718
19034
17714
19246
20478
16745
17536
20260
18993
18730
17752
19683
17824
18558
16385
19030
17989
20451
18914
18857
17624
17131
18056
19353
18291
18664
17953
16772
18339
18793
18858
19071
19560
18932
19516
19198
16907
19243
20142
17295
18342
19998
19497
20047
18381
19713
18218
17663
18803
18554
18151
16801
17967
18106
18736
19364
17608
18211
18259
18117
18246
18334
17595
18639
17550
16972
16385
19172
17475
18562
19458
18658
16685
19543
18695
19952
18249
18607
18170
18995
16490
19644
18721
17947
20478
19141
17180
19954
18659
18828
18486
17530
17972
19435
19180
17121
18356
17447
17338
18622
19021
18344
18870
17630
16495
20211
18603
18362
17812
19497
18182
16464
16944
17906
17686
17254
18254
18628
19177
19642
18251
18239
18804
18849
17373
19106
19092
19621
17397
17330
19317
17128
19712
17850
18479
16667
19485
20478
17870
19556
19112
18549
19198
17296
18499
16385
19295
18775
18021
18741
19781
16575
18194
19299
20478
19341
19259
19334
20024
18574
18397
17452
19052
17595
20478
18076
16921
19002
17678
16385
19548
18267
20478
19079
17198
18511
18873
17716
18089
19100
18927
19893
18294
20236
17973
19018
18879
17442
18507
18477
18724
19183
17185
19669
19202
18996
18057
18154
18625
19396
16601
18632
18351
17670
20392
16385
18108
18793
18674
16385
17933
19503
19178
17520
16702
18405
19725
18592
16385
16549
18671
18446
18704
19657
19028
19953
19412
17806
17279
17368
17862
19195
19310
16385
18086
16848
18715
19146
17056
16385
17856
20453
18202
16957
18707
18572
17587
18106
18097
19821
18281
17647
16602
18190
19207
18421
18597
19241
20039
18142
17227
17298
19140
17925
18992
18432
16943
18532
17863
16772
19458
16611
18797
16667
18156
19365
17408
16955
19069
18311
17423
18851
18624
18561
17220
19220
18624
20478
19111
20210
19363
16918
18150
18018
19763
18328
18485
20437
17270
19312
18638
18118
19107
19670
17975
17590
19040
18255
18729
18145
20094
18821
18836
18761
18656
18509
18973
18254
20303
17721
17835
19230
19087
18851
17440
18579
18889
17823
18359
19532
19678
17506
20031
17228
18687
18307
18373
18390
19566
19947
19166
18016
16400
18611
17440
18553
17045
17690
19078
19727
17960
18225
17303
19572
18796
16385
19036
18622
17768
18095
16917
19190
19330
19100
19493
18161
20478
19340
17780
18130
18079
17189
17701
17618
19534
18639
19367
18833
18700
16385
20478
20329
18409
18483
17749
17228
19483
18287
18658
17823
19569
18700
19349
20325
18745
17649
18834
19236
20478
19248
17898
18505
17903
16385
17059
19133
19555
18036
17437
19255
18315
18267
18659
18564
18336
19070
19736
19125
18684
20478
18035
16629
18175
18867
19410
19214
16385
18354
19066
17142
18621
18960
19290
18769
17582
16682
19429
18926
18318
18114
17258
17191
19378
16875
18558
19824
17994
19396
17559
18162
16854
18645
18150
20095
17928
17934
18342
17301
17995
17920
18986
19812
18733
18740
17764
19767
17231
19241
19438
17921
18541
17657
18274
17116
19566
17939
19371
19048
17868
19091
16385
20478
19033
19654
17863
18369
16385
20338
20310
18279
19784
18603
17850
19038
17503
17236
18931
19564
17732
19673
17260
19679
17951
17710
18495
19046
18737
18820
19635
18337
17161
18072
19033
19791
19724
18806
17572
18264
18631
17598
18032
18037
18135
19491
17218
17192
16544
19006
18094
17886
18698
17891
17713
18404
17815
20160
19868
20311
18791
18986
16701
19023
18488
17422
18030
16385
18457
18761
18253
17617
18424
18892
18366
18863
17923
19358
18426
18779
18114
18668
19311
19132
16973
17637
19854
18011
19012
18570
19251
17992
19327
18488
18377
17863
17853
18570
18358
18946
19322
17658
16530
18351
18791
17638
19131
17992
19213
18612
17323
18157
20425
19301
18319
20478
17826
17917
18423
18158
17513
18782
17967
18128
18427
18338
18670
17950
17511
19060
18235
19109
17445
17438
20068
17163
20409
18169
17204
18025
18069
17776
18664
18214
18599
18103
16589
17927
18294
19375
20223
19045
18172
20135
19242
18738
17709
18929
18793
18915
20478
17795
17063
17542
16994
17055
19022
20034
17813
17309
18843
18943
18416
18751
17871
16853
20344
18491
17721
18315
19725
18226
18316
18300
17158
16843
17689
18488
18250
17248
17501
17179
17653
18976
18394
17790
17797
18537
18294
19524
18613
17301
19101
18523
20076
18173
18938
16686
16385
17149
18592
20478
18833
19230
18286
19543
17759
17201
20257
19706
19084
18226
18226
18507
18996
17379
19432
16737
18465
17672
19861
17057
19385
18201
17618
18650
18976
18503
18309
17769
18575
17565
20478
16385
17033
19541
19145
18281
17117
20135
18612
17859
20083
20197
20478
18846
17551
16655
17567
20178
17248
19060
20367
18037
16636
18567
18015
17722
16385
19100
17686
17481
18849
18339
19820
16874
18232
18742
16390
17307
20242
18944
19450
18966
17991
18255
17903
18779
19155
17149
19748
19760
18546
19234
18234
19133
17887
19457
17828
20003
18471
20000
17601
18095
19228
18700
17378
18117
18624
18762
16978
17074
20223
17685
17090
20025
17585
19632
16805
18274
17520
18584
19381
18373
19265
18659
17156
18982
19148
17299
20413
18753
20407
18520
19388
19877
18713
17540
18202
18574
18056
19298
17804
19303
16664
19225
20478
17863
19312
19904
18146
18622
17458
18555
20455
20141
19495
20478
18977
17703
18614
16385
18865
19621
18470
18734
17505
18583
19347
18392
19245
17735
19100
18662
17961
20134
17336
17466
20185
18190
19219
18914
18111
18292
18559
4705
7851
8677
7582
258
4325
8374
8553
3905
2077
3938
8144
3986
1953
9748
5212
446
5338
6155
9261
7715
10180
5469
9642
265
1440
4036
8926
6787
2152
7816
2135
1877
175
9987
4070
5197
7963
3276
5666
3389
2038
7072
9046
495
3720
4152
4979
8401
1188
9203
3882
850
934
3818
5648
3432
7989
6082
4489
7195
7056
1613
9964
1598
9235
1984
5376
6775
2180
4742
8366
4704
1300
1839
1539
5270
9670
6604
2121
3957
3693
2076
5526
6595
9801
4434
914
2740
3449
9884
3647
8939
1883
4029
2086
4608
8700
8929
8625
3736
1234
9807
3585
5036
1485
6568
5341
8852
3430
2664
5691
5045
3345
8113
1433
1333
1382
9008
6631
9461
2429
177
714
2255
1309
3899
2834
636
10115
4743
964
5010
1215
4185
108
6083
8093
313
8115
9078
1593
3433
5758
289
4288
1263
5147
6510
9983
150
2171
5174
7791
9986
620
9428
8613
9535
8079
4238
5985
2985
7146
3351
5241
7505
3946
10197
10223
3909
8819
3772
6919
2557
2492
986
5030
9875
7873
4773
3777
7055
5192
9593
795
4361
8550
4676
3622
9626
10217
2991
8492
928
9953
6257
551
5499
5240
7239
8326
5534
6353
6079
9608
9958
7826
9046
5943
8168
1823
10101
4461
2221
7480
6251
2161
1441
6451
7401
7466
9197
3747
5469
667
2654
4181
6946
6388
929
1662
6440
4084
2343
7417
9588
4075
9890
1540
154
1633
6990
2785
3984
5868
1851
995
6118
3404
6216
8185
7633
5044
9201
1241
7696
7978
3272
2838
8644
5145
892
6662
1222
8190
5512
8959
6726
7599
8422
6460
6677
8881
4590
7422
69
5421
3690
744
4284
1684
5727
2844
8943
5349
8917
411
712
4127
9078
7085
8916
8929
9308
278
4216
8904
9716
6937
8978
4103
231
2476
4993
355
6200
709
1696
5673
5740
6642
9901
3028
6759
1742
10013
9121
7525
2114
6583
1520
3299
6133
2015
5439
8981
4894
184
8991
6703
3000
1627

