2579
2294
2457
1673
1890
1941
1273
2399
1702
2710
1277
2206
1927
2175
1876
1869
1839
1951
2571
2429
1470
1655
1312
2387
1741
2177
2704
2177
2479
1418
2577
1773
2845
1662
1843
1881
2422
1377
1917
2644
1708
2335
1829
2036
2613
2345
1857
2229
2341
2794
3002
1468
2568
1811
1389
1521
1817
2564
1816
1616
2178
2065
2529
2037
1594
2841
2691
1788
1458
1880
1826
1645
1729
1060
1324
2087
2042
2249
2108
2736
1678
2080
2283
2505
2341
1770
902
1827
2537
1797
1763
2633
2785
2510
2347
2022
2694
1776
1515
1693
2237
2139
2442
1738
2230
2140
2263
1942
2590
2415
2319
1703
2290
2329
2094
1870
2260
2602
2850
2712
2105
2165
2409
1858
1613
2420
1844
2356
1490
1633
2285
1506
1361
2201
1886
1725
1773
1312
1670
2368
2050
1765
2574
2048
2533
1427
1759
2112
1630
1407
1963
2561
1472
2085
2539
2082
2123
1811
2332
1761
2371
1703
2007
2588
1768
2081
1990
2100
1619
1670
2046
1832
1965
2280
1796
2464
1434
1752
1777
1648
1691
1426
2417
1330
2446
2345
2166
2081
2642
1934
1853
1874
2085
1393
2001
1331
1918
2340
2077
2402
2647
1441
1768
1286
1816
2420
2704
2537
2585
1785
2055
1527
1779
1351
2050
2257
2284
2146
1653
2349
2100
1900
2709
2310
1971
1606
2295
1764
2178
2058
2033
2069
1546
1789
1688
2120
2752
2005
1485
2133
2090
2212
1910
1745
1786
1600
1347
1619
2603
2858
1892
1481
2457
1854
2191
1569
1433
1542
1732
1917
2106
2644
1334
1588
2455
2220
1839
2057
2777
1745
2018
2142
1972
2345
1735
2145
2387
1935
2002
2006
1865
2152
1778
1874
2219
2062
2029
2539
2102
1717
1554
2478
2034
2279
2012
1971
1957
2461
2121
1010
2083
1589
2329
2580
1828
2095
928
2508
2080
2696
2016
2726
1861
1337
1942
1743
1881
2292
2439
2403
2701
2461
1627
2383
2635
2197
995
2242
1632
1540
2105
1965
2341
2573
2250
2145
2574
2007
2160
2216
1915
1613
2129
1303
1938
1976
2437
2642
1832
1771
2034
1527
1932
2508
1989
1268
2158
2557
1974
1882
2362
2336
2672
1686
2237
1410
2148
2953
2028
2387
1208
1929
2284
2943
1730
1828
1693
1131
1573
2021
2434
2220
2333
1943
2565
2355
1723
1884
1946
1507
2009
2108
1499
1836
2074
2082
2047
1842
1768
1776
2096
2051
2113
2130
2066
2105
2041
2275
2274
1094
1606
2061
2390
2510
1842
1605
1190
2266
1712
1545
2110
2329
2064
1921
2360
2230
1684
2042
2448
1667
2385
1113
1981
2216
2024
2205
2015
1609
1834
2051
1987
1963
1883
1551
2778
2416
1982
2375
2185
1423
1997
1487
2277
2455
2139
2041
2381
2153
2288
1680
2133
1420
2424
2331
2021
1982
1453
2330
2312
2088
1522
2048
2159
2576
2102
1777
2141
1535
1835
1706
1793
2040
2661
2163
2020
1765
2225
1635
2492
1959
2367
2106
1551
2230
1695
1859
2218
2153
1845
2877
1973
2819
1286
1622
2075
3017
1645
1695
1556
1809
2306
1854
1988
2084
2083
2369
2394
2179
2514
1870
2234
1963
1946
1620
1946
1480
2570
2118
2157
2673
1891
2570
2053
2121
1426
1221
2676
1348
1582
1905
1840
1554
2182
1229
2161
1525
1745
1785
1684
2358
2585
1978
1863
1743
2310
1352
2853
2364
2131
2258
1969
1728
2389
2417
1703
1857
2424
1802
2240
2696
2596
2482
1521
1814
1826
1315
1671
2766
1856
1854
2113
2249
1267
2434
2315
2031
1957
2076
2805
1839
1832
2218
2641
1069
2537
2711
2404
1790
1930
860
2391
2819
2277
2178
2156
2295
2186
2097
2489
2009
1905
2348
1624
2442
2808
1543
2418
1863
2404
2040
1706
3136
2180
1734
2023
2549
1841
2717
2366
2111
1453
2353
1420
1934
1013
2060
1697
1796
2587
1675
1764
2708
2447
2171
2333
1886
2307
1798
1888
2612
2357
2078
2230
2232
2451
2769
1790
2791
2503
2750
2446
3153
1636
2343
1878
1731
2068
2175
2477
2310
2298
2206
2896
2123
2257
2764
2299
2195
1943
2244
2036
1262
1897
1417
1896
2260
1500
1522
2114
2358
1968
1773
1760
1875
2213
2542
2174
1270
2523
1956
2031
1777
2036
1878
1735
1893
2521
2312
1787
1483
1424
1925
2046
2514
2160
1521
1663
2014
1628
2439
2941
2472
1683
1350
1731
1307
1814
2367
1805
2027
1664
2387
2371
1742
1783
1759
1833
2251
2663
1459
2292
2721
1744
1575
1969
1999
2208
1986
2338
1438
1916
1369
1890
1322
1653
2121
2098
2070
2342
2356
2512
1397
1725
2619
1674
1363
2089
2116
2267
2005
2043
2589
2028
1962
1369
2057
2361
2799
2688
2559
2318
2263
2835
2297
1784
1918
2626
1964
1798
2692
2354
2363
2459
2447
2277
1442
1763
1711
2162
2396
1779
1459
2210
2152
2304
1865
2136
1997
1580
1549
2279
1704
1832
1946
2199
2338
1701
2002
1911
2618
1951
1916
2471
2790
2642
1892
1665
2145
2233
2431
2458
1635
1593
1853
2169
2666
2438
2323
2035
2129
2231
1916
2159
2143
2610
2274
1727
1940
2604
1963
2048
1654
1342
1756
2639
2105
2006
1160
2221
2925
2491
2602
2237
2713
2530
1933
1405
2229
2399
1635
1696
2194
1278
2356
2316
1891
2257
999
2360
2811
2492
1979
2205
1536
2569
2318
2435
2208
2273
1545
2699
1547
1966
2277
2621
2276
2333
1876
2018
2367
2126
2135
2109
2156
2078
1771
1817
1810
1904
1953
2466
2002
2376
2225
2586
2163
1757
2061
2107
2481
2016
2261
1690
1327
2111
2049
1789
1747
2471
1699
2253
1599
1974
1585
1248
2716
1758
2842
2011
2444
2018
2199
2147
2031
1590
2329
1944
2320
2214
1269
2203
1477
1692
1926
1503
1939
2401
1958
2328
1457
2464
2056
1656
1540
1656
2276
2356
2178
2803
2039
1706
2362
1838
2894
1982
2399
1902
3186
1990
2638
2010
2770
2583
1824
2077
1931
2269
1512
1750
2274
2215
1527
2204
2632
1818
2966
1730
2498
2446
1342
2122
2101
2039
1914
2133
2715
1863
1506
2312
2151
1346
2292
1682
1046
1798
2900
2014
2117
1540
1975
1724
2473
1947
1820
1212
2558
3005
1657
1984
2556
2243
1279
2172
2741
2133
2323
1934
2170
1532
2531
1652
2150
1949
1664
2339
1628
1646
2545
1418
1384
1676
2329
1930
2304
2143
2460
2950
2892
2669
2357
2074
1146
1803
1452
1999
1911
1679
2627
1094
2734
1766
2497
1066
1625
2037
2843
2111
2513
2139
2090
1533
1729
1942
1973
2166
2127
1935
2017
2466
2664
2099
1650
1360
1642
2714
1899
1763
1944
2445
1510
2470
1469
1903
887
1742
2303
2306
2231
1524
2290
1385
1945
2482
1486
2038
2291
1588
2336
2633
1911
1848
1759
1853
1946
2342
2180
2320
1775
1298
1887
2104
2483
2180
2051
2033
1835
1644
2301
1720
2873
2082
1572
2548
1698
1961
2516
1597
3369
5352
5696
668
4251
5989
4385
3444
1042
386
3391
3117
4404
993
3740
3935
3766
625
3177
4274
3833
275
2686
3174
5930
3212
2495
3995
4501
2808
4857
3433
3655
2290
2541
5105
5718
551
2931
2396
4346
4218
1841
2841
1453
808
5660
6055
5969
1913
6026
3608
4980
3392
2945
2972
3322
5266
2028
1571
4222
4011
2587
1391
4095
5260
2783
687
3427
3847
4980
2850
3013
341
3307
1263
1568
3925
5204
5565
5306
4416
6009
3819
2483
933
3687
4654
2299
3434
1127
5295
4239
4657
987
2069
4956
3911
6039
132
1966
4953
759
799
2000
4396
880
381
1897
3933
3948
5790
443
1451
5826
456
2890
1694
1072
1172
5813
692
5724
288
1045
3495
4303
6553
6150
5661
6229
6612
6551
6232
6315
6542
5822
6392
5508
6759
6422
6240
6044
6119
5801
6880
5810
6033
6818
5898
6258
6159
6347
5432
5847
6172
6661
5763
6602
6051
6410
6112
5654
5900
6150
6302
7315
5580
6484
6851
6050
5695
6045
5615
5727
6195
5800
6072
6296
5901
5618
6827
5688
5921
5627
5812
5845
7062
6086
5059
5956
5584
5949
6219
6694
5993
6000
5989
6014
6034
6436
5798
5714
6728
5621
5845
6442
6110
5828
6156
6213
6519
6202
6924
5877
5887
6322
6117
5337
6202
5672
5460
5987
5864
6253
6312
5700
6050
6498
6215
5559
6424
5333
6005
5816
5703
6484
6073
6091
5527
5686
6067
5895
6406
6363
6052
6219
6298
5583
5789
5708
5950
6342
6251
5618
6273
6044
5443
6352
6196
6221
6402
5959
5699
6458
5915
6787
5341
6259
6392
5810
5754
5000
6029
5744
5699
6613
5482
7012
6367
5964
6578
7215
6192
6136
5800
6077
6367
6163
7016
5985
6096
6908
6677
6335
5707
6062
6546
6237
6133
6042
6260
6121
6544
5698
5326
5496
5421
5953
5741
6169
6642
5784
6579
6416
5870
6295
5771
6122
6092
6197
6267
6282
5300
6348
6342
5817
6247
6225
6395
5693
5680
5759
6110
6723
5609
5799
5680
6382
6102
6487
5547
5891
6794
6255
6363
6119
5519
6563
6889
5877
5915
6069
5558
6373
6170
5846
5653
6614
6368
6143
6043
6241
5960
5704
6852
5964
6569
6157
6023
6126
6521
6406
5725
6051
6148
6519
5601
5403
6191
6462
6278
5688
5883
6038
6367
6248
5864
6001
6917
6260
5323
6461
6123
6142
5751
6143
6306
6365
6749
6118
6213
5816
6106
6213
5691
5796
5931
6194
6814
5834
6180
5850
6424
5998
6224
5623
5741
6275
6116
5860
6983
6074
6126
5082
6433
5909
5734
6112
6216
6875
6141
6326
6373
6670
5761
5232
5720
6621
6303
6411
6237
6645
6435
6493
6204
5993
5925
6180
6018
6074
6329
5593
5840
6499
5983
6616
6382
6611
5895
6225
5612
6314
6810
6176
5872
6851
5687
6130
6766
5811
5877
6154
6587
5499
5930
6000
6372
7070
6875
6182
5748
6635
5710
6580
5284
6774
6525
6098
6677
6106
5730
5410
5827
6531
6078
6161
6399
5820
5511
6140
5749
6630
6585
6279
5726
6351
6094
6160
5916
6133
6407
5681
6058
5782
5869
6301
5736
6265
6363
5991
6890
6322
5511
6058
6745
6299
5956
5883
6273
5949
6079
5434
6754
5890
6342
5463
5600
5209
5900
5934
6301
5668
5812
5543
6451
6087
6137
6249
5687
6352
6518
6030
6184
5701
5750
5473
5503
6240
6272
5609
6606
6617
6346
6471
6496
6415
5578
5715
5298
5842
6227
6467
7058
5728
5612
6260
5407
6028
6243
6556
5878
5874
6810
5958
6405
6705
6334
6350
6386
6493
6173
5976
6240
6065
5870
6202
6658
6805
6756
5977
6005
5566
6709
6255
6237
6933
5958
5969
6157
5378
6151
6828
6554
6028
6215
6489
6881
6224
6834
6161
6716
7141
6187
6016
6710
6560
6099
6388
6652
6275
4988
6925
6049
6077
6012
6130
6128
6810
6064
6446
5760
7661
6350
6124
6150
6767
6237
6291
6476
5891
6163
5959
5929
6019
6176
5714
6149
6179
6473
6164
6104
6765
6025
5666
6433
6263
6136
6329
5352
6144
6162
5644
6029
5825
6072
6307
6131
6357
5717
6264
6817
6191
6520
6849
7314
6365
5654
6649
6191
6227
6639
6051
6115
6739
5316
6245
5954
6775
6705
5797
5511
5728
5419
6772
6097
5993
6360
5530
6486
6434
5942
6286
6105
6198
6088
6131
6303
6729
5679
6482
6579
6272
5634
6728
6471
6409
6637
6321
6324
6217
6313
6603
6231
6285
5515
6117
6037
5711
6030
6111
6881
6121
6639
5722
6234
5874
6323
6302
6636
5478
6676
6103
5764
6634
6370
6267
6279
6635
6104
5364
6018
5990
5710
5637
6025
6432
5793
5795
6159
6058
7321
6763
6155
5867
5978
5852
6716
5657
5602
6403
5880
5905
6073
6326
6514
5875
6501
5508
6768
5824
5764
6087
5942
6455
6689
5867
6196
6090
6402
7014
5909
5567
6524
6218
6610
5836
6176
6076
6480
5976
6165
6999
6735
6376
6694
5522
6412
5883
6415
5975
5687
5770
6054
6243
6596
6030
6177
6009
6403
6445
5810
6225
6388
7047
5715
5846
6027
5975
6515
6238
6660
6576
6269
6839
5642
6337
6354
6200
5560
5837
6203
6597
5315
6233
6644
6426
5466
6256
6318
6559
6101
6424
6233
5986
6661
5695
5955
6261
6058
6364
6265
6599
5383
6452
6890
6079
5996
5971
6222
5703
6145
5716
5606
6224
6748
5983
6262
6108
6125
6262
6156
6734
6118
6270
5620
5483
6420
5293
6233
6700
5966
6170
5856
6627
6403
5687
5690
5419
6440
5679
6181
6525
6151
6223
6603
6690
6227
5720
6656
5622
6123
5872
6067
6021
5777
6671
6167
6356
5697
5891
6004
5352
5698
5975
6543
5422
6606
6615
5985
5961
7197
5841
6620
6640
6103
6365
5814
6070
6871
6040
6402
6585
6259
5602
6622
6179
6196
6750
6695
5337
6490
5832
5993
6151
6276
6702
5470
5638
6429
5660
6176
6374
6147
6521
6314
6543
5936
5671
6922
6227
6633
6761
6579
6103
5533
6105
5418
16608
7954
5336
977
11644
3449
49
18026
3236
11623
4864
5463
291
13648
17217
8004
16776
18413
15606
18038
15585
17557
6605
2214
4613
6493
14271
13861
7686
6701
445
7395
6533
1722
15178
3541
4484
10663
7905
14781
10594
908
14050
297
15798
13676
12458
8596
16647
14672
15759
4111
5633
3080
16866
7864
15061
1190
2712
3880
6498
7596
11694
3923
6162
9266
5929
3915
18115
2798
14772
10406
1545
9971
10612
5547
12239
1717
12732
10678
5672
2637
13481
1645
16994
10247
2083
5149
11734
533
3351
3607
4104
18374
17490
18627
18731
18449
17690
17778
18033
18970
18151
18435
18557
18234
18739
18366
17780
18473
18967
19013
18043
18681
18262
18755
17107
18129
18346
17920
18255
18578
17814
18377
18457
18658
17939
18114
18576
18004
18757
18198
18817
18800
18249
18525
18420
18240
17818
18996
17863
18040
18851
17997
18074
18520
18434
17946
18599
18575
17102
18531
17958
18966
18640
18482
18099
18341
18083
18520
18751
18435
18786
18635
17864
18139
17798
18416
18096
18009
18522
18913
18014
17784
17034
18847
19153
18363
18425
19234
18759
17563
18365
18132
18577
18975
18506
18252
18933
18807
18112
19106
18178
18453
18258
17702
18541
19097
18532
18104
18955
18903
18755
18954
18548
18437
18474
17699
17589
18455
18154
18407
18859
18062
18386
17868
18463
18499
18204
18192
19451
18738
17732
17970
18801
18797
18922
18384
18543
18788
18596
18537
18271
18416
18369
19035
19089
18440
18924
17957
18503
18073
18494
18648
18666
18050
18085
18801
18316
18382
18650
18176
19055
18082
18570
18093
18463
18741
18008
18191
18543
18384
18277
18966
19224
18195
18450
18487
18142
17643
19187
18476
18821
19122
18652
18446
19092
18659
19049
18326
18376
18941
18473
18618
18915
18633
18540
18007
17886
18403
18155
18679
18508
18284
18586
17729
18620
18301
19110
18419
18638
17761
17995
18386
18788
18033
17959
18994
19160
18526
17748
18201
18373
18331
18713
18166
18299
18386
18063
18865
18147
18196
18036
18077
18598
18793
18125
19111
18212
18421
18492
18099
18606
18331
19428
19618
18710
18848
18653
18340
18490
17933
18681
18466
18398
18715
19093
19411
18805
18073
18302
17917
18293
18069
17942
18558
17789
17854
18703
19124
17740
19297
18051
18244
18694
19041
18868
17870
17529
18866
18666
18224
18650
18110
18518
18314
18938
17338
18581
18386
18079
18387
18564
18141
18111
18594
18507
18827
18696
18802
18523
18260
18858
18591
18060
18219
18211
18470
18755
19216
18289
18298
17865
18514
19122
18643
18647
18235
18718
18142
18962
18039
18293
18283
19071
17943
18474
18499
18134
18252
18198
18135
18463
17975
18679
18700
17973
17954
19304
17610
18165
18626
17794
18676
18901
17595
18488
18362
18236
18103
18316
17978
18808
18762
18911
18644
19143
18788
18707
19284
17624
17957
18699
18393
18311
18713
18753
18554
19518
17851
17608
17752
18184
18284
18246
17843
18662
18182
18334
19688
18137
19055
18172
18840
18491
18597
18660
19123
18097
18726
18325
18041
17670
19080
19072
18402
18025
18619
18290
18370
18179
18134
17866
17988
19053
17264
18613
17710
18414
18859
18886
18282
18560
18319
18541
18455
17929
18122
19474
17744
18582
18856
18869
18525
18182
17944
18868
17859
18970
18000
18754
18292
18957
18538
18809
18876
18443
18681
18451
18951
18089
18780
18549
18404
18288
18351
18806
18574
18199
18299
18499
18912
18531
18704
18187
17989
19106
18234
18674
18901
18075
18706
18761
18740
18111
17777
18117
18519
18831
18712
18329
18407
18824
18811
18061
17475
18362
18189
17941
18587
18126
18558
18524
17834
18257
18528
18132
18635
17830
18698
17729
18778
18456
18466
18163
18557
18382
18326
18989
18832
17971
17778
18508
18909
17796
18355
18254
18684
17847
18789
18363
19089
18310
18896
19382
18099
17916
18659
18085
19241
18246
18064
18427
18428
17742
17841
18748
18650
18359
18556
18573
18665
17997
18689
19209
18143
18157
18753
18436
18447
18568
18053
18198
18731
17748
18776
18233
18554
18436
18179
18420
18268
18708
18123
17760
18680
18045
18355
18472
18753
18207
18912
18460
17899
18583
17758
18762
18497
17938
17860
19011
18373
17989
17704
18774
18262
18338
18145
18407
18837
18229
18235
18926
18654
18939
18615
18085
18618
18203
17852
17912
18580
19026
18646
18132
19261
18085
18276
18378
18252
18372
18579
18531
18212
18552
18352
18496
18130
18491
17996
18776
18112
18314
18867
18740
18974
18751
17515
18279
18565
17638
18566
18062
18677
17823
18450
18005
17847
18415
18456
18469
18340
18893
18787
18506
18449
18080
18673
18039
17975
18754
18190
17558
18340
18659
18928
18935
18749
18097
18905
18214
18454
18320
17465
18326
17925
19164
17721
18272
18647
18828
18157
18622
18763
18884
18752
17722
18707
18453
18298
17792
18358
17516
18053
18947
19040
18170
18606
18379
18781
19202
18566
19185
18211
17827
18770
18601
17925
18495
18915
18244
19061
19219
18109
18324
17981
18116
17671
19058
18212
17823
18016
18736
17714
18022
18498
18464
17894
18060
18330
18326
17699
18378
18105
18238
18441
18242
18371
19082
19168
18246
18343
18056
18301
18005
18529
18578
18830
18436
17913
18854
18477
17835
18042
17971
18612
18165
18297
18808
18752
19209
18107
18114
18184
18379
18104
18331
18327
18383
18116
17895
19441
18416
18625
17956
18156
18431
18590
17906
18451
18298
18583
18331
18243
18018
18474
17753
19574
17884
18359
18351
18593
18880
18517
18813
17878
17409
19405
17867
18301
18473
18071
17865
18088
18626
18593
18142
18391
18818
18584
18345
18433
18246
18814
18368
18872
17823
18394
18626
18433
18381
19011
18709
18385
18328
19293
17867
18632
18663
18710
18550
18272
17656
19241
18337
17856
19073
18315
19093
18354
18643
18287
18694
18335
18891
18784
18815
18140
18194
18681
18367
17887
18773
18433
18674
18533
18830
18325
17902
17710
18934
18574
18202
18780
18615
18209
18022
17942
18134
18566
18639
18067
18319
17970
18582
18824
19055
18496
17830
17747
18911
18168
19132
19394
18851
18195
18398
18136
18407
19122
17783
18674
18040
18585
18286
18299
17902
18366
18144
17546
18007
18582
18456
17954
18534
18076
18716
18223
18471
17854
17877
17889
18419
18058
18858
18645
18539
18382
18507
18324
18901
18341
18245
18242
18300
18317
17530
18720
18730
17751
18217
18546
18786
18212
17977
18150
18190
18968
18818
17849
17970
18633
18424
18819
18290
18869
17996
19134
18320
18441
18529
18376
18932
18055
18337
18437
18800
18136
18465
18812
18618
18792
17913
17826
18606
18729
18276
17224
19222
18028
18537
18245
18721
19487
18292
18027
18876
18576
18753
18059
19175
17716
18538
18508
18329
18376
18865
18452
18167
18425
17671
19029
18549
18822
18139
19008
18687
18894
18754
17350
19364
18341
18073
18133
17714
18964
18913
18666
18758
19213
18485
18367
18586
18633
19074
18443
18692
17747
18678
18467
19054
17727
19060
18367
18483
18646
18989
18195
18819
17726
18462
18702
18531
17761
17752
17885
18846
18862
18521
18185
17847
18644
18444
18981
19050
18821
18883
17812
18583
18649
18275
18810
18346
18542
18555
18668
18310
17871
18189
18909
18467
18699
18576
19096
18737
18453
17459
17852
18661
18379
18313
18764
18252
18154
18816
18231
18426
18191
18230
18386
18456
18668
18019
18234
18607
18031
17863
18871
18460
18693
18439
18216
18721
18376
18069
18527
18373
18472
18083
19547
19069
18913
17424
18030
18821
19133
18596
18548
18568
18787
18588
17905
18299
18239
18281
18700
18411
18532
18196
18791
18423
18969
18861
18938
18205
18438
17912
18106
18647
18612
18618
17780
18631
18463
18680
17716
18536
18260
17928
18376
18113
18504
18699
17809
17732
18016
18524
18665
19182
19213
18011
17604
19060
18728
18614
18452
18185
18118
18283
18737
18365
18494
18377
18295
18882
17993
18823
18166
18501
18236
18366
18456
18004
18826
17829
18211
17985
17950
18196
18419
18522
17697
17909
18043
19107
18357
18486
18976
19079
18898
18483
18503
17863
18747
17945
17638
18797
18277
19072
18736
18677
18267
17904
17869
18631
18280
18429
17648
18242
18606
18078
18427
19137
18609
18490
18416
18189
17599
17853
17818
18490
18730
18798
18379
18525
18772
18442
19026
18487
18753
18986
18433
17746
18799
18106
19064
18267
19445
18666
18225
17541
18448
18248
17754
18291
18338
18552
17857
18661
17905
18221
17709
18706
18659
18617
19290
18090
18998
19050
18326
18409
17855
17588
17995
18728
19258
18499
19214
18640
17814
18781
19071
18638
18729
17851
18457
18241
18563
18673
18040
19106
19160
18459
18281
18496
18113
17983
19019
18848
17741
18077
18484
18592
18639
18416
18364
18456
18325
18780
18382
18690
17989
18122
17954
17910
18484
18893
18148
18213
18149
18537
18690
18508
17450
18740
18714
18752
18445
18593
18445
18241
18125
18581
18051
18377
18982
18144
18185
18785
18515
19035
17881
18682
17575
17805
18280
19398
19511
18687
19133
17692
18757
18550
17932
18709
18646
19308
19188
18496
18397
18138
18644
19152
18272
18317
18422
18430
18673
18188
18253
18422
19186
18727
18239
18329
18498
18267
18882
18451
18712
18274
18492
19058
18452
17985
18620
19071
18351
18455
18651
17583
18946
18841
18153
18951
18106
18742
18466
18703
18507
18768
18476
18564
18990
17359
18692
18817
19043
18567
18915
18244
18424
18399
18474
17787
18227
18223
18962
18059
18964
18558
18524
18686
19082
18621
18009
19150
18705
18006
18119
18392
18977
18305
18436
17947
18550
19246
18092
19085
17950
19083
18601
18423
18351
17767
17808
17534
18404
18476
18240
18216
18544
18064
18113
18118
19214
18825
18374
18366
17959
18430
18252
18726
18974
18036
18872
18745
18454
18476
18056
18725
18094
18229
18705
18925
18577
18152
19014
19090
17833
18471
18327
17806
18202
18053
18802
18466
18671
17971
17957
18598
18323
18420
18291
18399
18919
18475
17545
18826
18603
18078
18456
18534
18357
19056
18047
18879
17959
18279
17850
17717
18762
18428
17636
17939
17663
18625
18443
18425
18546
18015
17973
19091
18355
17673
18675
18511
17883
18518
18136
19068
18297
18298
18586
18802
18418
18068
19057
18220
18423
18725
18408
17957
18615
18561
18100
18485
18206
18285
18550
18137
17867
18503
18910
18684
18419
18095
18733
18403
18890
19265
18155
18607
18884
18018
18958
18246
18882
18791
18135
18317
18243
18517
19297
17951
18825
18559
19001
19045
18479
19190
17931
17840
17267
18760
18129
17845
18236
18593
18916
17117
18203
19626
19143
18094
18285
17661
17791
18755
18166
18092
18528
18220
18653
18877
18974
18137
18400
17552
18494
18744
18365
18091
18055
19110
18623
18125
18562
17907
18804
18425
19028
17975
18735
18012
18594
18318
18088
18014
18473
18541
18488
18055
17939
18385
19101
18181
18639
18187
18631
18999
18070
18569
17777
18105
18626
17878
18812
18659
18957
18572
18900
17636
18512
18962
18094
18701
18800
18760
18936
17997
18248
18050
18520
19145
18089
18317
18647
18391
19156
18212
18951
19107
18325
18617
18020
18491
18209
18315
18457
19320
18334
18642
18304
18759
18477
18624
19143
18565
18486
18560
18640
18564
18112
18595
18271
17981
18524
17973
18508
18820
18803
17592
18861
18386
18702
18806
18068
18591
18449
18928
19006
18320
18838
18321
18271
18687
17902
18205
18943
18722
18541
18468
18683
17657
17649
19098
18538
17809
18634
18591
19192
18648
18319
17829
19104
18736
17993
18282
18025
18155
19157
19087
17650
18198
18808
18165
18200
18884
18174
18052
18134
18871
18240
18585
18022
18064
18860
18431
18728
18893
18661
18188
18475
17790
18554
18128
18331
18749
18868
19061
18440
18819
18196
18608
18308
18289
18209
18589
19100
19250
17975
18070
18236
18330
18528
18728
18389
17860
18045
18403
18596
17998
18265
18843
17378
18140
18322
18723
18886
18117
18661
18085
17785
19284
18246
18396
18593
18429
18608
18173
18147
18301
18319
17905
18830
17693
19136
18424
18614
17887
18666
17103
18782
18262
18687
18641
18966
18779
17754
17744
18536
18304
18196
19227
17903
18211
18071
18641
18729
18607
18515
18652
18245
17773
18100
18393
18136
18032
18174
18913
18767
17676
19123
18462
17838
18545
17766
18421
18600
18365
18381
17914
18822
17492
18417
18038
17983
18062
18565
18480
18297
18410
18469
18975
18467
19079
19129
18716
18465
18689
18178
18785
18295
17952
18033
19110
18512
18122
17409
18431
18918
18612
18938
18203
17768
18040
18468
18323
18282
18322
18685
18140
18562
17302
18665
18688
17602
18381
18849
18557
17840
18738
18783
18355
18546
18328
18462
18500
18618
18960
18247
18186
18426
17973
18491
17919
17444
17747
18591
18751
18242
18074
18095
19453
18849
18409
18197
18554
18119
18630
18815
17815
18015
18444
18456
18485
18665
18250
18246
18680
18268
19396
18784
19243
18126
18368
18424
18515
18784
18496
17923
18631
18405
18582
18177
18905
17817
18759
17883
18454
18449
18410
18315
18049
19042
18290
18459
18138
18424
18930
17881
18425
18581
18427
17934
18211
18868
18523
18300
18381
18376
18689
18161
18455
18188
17974
17904
17051
18856
18067
18436
18381
18198
18786
18163
18289
18330
17631
18197
19085
17743
18140
18124
18231
19182
18925
18703
18711
18521
18418
18339
17631
18827
18518
18453
18743
18822
18464
18063
18369
18994
18806
18582
18316
17991
17675
17983
18774
18317
18744
18306
18256
17816
19366
18339
18074
18861
18570
18184
18222
18785
18328
18601
18308
18694
18299
18699
18391
18476
18528
18558
18963
18505
18273
18188
18899
18159
19503
18284
18837
18270
18429
18544
18464
18101
17810
18427
18953
17922
18983
18824
18044
18376
19066
18675
18635
18645
18019
18291
18315
17977
17869
18902
18788
17934
18256
18681
18902
18271
18647
17929
17759
18693
18070
18262
18479
18509
18417
18889
17626
18442
18208
17346
18201
18110
18488
18613
18245
18602
19077
18276
18409
18706
19222
18949
17942
18168
18387
17851
18491
18163
18709
17836
18528
18219
17835
18466
18644
17968
18264
18815
18022
17883
18923
18670
17816
18006
18335
18085
18195
18491
18250
18322
18275
19055
18781
17893
18246
18880
19549
18361
18261
18414
18233
18743
18271
18483
18159
19076
18108
18310
18396
19094
18219
19092
18622
18366
19243
18316
18120
18292
18367
18232
18693
17943
18758
18132
18077
18969
17724
17909
18325
18001
18229
17950
18691
18229
18913
18368
18156
18533
18463
18916
18783
18524
17349
18358
18402
19219
18249
18758
18868
18948
18143
18891
17713
18197
19131
18358
18281
18550
18746
18143
18651
17953
18737
18166
18527
18332
18627
18813
18098
18794
19131
17570
18016
18679
18956
18566
18456
17821
17596
17999
18368
18528
18270
18269
18353
18677
19458
17762
17898
18285
17987
18443
19147
18073
18284
18249
18130
18702
19264
18245
18468
18654
18293
18877
18195
18760
18819
18492
17164
18985
18337
18685
18055
18129
18506
18574
18470
17874
18534
17851
18444
18816
18391
18297
19014
18487
18558
18020
17773
18839
18056
18018
18333
18887
19582
18467
18100
18312
18771
18281
18936
18623
17754
17987
18169
18134
19293
18630
18713
18897
18765
19188
18807
18816
19256
18634
18008
18714
18110
18282
18052
18457
18573
18146
8742
10682
10479
13351
6653
4088
2631
9193
2999
13529
8517
3626
7167
13538
2876
6031
13171
12940
13439
8991
10313
2271
1845
11843
12777
5029
414
4057
5419
7332
3537
8754
1638
9582
917
11175
831
2034
11251
11736
6132
13853
9364
10614
1631
9195
11350
11285
1113
13778
3974
12717
12583
131
12895
6103
200
8992
11498
7855
6890
7789
13473
1475
8398
10017
7066
3184
11679
3950
106
3553
2517
13853
8654
12886
12191
682
13634
15
5655
10065
11752
11500
10506
10316
2769
3857
6982
5922
5671
4684
2951
1780
13122
3961
6860
12407
3866
2498
6621
5651
431
3979
471
10889
4242
4603
2218
1531
7907
8234
14234
11871
3569
8489
94
10992
9964
6577
6323
2777
1237
4596
1961
800
1335
7829
12080
5324
8875
1527
6352
9177
12977
6730
5319
9621
9163
9540
4763
3851
5097
1140
13080
928
12248
8509
11216
1381
6220
2096
7642
9416
2992
434
192
643
6672
13426
10055
5611
2241
7773
11705
11201
12267
430
1945
4658
13783
2366
5136
3203
12688
12363
11697
4254
13523
4781
7460
5731
14053
8853
11930
3670
4149
12763
3610
3361
9814
9702
13437
4964
2825
9648
5810
10630
9744
5103
6995
10901
5100
2250
11403
10027
11956
6399
5927
8517
2121
13066
10398
9460
12699
6404
13395
1956
9792
11310
6288
7030
409
999
6093
13922
13728
9230
392
9672
2094
6298
55
10894
8780
4724
5960
12937
9373
12807
12363
13184
2960
1968
11798
9761
6264
4230
9667
11247
10501
4936
4136
1856
6655
15111
13871
14336
15039
13964
13728
14963
14700
14295
13585
14905
14564
14382
14422
14017
14248
14700
14480
13904
13569
14627
14147
13828
14763
14478
13904
13219
14452
13775
14105
14143
14643
14012
14835
13960
14206
13710
14493
14439
14410
14591
14069
14351
14431
14242
13838
14258
14270
14413
14287
14201
14553
14332
14245
14028
13628
15257
14271
15040
14799
14401
13793
13892
15086
14018
14204
14130
14477
14227
13716
13870
14742
14761
14287
13219
14180
14029
14492
14972
13960
14343
14161
14395
14429
13490
14546
13766
15408
14558
14003
13728
13789
14731
14023
14564
14063
13618
13970
14507
14046
14362
14590
15002
13588
13814
13932
14649
15234
14534
14279
14260
13994
14489
14731
14353
14246
14499
14612
14547
13838
13997
13199
14625
14491
14435
14580
14483
15032
14878
14096
14754
14542
14438
14665
14420
14323
14228
14137
14549
15072
14094
14485
14013
13898
14473
14682
14075
14095
14425
14056
14268
14266
14563
14360
13958
14054
14141
13865
13947
15130
15000
14407
14403
14572
14070
14030
13993
14183
14849
14685
15017
14290
13965
13255
13767
14715
14516
14088
14605
14660
14426
14700
14311
14541
14419
14036
14464
14979
14371
14153
14381
14056
14153
14131
14431
14255
14891
13973
14686
14927
13577
14801
14816
13175
13860
13997
15131
13869
14115
14420
13869
14683
14351
14069
14678
14927
14334
14721
14757
14362
13973
14424
13889
14190
14567
14609
13832
14747
14656
14145
14625
14659
14474
14918
14397
14620
14581
13930
13909
13812
14226
14356
14473
14343
14511
14352
14795
14280
14424
14222
15166
14186
14275
14281
14577
14309
14030
14111
13943
13580
14179
14521
14578
14283
14416
14218
13707
15101
14044
14976
14572
14707
14180
14893
14149
14429
13725
13903
14575
15108
13639
13562
13851
15016
14129
14392
14918
14391
14168
14681
14790
14157
14448
14558
14642
14404
14136
13749
14537
13662
13873
14340
14437
14816
14207
14499
14724
14134
14213
14657
14902
14424
14125
14594
14026
14645
14208
14054
14349
14090
14641
14442
14360
14457
14332
14030
14160
14392
14171
14080
14535
15045
13733
14334
14371
13773
13731
14571
14359
14547
14096
14190
14373
14748
14070
14776
13816
14746
13841
14858
14512
14462
14522
14360
14590
14144
14898
14249
14363
14542
13899
13899
14363
14563
14498
14639
14401
14496
14830
14740
14269
14584
14792
14249
14856
14457
14543
14494
14091
14809
14455
14260
14720
14006
14880
14290
14109
14789
14920
14586
14467
15011
14579
14457
14702
13649
14566
14119
14086
15310
14817
14131
13975
14054
13827
13785
14294
13841
14630
14387
14926
14728
14845
15018
14674
15169
14717
14438
14385
14750
13852
14214
14545
14137
14282
13762
13363
14467
13753
14612
14268
14546
14040
14333
15855
13812
13945
14392
13839
13730
14335
13946
14777
14098
15046
15207
14650
14697
13689
14127
13875
14425
14394
14574
14533
14076
15506
14365
13774
14122
15942
13557
13833
14589
14966
14404
13953
14329
14140
14231
14684
14900
14832
14715
14832
13998
14044
14698
14130
14414
13884
15017
14716
14853
14174
14742
14674
14327
15288
14648
15009
14437
14013
14992
15131
13862
14924
14290
14581
14688
15330
14667
14532
14242
14513
14284
14673
13995
14473
14043
14023
13788
14344
14772
14196
14571
14116
14085
14741
14877
14169
13758
14170
14019
13825
13995
14223
14930
13530
14214
13904
15109
15192
13194
14352
14178
14765
13984
14137
14290
14188
14350
13873
13862
14138
14724
14248
14365
13646
14229
14487
14611
14304
14365
13748
14956
13644
13840
15055
14735
13532
13941
14450
14123
14146
14667
13976
14624
14459
14922
15143
14380
14555
14208
14761
14777
14834
14626
13757
14481
13509
13689
14394
13557
14941
14617
14612
14362
14787
14268
14282
14366
14316
14245
13617
15346
14504
14947
14654
14472
14096
14624
14286
14770
14581
14487
13352
14034
13608
14662
14216
13781
13764
13940
14475
14842
14913
14383
14131
14754
14569
15102
14140
14327
14469
13987
14805
13991
13988
15092
14269
14170
14255
14064
14713
14785
14983
14666
13953
13976
13785
14122
14645
14555
15019
14653
15011
14023
14387
13971
14592
13708
14866
14300
14327
14067
14555
14510
14809
14350
14645
13847
14040
14026
13802
14398
14169
14668
13864
14829
14359
14871
14792
13747
14050
13690
14208
15211
14776
14741
14787
14462
15347
14230
14353
13821
14387
13788
13901
14197
13741
14371
14625
14637
14806
13798
14324
15395
13596
14033
14736
13251
14373
14077
14593
14380
14035
13534
14938
15036
14252
14979
14013
14133
15185
14506
13940
14251
13952
14532
14418
14016
13950
14095
14646
13553
14066
14464
14420
14403
15066
14417
14299
14281
14586
14317
14608
14224
14384
13964
14886
15033
14429
14132
14699
14313
14233
14882
13904
14552
14087
14985
14939
14710
14818
14178
13573
15005
14819
14560
14727
14143
14092
14121
14131
13711
14587
13773
14379
15371
13937
14420
15704
13366
13784
14067
13971
14176
14380
14164
14385
14373
14548
14057
14422
13898
13582
15420
14580
13749
14083
14571
14819
14230
14609
14067
14057
14450
14482
13764
13656
13712
14613
14510
13920
14255
14790
14248
14186
14406
14523
14036
14679
14067
13918
14445
14663
14338
14215
13876
13582
14567
14655
13667
14341
14150
14148
14823
15076
14452
14058
14421
14094
13829
13939
14287
13551
14859
14121
14109
14709
14459
14753
14364
14911
14131
14775
14906
13911
14131
14533
14300
13893
14288
14680
14675
14006
14534
14506
14206
14742
13974
14251
15138
13968
13934
14877
14319
14668
13962
14245
14716
13991
13833
14372
13932
13731
14997
14667
14119
14335
14014
13768
14802
14517
13788
14494
14407
14018
13991
14619
14291
15150
13611
14613
13345
14131
13687
14307
15138
13814
13815
14445
14375
14769
14263
13401
14492
14525
14700
14509
13932
14831
14188
15000
14238
14312
14886
14696
14205
14201
14749
14098
14002
14628
14264
13811
14338
14227
14444
14264
14729
14554
14617
15141
13646
13760
14740
14122
14068
14036
14354
14345
14641
14094
14170
14880
13850
13784
14016
14211
15061
14470
13816
14742
13937
13849
14935
14208
14161
13624
14719
14722
13865
14506
13889
13792
14811
14054
14162
14386
14683
14637
14974
14469
14571
14648
14427
14273
14153
14457
14926
14854
14192
14205
13941
14371
14452
13916
14824
13585
14511
14895
13983
14376
14773
14884
13990
14219
14343
13887
14133
13941
14534
13781
14017
14600
14621
14328
14095
14340
14906
14142
13989
14230
13653
13884
14297
13957
14991
14682
14689
13713
13762
14652
14754
13577
13752
13853
13570
13767
14431
13875
13689
14044
14131
14798
14342
14007
14549
14396
13855
14449
13941
13905
14620
14746
13856
14085
14278
15185
13895
14336
14579
14371
14403
15290
13862
15500
14454
14693
14519
14508
14811
14152
14420
14406
13918
14325
14601
14229
14510
14790
14000
14681
14554
14461
13876
14252
14530
13687
14519
14313
14071
13798
14880
13954
14764
14328
13952
14683
14709
13629
15066
14439
14726
14838
14498
14087
14686
14839
13685
14507
14400
14301
13582
14461
14527
14760
14561
13725
13951
14562
13918
14561
14317
14832
14867
14477
14250
14415
14355
15102
14954
14607
14846
14005
14370
14506
14370
14517
14310
14445
14059
14115
14467
14180
14968
13795
14239
13670
14970
14390
14265
14691
14068
14622
14349
13989
14152
14211
14689
14574
13673
14363
14882
14629
14398
14494
14580
14820
14152
14669
14459
14572
14340
14113
14126
13935
14799
14871
13810
14824
14325
14745
14813
14093
14237
14727
14624
14104
14343
14685
14779
13994
14116
14449
13283
13901
14391
14669
14376
14422
14049
14620
14189
14100
14427
13862
14130
14977
14745
14532
14903
15487
14750
13738
14341
14552
14199
14076
13992
14724
14031
14020
13833
14884
14723
14576
14444
14903
14207
14312
14670
13701
14088
14026
14773
14029
14306
13785
14107
14299
14690
14696
14821
14489
14187
14338
14193
14965
14366
14992
14714
15118
14108
13912
13966
14891
14462
15046
14920
13889
14479
14200
14692
14255
14737
14475
14415
14623
14347
13067
14212
14714
14364
13834
14458
14119
14218
13257
14528
14103
15126
14543
14340
14497
14349
14213
14009
14140
13964
13874
14240
14155
14106
14408
13581
15298
13989
15167
15159
14870
13329
14382
14478
15091
14919
14175
14511
14068
14501
13827
15098
14773
13780
14799
14467
13740
14356
14054
13860
14933
14175
14529
14381
14280
14699
15437
13884
14237
14397
14425
14531
15037
14779
14171
14103
14269
14814
13813
14748
14382
14992
14758
14678
14803
14051
13657
14449
14459
14945
14894
14846
14755
14545
14354
14140
13666
13736
14745
13279
14541
13589
15153
14237
13966
13497
14510
15321
13728
14486
13957
14547
14693
14605
14358
14735
13261
14180
14159
14041
14587
14417
14882
14316
14383
14062
14204
14321
14976
13914
14442
13873
14660
14216
14376
14495
14096
14094
14271
14577
13885
14190
13960
13738
14122
14271
14707
13826
14223
13992
14866
14212
14228
14557
15142
14310
14554
14383
14283
13445
13855
14293
14022
13955
13938
13963
14953
14432
14980
14075
14106
14276
13548
14396
15027
14713
14579
14403
14182
14584
14266
14212
14297
14699
14800
14160
13754
14471
14550
14577
14324
13946
13681
13468
13837
14252
14292
13818
13989
14176
14864
14917
14506
14916
14894
13963
13203
15037
14367
14389
14294
14436
13962
14645
13604
14826
14601
14391
14416
14002
14149
14352
15123
14733
14763
14077
14847
14340
14498
14043
14507
13998
14597
14263
15701
13884
13961
14042
14650
14114
14278
14402
14651
13935
14395
14852
13509
13813
14671
14699
13731
14926
15219
13768
14345
14393
1314
1423
950
1283
795
2038
1828
1622
1094
1520
785
1232
1805
887
137
1368
1789
1639
173
1650
1456
597
956
930
1424
1670
329
244
767
951
149
1670
162
418
183
1280
1707
1838
1787
487
1168
1069
72
1469
739
1368
1162
1904
641
59
362
536
1222
957
1676
1419
1892
433
403
963
407
2045
552
354
89
552
1200
1799
361
38
1738
1054
1225
1719
152
52
1832
1613
1978
1134
1958
820
1788
1152
433
36
1620
1708
1290
333
327
191
437
856
627
241
649
1169
263
493
149
1579
1188
2047
178
977
161
1311
406
1348
826
40
191
1037
543
1311
998
898
1683
792
1972
1770
404
691
1651
1800
1800
527
453
1706
293
1346
45
1876
1360
1310
883
1710
94
1814
943
450
937
289
91
1838
1146
887
380
1907
361
1412
762
1089
545
862
725
1929
509
132
328
879
407
1878
991
160
807
1741
2142
1772
2055
1479
2025
1990
1624
1622
1320
2390
2342
2223
2221
1922
3147
2374
2173
2401
1917
2104
2144
2126
3080
1976
1871
2895
1895
1731
1646
2374
2288
2308
2025
2681
2568
2395
1909
2016
2595
1581
1979
2193
2076
2579
1472
1825
2396
2320
2094
2008
2093
1789
2017
2582
1628
2116
1925
2441
2060
2432
1877
1678
1726
2047
2536
1295
2650
2158
1977
2249
2936
1899
2072
2147
2304
2148
2505
1699
2567
2111
2136
2049
2168
2973
1680
2034
1890
1857
1939
1835
1615
2453
1820
1920
1865
1634
1855
2215
1964
2384
1926
2333
1662
2641
2188
1758
1693
1111
1573
1958
2032
1486
1881
2736
1895
1722
2932
2248
2143
1549
2023
1198
2136
1977
2310
2379
2933
2173
1894
2607
1949
1940
2500
2642
2211
2436
1744
2374
1791
2130
2052
2212
3311
2665
1895
1627
1718
1864
2611
2662
2128
2767
1902
2254
2395
1909
2281
1924
1760
1643
1700
1931
1845
2078
1841
1849
1749
2454
2288
2271
1947
3207
1820
2507
1481
2068
1892
1843
1987
1639
1686
2183
1923
2732
2249
2481
2630
2166
1637
1874
2630
2303
1985
1400
1814
2144
1746
2034
1225
1828
2270
2785
1152
1114
2058
2090
2191
1714
1749
2157
2008
2341
2027
1661
3232
1590
1729
1535
2313
1155
2202
2269
1716
3372
2296
1912
1440
2370
1754
1330
1688
1909
1196
1507
1842
1992
2250
1500
2162
2222
2056
2020
1956
1875
1988
2059
2301
2029
2306
1915
2420
2140
1314
1808
2689
2195
1857
1308
2421
1730
2022
2322
1296
1603
1680
1573
2633
1791
1910
1854
2056
2195
1576
1982
1967
1632
3110
2892
1529
2293
2102
2156
2740
2164
1411
3056
2115
2308
2087
1407
2315
1365
2477
1884
2202
2260
1933
1688
1199
2829
1506
1399
2882
1973
2660
2225
2106
1913
1966
1888
1787
2048
2506
2009
2076
1550
2247
1834
2176
2250
1349
2166
2643
2664
2294
1981
2050
2291
2014
3110
2114
1621
1971
2571
1698
2281
2183
2674
2575
1808
1987
2145
2064
1785
2208
1936
2335
2219
1979
1610
2052
1776
2175
1285
2513
1773
2053
1954
1841
2159
2370
1764
2633
1832
2087
2269
2205
2208
2225
1585
2094
2239
1619
2251
2336
2804
1877
2462
2125
1443
1783
2108
2412
2307
2233
1498
1903
1992
2261
2209
1908
2006
2203
2035
2502
2696
2554
2160
2109
1581
1829
2128
2099
1178
1388
1661
2290
2411
1672
2320
1671
1538
1805
2432
2395
1870
2106
1924
2355
2002
1908
1979
2073
2168
2206
1952
2604
2298
1706
2078
1400
2522
1839
2252
1604
2017
2785
2019
1664
2105
2472
2143
1952
1155
2138
2035
2597
2100
1703
2654
1700
2070
1958
2537
1548
1125
2862
2190
2626
1665
1906
2646
1459
1911
2196
1823
2195
2313
1900
1312
1416
2118
2259
1921
2501
1987
1662
2795
2062
1525
2382
2328
2499
2236
1819
1945
2234
2160
2062
1733
2087
2202
2246
2035
1878
2195
1756
2962
2331
2966
2007
1926
1693
1987
1997
2805
1760
2032
2220
1952
1293
1484
1473
2600
1639
1863
2515
1560
2267
1965
1977
2058
2185
2104
2368
1936
1385
2036
1840
2283
1822
1372
1816
1467
2163
1888
1870
1988
1874
1798
2085
2161
2302
2339
2453
2113
2380
1840
1832
2290
2383
2552
2209
1912
2888
2223
1821
2122
1676
2369
2056
2347
1893
2398
2113
2608
2292
2132
2235
2989
1672
2210
1816
2201
2487
2116
1173
1733
2137
1664
1854
2067
2133
1526
1890
2084
1722
2043
1960
2099
2768
1725
2132
1997
1751
2112
2139
2256
1723
2215
2101
1863
2061
1734
1855
2091
2239
2043
2013
1749
2118
2206
2362
2390
2092
2913
2442
2281
2631
1667
2610
3012
1768
2489
2365
1938
2088
2660
860
1946
2110
1938
1767
1801
2342
2119
2306
1926
1988
1921
2287
2530
2167
2439
2080
1733
2059
2536
1394
2602
2151
1586
2564
2287
2417
1740
1850
2476
2172
2438
1888
2285
2164
1679
1402
2385
1625
2594
2381
1448
2616
2327
2123
2148
2657
1969
1689
2454
2450
1331
2913
990
2203
1972
2523
1573
1922
1615
1884
1901
2829
2339
1433
2248
1515
2862
1646
1876
1727
2491
1667
1384
1453
2829
2464
2451
2205
2329
1910
1855
2288
1226
1880
1937
2955
2763
2332
2222
2156
2592
1364
2495
2158
2334
1968
2289
2104
1725
1948
1387
2181
1278
1705
2091
2020
1759
2344
1521
1926
2374
1861
2036
2033
1758
2126
1839
1938
2784
2141
2005
2241
1704
2520
1861
1231
2293
2207
2415
1373
1424
2642
3007
2238
2084
2028
1676
2067
2401
1540
2694
2747
2594
1972
2103
2122
2105
1654
2579
2528
2163
2045
2241
1503
2938
2369
3256
2406
1582
2632
1802
1705
2165
1061
2373
2290
2311
1982
2388
2619
2532
2321
2099
1940
2960
1992
2207
1730
1868
1662
1969
2034
1745
2085
2362
2103
2099
2585
1474
2067
2626
1978
2484
1676
2214
2643
1327
2529
2403
2820
1684
2028
1158
2752
2053
1828
2079
1842
1517
2496
2306
1837
1986
1852
1420
1470
2990
2516
1727
2087
2309
2162
1476
2816
2109
2121
2028
2634
1832
1856
2042
1865
2324
1523
1468
1864
1526
2182
1620
2020
1596
2033
2286
2038
2201
1989
1787
2076
1899
2246
2087
1704
2213
2349
1830
1816
2053
1874
2177
2282
2048
1553
2114
2337
2593
2417
2532
1902
1390
1555
1932
1709
1428
1465
2187
1577
2421
2204
2038
1559
1934
1749
2573
1404
1730
1010
1144
1986
1949
1658
2537
1851
2524
2879
1356
1789
895
2078
3249
1550
2270
1766
2906
1706
2205
2263
1999
2165
2170
2751
2022
1851
1991
1870
2452
2069
1039
2366
1570
1754
1962
2244
1989
1517
2313
1146
1680
1228
2600
2973
2278
1500
2476
1645
2502
2471
1687
2841
2672
1659
2171
2289
1725
1473
2167
1457
2092
2421
1130
1396
2870
2398
1952
1851
1838
1586
2153
2038
1773
2783
1072
1682
2029
2134
1607
2215
2003
2020
1801
1951
2075
2497
1797
1258
2119
2597
2755
1766
1399
2512
1564
2306
1568
2117
1762
1953
1689
1935
2729
1520
2588
2273
1996
1738
2444
2460
2272
2460
1991
1867
1449
2052
2446
2287
1915
2151
1808
2871
2091
2363
1380
2782
1848
1704
2361
2002
2180
2323
1460
1628
2950
1235
1504
1980
2736
1985
2220
2440
1663
2015
1716
1577
1913
1793
2543
2103
1649
1413
2036
2135
1995
1182
1659
2270
2393
2307
2143
2379
2066
2406
2748
2327
1569
1208
2461
2173
1866
1623
1495
1860
2445
2922
1953
2311
2107
2192
2059
2190
2380
1339
2250
1638
1928
2065
2480
1989
1737
1461
2311
2077
2253
1608
2122
1872
2700
1979
1743
1954
2528
1238
2068
1966
2551
1555
1851
1753
2248
2507
2458
2841
2267
1440
2282
1918
1802
2479
1439
2576
1846
1897
2171
1368
2860
2328
2072
1570
2147
2339
2297
1983
2061
1812
2377
1989
2033
1683
1297
1255
2448
1622
3039
2000
1808
2426
2067
1315
2198
2231
1585
2500
2193
2170
2330
1510
2936
2054
2578
2676
2151
1935
1975
2699
1954
1772
1634
1104
2426
1930
2470
2482
1549
2899
2735
1956
1905
1990
1601
2120
1313
2733
2411
2100
2527
2617
2100
2345
1936
2351
2519
1562
2439
2542
1488
1325
1887
2763
1732
2455
2025
1879
1333
1917
1957
2363
1040
2694
2633
1898
1784
1368
2671
2358
2106
1891
2134
2540
2498
1621
2076
2325
1571
1775
2241
2768
2195
1872
2790
2056
1884
2163
1717
2334
1603
1776
2015
2168
2896
1746
2073
1585
1923
2451
1665
2675
2252
1406
2541
1595
1660
1842
2312
2512
2354
2587
2352
2147
1902
1636
1785
1668
1873
1464
1878
1592
2353
2122
2389
2009
2397
2008
2202
2257
1989
2420
2631
2072
2569
1742
1901
1763
2645
1444
2144
2098
2099
2619
1339
1600
1739
2128
2254
1899
1842
2131
2011
2184
2552
2001
2199
1361
1354
2192
1392
1760
2216
1399
1949
2016
2334
1672
2507
1784
2525
1803
1696
2598
1781
1317
1843
943
1400
2198
2421
2137
1673
1921
2404
1699
1695
2320
1590
2195
2463
1800
1890
1957
2650
1125
1366
2843
2990
2377
2303
2092
2070
2409
2010
1633
2118
1759
2398
2112
1508
2208
1856
2109
2222
2475
2403
1636
2492
2255
2388
1876
1922
1908
2611
1337
2545
2798
2092
1456
2173
1862
1366
2520
1521
1595
2243
1871
1908
2413
2808
1595
2015
1544
2404
2861
2500
1834
1618
1443
2068
2629
2780
2436
2219
1524
2304
2373
1193
2139
1711
2001
1917
1936
1777
2284
2003
1580
2288
1833
2429
2001
2464
2143
2359
1128
1425
1480
2123
1499
2186
1861
1255
1937
2253
2177
2794
2070
2383
2042
2198
1620
2115
1560
2403
1691
1738
2136
1829
1665
2065
2441
2487
1617
2378
2223
2471
2077
2069
2506
2316
1420
1486
1860
2344
1966
1798
2461
1427
3295
2290
2175
2010
2177
2139
2143
2244
2263
3024
3167
1667
2033
2103
2018
1926
2265
2368
1027
1578
2620
2398
2023
1972
1792
1674
1661
2301
2288
1400
2646
1881
2036
2055
1992
2409
1560
1988
1416
1763
1585
1945
1662
2537
2075
1923
3008
2317
1553
2281
2064
2152
1805
2082
2399
2526
1629
1757
2763
1847
2286
1821
2081
2385
1949
2877
1684
2004
1632
2136
1815
2219
1782
2679
1770
1706
1354
2294
1991
2025
2013
2415
2289
2428
2045
1576
2282
1403
2245
1877
1841
2685
2347
1928
1406
2061
1898
1815
2109
1669
1653
1487
1816
2587
1884
1274
2248
1979
2978
2115
1374
2971
1544
1824
1883
1775
1890
2176
1863
2645
2223
2183
2158
2360
2438
2085
2326
2400
2120
1957
1797
2436
2399
2259
1866
2196
2691
2445
1844
1845
1767
1999
1856
2918
2709
807
2036
2138
1401
1422
2174
1825
2264
1947
1852
2756
2305
1659
2212
2422
2424
1785
2182
2707
2069
1790
1954
2255
2801
2425
2923
1270
2110
2100
1628
2665
2089
1886
1883
1608
2545
1835
1840
2022
2135
1880
2131
2550
1983
2180
1591
2166
1781
2204
2117
2090
1863
1532
2615
2225
2221
1981
1851
1774
1801
1901
2529
2514
1728
1706
2045
1747
2381
2122
1541
2503
2487
2404
1527
1700
1844
1892
2391
2086
1648
2635
2241
1565
1644
2245
1704
2127
2189
1971
1552
2679
2725
2136
1905
2909
2380
2303
1912
2002
2177
2204
1954
1879
1765
1858
1279
1908
2179
1300
2007
1859
2281
1955
1119
2286
2352
2554
2295
1589
2033
2373
2147
2116
2113
2377
2049
2077
2159
2486
1650
2505
1727
2230
2102
2001
1702
1900
2787
2164
2138
1577
2189
1564
2169
1894
2205
2223
1857
2098
2585
2180
1739
2170
1704
2001
1735
2350
1134
1770
2006
2205
2696
1964
1694
1431
2413
1454
2744
2490
1372
2899
1654
1421
1892
1645
2241
2052
1888
2531
2515
1849
2287
2520
2119
1839
2457
1629
1265
1384
1486
1732
1635
1728
1733
2097
2448
2844
1933
2139
2175
2642
2108
2006
2157
1225
1545
2439
1828
1981
2309
2304
1915
1757
2097
1998
2178
1488
2152
1684
2908
1353
2007
1840
1674
2390
2247
2087
1770
1170
1593
1815
1127
1472
2228
1776
2328
2581
2235
2205
1786
2395
2246
1697
2131
3069
2236
1717
1673
2206
2229
2180
3168
1751
1176
2357
1937
1725
1775
2136
2417
2065
1548
1597
2264
2068
1766
2493
1775
1681
1753
1907
1984
1979
2141
1992
1888
1659
1352
2089
2596
2228
1946
1983
2017
1456
2703
2338
2614
1574
1853
1574
2228
1746
2480
2261
2510
2263
1550
2405
2164
2412
2527
2098
2347
2085
1221
1840
2374
2301
1967
2320
1738
1883
2223
2370
2677
2281
1887
2048
1579
2952
2112
2440
1894
2079
2285
1669
1859
1844
2636
2129
2504
1594
1617
1787
1957
1600
2329
2145
1214
2335
2148
2400
1744
2054
1934
2711
2096
2394
1860
2377
2421
2418
2475
1549
2137
2138
2389
1263
1655
1902
1837
2097
1596
2656
2124
2760
1440
2439
1781
1927
2223
2534
2489
2290
2279
2277
2622
1911
2198
2017
1695
1430
1924
1942
2121
1946
1625
2380
2527
2326
2147
2182
2149
1669
1761
1853
2507
1970
2411
2051
1879
2870
3063
2633
2336
2432
1987
2115
2325
2112
2149
1811
2434
2250
1748
2128
1933
1858
2151
2018
1676
2490
2252
2605
1659
2243
2130
2177
2251
2241
1786
1758
1808
1775
1765
1546
1856
2579
1392
2062
2469
2413
2714
2016
1381
2046
1641
2017
2267
2307
1862
2402
2389
2390
2330
2619
2409
1504
1992
2479
1867
2103
3186
2216
2002
1975
2128
1641
1699
1688
1404
2590
2618
1638
3019
1256
1977
2445
2459
1791
2035
2032
2327
2540
1679
2530
1871
2499
1885
1644
2036
2186
1659
1579
2358
1561
2480
1759
2282
2075
2674
1852
2282
1488
2150
2300
2550
1604
2113
1267
2527
2282
2602
2144
1311
2264
2076
1818
1566
1763
2332
1960
1408
2591
2245
1930
1347
2034
2039
1960
1940
2124
2086
1676
2174
1753
2745
2219
2250
1448
2063
1934
2357
1717
2225
1739
2457
2056
2711
2106
1675
2052
2619
1576
2029
1249
2044
1913
1817
2842
1683
2490
1893
1813
1812
1986
768
1990
2094
3723
1407
1879
2359
1829
2493
2133
2395
1738
1131
2374
2535
2553
1571
2469
1918
2477
2659
1994
2577
1955
2352
1732
1620
2510
1400
2267
1763
1636
1926
1318
2857
1926
2462
2570
2036
1868
1994
1629
1824
1580
2309
3124
2386
2246
1795
1452
1696
1953
2360
1717
1973
1873
2088
1669
2319
2228
1699
1333
1311
2080
2643
2081
1693
1999
1150
2131
2094
2424
1846
2226
2622
1922
1715
2397
1760
1565
2352
2064
2518
2035
1693
2231
1845
2113
2270
1744
1786
1489
861
2293
2584
2042
2584
1934
1850
1732
2471
2905
2852
2076
1543
2438
3174
1703
1711
1635
1333
2283
1887
1507
1388
2198
1713
1787
1848
1887
2601
1749
1972
1742
1928
2648
2570
2570
1491
2158
1429
2486
1256
2261
1237
1750
2135
1722
2138
1765
2251
2216
1893
1436
1818
1504
1391
2389
1767
1958
2365
1720
1358
2058
2142
2306
2301
2344
2353
2147
2102
2092
1667
2121
2214
2795
2591
2414
2831
1974
1661
2042
2692
1619
1682
1945
2506
1841
2172
2435
2625
2682
2412
1975
2044
2014
1975
1470
1852
2013
2340
1599
2193
1667
2478
2031
1879
2201
1696
1892
1792
2327
1042
1619
1753
2327
2600
2083
2001
2286
1722
1955
2283
1759
2939
2220
2145
2356
2082
1885
1797
1740
1977
2433
2139
2217
2618
1853
1809
2193
2141
1720
1211
2161
2184
2048
1347
1905
1631
2691
1858
2283
1494
1880
2416
1668
1829
1927
1386
1539
1671
2159
2193
1978
2163
1413
1783
2245
1982
2485
2048
2547
2438
1656
2086
2356
1951
1662
2022
1552
2126
1788
1851
2173
1975
2330
2338
1859
1748
2984
2606
1500
1513
2018
2630
1621
1896
2376
1647
2240
1830
3010
1872
2787
2172
1753
2262
1607
2369
2310
1556
2690
2260
2442
1653
2395
1909
2137
2169
2374
1138
1728
2140
1914
1695
1833
2819
2100
2142
1636
1699
1042
2072
2473
2003
1519
1894
2025
1897
1741
2440
2138
1983
2368
1179
1630
2669
1680
2259
1937
3019
2274
1737
2328
2045
2034
1586
1743
1701
2084
1719
2172
1776
1821
1794
2032
2233
1287
2331
1653
1155
1117
1949
1616
2092
1569
1862
2259
2253
1688
1677
2093
624
1902
2014
1406
1568
2208
2092
2016
1539
1995
1734
1564
1331
2433
1721
1734
1823
2364
2543
2273
2177
1803
1581
1948
2120
1838
2404
1912
2303
2056
1828
1977
2019
2325
2397
2444
1536
1969
1606
2834
2118
2359
2952
2004
1832
2366
2831
2779
2298
2116
2229
1941
2740
1840
2112
1994
3123
1950
1392
1849
2451
2355
2031
1526
1283
2508
1921
2103
1896
1905
1085
2492
2435
1680
2527
2070
2115
2178
1933
2397
2064
1958
2444
2634
1909
2189
2169
2328
1699
2014
1849
2402
2455
1538
1777
1784
1964
2484
1669
1960
2531
2145
2009
2307
2156
1367
2026
2021
1749
1729
2061
1905
1817
1377
2283
2234
2666
2169
1928
2180
1456
2177
2509
2674
2395
2858
2293
1610
2575
2181
2121
2180
1984
1710
1885
1903
2087
1829
1361
1976
2268
2141
2235
1993
2224
2247
1799
2474
2631
1673
2136
2798
2282
1666
2124
2395
2118
2309
2131
2327
2124
2479
2148
2043
2909
2258
2221
2476
1917
1768
1840
2239
2818
2182
2164
2477
2079
1766
2407
2613
1850
2142
2742
1599
1117
1952
2107
2270
2116
2083
2145
1984
2411
1837
1848
2301
2168
1694
1868
2072
2007
2050
1504
1882
1660
2659
1744
2149
2324
2287
2156
1797
2460
2446
1673
1996
2117
2389
2528
1647
1911
2167
2352
2040
1593
2001
2365
1795
1722
2651
2869
1615
1999
2201
2642
2258
1858
2077
2364
1665
1806
1855
1863
1813
2770
2573
1469
1960
1754
1815
2831
2847
2300
2838
1483
1920
2669
1305
2273
2086
2262
2180
2093
2137
2269
2361
1614
2133
1985
2147
1807
2702
2281
920
1993
1484
2139
1854
2210
2473
2189
1748
1932
2388
1548
2511
1909
2715
2049
1796
1470
1779
1925
2149
1989
1640
2176
2035
2749
1609
2004
1882
2486
1610
2182
2015
1740
2167
2229
1890
2375
2323
2047
2974
1553
2637
1593
2203
1233
1946
1899
2018
2385
2645
1508
1745
2294
2968
2281
2251
1763
2122
2481
1681
1761
2776
2173
3122
1422
2343
2218
1902
2029
1555
2169
2011
2676
1874
2485
1815
1621
2026
1709
2302
2059
2252
2748
1946
2539
2018
2119
1693
2406
2152
2775
2037
2192
2167
1731
2458
2473
1487
2809
2325
2148
1935
1406
2144
1970
1170
1968
1644
2197
1019
3125
2013
2080
2612
2718
1976
2081
2256
1769
1832
1842
1515
2181
1750
1867
2505
2131
1801
2685
1847
2203
2102
1911
2630
1597
2217
2240
2305
1812
2392
1605
2992
1617
2397
1503
2372
2004
2737
1713
1639
2640
2037
2315
1686
1239
2382
2024
2289
2025
1847
1723
2310
1946
1774
2242
2320
1236
2651
2565
888
2104
1395
2370
2058
2535
1868
1986
2359
2097
2326
1953
1909
2418
2098
1779
1794
2294
2180
2259
2060
1662
1450
2457
2172
1945
2955
1630
2662
2119
1628
2512
2131
2025
1826
2408
2240
1462
1882
1988
1226
2338
1830
2455
2402
1964
2370
2328
1546
1593
1815
1895
1764
1862
2384
1890
2810
2223
2027
2641
1483
1823
2174
2084
1966
1882
2362
2157
1712
2253
2196
2092
1856
1677
1839
2356
1948
2161
2655
1785
2066
1979
1959
1316
1365
1994
2080
2283
1581
2203
1879
1744
1777
1998
1514
1409
2284
2282
1572
1782
1832
1549
1724
1829
1568
1720
2195
2477
1666
2641
2371
2497
1739
2446
1749
1719
2364
2213
1617
2253
2190
810
1832
2480
1824
2354
1708
2194
2757
1719
1129
1729
1574
2261
1779
2880
1755
1878
2047
1609
2069
2036
2371
2415
2465
1899
1840
2999
1941
2146
1618
2700
1737
1838
1368
1786
2079
2108
2001
2102
1997
1997
1982
1932
2353
2113
1377
2074
2093
1625
2207
2352
2239
2136
2604
1890
2154
2024
1867
2394
2213
1628
1419
1841
1478
1716
1841
1581
2343
1580
1860
1506
2083
2003
1703
2185
1874
2320
1888
1612
2563
2379
2298
2405
2050
2447
1919
1962
1404
2189
2671
1638
1716
1894
2960
2205
2663
1901
2222
1786
2501
2054
1978
1690
2510
2613
1328
2323
1790
1579
1702
2779
2155
2171
1287
1789
2362
3035
1486
2496
1968
1794
2126
2348
1852
2378
2141
2421
1977
1537
1434
2680
2032
1885
2436
2300
1872
1433
2344
1905
2076
2178
1474
2731
2413
1879
3198
2170
2201
1653
1741
2076
1913
1853
2485
2328
2355
2207
2041
2125
1829
1673
1949
1904
1912
2451
2340
2066
2513
2140
1929
2144
3043
2287
2352
1339
1701
1512
1819
2560
2402
1876
1767
1940
2049
2355
2148
2745
1576
2061
1882
1430
2064
1692
1795
2088
2267
2353
2180
2521
2139
2028
2200
1537
1980
2328
2252
2176
1472
2967
1677
2470
2375
1986
2427
2345
1738
1384
2158
1814
2125
2753
1756
1618
2813
2141
2557
1951
2060
2642
2480
2033
2474
1964
2234
1996
1821
1574
2333
2189
1347
1629
1833
1911
2127
2109
1888
2631
2422
1588
2145
2210
2111
2421
2222
1793
1868
2370
1918
1565
1820
1583
2156
1848
2150
2258
2510
2195
1129
1718
2406
1577
2388
2127
1984
1512
1774
2278
2399
2008
1466
2044
1519
1958
1123
2453
2190
2404
2546
1561
2101
2135
1792
2686
2705
2048
1819
1044
2409
2715
2329
2357
1784
1779
1697
1408
1821
2214
1523
2364
2266
1629
2197
1403
2403
1983
2815
2264
1133
2153
2330
2360
1930
1546
2049
1945
2309
1368
2267
2303
1803
2431
2655
2408
1580
1575
2201
2342
1796
2499
1631
2637
3524
1855
2445
2413
2587
2240
1751
1860
3162
2348
1849
1549
1970
1473
2154
1691
1954
2121
2140
1283
1176
2407
1802
1532
2239
2432
2233
2215
2124
2365
1564
2004
3092
1803
1534
2741
2249
1998
2061
2439
2749
2521
2523
1958
1233
1749
1529
2420
2128
7007
11901
15178
10578
13820
4675
11935
13326
12603
17485
2635
15890
2571
16237
10552
8601
3409
12543
16875
14922
9573
15157
14348
9591
13184
16412
3729
11422
16372
3372
2850
9475
4326
4770
7167
9086
15574
12406
14658
13016
18113
9461
6866
8514
2759
2315
17481
14262
150
16691
10903
172
14749
12963
194
7452
15413
10505
5674
15713
24
7918
8997
18107
16902
13034
14792
11003
17996
5714
13291
14775
2498
11432
13361
13686
3833
165
10119
13477
6125
16301
10470
1480
3803
10926
5916
10125
2557
15685
2337
10799
14843
16188
564
12872
11518
15388
9061
10776
5221
16346
17951
15592
3843
2809
8064
8339
3266
7833
4373
6363
4018
5491
1572
7695
16689
4117
10004
4215
17949
5447
12810
7841
12201
12562
10725
2306
17496
17559
15491
192
11085
6176
16670
2885
13864
18334
13851
16702
3754
4861
18137
16333
7617
16778
11530
4568
15588
976
10320
12168
1672
13787
17596
5288
16592
8289
14327
8269
12583
7005
13311
3692
404
3326
16869
252
17670
6084
13208
8975
13892
3882
12797
12901
6802
8844
1346
9422
1200
2896
5503
9038
18080
13091
993
12901
8886
17789
2084
1387
2711
7021
5717
4846
10469
3235
1593
5920
4260
9248
12887
10787
11850
13471
1998
15735
9256
13178
2165
3132
9060
18008
6557
12021
16027
17642
11478
7244
7901
7399
9126
3893
3583
12645
1837
5305
2591
8441
2824
8761
9790
3021
17546
18072
9567
9454
986
9109
17017
5304
17576
3037
9591
16859
14412
13311
11249
12798
12890
14290
2505
4480
13785
8569
3571
17811
15301
10516
8417
6685
11522
1315
6111
759
10228
7959
9346
5933
9779
13218
11283
9160
5926
8564
1777
15899
7892
8880
15610
9591
14049
8605
17046
10004
7853
8268
9016
1044
12429
9518
14631
16973
9050
17994
16988
3190
7212
18263
14493
5236
721
7910
17692
2472
1324
11482
17266
11791
12844
18052
9593
10151
8564
13801
7531
5020
8410
5191
14255
5084
13550
13902
14498
12176
15994
1933
4495
9726
16383
9980
13071
15058
14007
5324
17442
1017
6467
1285
7909
16191
12171
12917
17813
16395
9540
9153
4258
2081
633
2364
9037
9563
706
2726
10680
845
16518
12227
2898
7534
4560
8705
7164
9383
12055
10443
11187
5445
8853
11504
15055
8145
2551
7205
15717
17959
1910
382
16609
8354
5029
7649
1197
6753
764
16848
16713
6592
7275

