1589
1329
434
2914
1478
841
681
3827
1308
1
447
1547
1
1
3891
3281
4094
2155
242
3288
728
1
3284
2523
1588
4056
1865
1
1
1092
3003
1997
169
3879
1321
2685
1467
2091
798
2950
1
603
1541
3187
3198
918
4094
3125
1246
3376
3138
3524
1321
2395
1675
2174
2250
3656
3892
1671
1964
833
1996
1391
1452
1961
3376
2013
1652
4094
2376
2620
1
2723
1237
1994
300
4094
2745
3496
1482
2720
707
1382
2909
2771
3299
3374
3263
1876
2150
1
4094
2611
1987
3799
2992
2829
2597
1323
1
326
3083
2000
2478
1488
1935
1
1368
2856
2574
2876
3401
2810
4094
293
1
1152
3602
1274
3335
854
838
2859
987
2744
2071
2487
4094
1202
195
1651
4094
1991
2083
1578
1003
3850
3196
166
1951
1
4094
462
2754
2058
1
3937
3461
2996
1854
2065
1841
3802
1
1765
677
1010
1661
2099
352
519
2280
2410
1700
1230
3579
758
1614
3876
128
841
3770
2942
1102
2655
2398
2150
1537
1592
1981
3365
1369
1678
1227
3784
1707
3964
4094
1815
405
2115
67
309
3971
3949
1322
4094
2236
2570
574
3580
3452
1249
3195
1004
2093
1
1955
1193
2496
3224
3476
120
2605
1784
769
3936
3414
2331
2227
1389
3735
1277
1
2325
1380
1
2055
2663
4094
2165
2426
3213
2884
1751
3529
3595
1
2873
3548
1
842
513
1480
1
1598
2364
4094
624
2481
2584
3631
3849
1671
1
3181
368
1621
3279
473
1
355
4085
3316
1
503
1
1064
2708
3123
1373
1034
698
2424
2834
1304
2578
3655
809
2678
977
1998
1398
353
112
3689
660
2955
3806
4094
3647
2198
1917
1
2527
2311
1934
2236
2123
2278
2345
3651
1
4094
1136
3180
3001
2531
2656
3863
3068
463
1
2180
3407
2342
869
812
2787
3988
1055
3590
3241
975
2276
1343
2232
315
4094
2600
1608
2818
1232
1280
2603
1773
3675
3188
1929
1476
3281
1880
4094
1734
2390
509
1093
4094
2923
2063
2542
1615
1073
1677
1697
1620
885
48
4094
1271
2786
2754
4094
2830
3286
2313
4094
1471
3596
2200
2332
890
2537
2720
1590
1
1587
1337
763
2730
2637
2359
2502
3200
1
3514
469
1821
1157
1
2382
2838
2910
983
1574
165
2641
4094
3533
2348
3623
1809
1824
3389
1580
3589
1454
4094
3362
3616
5
1213
2039
4094
801
3830
1672
629
1985
1
1
2933
599
3302
1589
4094
2999
1901
2375
2943
84
2268
1480
4094
1
902
2174
2348
326
907
2156
148
1645
1781
1693
612
468
2910
1878
4094
2325
4094
1729
1304
4094
2864
488
485
2313
2423
1314
1
2250
1330
842
4094
1190
2727
285
2549
2505
420
2489
2542
294
3281
2026
729
1562
1834
1626
2945
1790
2712
3322
2069
2023
3461
2789
2246
3572
2489
3367
1585
2204
2291
3410
3860
3166
2949
1796
2163
2234
1522
4094
1731
2616
1
1501
3059
4094
2008
1996
216
1865
424
1021
1
4094
3564
190
3607
2055
1
722
2577
4094
1943
1065
1758
909
3438
1128
790
2684
3436
421
2833
1101
1
2081
2188
1169
1767
2860
2237
1384
3280
719
1612
2346
1394
2424
3280
958
3034
1048
2544
1859
1806
2520
1382
1693
2980
2171
2558
279
1
1020
2725
2304
2172
616
2111
3354
2794
3893
2447
861
2229
1165
2866
1468
3535
1469
2153
1563
1719
200
2221
3398
1173
2297
1988
2781
2599
2836
3577
1846
4094
3220
1047
774
1711
1677
2909
2199
2020
2204
2185
1602
1614
1251
1834
1300
1
2709
680
3476
4073
1932
2543
2765
1994
3252
3217
1991
1765
2135
2958
1896
1126
2326
2425
1523
677
1732
1940
1197
1045
4094
2455
2908
2723
649
1
2138
1668
1063
1337
2528
685
1592
2752
1368
515
933
2111
2553
712
1173
3024
503
1392
4094
3165
1903
1236
928
2329
2033
1661
878
2577
2357
3881
3605
3276
2023
1466
2771
1360
2763
1825
1231
1819
1356
4014
404
1
2573
3376
2726
1394
4094
2161
1731
2758
2647
1971
893
3045
4094
2860
1
2061
1972
1560
3973
3067
1105
925
1
777
557
2835
4094
57
2740
1899
3781
1637
3468
63
3365
2201
3540
2657
3798
3627
1852
2295
1
1500
2951
654
1238
3571
9315
2229
2315
8096
5574
8780
1970
12263
11851
2659
7983
9351
2702
13744
1834
1885
11593
12735
11029
10711
2016
4095
8812
3728
5621
8682
4136
2264
6310
3589
10801
8462
4648
10189
9626
7238
13341
10519
1822
931
613
12196
5331
4921
2091
6733
13829
5247
10644
12818
5366
10809
11388
702
11629
11312
13376
3312
4228
6255
119
18
3765
11503
982
2144
13558
12190
5508
7218
5552
6990
10369
11605
9750
4136
11934
6643
5525
9965
1454
13047
13593
14116
13822
15801
13303
15630
15525
16382
15423
12289
15202
12532
16242
15130
16382
15027
13522
14148
14026
14455
12856
15399
14769
14705
14525
14689
12289
12672
13070
16382
12289
14747
13680
15124
12289
14455
13431
16148
13760
15757
12289
12849
14834
12289
12289
13913
15115
14325
13503
12718
13960
16197
13099
12938
14674
13942
16382
14493
13410
15918
13919
12802
14690
15667
12965
15182
12289
14903
14474
15187
13327
12996
12289
13764
13611
12778
15192
14740
12996
13843
14223
16382
12289
13868
15682
14515
13471
12976
14100
13935
14681
14811
14784
16382
15575
12892
13100
16338
15376
15161
16266
12289
14675
15883
15354
14818
14813
14809
15980
16014
15302
16382
16320
14851
12753
13878
14006
14191
15641
12701
14905
13937
14754
14402
15512
14064
16382
13126
14294
14397
16285
14442
13399
15914
12289
13908
14147
15789
13928
14345
12289
13429
15219
13659
13834
14864
15269
14617
15302
16382
13119
15062
13711
16252
14955
13327
16382
15246
16156
12430
16382
13164
15746
14285
12289
16174
13259
13259
15937
13054
14478
13908
12289
14442
15592
15140
14946
13464
14306
15246
15234
15245
13560
16382
15086
14032
14049
14043
14152
16382
12728
14645
16382
13852
14409
13156
12561
12574
16041
12876
15188
14331
13793
12289
13315
12518
15271
14719
13687
16382
13088
13794
14913
12524
15976
14012
12289
13570
13850
14117
15677
13806
13104
15117
16382
14676
13239
13306
16382
13946
15989
14825
14122
14641
14387
14690
13657
16382
15015
14305
12289
12289
14624
15606
12289
16382
12742
13852
14130
16051
14785
13969
13226
13815
14698
14568
12331
15615
15446
16382
13234
12289
14506
16382
13577
12777
14077
12289
13608
14092
14895
16382
15868
15297
14819
15139
14423
13472
16382
13581
14054
14571
15079
15166
12718
13812
12504
13643
16382
13448
15401
14768
12289
15744
14546
14070
14878
16382
12289
13939
16382
16335
14474
13350
16215
15640
13093
12289
13402
13409
13597
14499
13868
14008
16382
13533
13373
14651
14571
14363
14106
16041
14287
13846
15162
14982
15494
16382
14505
13997
12768
13919
13114
14227
12289
15822
12289
13329
13018
15600
12289
15862
13201
13094
15819
15211
16056
14675
13277
14095
16029
14507
13540
15689
12959
13425
15200
14158
12289
14517
15137
15062
12818
14417
15162
15810
12957
14878
13701
14354
13917
15106
15917
14566
15273
16382
13144
13102
14550
14051
14824
13106
14250
16382
14383
13560
15510
15735
14687
14495
12724
15212
15637
14581
15962
15931
14596
14283
14882
15958
14228
13805
14717
15468
14648
13866
14208
12413
16038
16382
13149
14937
13936
13552
16382
13459
16036
13965
14282
14996
15686
15084
13668
14057
12289
15722
12289
15680
14584
16382
16382
14615
15316
12289
13876
13091
13504
16382
14425
12289
16019
14174
13089
14125
16293
13634
15426
14679
12597
15680
14768
13576
14881
14459
14596
15033
12289
13258
13378
14633
14976
13852
14375
13885
12954
14416
14113
12289
14784
15359
16325
14016
14350
13922
13116
13365
14953
13001
13638
12902
16156
14550
12789
13622
16032
16382
12726
13383
12306
13158
14205
16382
13749
13794
12426
14288
14364
12853
15689
13540
14579
13347
14302
14606
12289
13626
12289
12289
14918
14695
14707
14209
12926
12289
14995
14906
16026
15929
13342
14308
14231
14362
15538
12289
13126
15612
13355
12853
14224
14816
14670
14831
14528
16282
14271
13438
12289
14506
15229
12289
13396
14000
12672
14732
13726
14234
13355
13135
14066
14438
16139
15157
16027
14665
13080
13214
13439
15140
14027
14682
12289
12289
12820
15897
13734
16382
13403
16382
14430
12543
14647
13845
13254
16382
14902
15327
12294
12289
14974
13723
13853
13382
14403
14232
13824
14992
13353
16382
15862
12982
14252
14479
13969
12659
16203
16138
13287
12289
13052
14454
15320
12798
13792
13874
13855
15606
14639
13199
13865
15363
15934
12290
13491
13913
13717
14076
13450
14466
14590
14626
15927
14260
15265
16382
14475
14548
13888
14187
14227
12661
15861
14999
12698
16382
13490
14779
12989
14669
14486
14795
16098
12546
13158
13861
15906
14518
13510
15881
15227
14307
13533
14874
15002
14828
16102
14493
14333
13489
14104
15792
14264
16117
13409
15003
15038
13003
13552
13032
14401
13348
14819
15170
13556
14183
16382
15894
14180
13752
14545
15472
14776
13348
14697
13896
13943
13852
13923
14502
15729
12289
13577
13471
14711
13437
14197
13814
16382
12289
14440
15699
12746
14074
15943
15736
13860
13739
12331
13887
14163
14672
12597
12638
15507
13998
15656
14775
15179
12371
13987
16382
12548
15346
16382
15224
14038
16382
12289
13757
15502
13569
15557
14243
15139
13991
14910
16382
13763
13398
14350
15327
13153
13381
13461
14725
14728
16382
13003
13552
16322
13039
15886
16340
14290
15003
13442
15324
13293
14531
16382
14712
12906
15354
12289
14827
15007
13694
14832
14456
12422
14721
13620
16208
13771
15786
14784
12289
15514
15655
12597
15470
15287
15439
15575
15438
13942
12686
14283
16109
14454
13284
15887
12289
14506
14643
13807
14852
12999
15469
15646
13246
16382
14534
16382
13418
14284
16295
14150
12289
13181
13940
12289
13899
15662
14347
14501
14253
12966
13186
15535
14926
12989
14277
15876
15148
14466
12289
14242
14101
13076
15922
14691
13534
16382
13044
15571
13269
13869
16382
13598
12289
15360
12420
15229
14439
12695
13976
12289
15553
15600
16382
15815
13980
14739
14231
13323
13817
13551
12289
14602
13306
13628
14242
14105
16062
12963
13063
13768
12862
15907
13379
12289
14960
12289
14651
13619
12793
15468
12583
14554
15373
13698
13721
16382
15567
15774
15594
13577
15518
13886
14369
15249
14130
15953
13195
13930
15048
14343
15581
13690
12908
12804
15594
13778
14791
14793
13088
15457
16382
12312
13576
15472
14423
16112
12665
16382
15556
13922
15160
15202
13239
14152
16382
14692
14342
12529
14735
14362
16294
16382
12341
14882
15123
12289
13473
15699
14118
13194
14234
13195
13946
16333
13411
16382
14141
14736
13110
13448
13854
13968
14127
15481
15865
15796
12877
14724
16382
15135
14284
13736
13352
15151
13639
13894
13891
13266
13513
15594
12990
14614
15391
14237
14513
14717
14557
14672
16353
12389
13576
14237
15319
15837
15072
12758
12289
12568
15560
13523
14888
12882
14674
14899
13123
13733
15112
13052
15302
15307
14139
13170
14774
13587
14122
14259
14551
13333
14398
14375
16382
13901
15258
14343
14714
13205
12759
14378
15338
14908
13817
14109
13709
16382
12289
14900
15086
13761
13696
13988
13178
14824
15156
16382
14260
16230
15925
15650
13083
15142
15431
14135
13578
15068
15659
15141
15727
15146
14864
12289
15883
16382
12289
14322
14653
16076
16012
13697
14684
15200
12810
14308
14032
16382
15562
14585
14001
16181
12289
12289
15383
16216
16287
12871
12289
13560
14984
13745
14016
14235
14809
14557
12883
15694
14403
14040
14818
13807
14992
14401
15542
13890
15304
15014
13300
16382
14855
15717
14061
15810
14738
14176
13131
15697
14457
13028
16382
14949
15077
14621
15781
14574
15742
12976
14095
16363
12289
14752
13241
14633
15021
16382
13359
15832
12289
12289
16382
12882
14685
14197
16071
12328
14231
12289
14549
14036
13296
12803
14799
13044
15504
12672
13731
16079
14243
13524
16382
15652
16382
14627
13362
16382
15473
16382
15980
13936
14793
13489
12289
15009
12756
13967
12759
16304
13392
12289
16382
14916
15647
14436
14507
12686
12289
16276
13555
14628
13309
12553
14164
12889
14438
15830
14474
12974
14826
15895
15073
14020
15626
13805
13681
13083
13546
14284
15181
12963
15065
16382
13684
14176
12873
15893
15462
15386
13400
14461
15282
12289
15177
13862
12289
12945
15890
15578
14627
13376
16134
13876
14356
16382
13714
12981
14604
14493
13133
16382
16382
15389
12922
12785
14377
12289
14175
14278
14187
15838
13805
13856
13064
13570
12981
12289
14800
15987
12951
15555
13070
14937
16037
15770
15118
12897
14582
13952
12289
13413
16057
16207
13915
16382
14644
14549
13344
14458
15102
14543
13807
14091
14506
14378
13336
14497
15408
16382
12688
14384
14347
14772
12806
13737
14476
14048
15098
14110
13532
13026
13806
12432
12945
13250
14126
14144
14402
14522
12403
13521
14837
14116
16382
13478
16091
14203
12509
15805
13884
14522
13876
16382
14306
15324
13404
13635
13832
12927
13817
13524
14372
12289
14508
16382
15367
15495
14538
13983
13345
13900
14985
13933
13592
16210
12289
13788
14590
15459
16097
13647
15042
13928
16256
14329
16382
13868
13362
14842
14272
13271
12474
14727
14985
13256
14371
14948
14345
15154
15658
14434
12295
12606
15650
12984
13020
13268
12529
14489
16382
13633
12900
13129
15479
14998
12289
13103
13486
15498
16379
14350
14451
13901
13463
13841
15226
13284
13392
13447
14882
12966
15973
14460
14990
15772
14658
12845
13027
12289
14000
13780
12827
15900
13769
14659
13629
16074
12289
14935
16382
14596
13082
13379
13773
13204
13587
14373
14031
12289
16382
14211
14454
13274
14797
13974
14023
15166
15620
13024
14403
12898
14134
13655
14535
14448
15440
14128
15055
15292
12749
13911
15054
12656
14566
15125
16382
16382
13532
13132
12554
15726
12289
15784
13955
13532
14971
13970
14280
15039
13512
12289
14465
14291
15089
15330
15502
15813
14106
14919
16382
14535
14029
16002
15164
16382
13909
15535
16382
13537
16382
13318
15204
15147
13769
12859
14697
15067
15190
12450
13903
12615
14973
14987
16286
12289
12722
13831
16382
14329
12289
15830
13920
15235
14287
15128
14523
14698
12289
13113
13287
13859
15022
14174
15467
14803
14894
14881
15727
14293
15508
15119
12798
14807
13672
14598
16382
16360
15065
13752
12486
13193
16098
13741
14789
16382
15679
15714
14614
13521
16382
15660
13502
16098
13887
14238
13120
14204
14466
14944
14151
14922
13875
15648
15070
14573
13045
15542
14438
12805
15953
12752
12289
13391
15899
14420
14315
16267
14414
16382
13693
14591
13502
12810
14108
13575
14417
13338
13316
14790
14545
12783
14476
12857
12991
12572
14290
12289
12606
13275
13601
14200
14829
14622
14549
15198
12920
15946
14690
13092
14992
13100
12956
13946
15452
13130
12289
15145
14193
14448
15446
15497
13407
12944
12778
14757
13575
15083
16382
16267
13579
14434
14446
14544
14003
13099
14654
12289
12905
14462
13004
14553
15513
16382
13390
13236
12723
15921
16006
13707
13747
12346
13321
13106
16382
14226
13335
15378
14641
15320
15542
12688
16267
15506
13507
13864
14132
14985
13402
14302
14788
13426
13915
15923
14530
12932
12753
14284
12578
14807
14509
15599
13682
15056
13028
15167
12621
13688
16382
14725
16382
14919
13019
14978
13294
14910
12289
12967
12381
14363
14842
13282
14405
15237
14304
12560
16117
16279
14409
16059
14512
14564
14168
14591
15252
13883
15763
13774
15875
12353
13667
12289
13006
12647
14654
15454
13707
12289
12586
15951
15548
15776
12938
14187
16019
14410
12289
12289
13698
16382
15720
12875
13835
16163
15477
15860
14624
13426
12419
15153
14978
14599
16270
13305
12932
14363
13975
12289
16253
12370
13484
14560
14277
14576
14399
16152
15035
13867
16058
15058
13845
16382
14265
15510
14481
16382
13534
15237
14805
12289
13940
14734
14294
13633
13729
15452
15452
14409
14781
14390
16382
14483
15194
12921
14178
12455
14795
12795
13842
13181
12612
13288
13205
14088
13472
15108
12724
14378
14151
15603
13055
16382
15003
14453
14498
12548
14753
13765
13622
12289
12289
16073
14206
13415
13867
15125
15631
12433
15229
13935
15336
13243
13604
13723
14032
13337
13515
12289
12745
15477
14995
14733
15588
12954
12289
14278
13403
15515
12588
14448
16128
12289
15151
16027
14860
13115
16012
14680
13494
14876
13521
14465
15928
14619
13759
14723
14106
13509
16382
15388
15110
13648
13771
15768
12289
12289
12917
12289
14615
13354
12289
14066
16370
13698
16001
13692
12288
14535
13438
12488
14063
15982
14803
14355
15145
14745
14846
14187
15886
15247
13906
14401
14451
13346
15880
14959
16171
13969
14448
12289
15123
13302
13451
13732
16382
15695
16382
14861
14092
12289
12745
14859
14325
14406
12656
12831
12986
13525
15943
14948
13324
14820
13577
12289
14703
14363
13026
14325
14979
15858
15271
15057
13235
13114
14205
12383
14518
15663
13977
12663
13529
12289
12415
15683
14106
16382
14619
14844
15541
12969
15499
14989
13063
15522
13332
14219
15145
13554
12899
15670
13538
12317
14582
12465
15019
16269
15640
13050
12924
15129
15465
13657
14020
14244
12485
14183
14484
12794
13120
15328
13783
15563
15359
15002
15372
14553
14190
14922
14376
14100
14847
12289
14363
14974
16034
16382
16202
13887
16187
12762
15022
13526
15710
15237
14470
13062
12634
13474
13853
14727
14319
14713
16382
12289
13986
16036
13709
14425
13980
12289
13365
16382
15301
12887
16382
15396
13718
14681
15519
14099
15709
15530
15629
14292
14577
12732
15175
12979
14612
13846
13645
13968
16316
14728
14224
14257
15397
15744
15771
12289
14139
13879
12321
13071
14691
14087
12289
14794
14065
13373
13623
15471
16382
13034
15738
12735
13763
16121
12289
15426
12846
14458
13017
14113
14623
15382
14492
14409
12907
14395
12289
14722
12289
15632
12289
15179
12418
15596
12294
13877
16382
16038
13037
14118
14898
15307
15149
16382
14193
14740
15424
16016
15591
12547
14737
13236
12289
12419
14496
14454
14484
14643
16328
14625
14127
13530
14899
15008
12289
16382
14486
16030
15441
13077
14878
15185
15120
15101
14084
14206
14300
13325
16220
12408
14439
13196
12755
14138
15449
15236
12289
15299
14966
14337
14729
12478
15536
14124
14965
13288
16382
15269
13697
16382
15184
15291
15050
15975
15120
15787
14501
12289
12289
16145
15668
14843
14072
14015
12289
15079
15992
14488
12289
13224
15009
14443
13552
14849
14176
12775
15634
15641
12289
14174
16087
12289
15849
14996
15197
15996
12441
15938
13005
13302
15728
14116
15122
16382
13728
14738
12301
15003
16137
16382
12289
13431
15095
13062
13017
16382
14312
15222
15319
15221
12669
15256
14731
12583
14333
15040
14308
14867
15306
16018
14552
15033
14174
14157
14701
14612
15432
15180
13501
14961
13463
13957
13711
13777
15009
13359
12900
13760
12777
15670
14646
15245
14954
14693
12289
15570
13715
15582
13287
13700
13808
15164
16382
15698
13539
14495
14196
14683
13410
14238
12948
14976
14662
12289
14855
13272
15331
14645
15774
12991
15127
13721
14908
13475
15127
14163
12310
13791
14481
14499
13067
13317
16382
15044
13359
12289
504
175
854
833
303
1557
496
109
1647
802
1973
1361
1406
1356
945
994
153
371
1748
283
724
1687
1568
996
2024
1789
1310
1369
1182
1158
982
934
1735
605
317
1516
822
1800
1911
880
329
821
1328
951
1644
258
977
894
839
1
1228
918
1320
734
1095
1460
42
439
724
1249
1834
2016
1250
856
1541
870
526
1714
1952
1839
1888
427
420
1463
207
1291
348
837
547
1854
1330
1889
1159
1032
1038
902
1744
1626
1004
726
1074
497
891
1616
352
400
560
1255
540
1070
1688
873
26
528
270
265
1143
981
1385
1888
1171
1852
1377
612
1916
155
327
1440
478
460
1527
21
980
1929
322
921
608
1568
1228
1676
1052
612
164
233
1078
1236
396
9
963
914
535
1250
374
1846
626
1148
779
1121
1928
1762
378
1542
1683
1673
615
1077
1284
1472
1506
1127
296
1371
295
822
1643
1266
1168
581
423
1524
613
465
993
709
77
1433
1681
1904
79
1363
322
157
133
650
489
1487
1086
1024
27
1150
1397
1754
1524
1744
1985
1607
643
1368
1423
663
1332
2032
2047
947
1391
106
1627
1556
1663
1143
546
1205
508
215
279
99
996
1378
1622
675
61
1765
101
1423
1818
280
529
1598
2011
264
1145
565
1831
1238
811
434
842
419
1870
973
1006
1537
1433
1708
1964
13
1105
790
1204
1995
1409
2037
1921
1986
1241
3793
1645
2037
2518
3583
1743
964
2042
1
4049
2643
569
3939
2561
1723
798
801
2011
2521
381
3637
1
2184
2352
1
1
2841
3494
874
2060
2516
3525
1
3988
1844
1576
1794
2758
2920
1412
3083
1347
1
3425
1501
3331
3453
1688
222
2662
2561
2394
498
2752
1648
534
1034
1178
236
3133
2586
948
2857
3455
2132
3136
1192
3597
1824
1321
2330
536
4091
2683
3339
2090
4094
2935
1134
537
2815
3082
1983
2785
1614
2303
1119
2485
3783
181
1859
837
1600
1
3121
1355
2315
759
2413
1828
2599
1663
3337
1612
1460
4047
1082
2663
2361
1601
1888
2547
772
2444
1722
4094
4094
1059
2376
2968
2592
3881
1899
1607
2831
3297
1
1088
3057
742
1204
3294
2662
3264
1113
2579
1491
3552
1304
368
1
3747
2694
1724
2571
2696
1410
4094
2544
1
3098
1580
102
519
1
108
4094
1289
1943
1527
492
3838
2993
1364
4094
1635
2663
3425
681
2330
1
1878
2392
2031
2441
3849
2068
2166
2882
2972
1967
3359
4094
1334
782
949
2440
1689
845
1
2894
4094
237
2519
1504
2444
1200
4094
3495
1827
1889
962
2680
6
1474
1
1364
2268
983
2416
1
1585
1963
2417
1486
3641
3175
2511
4094
1727
3560
2112
2276
1153
3442
1965
1002
2676
4094
3308
1255
2121
1145
3478
1593
4094
398
2906
2590
3278
830
4094
2497
1
3764
2581
497
3303
593
4094
387
2734
1
2145
796
3027
75
1436
2147
1001
1695
3759
1368
675
3994
1537
1855
315
3020
879
1026
3750
2510
2683
1322
4094
4054
4094
83
2865
2870
2312
1157
2669
3677
448
2548
1761
2632
3233
2982
2609
143
607
2510
1693
3174
1699
2054
2688
213
498
2095
542
2677
3394
2569
3972
1765
1437
2525
2999
2921
2606
3704
2596
1749
2122
1437
897
3343
1
83
2553
2997
2677
1867
1273
2076
1
1682
2100
2475
1194
2766
210
3051
4056
3305
2042
1919
582
1
2328
1667
2291
1440
2016
1745
1249
1522
4094
1410
543
3827
2483
2336
284
509
3246
2870
1
1883
1
3441
1813
690
2570
3067
1128
799
2406
4094
2344
1320
306
1854
3487
1354
2645
2247
905
1323
1600
3058
1800
1343
1
1
2635
1
807
2766
3077
2613
540
1120
2598
4094
2564
1402
709
1956
3099
1993
2593
1879
642
42
2755
1851
1233
456
3261
2547
502
624
2352
1945
3628
1881
2504
2532
3195
3311
1088
1302
2195
2199
985
1058
2199
2579
1285
2629
3534
1345
1599
1926
2571
1216
1220
3010
2565
1722
4094
1257
4094
1382
2015
180
3319
2905
2661
3451
3358
1362
3083
2497
2379
4094
1664
4094
1737
2014
2099
3151
1419
2395
2639
1919
527
1307
1333
3391
133
2204
2346
1050
1522
2196
62
502
2678
367
2688
133
2198
2886
2301
2433
4094
1
2792
995
2772
1965
2069
249
3553
239
2241
3704
2735
1175
98
3406
895
1
2891
1
472
1508
290
1909
1515
1213
1209
1
3713
2028
1
1851
3299
1066
1380
4094
3767
1688
735
2608
3071
1329
2821
2440
272
564
796
2404
1175
1564
2971
2049
1
3943
1158
1455
708
3992
3173
1365
3951
2608
1
3267
1
2584
473
483
1780
3846
2635
2904
4094
1557
1845
3972
2635
3009
1245
2240
2143
3146
858
4041
2180
1986
3121
431
612
1467
2896
614
3443
3029
1594
2348
3671
1497
1852
465
2234
3441
4094
3789
3917
4094
3155
43
1373
1470
1
2794
724
2421
2388
4094
3316
1485
2209
2216
3301
1517
3485
1297
1855
783
2765
1997
2275
3227
2463
4094
3601
2749
2195
2379
2258
1
3122
3254
4094
2110
4094
1081
619
2351
2457
1935
2507
2736
3380
2225
1647
1
2581
1072
1
2903
1
1855
3150
230
790
3361
1012
3394
1298
983
3917
1519
1623
3722
2537
3541
1
1178
2981
2804
829
1
2119
2116
1762
199
2724
4094
2119
780
1603
876
2463
1546
803
1468
2722
888
1730
1568
2393
2439
1708
121
2490
922
2697
1697
910
2422
4094
395
721
2731
2417
1138
1072
2019
1129
1454
2959
1578
1868
2698
602
1987
1879
2948
3475
3631
2623
1477
831
1609
2814
2753
504
246
1805
15
1975
2355
3188
584
2545
2240
3384
2247
3245
1
2532
2646
3168
449
2563
3826
2436
1569
2737
1
3428
1259
691
2136
2060
3671
2482
1974
2155
3100
1429
1
1
1
1234
2129
1750
3491
1902
1969
1072
565
4086
2690
2702
2077
1389
2946
3328
2406
319
956
972
2073
2851
673
2754
2691
2094
3811
2333
2614
1873
1070
1652
1728
3008
2052
2124
4094
1283
2404
4094
850
2429
826
2846
1189
1
1729
2360
426
2366
1028
4014
3981
1786
1372
761
1534
2467
2551
2379
3013
4094
3930
3988
2791
4094
3051
1023
2465
2775
1
2471
1
1028
2608
1189
1
1791
2376
4094
1719
2020
1910
2256
2727
935
1130
4094
2208
2807
2834
2473
2988
1
165
3425
2282
3504
1935
3553
978
655
1
1770
2959
3135
3637
1302
2550
629
1927
1282
2067
1382
1873
2399
4094
3365
1188
733
1946
4040
1551
2354
3729
3100
1550
2069
4094
4094
2093
4094
1089
765
2713
1889
1475
661
1931
1
1684
1
3737
2056
3120
3846
1
1
4041
352
1761
3199
2738
3213
1934
3036
1202
3271
2001
2897
2712
606
1008
2273
1822
1389
2277
2958
1717
3053
1297
1144
2809
2440
2312
2975
1399
1312
3103
846
2610
1745
869
3255
1691
1347
1014
1012
1
2543
4094
781
1854
1731
1881
3015
577
1551
2010
1239
1458
1155
4094
4094
1653
887
1191
926
1
2254
1104
2904
4094
2327
1
948
2039
1646
1
1247
1826
2477
2823
2105
2715
4094
2250
3143
3116
2732
1537
2385
2905
2213
2698
1916
4094
2137
197
2843
1467
3460
2168
1888
3116
1960
1587
3396
321
2039
3002
3018
1621
1466
2616
854
615
1
2831
4094
3564
2272
1942
610
2937
3073
2820
4094
4094
1
2823
1373
3000
3426
925
4094
1
2278
1963
4094
2339
1840
1656
2637
4094
1804
1797
2332
1307
547
1
2186
1319
3003
1797
1
3266
2876
1893
1772
3577
3669
1899
789
2214
2279
27
1578
2472
1979
1644
2354
3588
1045
1429
1653
2055
2454
1958
2226
2508
1373
4094
1268
1447
1325
2429
1174
2606
1727
1262
1728
1687
2188
1092
2198
1
1883
722
3544
919
118
1284
3739
983
4067
3850
3410
1242
98
1
3040
1359
1594
4094
1051
1480
118
740
2501
1631
1836
1930
2857
3126
4094
2257
1824
361
2171
962
2022
1506
2042
597
370
3116
392
1112
2571
3000
1288
2595
1950
795
1890
1843
3436
2971
509
2135
1
1617
1681
1125
1343
2290
94
2629
391
2930
1734
3577
1807
1526
1
1494
2155
2149
1501
2190
3154
2807
1005
3911
3239
2710
1
4094
1396
1
2902
4094
2466
2299
1403
727
747
727
2213
1735
2960
577
1940
1486
3865
515
1101
1407
3450
576
1764
3540
1339
2318
2145
2969
209
1164
1838
2328
1
2673
1783
3228
1
1214
616
3006
2273
1
1
3757
4094
1082
1
1
1915
2004
3883
4094
677
198
1612
1576
603
3638
313
124
739
109
1966
1563
431
1109
389
1589
530
1074
1288
1832
143
808
1106
1507
58
646
491
1600
1029
123
16
31
73
1754
1903
698
647
2023
2010
1817
1416
521
1413
381
565
1015
1575
121
1043
1800
382
1734
783
1829
1450
1727
787
453
1706
1701
440
1793
838
1534
929
563
1654
118
124
187
539
795
1922
240
1821
796
1195
1437
555
1702
1951
1365
434
1380
421
534
1464
264
569
1675
375
513
1014
2044
319
1654
862
2034
948
712
1391
693
1780
1873
1862
1597
115
1389
1687
1956
1923
1594
1412
1660
877
1629
357
829
129
318
224
1006
1767
1849
52
263
1881
185
1935
604
1466
1796
595
514
947
849
843
267
178
243
1871
1832
1814
387
812
1443
2248
4094
3155
1
2102
4094
2343
2
2468
2028
2066
2077
2102
1526
2982
1383
1847
2030
3416
2223
3445
2038
592
979
840
2078
2797
803
2443
767
1048
633
1249
1746
2827
2016
2497
1313
1655
1921
4094
2674
1680
3263
3421
3018
2414
1561
2051
1865
3191
3948
615
956
4094
3374
1094
4094
1261
4094
3030
1056
2542
1
2030
3035
2958
2322
823
511
1874
1999
3381
1079
1534
2299
2312
2973
2307
623
4094
3096
2576
4094
3592
1985
1974
943
1227
2581
1
2824
3544
1464
1
1403
1102
3648
4094
3574
1
3118
1436
621
2723
57
2567
1911
2493
96
2148
2825
4094
4042
3319
4094
1434
2387
509
3668
2224
2705
1
2730
2187
2554
2580
1066
1367
1628
1701
4065
800
1994
3913
1407
750
1139
3944
4094
2525
2496
2887
1332
2860
949
807
1924
2146
953
1357
2171
2649
3261
1729
1053
1006
1408
4067
1389
3103
2881
576
1048
1835
4094
3841
2706
1499
1786
1935
2906
694
1902
1874
2754
4094
2932
1534
2231
1091
2073
1332
2199
1769
2241
1
3483
3955
1319
974
1411
179
3058
3772
2122
4094
1
1951
2085
3386
3701
2991
1273
1657
1815
2201
3597
2576
762
2446
2115
1371
1354
1563
2587
1217
1856
851
2744
2488
2661
310
1526
1948
1890
1624
825
1366
1645
425
2731
425
3346
1974
2941
3348
2470
4094
2536
1
3957
1269
3070
1173
2183
1923
654
2768
3257
2675
4094
1889
222
1476
392
1
2861
1623
1041
2125
1637
1953
3515
3314
2009
1879
1317
2701
2923
324
1865
2476
2802
493
517
3179
2559
1719
3685
3312
3291
2876
26
4094
2850
2299
2058
3649
1734
1526
2841
1724
1
2570
2282
4094
1980
815
3944
2238
2347
3054
1043
1143
1007
2924
833
3479
2382
2150
2496
1971
1
3687
1919
1254
3912
3408
758
3307
3134
713
1233
1846
1
1760
2454
3175
3068
2853
1345
3161
2462
4094
1241
558
807
2365
1694
3293
2932
2116
2047
1194
2097
2936
1877
1110
27
725
4094
1992
4094
2726
1
1
1863
4094
2165
2363
1075
468
3238
968
3865
1371
424
3281
1098
1454
2029
3862
847
3758
1606
1702
3801
856
2998
2382
3709
1435
1853
2641
4094
1672
500
408
1041
1262
3201
1
4094
2093
3877
1580
1
1583
341
2163
1108
3669
3082
1035
1744
1
2210
2789
2289
4094
2593
1310
1146
2656
1
1236
1130
1032
2601
3160
1371
928
3509
1874
3315
2161
515
1530
135
1796
2451
1
2461
2566
1525
1288
1352
4094
1893
2670
1571
2061
2513
1105
124
1766
1898
1418
3201
3018
362
1389
2155
3156
1853
3302
1863
2000
4094
1168
3523
3500
924
1074
1553
1181
2147
4
612
4094
491
1100
2418
3088
2202
1439
3531
4094
764
1
1787
2320
469
2639
4094
1896
4086
720
2195
1531
805
1424
1304
85
4027
3126
991
2958
1495
768
1979
1869
1198
27
69
759
118
278
1508
1075
1185
254
1643
1451
1785
1678
113
156
1591
1307
1125
439
2023
377
1605
985
427
879
808
1250
699
1501
911
588
35
1478
908
636
1855
1050
390
372
803
336
1243
1802
112
1366
1476
901
135
1476
361
770
151
1164
60
2747
3592
3068
3532
3490
1340
3313
3466
1414
445
535
2894
1863
2390
2490
1644
1678
1
3134
3919
1898
358
57
3041
3041
1
2978
4094
4094
29
2107
2145
2438
2727
850
2412
2808
2316
684
3832
1258
949
2532
1485
2903
3662
4094
904
2065
3155
2496
1032
4094
1983
1
970
2790
3175
1921
1186
1202
1031
2591
3165
57
617
788
1704
1487
421
1775
3450
109
2399
3665
2402
2806
1660
2159
1924
2012
961
2098
748
1464
3827
917
997
2243
373
3710
830
1948
2062
2590
1561
1
446
1333
3076
4094
4094
1896
2892
4094
2242
3569
525
2201
2184
3190
3191
600
3183
48
3940
1
2782
1
1211
1658
4094
2039
3020
1886
2376
2040
3088
1736
1
4094
2220
4094
733
761
337
1320
517
449
2905
4069
3245
884
1465
2166
2471
2837
913
2104
1
2241
2026
1830
2707
1
1641
1170
2372
661
1740
3721
2840
3606
934
976
2917
1043
3299
4018
823
4094
4094
2199
979
137
1357
2288
1293
1030
2662
435
1461
1001
2392
2388
428
3210
4031
225
2715
1
1473
2529
730
1355
1
2027
3113
943
3029
3045
1215
536
750
2663
1232
1809
3542
2491
3979
1374
3478
1068
1468
4094
2461
1422
1710
3742
1610
4094
3569
2556
2449
2324
3328
2725
2671
1772
3652
322
1666
1345
2780
3456
764
3055
3534
801
3087
2003
1072
2362
3003
1373
2987
3068
1868
4094
929
2512
392
4094
2017
4049
1380
1146
1897
1901
1215
3038
2187
1598
4094
1
2684
654
2139
2640
1
1820
2158
1746
92
886
1
1176
3606
1552
1570
1444
1985
554
3579
2149
1601
944
3114
4094
2062
3164
639
863
1193
1
3191
3080
1718
3561
2044
314
1
272
2215
1096
3258
1
3470
3398
1
3915
1760
3820
2875
1151
2265
337
4094
1508
1552
1357
2594
3273
4094
1
3034
381
2304
4094
1679
3177
2032
2382
1587
3332
2659
1430
1415
2869
4077
61
892
2465
2783
2039
54
1020
2166
1035
2768
76
2103
1558
671
3187
237
3057
2515
3393
2705
2582
4094
1735
1414
3370
287
918
932
1442
1280
3615
428
3162
1339
2171
552
4094
3065
3030
1671
1
4094
1267
2706
443
3248
1857
2355
2484
1089
614
1065
2293
1986
1015
4094
2525
2118
2059
475
3611
4094
121
1289
1653
971
597
429
3494
1049
1089
1771
2252
1948
2504
1779
2374
2122
1199
4094
506
1260
2982
1
1745
3666
2889
1504
2775
1076
1546
2618
1282
1
2525
1293
2638
670
1895
2352
3661
930
2811
1820
3771
1690
3553
269
216
2402
2158
1075
2933
3235
1429
2486
3797
738
1967
2423
1608
1601
1332
2337
784
1550
2625
1706
2147
4094
2551
4000
2376
3352
1056
2170
969
1185
1
2970
3323
2365
4094
975
391
2237
1810
2354
2057
2247
1581
3244
1207
862
3625
1074
2705
1785
263
4094
1
673
2204
2899
775
1
4094
2070
4094
2943
2983
2374
2362
293
1619
2988
1238
1794
3127
1
3044
3998
1054
1287
2379
2196
1825
4094
3401
4094
2796
2621
1
3535
1658
3750
2156
1
1756
2879
615
4094
3401
2558
3461
4094
1117
2601
4094
1342
3314
4094
2324
3811
2169
3143
3115
1440
1552
2257
1
2957
111
2937
3333
641
3536
1596
961
2251
3536
3119
2890
2367
1687
2343
876
1873
2419
681
3110
2858
3169
4074
828
2623
2487
2421
2440
1
3547
524
4094
1131
1931
2074
3331
428
382
2046
2078
3442
3500
2457
1411
3074
2892
1406
1074
3993
1
2769
2742
1570
1785
1364
1167
1
534
1348
294
1926
2053
3591
898
2256
3619
827
2381
1851
2283
2065
1603
1862
1272
1777
1761
2377
2778
3282
931
2140
710
1147
2998
2955
2324
888
1445
1305
1323
1010
2184
1919
1916
1596
4094
2424
1503
4094
3474
4094
2939
2261
1665
2423
2334
2704
2231
2549
2195
3054
1545
1
1652
999
1794
1464
254
943
58
2574
2082
1982
2240
3365
80
2669
864
2245
2091
654
2472
3816
1594
920
625
1936
723
654
1593
1303
840
3876
3475
1044
1298
2253
2497
2616
4086
3019
1513
3927
2108
2408
2665
3212
3711
1
2937
3033
710
2401
2594
574
1
164
3153
1880
4094
2262
3198
1613
1382
2487
1
2886
3474
2940
1243
12
1321
605
451
1310
1043
2126
1757
2222
2368
63
1579
2434
781
1
2010
4094
1604
3865
126
3048
4094
2280
2009
35
2271
103
1042
166
2251
1095
3739
1
2489
3284
2422
837
1948
3493
1279
592
2815
1621
1308
2020
4034
837
3230
3280
2628
898
2892
2645
1562
2617
273
3435
3031
2708
3882
2041
391
1
1770
2215
1342
861
3212
3467
2226
485
1
984
753
2314
878
1608
1364
3509
160
494
2339
3785
3956
2536
3476
1449
1553
2565
1228
3531
1271
3036
3715
1896
2988
3236
170
2031
2936
308
1968
936
1289
3136
1794
1535
1368
1781
2957
2544
2176
742
3890
1451
1640
1632
909
1760
2052
784
975
2299
2570
3007
3482
1620
1977
3574
280
3164
1652
1
1581
3849
1110
2455
1952
2361
1349
3902
471
2223
238
2941
3866
4094
2963
2516
1224
2829
1271
3136
661
348
562
1641
1193
4094
4094
2459
812
1
2989
2069
3354
2112
1241
2054
1413
4094
2408
962
3153
1104
1730
3118
1022
1595
1
2473
3661
2445
2485
1796
3118
743
332
3830
2976
1727
2197
2913
3117
2358
1586
1732
1743
1627
1345
2907
2761
4069
2240
1507
2105
2437
2957
4094
959
2833
2762
1632
4094
4094
962
3308
1062
995
931
1034
2194
2782
2433
997
1787
3889
844
3390
1
2192
1287
4094
2562
2809
3276
2836
4094
1111
2851
2873
2941
4094
2010
3492
2375
825
4008
1700
2779
1
748
741
1676
1194
3610
3153
740
1064
1
2444
531
1275
4094
3096
1110
3292
3084
3659
1934
1
2034
4094
3351
1683
2675
1791
728
728
2648
1
4094
4094
4094
2267
2114
2331
1982
2142
2307
1739
104
2463
567
2308
1697
3861
2722
2043
1096
3051
460
1027
2687
547
3357
2001
276
2809
2942
2282
1744
4059
1467
1709
3296
2244
2481
120
1693
676
4094
2784
1898
1813
2103
1925
1927
2572
2519
3144
2736
1
2490
1445
2359
1337
785
35
818
1889
227
2047
1391
273
1753
699
965
1926
2032
186
1597
41
905
944
1870
614
1651
1966
154
2009
214
1431
1520
1198
1997
545
883
1668
68
115
469
1518
689
352
624
546
483
824
1739
1341
1465
937
233
1295
1584
233
341
1372
1525
1487
1278
64
2002
981
1508
321
1474
148
1242
1182
1471
1388
172
202
352
153
1166
885
299
821
661
2047
1006
1642
605
1090
1153
1494
243
1114
1193
590
112
28
58
314
494
13
1362
754
805
1887
1991
660
1023
398
1230
760
1307
878
327
266
1986
283
530
1738
1025
1496
1902
1102
1024
107
536
546
1395
1528

