23144
23788
21836
21905
23129
22104
23406
23316
23340
22076
21262
23026
23665
21387
22340
23516
22134
22750
22632
22352
22674
21041
22733
22392
22720
23398
22490
24314
22023
23170
22020
21571
21323
21095
22409
21535
21716
22855
22549
22642
22655
22592
23389
22960
23395
21977
23474
22201
22331
24167
23458
22746
22670
21686
23021
22575
23364
22263
22016
23592
22876
21516
22713
22439
22423
21925
21285
22769
22177
23308
22633
21210
22321
22482
23650
22628
22106
21701
24144
21952
23520
22809
23656
22016
21898
21104
22802
21717
21082
23343
22274
22797
22296
22004
22698
22633
22886
23068
22590
21587
22817
22320
23369
21990
22490
22657
21365
20975
22534
23237
23123
22514
21966
22773
22610
22154
21317
21684
22636
22826
22512
22490
22860
22190
23955
22133
22081
23444
22955
23350
22831
21587
21545
21935
22552
23413
22589
21243
22020
21591
22385
22041
22962
22068
22813
22820
23481
21843
22594
23094
23079
21922
23292
23791
22541
21939
22417
23565
22622
21919
22521
22596
23358
24479
22497
21776
22683
22725
23151
23080
22164
22842
22796
23297
21883
21991
22779
23128
21041
22428
23006
22518
22269
23036
22351
23430
21954
22877
22514
22819
22441
20510
21888
21458
23577
22566
22686
22146
22540
22124
23171
21621
22214
21754
22501
20535
22595
23153
22407
23000
22306
22778
23119
22683
23813
21812
22963
22314
22575
21871
22911
22244
22044
22484
22086
22314
22497
22002
22018
22813
22609
23518
22724
22726
23627
21871
23396
22419
22264
22793
23195
22300
22419
22910
23162
22800
21598
22451
23126
23202
23598
21965
22708
22802
22237
23085
22399
22945
22590
22512
23246
23704
22883
23104
23246
22997
23457
22147
22239
23273
22567
22908
21778
21925
21832
24307
22706
21913
22556
22285
23043
22377
22231
24137
23132
22749
22545
23244
21850
22506
22614
21673
23247
24428
22544
23317
22910
22541
21997
22478
22849
22319
21687
21819
22164
21914
23143
21998
22949
22486
22245
22124
21944
22466
22430
23817
21643
22614
22573
22280
23450
23505
23261
22591
22586
22464
22243
23784
22687
21825
21906
22115
22810
23161
22762
21082
23039
23748
22078
22944
23270
22607
23041
23003
22990
22064
22531
22669
22439
22980
22676
21977
22403
23235
22365
22647
21368
22308
22940
20557
21813
24574
23641
22442
22906
23822
23584
21837
22455
22160
22650
23892
24356
22187
21889
22897
22392
24497
20989
21215
22632
22306
23112
23193
22395
21439
21947
22239
22722
22665
23260
21417
21029
21991
20499
23123
22907
22379
22220
23261
22305
21548
22790
23584
22653
23236
22967
23027
22262
22562
22366
23210
22888
21976
23180
21950
22209
23816
23440
21594
22956
22803
22731
22755
22820
23885
21668
23661
21758
21860
21623
23012
23394
22729
21684
21938
23138
22892
23600
23721
22450
22813
21963
21378
24073
21990
22381
23564
21916
21882
22655
22078
22353
23406
21764
23291
22311
23388
21889
22796
23187
24400
22460
21244
22278
22056
22964
22662
22395
22996
22774
23370
22960
21148
21517
22148
22464
21961
22807
22859
23128
22334
24199
21458
21086
22435
22661
23753
23704
23416
21961
23269
22983
22731
24285
22002
22125
21918
21348
22389
22506
20966
22232
22581
22926
23062
22825
23187
22107
22143
21414
23352
22237
23550
21705
22184
20984
22161
23208
20790
22174
21849
21879
22909
21381
23427
22623
22445
22269
23514
21348
22171
22811
22491
22430
22801
22394
21977
22083
22735
21674
22221
22816
23208
21721
22851
24246
22183
24242
22716
22405
22246
22919
22486
22370
22249
22832
22341
22731
23854
23169
22991
23100
23747
22191
22633
23542
21442
22720
21622
23860
23020
22950
20648
23241
21504
22235
22505
22484
24041
21803
22464
23146
22583
22612
22106
23408
22005
22860
23305
22820
22969
22007
21906
23105
22622
22447
22203
21423
21348
22153
20999
23330
21771
23324
22966
20652
22012
22710
22838
22977
23571
21308
22507
22746
22271
22849
23276
24119
22211
23153
23319
23117
22830
21973
22625
21533
22130
22953
22366
23459
22672
22808
22851
23200
22807
21971
21726
22812
22584
22796
23085
21578
21593
22030
23492
22936
23246
23434
22194
21349
21761
22201
22580
21469
21756
23427
21925
21761
23433
22568
21486
22621
21404
22524
22967
22976
22673
22978
22731
23902
21844
21789
22197
23472
23692
23375
22851
22598
21651
21848
22486
22580
21832
23221
23605
22339
21835
22524
21840
22964
21169
21754
22554
24197
22797
23554
23274
22684
22963
21855
21532
22294
23415
22403
23045
22814
23341
21460
22028
22313
23010
21515
20499
21382
22232
20922
23581
22307
22743
23515
21954
22619
24365
22725
21848
22267
21843
23873
22764
23434
21886
23910
23124
22754
23298
21665
21323
22882
22435
22394
22935
22908
21497
22770
22503
21376
21873
22417
23195
22427
21809
22038
21950
23505
23167
23152
23399
21387
21829
22493
22830
24103
22759
21049
21918
22060
22770
23013
22516
22569
22675
22602
23311
22096
23172
21968
22462
22647
22139
21546
23329
22856
23355
23222
22449
23469
22472
21101
23266
23579
22955
22876
22011
22732
21985
22081
22211
21880
22148
23171
22730
22232
21430
23246
21508
22785
21419
22093
21813
21331
22761
23630
21871
22647
22299
22254
22598
22327
21624
23951
23292
23112
23522
22753
21590
22360
21942
22652
21632
21568
21518
22155
21829
22518
24191
22865
21172
22442
22185
23176
23309
23055
22183
22361
22431
22158
22583
21649
22355
21031
22335
22979
21695
23489
23620
21647
23283
22059
23279
21597
21703
21214
22617
20995
21519
21422
22420
21497
22740
22704
22217
21979
22365
23219
23171
22231
23722
22824
22868
24099
23811
21851
23095
22485
22621
22448
22649
23592
21694
21808
22872
21256
22249
21996
23724
22647
22785
22225
23060
22741
22613
22428
23006
23513
21885
22506
21684
22480
22440
22379
22571
22349
23752
22253
22838
22480
22262
23260
22270
23423
23721
22600
21430
23679
21726
22906
21962
22965
22878
21965
21180
22506
22874
22887
22555
22945
22856
23098
22651
21315
22272
21948
21511
24149
21860
22762
22080
23933
23449
23060
21238
21814
22448
21750
22129
21038
21293
22482
21044
22410
22115
22121
21998
22851
22324
22867
21580
22294
22869
22861
23440
22953
22483
22269
22966
23821
22063
22662
22107
23056
23553
21988
22385
21748
21979
23855
22088
21537
21375
22215
23215
21457
23812
23069
22770
21096
23018
21817
21857
22183
23263
21625
21875
21793
23297
22553
21930
22892
22394
22999
21284
24574
22813
23332
22825
22924
21915
22034
23275
22739
23466
22605
21986
23758
23463
22817
21731
22648
23454
22275
22709
23139
23130
22048
21123
23142
23268
23079
21383
22049
22627
22408
21707
22838
22456
21827
22762
21637
22452
23166
22508
23005
23015
22369
21690
23428
22840
23860
22764
22501
22884
23506
23062
22077
22183
23205
22283
23332
23254
22583
22342
22439
23818
22759
23034
22379
21544
23150
21898
22577
22649
22348
23727
22196
22006
22663
22889
22336
22405
22452
22680
22691
22185
22574
22232
22961
21864
22578
22573
22546
23025
22094
23455
22513
23122
21836
21776
22250
22273
23057
23178
23349
22442
23017
22581
21376
22208
23051
21833
22211
21593
22986
21541
22478
22112
23084
22310
22466
22487
21443
22880
24168
23144
23577
22993
23180
23291
23239
22202
21496
21160
22970
22027
21953
23320
23677
23088
22447
23225
23870
22296
22294
22232
23554
21948
22514
22104
21334
22671
22663
21168
21916
22920
21738
22065
21830
22150
22507
22798
22937
22553
23682
22473
21617
22775
21849
22221
22431
22910
21827
22568
22225
22469
22468
22945
22294
22715
22317
22140
22953
22541
24574
22522
22034
21557
23070
22869
22442
22897
21841
21912
23795
23364
22136
23405
22243
23267
21256
23027
23180
22113
23257
23206
22392
21119
23603
21970
23365
23156
22549
23599
22969
22610
22605
21743
21899
21452
24012
24374
22851
23105
22213
21648
22140
23515
23197
22968
23334
21867
23200
22665
22251
23365
24574
22287
22922
21431
23241
22930
23705
22386
21918
22748
22984
22112
22142
23321
22963
22053
23001
22464
22172
23030
21415
22125
22495
23005
22811
22969
21836
23240
21089
23248
23195
23508
21917
23388
22954
22645
23033
22385
22183
22389
22282
24027
23117
22505
21449
23123
23865
21259
23897
22444
23409
22178
22814
21880
23316
23324
23577
23764
22439
23624
22760
21232
21531
23847
22674
23334
21895
22481
22851
22530
23218
22253
22710
22145
22718
21945
22159
22207
23036
22084
21425
23330
23343
22761
21951
22748
22230
22664
23107
22441
21701
21428
24464
22543
22991
22732
22348
23113
22418
22959
21358
21293
22017
22313
20481
22353
21611
23322
22364
22057
23400
22183
23468
22974
23646
23135
21893
22348
22302
23387
22993
21912
21079
21663
22781
22449
21594
23559
23184
22808
23250
23098
22486
23132
22851
22025
21108
23259
20486
21220
22539
21725
22044
22184
23120
21999
23705
20899
23228
21528
22907
21462
23117
21952
21339
22164
21971
22379
22622
23225
20943
21905
22584
22985
22212
22314
22150
23574
21644
23771
22906
22412
23576
23284
22770
22781
22738
22637
20745
20641
22540
22265
21515
22176
23409
23234
22286
22455
22193
22024
23168
23111
22155
21819
23271
22834
22873
21730
21663
22433
23200
24105
21914
23078
20481
22827
22594
21562
22834
23760
23051
22131
22934
22754
22026
21338
23171
22979
22815
22744
23190
24201
21776
21876
21376
22608
22785
21992
22313
22360
23155
21689
21342
21729
21966
23012
22390
22702
22559
21958
24296
22239
22709
23084
22539
21216
23210
22427
22463
21063
23161
22535
22052
22596
20952
22910
22087
21635
24574
22090
22445
21073
21772
24079
23502
23277
22696
22303
22496
23229
21671
21997
22588
23451
22670
22171
22468
23372
23181
23347
21137
21293
23490
21661
21430
22638
23895
22549
22994
21767
22894
23198
22110
22876
21406
22886
22187
23205
22505
24344
22897
23613
22374
23682
22813
22562
23560
23092
21524
23441
23089
23254
21945
23229
22621
21698
21346
21675
21296
22594
22085
21998
21780
22089
22822
23352
21854
22093
22113
23080
21728
21439
22374
21832
23366
22163
21903
22408
22465
21761
22394
22502
22623
21551
21759
22287
22384
22645
21821
23387
22949
23271
22654
22255
22954
21324
22922
22102
21183
23245
20635
24002
23484
21576
22036
22620
21375
21013
22246
22393
22950
22235
21620
23503
21896
21057
23213
23628
22981
22332
22961
22827
22390
22936
22579
23256
23000
22665
23271
22787
21090
22665
22791
21628
21322
21915
23564
22830
22359
22739
22592
23062
23061
21474
22328
23102
21992
24511
21133
22326
22644
22783
22383
20833
21546
22968
21941
23246
21666
22714
22111
23341
22162
23426
21882
22541
23411
22597
22658
21929
22983
24574
22670
23622
23524
22127
23034
22618
22083
22494
23629
22927
22556
23272
22662
21959
22645
22284
22228
21756
23440
21969
23356
23597
23939
21846
22205
21509
22202
22146
22735
21033
22031
23125
22378
21347
22596
21848
23441
22832
23309
22102
22143
23056
23619
21783
23532
21728
22688
22985
22486
21549
22967
22598
23209
21291
22392
22600
23352
21685
22228
23067
22875
22034
23821
22873
22270
23680
22389
24023
22753
22416
23038
22722
22952
21656
23789
22613
23365
23306
21882
22436
23308
24110
23236
22361
21935
22899
22340
22696
21860
23242
20897
21717
23268
22716
22468
21820
22889
22522
22159
21788
21406
22780
22944
21837
23164
22677
22608
22090
23428
22414
23765
21216
21775
22268
23547
22116
23469
22220
23619
23125
21786
22033
22469
22275
22856
20976
23355
22767
20555
21802
22930
22743
23337
22947
22813
22514
22178
23437
22451
22287
22867
22985
21837
22869
22667
21751
22246
22523
22559
22574
22212
23664
22689
21859
23396
21374
22848
22385
21947
21982
22699
21446
22921
22179
23479
23391
20967
22685
22251
23056
22757
21535
22242
23565
23472
22457
22615
23271
23914
21602
21948
22524
22744
21904
23552
22288
21795
21285
22504
21582
21917
22756
22421
21858
21184
23326
23321
22716
22670
23129
23200
21959
21720
22617
23328
22326
22268
21471
22599
22253
22029
22358
23531
22619
22674
23469
22806
21951
22988
22270
22814
22028
22628
22779
21674
22936
21819
23715
21943
23606
21068
22538
23303
22391
22410
23209
22598
22500
21055
23457
22393
22308
23120
21765
23415
21242
21246
21759
22416
23256
23935
21752
23987
22168
22540
23262
23366
21368
22473
22544
22379
22642
22932
22640
23293
21760
22075
22185
23059
23488
22672
21523
22325
22800
22979
22997
23723
24574
22253
22177
21749
23099
22918
22576
21771
23273
23467
23386
21558
22173
22415
24114
23087
22234
23210
23445
22595
22223
22377
22478
22559
23097
22679
21860
22143
22646
22202
22854
23390
21439
22219
21527
22690
21921
22754
20933
23762
23398
22903
22453
23218
22696
22050
22772
23527
22633
22013
22475
22393
22137
23296
21196
23812
23383
22243
21813
22326
21586
21555
21834
22760
20665
22782
22795
22402
22180
22393
21860
21871
23725
23381
24257
22238
22135
22635
22573
24327
21640
23023
22588
21463
23505
22304
23283
22195
23356
22509
21591
22424
22235
22018
22716
22868
21706
22539
22838
22520
22621
22865
21633
23338
22337
22111
23009
22131
22876
22635
21755
22452
23813
22149
21216
22544
22270
22921
22438
22424
22704
23021
22083
21761
22905
23191
21847
22343
22191
22972
21940
21900
22804
21006
22563
22250
22935
22086
22499
22358
22275
21819
22217
23023
22106
22520
21911
22154
22478
23079
23109
22848
23204
23576
22455
21678
22750
23563
21806
23141
23608
23645
22896
22384
22142
22549
24132
22423
23921
22695
22121
21925
22607
23558
23315
22668
22871
21870
22670
22351
23994
22845
22636
23445
21746
24574
22573
21388
22624
22519
22838
22912
22253
22278
21111
21714
22991
22055
22509
21184
22847
21788
23454
22584
23221
23707
23082
21539
21280
21544
22870
22604
23216
22888
22333
22110
22553
23431
22139
22231
24574
23321
23074
23833
23388
22146
21291
22628
23303
23662
22701
23483
21841
22251
22555
22563
21927
21674
23236
23143
22493
22528
22089
23335
23011
22740
23477
22035
22144
21289
22739
22569
22411
20791
21883
23899
22259
22932
23106
23285
23422
21872
22617
22550
22314
23220
21885
22578
21951
24043
22595
20608
23052
21616
22286
22282
22547
21507
23086
23268
21539
23745
21536
22529
22297
22715
23814
23183
22303
21836
22574
22488
22867
22861
22139
22604
22872
23552
21857
22353
22249
22749
22895
22036
20629
21966
21494
21812
21591
23926
22571
23082
21667
22602
22176
22433
23038
22466
20937
21749
23331
22270
23845
21965
21525
21805
22738
23128
22364
22529
23697
22720
22139
23466
21767
22927
22253
21917
22517
22744
22000
22225
22521
21901
21851
22469
22609
23023
23078
22583
22799
23126
23196
21701
22389
22854
22526
20895
23543
22572
21961
23227
22726
22975
22422
23426
22759
22211
22756
22941
21711
23128
23241
22848
22079
21791
22066
22959
22899
22600
21101
21460
22509
24079
22974
22236
23091
22170
23578
22302
22020
22647
22146
22668
22813
22428
23085
21446
22078
23088
23004
22593
22218
22984
22498
22520
23943
21220
22843
22173
22264
22207
22843
22106
23072
22358
21771
22304
22640
22625
21738
21686
22776
23576
22431
22563
23316
22638
22322
23249
23022
22167
24488
23607
24031
22960
22775
23174
22039
22860
21857
22101
22510
23302
22656
22746
22822
22632
21885
22787
23203
22383
21461
22023
21805
22416
21228
22066
23997
23382
22573
21796
21722
21671
22567
21374
22374
21664
23326
22790
22990
22629
23544
23507
22358
23865
22174
22476
24574
23221
21371
21206
22721
21874
22474
22925
21745
22787
23474
22739
21389
23016
21502
23481
22070
22706
21879
21968
23662
22633
22757
21398
23017
22309
23743
22425
21996
21400
22592
22251
22414
22583
23452
23143
22237
22803
23410
23159
21892
22479
22188
23638
23002
22603
22988
20820
24574
22712
23826
22920
21791
21654
22114
22412
22532
22182
21991
21911
23590
22756
21748
23437
23113
22363
23533
21385
22502
21932
22043
22110
22070
22108
21917
22860
22554
21335
22686
22174
22333
23571
21723
21096
22805
22564
23995
21659
21996
21480
22234
23259
21966
21797
22047
22751
22139
22725
22359
22370
22773
23253
23639
20886
22010
23023
22137
22789
21901
21797
22865
21709
23172
22826
22729
22105
21969
21426
22959
22096
23043
22175
21852
22603
22436
22261
22515
22282
23703
22437
22656
22568
20481
23451
21502
23702
23135
22333
22823
22763
20766
22481
21730
22646
21027
22366
22928
22531
23378
22326
23080
22175
23141
21807
22312
21920
23068
21959
22445
22665
23573
21427
22158
22484
22806
22169
22790
22425
22506
22603
23421
22343
23161
21737
21600
22513
23051
22877
20698
22064
22872
23285
24026
22737
22667
22640
22888
23256
20959
22320
21348
23148
21357
22032
23029
20737
22132
22925
23498
22806
23051
21453
22648
23522
21563
22299
22241
23173
23476
22903
23555
23304
22676
23168
22415
22300
23539
21709
22677
22813
22769
22186
22586
21865
23689
22787
22675
22442
23285
22297
22095
21686
22003
23047
23469
21721
22361
22817
22770
22295
23073
23223
22284
20699
23226
22518
22379
22840
22899
23068
23290
23451
22311
21697
23744
22624
22995
22301
23309
21278
22594
23582
22720
21801
22504
21579
22865
22521
20803
22742
22697
22614
22217
22640
21366
22134
21168
22396
22877
22409
23591
22679
23620
21750
21927
22401
23282
21506
23627
23251
24487
22790
23156
22881
21866
22464
22875
22820
23893
23519
23310
22854
22015
22507
22222
21508
22221
21175
22267
24037
22372
21858
22372
22904
23050
23252
22748
23071
23244
21518
21540
21812
22643
22409
22746
21395
23490
22927
22238
23946
21461
22539
21640
23112
22049
22199
23074
21995
22250
22333
22873
22585
22495
23292
22063
22655
21652
23411
22385
21888
22773
21692
23073
22876
22419
22378
22765
21642
23202
23456
22688
23175
22865
22182
23140
23234
22812
21944
23004
22977
21519
22279
23323
23476
21683
23637
20943
22283
22368
21818
21287
21843
21308
22509
22043
22887
22280
22500
22047
22874
21262
23042
23867
22746
22169
23306
22521
21847
21788
22527
22358
22171
22010
22070
22839
22031
21315
23699
23103
22455
23586
22281
23978
23186
22490
22677
22855
23321
21743
21774
22644
21895
23582
23324
22107
23481
23292
22962
21741
22353
21898
21422
22493
22179
23250
21663
23671
21514
22095
22950
21056
21474
22205
21382
22875
21852
23802
22486
21337
22891
22336
21964
23418
21823
23068
23077
22783
21987
22443
22416
22787
23298
22520
21945
23985
23123
22108
21950
22872
22976
21863
22713
21983
21685
21671
21750
22356
22220
23054
21669
21658
22276
22533
22163
22737
22755
22362
22192
22398
23109
23444
22420
22638
23299
21803
22618
22735
22057
22402
22501
21337
22196
22635
22328
21052
22082
23325
23308
22968
22454
23984
22627
21304
23158
21952
21719
21995
22988
23590
23694
23871
22221
22698
23135
21507
23225
21418
23301
22493
23245
22705
23054
21371
21381
23337
22407
21605
23151
22420
23996
23422
22392
20594
22521
22120
21488
23542
23149
22899
22088
23035
23478
22447
23387
23279
21114
23921
22406
21328
20937
23623
22586
22670
22778
22335
22818
22900
21853
22187
23321
21951
22778
22530
21692
22006
23016
22929
22731
22666
22131
22997
21650
22873
23167
22641
22203
22611
21844
24241
22792
23188
24076
22794
22164
22777
23041
21614
22167
23208
23448
23554
22839
23000
21547
23503
22467
23691
22798
22688
22557
22789
21772
22176
23106
21886
22095
21572
22016
21188
22864
21563
23452
22207
23027
22010
22703
21874
21680
22709
23427
22489
23164
21854
22186
23206
22948
22452
23116
23281
21558
22495
22624
21898
22851
22605
22722
21899
22887
22898
22601
23424
22052
22729
22661
20840
22776
22317
21722
21434
22836
23512
21833
23612
23783
22348
22837
22304
22793
22764
23593
23690
21407
22579
23591
23579
22320
22373
22171
22078
22879
20818
23277
23596
24063
23481
23163
22617
23169
22918
22046
22791
22528
23573
23172
23069
22222
22555
23408
22245
24109
22932
22378
21417
21764
22021
23120
22620
23113
22301
22791
23432
22903
23240
21639
23211
21526
23479
21762
22372
22700
23259
22328
22852
22304
21658
21879
22274
22266
22178
22862
21877
23156
23213
21022
22305
22444
23031
21370
23072
21409
23312
22544
22326
22355
22727
22993
21800
22494
22437
23012
22407
22200
22836
22601
22295
23912
22719
23504
23848
21937
21950
23042
21432
21765
22156
23631
22897
22205
22724
24401
20830
22200
22922
22948
21879
22737
22341
23140
22381
22379
23556
21859
21742
23212
22171
22337
23043
22731
22892
21080
20789
22477
22793
21514
22029
23697
22408
22866
21680
22858
23430
21385
21162
22312
23206
22045
22309
22957
22123
23654
22401
23154
22820
22965
22058
22716
21468
22836
21214
22242
22305
23024
23098
22199
22727
23273
22927
22406
23006
22001
23044
21925
21567
23133
22045
22920
22872
23682
22808
22564
21553
22187
21962
22754
20774
22254
23033
23075
21445
22757
22747
22803
23223
22144
23033
21117
23048
23440
21717
23129
22923
23286
21622
22686
23577
22808
22274
23789
23081
22908
22361
22338
23104
22388
22881
22622
23147
22184
22597
22739
22026
21785
22213
22163
22296
22790
22203
22308
22394
23642
22733
22110
22198
21494
21412
22915
21993
23534
21613
22948
22027
22235
22329
21626
23081
21518
22753
22423
22091
23547
22510
21583
21660
22430
22367
22610
22238
22048
22324
22397
23468
23917
22609
21529
21874
21968
22832
23777
22836
22780
21726
22422
21759
21706
23310
21906
21809
22104
23453
22723
21463
23306
23240
22248
22387
22859
21425
22732
22757
22670
21491
21438
23581
23053
22674
22681
22247
22099
22628
21919
22285
23122
22198
22736
22886
22157
21385
22052
22996
22698
21839
21084
22262
22066
22735
22599
22868
23108
22056
22303
23048
21147
22379
22390
22375
22634
22898
22308
22770
21127
21616
23429
22570
23128
22355
22471
21506
23924
21713
22459
21764
23543
23336
22539
13704
5136
10307
685
17146
920
1733
1842
10128
17628
277
638
13795
3297
16240
17552
13172
9886
5728
8967
8613
14792
14664
1806
14049
12781
15965
916
3182
8589
2933
1415
16501
12549
2989
5265
1785
3720
8674
10460
5968
9692
4804
17891
14077
4568
17023
15887
7521
18234
2981
368
6653
7049
13822
3693
11834
13931
6238
4824
17014
11336
13048
17893
6948
12065
3918
8576
1202
7628
6805
9456
12211
4654
12656
5272
13718
1137
623
2953
4725
190
17971
17403
12060
12614
6230
16565
9209
6141
2417
17822
4875
8554
6519
1019
7116
12170
6692
15214
18297
1477
9799
7120
2523
13816
11500
4913
7067
6768
8105
3622
14578
3330
12886
9356
3823
16025
7743
10589
15999
739
17059
11686
11185
17309
7305
14916
11802
2843
17459
6804
6564
2808
17765
6271
951
4715
7160
6219
8663
8846
6935
10924
800
1266
5257
11011
13202
2508
12017
552
1891
9629
16192
1554
17734
1391
5778
9411
4367
6248
15306
7168
8489
2884
7684
5686
3784
4252
17968
7521
1687
14344
8292
5934
9484
16744
18173
4055
13987
5384
9684
10066
420
17471
13595
901
17699
16901
660
12578
543
17057
10524
15777
2740
15058
16287
14972
16499
8685
13598
17928
3054
9693
9665
15253
440
4586
17880
4710
467
14487
12482
13972
2990
4751
6813
9167
16387
14883
7016
8398
17138
12727
6826
15429
3387
4711
15526
3663
15799
11509
7882
12863
2796
3906
499
3749
13746
9705
14604
16396
9055
13500
17133
3946
4335
14610
7184
8278
7526
1756
5217
16494
12522
10846
3688
16587
5635
8901
6263
666
15293
2218
15686
47
3792
12488
10906
4160
9509
2037
1790
8557
3949
6690
11268
18429
2181
7920
11559
5001
16854
259
12640
13230
4712
17587
10250
4121
2547
17459
6845
10860
13203
11199
1093
7895
18143
8715
14796
2148
16822
17718
7749
12257
8036
1805
3747
16223
143
13752
7017
7727
10234
1280
12036
2029
3209
3991
5522
1911
15334
8662
12156
1676
13696
12397
841
1212
13477
469
7031
15479
15156
3153
10822
6058
4223
4752
15982
8163
14196
957
6273
13424
6718
6230
5095
16064
1637
14037
958
1843
1760
6164
13692
18055
14969
17343
18265
8758
412
408
17737
2448
5125
9613
14006
9141
13760
11599
8534
10188
4624
14249
9605
10397
280
15873
19961
18277
17173
18356
18375
18483
18273
17848
18502
18648
19610
17551
16643
18972
19109
18420
17866
17060
17945
17995
18787
17881
19217
17130
19709
17126
18118
17459
16940
19629
19406
17580
17784
18891
19006
18551
19022
18692
18475
19349
17909
17641
19099
19522
18499
18743
18875
17899
17276
17212
18763
17343
18053
19084
18659
19430
19090
18638
18303
19245
17579
17782
18359
19142
17764
19219
18268
18904
18107
18593
20015
18187
18382
17882
18308
17841
19463
17951
17317
17744
18720
20420
18355
17778
17598
17942
19693
17426
18471
18514
17237
18699
18139
18874
18443
18851
17818
18453
18782
18784
17729
18036
18468
16879
17639
19154
18485
18531
18309
18563
18204
19881
19509
17075
18175
19670
18024
17766
19631
18185
18285
17860
18579
19505
18685
17626
18265
19550
18961
18299
17621
19766
17954
16967
17553
18774
18414
19010
18148
18789
17999
18473
18303
18122
17527
18556
17251
18384
17067
17851
19138
18463
17987
19489
17947
18250
18083
18490
17970
17991
18599
18406
17589
18818
18542
17076
17843
19963
18783
19324
18080
18282
17876
18903
18276
17417
18184
18698
19430
19316
18586
19600
17599
18258
18754
18464
19285
17940
18161
19116
18497
17633
17920
18775
18880
17640
18539
17436
18538
19737
19430
18441
19211
19905
19564
19090
18224
18710
17745
18469
18333
17177
18087
18680
17884
20478
19229
18403
18326
18209
18616
18106
19419
18631
18068
19536
17062
17963
18750
17398
17741
17644
18376
18191
18283
18702
18896
19127
19116
18230
16518
18678
18815
17734
18573
18427
17964
17910
18689
19499
17743
18529
17767
18599
18030
18443
16585
17455
18326
17789
17989
16588
18075
18925
18892
18303
19222
19386
18661
19082
18918
17981
18706
18739
18867
18774
18498
17826
18399
18717
18703
18831
18252
19912
17658
17774
18101
19354
18146
18846
18815
17994
18626
17939
19236
19056
17263
18452
18571
18412
18203
17382
19137
18828
19062
19562
19235
18897
18490
19518
17878
19181
18523
18921
18724
17295
18190
18753
17172
18959
18003
18165
17711
18690
19873
17639
18972
19150
19505
17807
18532
18697
18489
18722
18484
19215
17922
18561
18612
19243
17908
18341
18291
17612
17530
19839
17804
18295
17814
18113
17332
18619
17943
19255
17221
17816
18886
18650
18369
19705
19090
19238
18967
18101
19100
17246
17597
18905
18941
17894
18775
18694
18437
18949
18177
18948
19449
18293
19354
19162
17784
18314
18102
19402
18575
18133
19033
18550
17343
18362
17848
17623
19121
17697
18497
18068
18390
18312
18535
17425
18098
18733
17365
17722
19222
18546
18892
18810
19830
18542
17697
18315
18368
18532
19549
17920
19004
18019
18349
19227
17236
18550
17480
18089
17713
18296
18435
17637
18602
19178
18467
17840
19756
18823
18124
17496
20032
18156
17978
17550
18406
18264
18414
18923
18388
19175
18384
18463
17580
17905
19034
18224
18079
18284
18349
19111
18682
19776
18047
18348
18677
18367
18483
16594
17952
18538
18597
18838
19817
19567
18627
19833
17756
17884
18603
19045
16600
17344
19210
19378
18126
18948
18590
18865
17894
18162
17564
17220
18026
19399
17141
18893
18280
18406
18804
17201
19054
18486
17826
19221
17882
17943
17734
18344
17720
18007
17796
16735
18946
18151
18968
16567
17212
19295
18923
19174
18765
17913
18016
19240
19037
18406
17759
18648
18923
17300
18632
17623
17843
18891
18650
18299
17838
19070
16975
19313
17674
18359
19238
18111
16836
18109
18606
18435
18502
18891
20268
17054
18789
18462
17988
18543
18744
18728
17576
18315
18634
18349
19584
17506
17240
18561
17374
17290
17682
19689
19004
18313
18155
17665
18703
19733
18345
19027
19587
18940
18277
18800
17724
18649
18794
18822
18201
18116
19726
18982
17854
17327
17646
17716
18267
18372
17434
20031
18712
18407
18775
19126
18888
17860
19255
17861
18920
18834
19065
18479
17876
18291
19182
18597
18993
17937
18375
18641
18433
18116
18801
18854
18325
17998
19120
18145
18624
18055
18553
19160
19225
18675
17518
19182
17389
18206
17932
19267
18345
17920
17718
18648
18883
17891
18425
18369
19357
18793
20046
17594
19120
18363
17613
18176
17757
18196
16820
18801
19660
18861
19778
18716
18506
19198
18542
18394
17831
18151
18924
19499
17229
18719
18377
18072
18628
19038
17375
18094
17996
19567
17297
17265
18793
18271
18863
17904
18666
17776
18960
18607
19558
18471
18479
18147
18900
18083
17364
17512
18651
17618
18323
17681
19298
18818
17267
17595
18502
18216
18784
19117
19106
17494
18469
18240
19245
18283
18227
18535
18947
18878
17842
19241
17638
18129
18645
18386
18995
20458
18399
17966
18036
18538
18749
19581
18604
19522
18373
18836
18967
18275
19538
18910
18540
17899
17772
18743
19627
17806
18916
18618
17397
18464
18699
19104
20152
18119
18249
19103
18098
18747
18974
18728
18756
19594
16591
19757
18291
19437
17972
18626
18557
19242
18799
18606
19522
18612
18134
17665
18096
18783
20187
18214
18816
18861
19208
19199
18435
17824
17645
17451
18201
18415
18326
18532
18292
18379
19815
17825
18852
18448
18209
18536
18888
18222
19659
19828
18023
18632
17904
18313
17899
18872
18642
19280
18037
18390
17270
17189
17777
18688
18952
17609
18526
17783
18896
17714
18552
18495
17996
18952
19365
18861
18225
17425
18107
19839
19230
19353
18620
17971
17948
18351
18531
19096
17269
17405
17561
17810
19504
17320
18719
18402
18155
18845
18339
18081
18315
19681
18118
17841
18565
19394
18510
19020
19112
18077
17881
19795
17795
18255
18646
16915
18816
18767
18424
17872
19033
18820
19326
18822
18799
18010
19105
19270
17813
17716
19791
17481
18312
18066
18589
18029
18235
18675
18170
17842
20284
19245
17747
19169
19193
19329
17646
19052
16986
19327
18077
17840
18593
17296
17617
18973
18097
18226
16644
18451
18475
18760
17600
18820
18515
17633
17789
18665
18766
18885
19038
18678
19406
18177
17359
18206
16973
18634
19097
19504
19009
19398
18898
18434
18974
18257
17377
18218
19918
17946
18017
18068
20039
17455
18138
18124
18253
18512
18303
17798
18426
18608
18775
18267
19285
17079
17833
19121
18128
19175
18236
17595
17471
18281
18061
18936
18745
18406
18614
19808
18426
18981
19142
18972
18538
19023
19075
17817
17871
18699
19228
18534
18112
18759
19289
17193
18811
18554
18768
18455
19495
17219
18478
18520
18441
17875
19410
18778
18853
17495
18029
19518
19047
19142
18132
17705
17766
18249
18660
19625
19312
17918
19152
17682
16951
17026
17592
18925
19385
18520
17768
17426
16986
19316
19178
17709
17892
18340
19124
17398
18974
17675
17898
17548
18183
19293
17930
18915
18263
18615
18556
19214
18029
20180
18158
17485
17363
18133
18388
17133
18984
18187
19326
18109
17918
18839
18501
19071
18695
18801
18365
17960
18052
20190
18450
17937
17529
18061
17329
19044
18445
18128
14932
17580
19820
21884
1012
9270
14851
16758
2015
8966
18817
9052
1260
1392
10408
16093
9463
16307
20932
21379
19859
2233
14897
8789
10272
2343
1915
2585
8933
9116
13941
15043
7521
738
15423
5463
1671
1696
11751
1543
3888
538
438
5899
1421
11299
8483
7346
3226
11022
3371
21264
10470
1760
17375
8081
16105
19672
3196
10364
21469
13820
5374
845
1873
8782
7594
16357
10545
2397
5579
11903
13147
6001
11339
16642
16569
21519
4100
19873
15758
7466
128
12692
16406
18209
16168
19044
3256
16216
835
6456
16308
2838
16061
14250
18881
14782
11175
3234
3905
19244
7896
4380
16980
18252
1895
17966
9992
7513
21882
1296
2192
17902
20697
14270
9352
16430
11811
22127
22240
22952
22515
24351
22305
21917
20799
22333
21464
22450
22021
22256
22334
21546
22533
23453
23219
21391
22296
23569
24226
21044
23617
22313
22060
22098
23036
21930
21960
22000
23705
23343
22669
22283
22500
22587
21647
22190
21289
23171
22004
22700
22292
23322
22603
23579
23393
23006
22835
23011
22183
21545
22083
22975
23025
22737
22488
23278
22666
22004
22140
22645
21923
23072
22014
23091
22928
23425
22959
22395
22228
23982
23074
23869
22880
21216
22253
21621
22569
22308
22360
22209
22311
22611
23238
22653
23226
23414
21909
21746
21564
23177
21739
22790
21374
20481
21541
21360
22116
22814
24045
23130
23416
23636
21784
23183
22537
21921
22284
23178
21926
22062
22925
22529
22156
22648
22936
21980
22232
22592
22959
23463
23755
23303
21882
23302
22913
23091
22695
24455
22585
21518
23631
21959
21290
23388
22039
22955
22408
22267
22826
22349
22015
22163
23717
21923
22153
23314
21698
23064
21619
22158
22040
23152
22829
22146
22280
22458
21971
22929
23172
20976
21030
21724
22427
21557
22331
23024
21824
22873
22315
22509
22751
23186
23486
21617
21067
22521
21388
23477
23095
23785
22732
22180
23049
22990
23013
23191
23215
22919
22304
21500
20521
22025
21447
23518
22616
22791
22593
23045
21521
23188
22815
22505
22267
23628
21324
22164
23159
23017
22596
22647
22135
21666
23076
23297
22371
22282
22560
23150
21249
22058
23342
22676
22088
24539
22310
23040
22776
22162
21777
22559
21627
21298
22689
22177
23080
21940
22546
22759
23119
21307
21064
23819
22340
23102
23559
22967
21920
21726
23860
23306
21952
22494
22012
21954
22842
23061
23364
23050
23200
24219
22406
22147
21530
23144
22161
22998
23294
22170
20481
22990
22351
22996
21989
20859
22646
22461
21655
22965
22808
22686
21704
21979
23099
22709
22459
22995
22757
21750
22757
20890
22239
22747
24574
23627
21219
23178
22625
22179
22265
22141
22578
23050
22589
22405
23362
22016
22323
22369
23227
21932
21700
22207
22238
22895
23756
21389
23301
21414
23209
23187
22786
22821
23477
22054
23562
23042
23517
22634
23371
23155
23146
22392
21195
22422
23544
23012
23501
23107
21609
22630
22510
22177
21153
20968
22909
22854
23721
21872
22267
22603
21791
23124
22145
24406
23564
23368
24557
22047
22552
23756
22138
22563
21594
22556
22512
22187
23204
22047
22249
21888
23125
20725
22864
22367
21324
22788
22471
22325
21321
22562
22226
22370
20481
23189
22789
22037
23064
21742
23584
23204
23279
21404
24003
22157
23421
22577
21838
21980
21926
22297
21579
23500
22936
24296
20976
21343
21719
23116
22802
21725
23259
21795
21865
21762
23068
21755
21747
22152
22880
22834
21892
23237
23164
22035
22194
22381
23029
23171
22907
23463
22605
22253
21806
23220
22776
22842
22827
23228
22946
22617
21920
21530
22234
21889
22693
22725
21879
22452
21404
23597
22714
24285
22114
23632
22614
22791
22757
21440
23686
22693
22364
23139
22604
23197
22603
22480
21275
22732
22366
22467
21898
21320
22455
21836
22884
21293
22982
23660
21842
21405
22037
21526
23014
22240
20481
22143
22490
22947
22638
22967
21517
22235
22606
23020
22339
22677
22572
23392
22431
21996
23108
22996
22942
23622
22988
22212
23715
23051
22202
21828
22612
22119
21474
22379
21974
22831
21635
23183
23025
22435
22671
21100
21975
23275
23107
22308
21576
22981
22735
20841
21939
23234
21719
23642
21589
22103
22723
21818
22154
22694
23935
21214
21452
22323
20854
23301
23272
22652
23422
22367
22480
23400
22460
22425
22300
22671
22341
24058
22409
22915
23079
22346
21145
22522
22706
22291
22937
23801
22743
22641
21801
21867
22737
21377
21241
20950
22134
23286
23106
22438
23153
22596
23450
22760
20713
22356
21874
21976
22566
23343
22458
21931
21612
22515
24530
23089
22203
22287
21616
22831
23264
21391
21132
22342
22801
21974
23185
22708
22864
23058
21872
22498
22388
22101
20481
22517
22368
21689
21942
23640
23277
22822
22520
22392
22003
22226
23871
21532
22676
21613
22654
23005
21949
22679
22559
22745
22353
22622
22791
22587
23015
23946
21895
22068
22112
21748
22975
21863
21341
22261
22689
22198
23314
22716
22021
23268
23434
21631
23514
22396
22832
21867
21724
22569
22758
22308
22419
22586
23735
23934
23714
21967
21727
23198
22091
22421
21856
23056
23022
20898
21582
23188
22239
22588
22136
23605
22612
22283
22666
23574
22200
22535
23563
22375
22745
21932
21847
22801
895
3810
5441
4600
3776
2786
536
1446
5065
3720
322
2181
3963
3811
5472
5994
2565
452
1766
2738
4053
4349
167
1753
4637
280
4884
2804
1695
4987
4799
2692
5380
1202
702
4058
2697
198
3147
3594
5693
3866
595
5153
2160
1689
685
3142
3961
965
5284
5928
4208
370
557
4241
5472
1067
3691
4292
4767
1417
5415
3549
5193
4422
883
5984
1334
3167
5176
4263
4334
5634
623
3302
2293
5614
5865
6758
6521
5379
6821
7920
6964
6673
4464
6701
4973
5945
5945
7210
7081
6496
7111
7149
4890
6952
6613
6480
6762
5945
6430
7139
6640
7367
6827
6859
5126
6960
5487
7668
6338
6481
6686
6573
6837
6232
5614
5264
5977
6687
6743
6720
6059
5123
6907
6179
6981
6321
6832
4865
7133
5459
6883
5542
6556
5139
5585
5219
6335
6103
5925
6882
4946
6632
6191
6550
5468
6912
5511
5639
6245
4097
5302
4955
6246
5661
6503
6471
6206
6108
6883
6187
5901
7312
6888
5989
6515
6801
4680
6358
4767
5878
6111
5002
5897
6374
7229
5704
5717
5840
6033
5999
5659
5968
5697
6917
5294
5747
6599
6999
6944
6049
6397
6467
7194
5277
5749
6113
6237
6610
7038
5399
6672
7783
6200
5378
5664
6555
6191
6139
6742
6224
6108
6028
5628
6823
6588
6651
5088
6235
6378
5917
5049
4916
7826
6433
5843
6837
6445
7751
6321
7276
5292
6329
6341
5350
5458
6350
6585
6685
6604
6167
5767
6103
6662
6295
6024
6904
6678
6769
6434
6206
6098
5685
5570
6226
5453
6882
6242
8138
6123
4097
6292
6393
6070
6974
6402
5873
5126
7685
4900
5674
5122
6043
7428
6698
5738
6372
6401
5930
6649
6859
5374
7350
6249
6499
6062
7177
6645
6327
5759
6094
7477
5336
5418
5449
6485
5095
4976
6216
5215
6665
6617
6265
5802
4610
5696
7341
6122
5760
7496
6854
5295
6730
6074
7730
6929
6722
5950
7012
5675
4694
7475
5810
6192
5367
6711
6440
6749
5505
6459
5911
5602
5922
6346
6701
6700
5650
5441
6006
5547
7223
4958
7387
5947
6228
6210
6853
5643
7143
6271
6157
5497
6663
6899
5391
6341
8190
7621
5046
4892
6029
5906
5126
7203
4537
7470
6159
5507
5014
4425
5606
5632
6128
5554
5862
5287
6155
7209
5417
6799
5733
6254
5525
5392
5438
6662
6733
6303
6055
6268
6972
5625
6567
5653
6597
7526
7374
5974
5106
6012
5502
5197
6012
6288
6067
6846
5888
6840
5026
5876
5996
6967
5666
4909
7147
5961
7255
5519
7375
7032
6386
6130
7558
6566
7079
5385
7408
6214
5559
5357
4943
7257
5390
6566
5708
6021
5887
5426
8190
5927
5396
7958
6572
6003
7425
7041
6384
6041
5339
6447
5908
5606
6568
5221
6659
5540
6466
6708
5914
5565
6919
6713
6259
6755
5357
7248
6523
4968
6300
6200
6657
6189
6821
4814
6705
6986
7043
6099
6049
6337
5024
6987
6834
4867
5541
5714
7393
5692
6698
5829
5716
6070
5367
5932
5130
6680
6407
6085
5893
5910
5581
6948
6278
6338
6704
5985
6127
7178
5536
5719
5857
4433
6418
5116
6286
6484
7111
6198
5098
6232
5038
5846
4809
6190
6225
5168
6681
6218
6283
6091
5106
6244
6537
5799
7313
8190
5599
6464
6652
6034
6033
6786
6783
5452
5181
4223
6604
6576
5974
5408
6297
6311
6713
7382
5704
7741
5888
6683
5865
6923
6862
6268
6150
6834
6370
7116
6443
6906
6982
5706
6325
6184
5979
6551
5537
6229
6122
4097
5979
5989
7184
6163
5271
5502
5710
7082
6285
5264
6256
7198
6029
6000
6382
5900
4837
5681
5693
5255
5600
6550
5745
5774
5391
6499
6339
5665
5411
6005
7244
7178
5532
5143
5744
5110
6292
5879
7802
6047
6526
7738
6413
8087
5369
5826
6591
5751
6880
4738
6501
6480
6542
6462
5715
6438
5485
6213
5334
6901
6074
5442
5487
6732
6413
6659
6745
7430
5637
6144
7441
5804
5054
6436
6815
6248
7100
5432
6007
5048
6045
6058
4500
5947
7517
6428
5984
6080
4858
5969
5971
6183
6373
6343
6189
6659
6378
7172
6705
7168
6235
5765
6419
7355
4701
5668
6121
5268
6596
5866
7289
6184
5252
6104
5576
5712
6219
6087
6612
6100
6584
5816
5785
4503
5496
4583
4554
5841
5893
5937
5791
5925
6265
6526
5743
7047
5259
6606
6692
5783
5327
5550
6196
6439
4620
6176
4385
5177
5530
6280
7237
5510
6736
6325
5957
5720
5486
6522
4600
6314
6545
6569
5790
5236
7608
5309
22127
16439
325
17954
16033
10683
10168
17086
720
150
6021
10358
1824
19746
11871
11918
1136
15745
18760
12367
8146
4667
20073
20730
9741
376
17359
14921
20531
7913
10496
6121
16421
21850
19714
800
11843
14325
2553
20938
895
8643
8138
13546
17086
507
11937
16052
11926
11193
694
11319
1666
14177
5344
22
2801
9850
13558
11672
11720
16017
15807
20699
8988
14243
10296
14389
16005
6371
8238
14655
3385
5334
22277
21890
21767
22050
21897
21347
22569
22469
23047
22782
22311
21666
23217
23152
22200
23234
22373
21630
22690
22330
20793
22678
21849
22609
21932
21471
22076
24436
23099
22898
23070
23507
22844
21978
22646
21447
22675
23450
23191
23004
22607
23244
22254
22419
22168
22466
22489
22158
22235
21630
23491
23002
24148
21552
22041
23067
22954
21791
22171
22775
22304
22963
20971
22405
21557
22167
22010
23144
21080
22373
23238
22633
21445
22899
22458
22631
21446
22963
22071
22473
22230
21915
22033
22555
22452
22776
21770
21610
22958
22773
22133
22190
22914
21946
22293
22647
22296
22258
22031
22617
21424
22468
22701
21546
22473
23169
23499
22716
22433
22475
23567
22981
22385
21895
22361
22598
21740
21520
22568
22271
22880
23244
21249
22657
22713
22849
22600
22090
22885
23022
21878
22969
23511
23255
22027
23028
23180
21593
22147
23024
22072
21460
23176
22900
23115
22035
22858
23546
22451
22001
21990
23503
22780
22654
21860
22210
22091
22933
22020
23010
22016
22623
22494
23151
22113
21985
21346
22179
23017
21548
22662
22854
22384
22383
22092
22416
21482
22215
22212
21977
22581
22117
22467
22776
23551
22274
22663
22481
23628
21493
23902
22439
21130
23053
21866
21974
22884
22788
23161
22249
22450
22402
23542
22511
23277
22361
23468
24167
22182
21256
21491
22913
21711
22532
23275
22788
23148
22779
21662
22589
22431
22129
23062
23507
21727
22373
22837
22696
23167
23214
22333
23046
22430
23577
22169
23548
21298
22348
23126
23230
22609
23814
22495
22827
23997
22553
21679
22116
22306
21725
23510
21976
21206
23028
21885
22009
22666
22801
23708
23515
22969
23815
23710
22707
22469
22709
21958
22457
22057
21662
23556
23218
23332
22029
22347
22268
22452
21247
21906
20481
21339
23430
21929
21287
22997
21874
22529
21666
22318
21823
21214
23019
22236
22801
22202
22048
22785
22235
22016
23123
23635
22673
22247
22517
22698
23026
21911
23110
21300
22639
22561
23120
22399
22156
22396
22692
23614
22249
22999
22375
22090
22285
23213
22853
22685
21996
22885
21464
23046
21678
22061
24159
23136
20833
22750
22324
22876
23330
23449
21821
23072
22634
22560
22200
22963
22961
22450
22164
21721
21783
23755
21447
21680
23457
21487
22640
22010
22679
22606
21926
22515
22111
22611
22554
22330
21951
23546
21919
23322
23122
21805
23136
21710
22312
21901
22820
21592
22783
23946
23006
22949
22289
22826
22359
23272
22624
21112
21145
21591
23473
21757
22833
22740
22163
22940
22108
22915
20633
20538
22802
23007
23090
23445
21790
23569
23166
23117
21390
22629
23852
22674
21822
22789
23317
22724
23918
22474
24574
23058
23234
21280
21555
22350
20983
21844
22336
24485
23003
22309
22540
23223
22613
22458
22131
21924
23087
22389
21798
22939
22074
21758
22667
23174
22557
21914
23435
20481
22070
20783
21484
21962
22529
21294
22764
24527
22612
24212
21021
21691
23027
22828
21767
22631
22285
22451
23727
23671
22427
22549
21560
21854
22635
24301
22495
22663
21819
22105
22819
23178
23732
22159
23130
21905
23247
22168
23330
21140
23420
22000
23148
22834
23317
22036
22701
22769
22221
23167
21304
22822
22059
22659
23448
22575
22842
23401
22631
23470
22289
21579
21601
23408
22539
22881
21216
21600
22326
21208
22451
22527
23709
22731
21660
23384
23383
23073
22916
22068
22379
22128
22898
22323
22586
22287
24125
22823
22584
22024
22846
21650
22467
22624
21918
23709
23010
22030
22280
22858
24140
22601
22136
21308
20481
22790
23783
23537
21386
22536
22197
22360
22869
22294
23021
22553
22907
22030
23439
22159
21944
23135
22612
22701
22592
23175
23266
21786
22328
22630
21808
22141
22092
22126
22254
23149
23582
22114
22806
22030
23911
23661
22413
21510
21914
22330
21396
22603
21813
23154
22469
23093
22541
22682
21999
22276
22507
22596
21951
22475
21695
22032
22358
22829
23350
23570
22871
21967
22784
22546
22655
22491
22500
22756
22728
20638
22912
23045
22162
22767
21596
23065
23850
22024
20881
22460
22616
21932
21749
21888
24574
22977
22258
21572
22490
22888
22780
22248
22078
23388
23230
23217
22929
23992
24127
22330
23038
22230
22075
21260
23901
22667
22565
22289
21790
23964
22073
23030
22929
21858
21752
22802
22347
23118
23668
22370
23566
23700
22839
22810
21775
22231
22875
22386
23548
22708
21649
22932
23310
23380
22045
21743
21735
22793
20770
20782
22699
22521
22164
22864
22366
24046
23696
22541
22750
21028
23241
21244
22997
22069
21614
22535
22014
22526
22460
23513
23381
22902
21877
22116
22456
21991
22904
23003
21961
23877
23783
22432
23776
23284
22076
22894
22479
24163
22780
22097
22541
22224
21963
22593
22316
22853
22677
21924
22555
22697
21987
23036
23606
22795
21758
23046
22652
22875
22350
22110
23057
22212
24096
22845
23033
23015
20534
21766
22276
22026
23244
21909
23840
22669
23242
20855
23222
23321
22585
22004
23269
22186
22749
23007
23024
22448
22295
22557
22045
21093
22063
21995
22088
23613
22653
22285
23604
23208
23552
22015
23631
22519
21311
22682
22326
22690
22055
21902
22323
23645
22926
22284
21578
22498
21649
23206
24107
22552
22721
23091
22814
22419
22991
23293
22725
21807
23347
21465
22670
22038
23096
22651
23135
23996
22570
21778
22031
23005
21730
22794
23615
22445
22804
21496
22724
22449
22072
21688
22812
23156
22376
23144
21607
22737
21802
23513
22881
21863
22659
22464
23300
22465
22954
22688
22140
21816
22427
23397
23141
23297
23179
23035
23430
21649
22113
22699
22193
23934
22839
24041
23035
21184
22403
22000
21928
23307
22906
23226
22527
22247
23149
22882
20950
21365
22933
23942
22061
22188
22860
23020
22595
22925
21603
22477
21994
21678
24047
21627
23217
22682
22456
22406
21806
23198
21245
23324
22676
22153
23107
23314
23019
24524
22159
23569
23092
23877
21945
22650
23128
22064
22875
21372
23501
22187
21714
23534
22623
22149
22489
21467
22445
22402
21546
22527
22462
22425
22169
22318
23456
21903
21957
22729
21964
22908
22054
22798
21537
22943
22625
22727
22865
21934
22406
23207
21653
22793
22455
22668
22157
22463
23168
22425
21685
22810
22146
22603
23568
22942
22073
22521
21624
22606
23009
23549
22405
22270
21825
21818
22580
23012
21959
22012
20549
22773
23248
23122
22011
21885
22453
23513
21499
23154
21521
22578
22009
22539
21936
21612
21686
23175
22874
23211
24047
22507
20847
21832
23982
21458
23907
22424
22128
22101
21749
22809
22217
21298
21658
23035
21375
23528
21529
22932
23052
22410
22213
22900
23422
23199
22079
22228
21434
21999
22582
21720
23309
22939
23168
23139
21402
22653
22466
23515
22036
23016
23375
23458
23032
21837
21356
22536
24289
20980
21282
22385
22403
21826
21788
22892
21701
22727
23375
23300
22570
22818
20943
23366
22249
21983
22085
23183
23019
22200
22576
22322
23704
22341
22378
22765
23336
22433
22120
20615
22256
21605
22176
22635
22898
22659
21649
22815
22136
23220
22307
23271
23046
21972
22180
23261
22448
23246
22050
22520
22038
22617
21550
23304
23368
23012
23347
22203
23055
21428
22813
21305
21829
23181
23384
22834
22984
23204
22259
22632
24140
22382
21418
21498
21509
21727
22301
20925
22373
21901
21728
22088
23307
22711
22455
22174
21785
21999
22162
22996
22821
22709
22811
21522
22419
22200
22184
22595
23401
23849
23127
22712
22527
24044
22896
23567
22970
22818
22313
22993
22622
23052
23592
22312
23231
22880
21128
23253
22531
22846
23800
23640
22431
21321
22644
22253
23703
22374
22791
21045
22196
22147
22960
21903
21423
22316
23213
22209
22658
21436
23921
22287
21942
23480
22954
22828
22085
21990
23865
23982
23136
22372
22266
22499
22700
21913
23986
22431
21711
22747
22989
22137
23078
22643
22188
23743
23134
23019
21902
23117
21986
22327
22169
22389
22121
22753
22678
22813
22814
22757
22274
23774
22305
22003
22371
22904
21046
23466
23440
21776
21922
21999
22095
22846
22562
22194
23197
22441
22235
24176
21991
21460
22849
22351
22894
21525
22690
23666
22988
21502
22254
23225
22599
22087
23215
22535
22586
22931
21480
21260
23285
21734
22782
23042
22402
22550
21311
22071
21818
24312
22242
21908
22988
20481
22707
22514
22476
22553
21127
21975
21803
23871
22589
22751
22328
22621
22658
21618
21505
22914
21838
22379
22179
23168
22329
23100
23137
21528
21804
22695
22100
22206
23132
22383
20890
22096
22317
21836
21739
22384
23317
23268
23293
21881
22768
23298
23240
22518
22744
22775
23474
23775
22854
23746
22114
22543
23187
21654
22082
22947
20919
23162
22998
22684
22814
22657
22166
21626
22350
22620
23772
23777
23422
22738
21921
22729
22932
23598
23249
22531
21896
22558
21829
22318
22356
22126
22753
22038
22437
22118
21365
21331
22968
23029
22428
22253
22830
22497
22166
21194
22246
23622
22353
22542
21978
22944
22889
22638
22783
22253
22611
21596
22662
23662
22264
22080
22208
23451
23340
20813
22319
22539
22120
23529
23067
21729
21672
21432
22109
22979
23240
22362
23929
21134
21729
22365
22903
22699
22325
22991
22144
23129
24034
23081
21642
23617
22148
22448
22873
21939
23239
21983
23445
22933
22222
21395
21406
22297
23195
21177
22866
23435
22255
22958
22044
20845
22976
22478
22799
22396
23491
22164
22168
21720
22438
21993
22061
22359
22853
22804
22199
23148
23396
22602
21983
22528
21603
22850
22124
22922
21765
22442
21744
22623
22184
22504
22229
22750
23568
22846
23293
22651
22284
20853
21616
22227
22088
23452
22570
23032
22613
16653
15930
13587
10423
2101
4830
21622
3326
16337
9054
20780
5215
5624
22082
16148
8429
6252
16287
19530
15079
3300
13898
11039
22515
5543
7078
4796
11357
21707
4405
20423
9187
9399
1635
15867
12527
15888
8389
13283
17259
12036
22185
21376
11737
21718
9316
15401
22386
10624
16061
19170
9794
22237
21945
2000
17091
2311
22440
646
10484
4056
6168
3167
21063
21410
21309
4093
6244
19428
11094
2291
6652
3337
6590
2784
12565
9829
8245
21738
15914
7521
14779
20005
14698
12547
11164
2980
5925
4971
13482
235
22209
1558
17540
20495
3424
22374
10442
22425
16297
4526
845
9253
19968
1328
16777
17759
14130
19766
5920
21089
414
13290
21356
8842
20828
13352
1388
409
18865
12984
12707
373
3961
13092
17381
21217
12089
17855
662
7074
12314
1902
22030
480
17432
8302
10600
833
2755
12835
20461
6346
2504
555
1531
10729
6608
3535
8765
9668
12993
22254
10382
5248
21033
15598
17719
5606
4340
3703
18237
5985
9769
20033
4018
21663
22001
23609
22197
21649
23085
22075
23200
23152
22957
23031
22342
21903
22744
22304
22041
22501
21558
22707
21838
21731
20707
23224
22471
22903
22942
22659
24271
23522
22857
22224
22674
22779
22626
22480
24168
22562
23025
21754
22001
23306
23666
23487
23036
22617
22418
22231
23974
23202
21901
22641
22727
22259
22957
23267
22673
22813
21635
22636
22514
22776
23751
22669
22599
22057
21470
22455
21406
22544
22229
22328
21921
21839
22336
22658
22996
22745
21558
22387
22417
23645
21619
23157
22930
23171
23541
22555
20898
22961
21696
21820
23019
21769
22340
22610
22708
22600
22197
22667
23457
21306
22539
22940
22555
21825
21607
23621
21989
22213
22467
22439
22380
23593
20630
21485
22689
23390
22916
23297
22153
21986
23748
22351
22498
21980
22586
22120
21338
23757
22100
22103
21884
21665
21982
22291
22732
21635
22478
21221
22334
22118
22275
22891
21383
22739
21525
23010
22604
22248
21379
22135
22340
22473
22070
23184
22936
22652
23364
22434
24473
22931
22459
22607
21723
22437
22578
22916
21335
22515
23293
22839
23897
22613
22605
22482
21819
23109
21741
22214
22160
22187
23546
21942
23342
22120
21397
21843
22008
21608
22719
22438
23310
23039
22637
23643
21710
22415
22414
21188
23146
23101
21566
21906
22838
22766
23782
22078
22385
21421
22841
22306
23129
23040
23530
22064
21850
22086
22233
21781
21829
23521
21913
22128
21518
21573
22094
22642
21627
22814
22287
22632
21588
23138
21937
22212
22623
22671
22997
22549
23402
21896
21917
21967
22118
21436
23362
23639
22919
22954
22091
22209
22142
21476
22930
22768
22800
22682
23229
22847
21451
21772
22060
23189
22295
22270
22515
23308
22288
21852
22917
23194
23310
20978
23885
22214
22291
21928
22947
21293
23088
22981
21917
22771
22741
22165
22666
21876
21830
23533
22537
22740
23827
22666
21962
23352
22820
22598
23220
23072
22608
23689
22466
23369
21484
22629
20754
21882
22735
23227
21732
21042
22432
22867
21724
22536
21790
22354
21739
22685
21822
22706
24235
23096
22786
21872
21353
22647
22036
22906
22802
21763
21828
22951
22822
22300
22134
22801
22498
23029
21319
21804
21388
21912
20729
22283
22006
22562
22991
20800
23069
21560
22494
23579
22580
22746
22803
22829
22957
22814
22290
22688
23109
22285
23178
22005
22385
22166
21768
23101
22605
22123
21855
20569
22681
22918
22527
22364
22258
23031
23080
21860
23417
23066
23313
23779
23623
21989
21728
21949
23400
22772
22276
21986
22338
22035
23945
22028
23263
22352
22385
22241
23910
21997
23445
22325
22021
21743
23049
21583
23146
24009
22680
22107
21701
23021
22263
22050
22704
23754
22624
22547
21749
22819
21330
23095
20481
22899
23221
22641
22880
22851
22067
22015
23243
22353
23368
23290
23206
22714
22645
22683
22166
21002
21598
23217
23417
21988
21776
23495
21471
21458
22035
23413
22907
22279
22133
23032
22618
23627
22129
22137
23266
22589
21573
22233
22122
23483
22813
22312
22973
21555
22129
21529
23015
21316
22362
22851
22607
23166
22153
22773
21855
22250
22115
22801
22621
21893
22435
22441
22557
21995
22087
21953
23480
23437
22325
22761
22668
22396
24317
22676
22287
21857
22836
21275
22051
21131
22701
23373
22513
21619
22699
22870
22235
23014
22674
22460
21142
23461
21250
23792
21148
21868
24156
21843
23474
22423
23135
22914
23980
21986
21814
22038
22734
23049
23027
23148
22538
22535
23570
22963
22057
22015
21707
23069
22357
23336
22867
21018
22011
23039
22503
21274
22589
22098
22520
22846
23161
22672
22684
22309
23250
22177
22504
23252
22279
23367
23709
23063
22046
21371
23372
22000
22125
24102
23465
22504
22728
22163
23061
21847
22622
22821
22398
23689
22382
22850
21943
23227
21800
23364
22854
22031
20693
23486
22911
22914
22241
21367
21639
23540
22333
22995
23818
23652
22405
22713
21539
22896
21033
22919
22102
23348
22393
21809
22695
22634
22561
22139
22473
22431
23658
22764
22660
21503
22079
23516
22299
21500
23264
21358
22397
21977
21805
22539
21138
23417
22348
21344
21658
22255
22892
23518
22931
23478
22301
23364
23176
23883
21467
23146
20929
22652
23097
22283
22488
21081
23442
22240
21195
21096
23380
22258
22794
21936
22680
22241
22778
22977
23862
21913
22642
21930
23087
22621
24018
22102
22716
23124
23238
22081
23413
22329
22131
22330
22081
23755
23370
22529
22193
21898
22132
21458
22236
22403
22043
23011
23333
21761
22638
23635
22718
22147
23400
22892
24549
22343
23621
22429
22988
20481
22991
23282
22401
23971
23673
21131
22254
22628
23947
24148
23208
22933
22236
22238
22674
20997
22555
22601
22779
21774
22414
21955
22176
22973
23269
22705
21519
23240
21936
22482
22137
23256
23145
22658
20961
22667
22299
21536
22469
21503
22838
22361
22277
22944
21966
23072
23130
23375
22704
22984
21321
22483
23385
20481
22132
22782
22807
23012
22688
21869
23011
23558
23787
21851
22674
23406
23439
22243
22173
23124
22311
21750
23654
20921
22391
21390
22462
21741
22552
23230
22444
22671
22897
21892
22197
21804
22682
23009
22454
22846
21822
22153
22275
22304
21650
22476
21917
21666
22523
22153
21708
21792
22904
22459
21988
22140
23724
22560
22006
22631
23957
21951
22537
22291
21671
22585
22841
23410
21868
20778
23066
23035
22448
22756
22634
21041
21779
23479
22091
22161
21717
22155
21729
23023
22833
22482
23019
21727
22329
21801
21988
22754
23031
22480
23205
23172
22841
21679
23357
22422
22830
22226
22939
20722
22572
22763
23116
22497
22058
22454
23059
22667
21523
21621
23515
23507
22655
21410
23242
22562
22443
21766
22471
23089
22813
22146
21708
22244
23394
23044
22913
22343
22385
22243
22261
22556
21358
22080
21206
23260
21953
22380
22213
23682
22615
22310
22785
22613
23303
21324
24042
22217
22525
22720
22023
22864
22574
22329
23543
22158
22212
21428
22787
22245
23337
22704
22370
21229
23059
21812
21729
23059
21670
22017
22847
22719
23200
23862
21905
20915
21336
22587
21680
21358
21771
23618
22993
22987
22605
23118
22856
20609
23264
22152
23220
22396
23417
22890
22803
22380
22142
22166
23427
23568
21825
22451
21704
20550
23319
22376
22163
23220
22884
23073
22759
23209
22689
23286
22831
22534
22572
22079
22577
22405
22807
23133
22053
22450
21877
22298
22322
23719
23973
22998
22747
21905
22916
24207
23241
21943
21864
22219
22411
21672
22210
22628
23034
21708
24200
21488
21746
21972
22868
22778
22393
21761
24574
21997
22924
22526
22470
22538
22743
22096
22236
22532
21280
21573
21668
22719
23296
22263
22625
21920
23509
23265
23281
23481
22669
22569
22450
21663
23550
22147
23478
22597
21435
22514
22347
22735
21891
23198
23893
23055
22222
22225
22990
22639
22647
22237
22580
21723
22863
21945
20895
22931
23070
22227
22432
23443
21813
22663
23608
22157
22387
24056
21808
23797
23399
22474
22030
21813
21722
22151
22305
24281
22268
21145
21741
22082
22789
22841
22790
22792
22031
22903
22742
23233
21512
22458
21615
22527
22652
22294
23422
22818
22391
22701
23280
22509
20734
23422
22060
21955
23767
23818
22257
23437
21969
22618
21800
22417
23051
22162
21969
23436
21604
23150
23182
21707
22909
21378
22937
22514
22625
22549
23426
22608
22061
21812
21862
23505
21170
22477
22123
22280
22929
21570
21079
23306
22144
22654
21543
21847
21973
22205
23536
22710
21089
23518
22433
23894
22029
22858
22349
23354
21138
23511
22709
21723
22144
22968
22327
22078
23074
23210
23094
23075
23026
22748
22188
23307
22417
21767
22349
23004
21836
22403
23359
22785
21499
22415
20786
23028
22365
23432
22186
22448
22177
23024
21981
22672
21212
22814
22151
23109
23468
22763
22511
22001
21759
23642
22249
22532
22449
23678
22985
22368
22181
21436
20481
22615
22726
22538
22757
22050
22998
22380
22664
22656
24296
21885
22879
23740
23214
22837
22212
23540
23657
22889
22723
22697
22542
22992
21800
22518
21682
22281
22331
22341
22018
22702
22832
23279
22056
22433
22881
23581
22076
21319
22834
22653
22706
23063
22316
22461
23028
22595
22698
23269
21395
24010
22814
22365
21898
22258
22467
21912
23354
22525
21833
22331
21993
21739
20884
22289
21618
23640
22675
21466
22672
23207
21698
21772
24468
22264
22340
22489
23027
22935
22631
22699
22181
23851
22306
20971
20886
22364
22213
21631
22114
22708
22669
23404
23123
23524
23653
23583
22600
22422
22378
22474
21786
22705
22961
23310
22207
21655
22690
22733
23177
23125
22186
22566
22980
23229
22375
22082
22465
21873
23155
22255
23297
22795
23325
22072
22419
22032
22626
22642
22128
22241
23951
21378
22935
22229
23906
22650
22216
21113
21577
21738
21862
20885
22062
21653
21728
23635
22161
22571
22931
24133
22897
21939
22151
23197
23156
23427
22651
22862
22816
23552
22718
21846
22851
22061
23155
21999
23046
22410
22940
23116
22852
22100
22087
21536
23420
23269
22117
23204
22935
22668
21557
22165
22939
22491
11588
10854
18566
967
10780
13118
13363
4682
12025
16813
16792
9911
3109
1933
3446
16039
21100
10196
3144
9177
17726
17650
16181
15652
5671
7681
21845
9721
4997
1048
14081
10864
2217
10314
13970
9904
14339
1809
21802
16957
12343
13858
1743
16029
20955
6568
1402
8690
9652
21561
8834
16106
22321
2806
4071
7017
9000
8289
16473
6502
6401
15590
18700
13490
7618
18642
18850
11108
3315
17539
12556
17912
8750
13811
11003
12382
17532
4392
17867
15111
1784
2356
19296
22335
4473
14410
13111
13705
12692
8398
18807
6680
8076
6088
19846
449
22025
4033
12069
4118
16247
8566
14773
5537
21998
15427
14608
19426
4452
11081
20793
13107
12736
22087
11373
12026
1645
11806
22137
4219
7882
20110
348
3053
465
16751
3788
15290
2714
18885
14038
13248
5975
2432
1418
4783
6004
18440
5870
18888
15800
11200
11680
6070
15798
1056
10364
16877
15948
19433
15745
15230
7344
5442
4501
1308

