26768
26524
27074
26304
27561
26965
27718
25721
27091
27209
27347
28175
27207
26413
27474
26961
26422
26202
27166
26159
25753
26348
26359
28670
26249
28670
24809
26336
26418
28606
28604
26192
26996
26375
26114
27590
26439
26723
25705
25825
26607
26600
25826
26508
25681
28149
26681
25885
26253
26358
26227
28043
26387
26210
27056
27726
28670
25096
25785
28534
26635
27477
27784
25669
26243
25221
25707
26199
24704
28113
26984
27068
26079
26421
25461
26459
26237
27018
26280
26219
27848
26695
25584
27323
27496
28350
26221
26335
27126
27860
27458
27388
25765
27266
27141
28165
26115
25484
26880
27124
27833
27530
25781
27896
27293
25716
25637
27860
26290
25786
26988
27697
27985
28024
28064
26091
27704
27177
27164
27310
26540
25719
27155
27176
28262
26410
25900
27907
25980
25957
25798
26305
26772
25486
27034
27387
26647
25119
27277
24765
26176
26675
28008
26462
27114
27738
28343
24577
25494
27337
24939
24958
27960
27817
25949
25426
27969
27138
26682
26524
25145
26067
28107
26219
28058
26589
25864
26931
25690
26272
25543
28670
27143
25903
27467
25085
27517
28110
26531
24577
26400
27724
26965
26353
26680
26783
27415
26817
27438
26203
26981
28670
26275
27762
26324
27994
25536
25652
25901
25272
26713
26693
25828
27090
28505
26752
25118
24693
27341
27178
27021
28670
25454
25400
27261
25117
27842
26002
27553
26461
25416
28214
25579
26760
27043
26082
25677
27053
27402
26680
25632
26109
26122
25729
26334
25459
26662
28333
27252
26544
26263
27026
26421
26496
26237
28650
26737
26528
26037
26493
26454
27584
25616
26537
27094
27334
27472
25948
27000
26971
28027
26703
26754
25485
27311
27488
27445
27623
27812
26454
25436
26685
28630
27344
25697
26929
27411
25535
27412
28093
26824
26803
27718
27098
25090
26745
28146
26468
27322
26571
27757
27752
26559
25572
25834
26457
28670
25342
26641
27210
26865
28121
27410
26806
26638
26513
27045
26099
27552
26576
25977
25579
27799
25784
26566
26119
25628
26912
26719
27241
26402
27344
27518
27302
26569
24890
26279
27362
27344
25995
26617
25518
27185
26348
26420
25441
24912
27396
25592
24762
27293
28315
26645
26801
26793
25344
26787
25362
25622
25183
26336
27401
25679
26495
28124
26176
24934
27973
25848
27356
25197
27136
26325
26033
26985
26598
25782
25747
26602
26665
25642
27484
26743
27380
25524
25563
28395
28670
27915
26710
26191
27316
28670
26271
26330
27432
27435
25556
27147
26811
28662
26105
25946
26498
28670
26106
27676
24893
26829
25461
25116
26258
27239
27180
26677
24577
27322
27582
26183
25756
26092
25993
26986
26230
27371
28594
26953
26798
26783
28407
27648
27508
25137
26364
25593
26444
27729
26865
25980
26702
27259
27308
26997
25811
25545
26170
26199
25190
25433
27517
26542
27785
25841
27655
26100
26742
27054
25512
28009
25640
27307
26058
26595
26378
27509
28015
25985
27734
26125
28381
27412
24917
28494
25969
26969
26556
25470
25967
28143
26108
25536
27597
26481
25722
28299
26122
28275
28283
26817
27825
26608
26479
27896
25132
26421
25181
26278
25935
26789
27181
24577
26750
27521
27602
26264
24949
26408
27782
26812
27562
24780
24941
28670
26637
27290
27677
27303
25791
26065
26386
26850
26734
27062
26805
28249
26028
28139
25666
25900
26905
24577
25652
27749
26233
25961
26239
27211
26825
26716
25803
26904
27630
27169
25358
26109
27214
27002
25588
27910
26511
26695
27659
25828
27165
24803
27337
25653
25831
27283
26447
27086
28093
24766
28476
27416
25745
25116
26131
27987
26716
27881
25419
26438
26200
25992
26985
28332
25628
27153
26134
26925
27182
27429
26731
27442
27782
26287
26700
27268
25937
27528
24639
26747
24577
27287
26823
27879
24735
25842
27883
27655
27291
27090
26859
26980
25276
27129
25720
24628
25987
27880
26508
27248
26757
27601
26583
25548
27682
26400
25915
28285
27261
26028
28503
27133
26703
25381
27028
27582
26711
25316
27689
25277
28629
25826
26730
24612
25388
26215
26711
26366
26677
27063
27376
27290
26331
27433
26208
26415
25975
27017
26053
26505
25756
26076
25220
27050
26369
26077
28070
25793
27014
25898
25671
25671
26127
26453
27921
27062
26018
26527
27390
25983
26929
26362
27396
24577
25663
28419
25560
25357
26155
27336
25476
26731
27337
26288
27067
26366
27441
26672
26462
26948
26929
25147
27387
25824
27025
25369
25766
25644
26813
26364
25734
25165
26951
26360
26876
27353
27555
26742
26823
26394
26725
27629
25904
27289
24577
27715
25118
26063
27838
26354
26752
27794
27231
26619
27230
26366
26575
26725
24577
28670
25689
27068
27882
26343
25468
27308
26435
24843
27047
26637
27628
27212
25379
27179
27269
26651
26994
25886
25733
26321
26183
25717
27331
25906
25132
26424
26343
28288
26600
25699
27039
26265
27829
24846
25762
26235
27106
25425
26677
26930
25817
26693
25095
26047
26656
26704
27520
25117
25968
25902
28262
28430
25530
27663
25346
26836
27176
28053
26110
25471
27957
25435
28407
25252
27120
26646
24902
26868
27006
26945
25543
27619
24904
25994
26590
28523
25816
26526
26011
26211
25255
27215
25099
26990
26644
26508
27303
25804
27119
27198
26779
28420
26196
26690
27201
27515
26432
27695
26447
26624
25576
26082
26987
26033
28263
27677
28178
27381
25975
27244
25929
25738
26143
26257
27498
25273
25884
27495
27183
25653
26392
26265
25314
28090
27183
26851
26325
25424
25654
27527
24952
27411
27778
26335
25765
26782
28670
24920
24577
28128
25199
26615
26354
26413
26326
26904
27580
26680
25051
25942
25337
25934
25833
25829
26673
26628
27361
25265
27136
27086
25876
25449
26291
26521
27177
24939
28670
27209
26295
27566
26759
27600
26468
26061
25322
27362
26602
25597
27464
25972
26891
27359
25441
25646
26379
27261
28670
27638
27801
26514
26204
26734
26973
25490
27499
26983
25575
27172
26292
26890
24577
25703
25758
27433
25861
26403
26662
26374
25032
27139
25861
26357
27882
25839
22136
18876
4863
5850
6584
2284
6227
5214
23126
3179
22566
958
24770
5406
4700
21751
18972
7279
27310
3430
23445
30152
25545
17300
29148
14367
283
12121
19565
3476
8502
30221
10185
4516
8553
6512
14246
10802
15736
1736
5622
19859
21959
24608
5346
22349
19258
28451
13753
13808
15513
13518
26775
1860
2575
21086
30248
23940
10092
15210
16868
29490
10682
11546
15030
22994
17377
24966
13551
24204
16217
27628
18644
6432
28048
1341
5215
29460
17387
25406
5274
15004
18636
2032
9293
2223
8835
12883
1814
7871
12424
8317
5625
2495
9205
15764
21562
17666
1515
27700
18861
25631
27471
3643
31644
29269
30776
31940
29634
30667
29170
32766
30465
30132
30939
30944
30474
32079
32766
30565
29852
30830
32039
31299
30330
31841
31034
30770
32271
28673
30196
29122
31359
32058
30208
30516
31070
31546
29198
30739
31046
29389
30808
29200
30197
30613
30135
30723
30245
31158
30359
29315
30204
30317
30555
30334
30067
32456
31923
31449
31125
30048
30296
29817
30732
30664
31942
30940
30578
30176
31050
32107
31487
30614
30439
30208
31735
31757
32273
28673
30533
31716
31578
32766
28673
31397
31313
31556
29928
30996
31678
30285
30311
30215
32297
32766
30696
31780
30234
30291
31033
31837
31885
29793
29543
30621
31481
30997
29731
32183
29471
32281
30735
29794
32353
29887
31466
31753
31273
30551
29460
29603
31398
29946
29960
28673
31187
31091
30731
29034
31194
28829
32126
29520
29114
30622
31519
31008
31001
31628
31051
30243
31050
31356
28840
31988
31189
32000
31880
29607
30946
29764
29406
29406
30880
29746
31012
30616
31406
30413
32556
31471
29665
30590
30071
29230
31930
31474
30619
30401
29855
29348
29708
31038
29951
31340
31825
31187
30580
31140
30080
31756
32357
30904
30314
31696
28825
31432
30508
29328
28759
30226
30295
29867
31659
30241
30730
28723
30087
29106
31152
30456
30438
30390
30004
29960
30129
32170
31964
30015
29906
32766
29664
31554
29022
29118
28673
31790
30236
32179
31143
32281
30549
30095
29611
32145
29969
29406
29512
30568
30450
30749
30396
31720
31099
32637
30464
31224
29666
28901
32024
29992
30380
28967
30333
30745
29606
30501
30832
31098
29781
30355
29940
30445
32186
31185
32766
30343
31535
29873
29469
29973
29757
31052
30884
31703
29762
30209
31551
31355
31908
28891
29421
31147
30439
29236
31496
29075
30886
29941
32122
29853
30670
31713
30010
31027
30184
32092
32766
29448
30952
30111
30003
31278
30925
31086
29989
30898
30369
29602
31404
32256
31836
31621
31341
31477
30282
31488
30810
30531
30036
31283
30300
29381
32632
31490
28673
31269
32441
29716
31992
31294
31947
31489
30702
31676
30272
30404
30952
30680
32258
32518
31082
30272
30439
31419
29850
31404
30455
30415
32337
30432
32182
32236
31686
32550
30079
30399
31482
32211
29418
30434
30581
29918
30103
31148
30794
30721
29929
29764
30105
30857
32630
30594
30937
29534
29839
30922
32020
30040
29818
29518
32029
32328
30008
30704
29431
31684
31175
28673
30774
30717
29793
31611
31112
31440
32389
31429
29359
31177
29528
29694
30424
30114
29897
30791
31217
30433
30226
30870
30657
28673
30750
32389
30498
32600
29746
31049
31489
29955
31399
30751
32191
30971
29083
29747
30762
30769
30105
31367
29785
31282
28959
30260
30766
31233
28997
32313
28673
30107
31978
30202
29533
30064
30007
30685
30078
30900
31978
31638
30762
30148
30333
31051
30601
31376
31272
32059
31552
30517
31299
32507
31320
29900
30902
31219
28728
31896
29603
31617
30023
31988
31000
30676
30035
31053
30042
29920
31674
32766
31261
32489
31092
30516
32282
31420
29608
29071
29311
29708
30017
30743
32087
29102
31018
30963
29641
30590
31309
30951
30275
30294
29222
30906
30418
29923
31177
29907
32766
29199
30462
31603
28673
31148
30901
30784
30901
30376
30536
30765
30525
30425
31849
31916
30009
30264
32606
28750
32766
30024
30835
29799
31428
30448
29812
30682
30976
29561
29236
28781
30073
31379
28755
30193
30175
32018
32451
31281
31181
31204
28673
29480
29848
30665
31114
31934
31288
29673
31599
31605
30218
31923
30046
30891
30136
32216
30787
30864
30792
28910
30533
30865
29496
31056
30865
31786
28673
30914
29520
31870
29092
28673
31852
31257
28914
30812
31860
30789
31529
30714
28986
30081
28673
30553
30141
31304
30125
31988
32543
29942
29050
31143
31121
30927
31144
29722
30816
31327
30465
29646
32766
29376
30168
32357
32231
32158
32163
31189
30549
30336
28771
32294
31418
30654
28995
31431
31738
30627
31696
30983
31578
31998
31346
31621
31299
30647
29949
30459
30182
29667
31515
32766
28941
29464
31148
31161
30851
31016
29137
32161
30576
32207
29608
32452
28673
30113
30591
30707
31229
29495
30229
31861
31423
31325
31754
29821
30602
30034
31293
30529
29461
28673
30640
32302
31689
32000
31493
29171
30814
29394
30355
31132
28902
29811
30056
30561
31206
30624
32270
29293
31016
32168
29161
31480
30892
29955
30699
30447
30079
31159
30648
29633
28673
30303
30121
30099
31963
30292
30713
29765
30268
31370
30873
30093
29106
29658
29938
30003
30439
31546
29789
31485
28700
31535
31997
31267
29762
31491
30463
31091
29595
31993
30050
31317
32766
29511
30991
31135
30192
31329
30255
29256
30123
32046
28733
29184
32071
29208
29084
31921
29971
31398
29721
30092
31620
29270
31536
30827
30917
30394
29775
28941
32328
30708
31695
31389
29588
29136
31958
31496
32630
29635
31737
31657
28920
32224
32006
31407
29585
31296
30254
32766
29912
32345
30945
31352
31577
31428
30712
29315
32557
29858
31841
31201
30070
29132
30157
30912
31276
28953
32525
31434
29771
29837
32411
29886
30578
31790
31094
32236
31620
30880
31038
30236
29258
30329
30417
29045
30411
31349
29147
30398
29479
31665
30809
32124
29192
32766
32022
32480
32133
30419
32766
31581
30073
29452
30251
31111
30631
32766
30887
30413
30505
31589
31285
31684
31305
29239
31384
28964
29836
30724
30938
29744
30729
31525
31481
29764
30368
30541
29263
31421
31396
29752
31270
31763
30511
29899
32766
30253
31072
29980
28673
32766
28673
32528
29537
30556
31920
28673
32041
29998
31644
31843
32766
31992
29981
31494
32249
30688
30565
31965
29700
29651
31352
30465
29129
30111
31662
31094
30818
30270
30459
30735
30584
30817
30029
31019
32715
30095
31615
32766
31049
32526
31972
30964
30647
30933
30609
31466
30318
31450
32766
31065
30941
31447
30574
32471
31805
29950
30705
31515
29674
30265
31433
31460
31280
31513
30555
31118
32312
30435
31578
31595
32500
29624
30209
31847
29875
30324
30451
30390
30713
29251
32764
30398
29361
31909
31767
30213
30181
32766
32766
31410
31414
32304
30154
31900
30221
31086
30304
29692
30838
31574
31192
29227
31439
31567
30537
30250
31110
30896
30501
30951
31499
30263
31562
29666
30933
32766
28678
29413
30815
32091
30697
29772
32284
32108
30183
31083
30348
31166
32766
30296
32259
31298
28673
30685
31243
31379
30428
30542
30878
31250
29810
30528
31821
28673
30652
31027
31838
29664
31130
30597
31301
29353
31020
31650
31433
30194
31571
31212
32670
29847
30089
30899
30342
30432
32766
30889
30906
29344
30251
31471
31340
32606
32328
32766
32036
30140
30885
30904
31040
30574
29805
31364
30903
29388
31489
29479
30025
32285
30389
30458
30451
30844
32388
32037
29605
29891
31062
31117
31277
30723
29734
30010
31955
31300
30582
31478
29245
31683
28957
30723
31561
31513
29875
31289
29240
31831
30735
29416
31870
31077
29925
29976
30528
31064
29862
30923
31314
29985
30657
30341
29299
30885
32755
30998
31286
31975
30228
31284
31926
31301
30707
32766
31288
31010
29076
31166
29699
31917
30424
31244
30842
31462
30830
31002
29829
30501
31392
30261
28673
32004
31325
28900
29289
31556
29714
30144
32766
30404
31050
29692
30525
31956
29797
30531
30460
30276
30509
29627
30573
30265
32260
30781
28673
31180
32195
30860
31407
29392
30754
31674
31064
30511
32152
30344
30347
29444
29980
30670
30854
32036
32620
30442
31268
30069
32395
32766
31906
31422
30019
32327
30055
29326
32575
29558
30917
31032
31686
29214
30267
30530
30926
29508
32522
31658
29501
31181
32055
31363
31680
32616
31638
29413
30723
31879
32765
29980
29111
30630
29724
30010
31536
31131
31612
30928
31492
31055
30749
30765
32324
31151
30709
28673
31819
31228
30699
32766
32531
30589
30952
30811
29237
30397
31871
30562
29409
30722
28673
28673
31069
30934
30661
30784
32223
31753
29978
30602
31611
31403
29869
30800
31573
29654
29388
30493
30029
30984
29565
29579
30163
30295
31108
30368
31397
30053
30952
29040
31878
31302
29833
28673
29124
31506
31499
30133
32135
29314
31193
32766
30371
29185
30935
31053
30767
29544
30602
30331
31485
31613
30815
29352
29846
29905
31012
30662
28977
30684
31714
30075
31981
29737
31783
32156
30380
31589
29293
30296
29952
30774
29793
32082
32766
30981
30668
30656
32264
30760
29829
31599
31121
32209
30416
30763
31367
29810
32361
30711
30164
30177
29991
31700
28673
30114
30327
30115
31591
30481
30141
28673
31577
32238
31166
29219
32293
29234
31938
30437
31181
29843
29634
29824
30617
32403
31148
30562
31869
31803
29986
30309
31519
30743
31154
30496
30203
29946
31190
31367
30494
30935
30095
32199
30463
31297
31479
31056
29555
29702
29447
29890
30345
30143
29081
29922
29896
30459
30557
30324
29042
31309
31714
30292
30442
29210
30084
29615
31945
32397
32372
31517
31060
31211
31382
31501
29623
30756
30193
30363
31806
31568
29370
29776
29196
29092
28673
31370
32268
32017
31578
28752
28814
31879
31061
31754
30663
31098
30949
29684
30852
31213
31211
31327
31180
29180
31762
30351
29717
30066
30580
31536
29535
29395
29860
31848
32766
30119
30650
31092
31566
30724
32653
29762
30432
31701
32175
30162
30389
30988
29417
31730
29095
30099
30612
31256
30928
31169
30638
29955
31991
31421
30411
31212
30499
30426
30693
30683
30522
30071
30867
30947
30125
29993
29864
32740
31602
28673
30324
31651
29823
29969
30302
30620
30918
32407
31486
31330
29827
31538
30241
31139
32214
30659
29397
31508
31118
31072
30213
30625
30619
31018
31031
32655
29012
32261
29469
31400
31220
29640
30962
32627
31598
31159
28673
31834
30584
30767
31544
31196
29930
31489
30197
28720
31513
32211
29968
31740
30363
29800
32233
30108
29638
30859
30536
29386
30344
30798
29075
31888
32020
30388
31979
29368
30505
29653
30926
31081
30191
30745
30230
29279
29779
31749
30022
30687
30364
30738
30789
31000
29258
31032
31359
30080
31140
29952
29631
29416
32766
31305
29023
32332
30976
31864
32766
30255
31128
30085
29079
29849
30991
29997
31273
31572
30589
30652
30943
29647
30071
31494
31808
30750
31498
31958
31941
30595
32626
29584
30999
29608
30601
31504
30889
29993
29104
31114
30811
30609
30835
32645
31795
31512
30022
32073
30843
31030
31801
30592
29479
31185
31056
31125
30397
31279
29845
30720
30312
31494
28755
32356
31805
28673
30175
31651
29213
30383
31072
30127
30296
31464
31380
29827
30283
31815
30583
31058
32060
31796
31088
30236
32315
31511
31246
31241
31429
29722
30837
32766
28907
30172
30770
30588
30318
30568
30225
30271
29909
32522
29968
32351
28673
28901
30111
30823
30159
29980
28750
30486
30903
30505
29788
29761
29718
30070
30055
30693
30506
29991
30554
31863
30353
29699
31897
30418
28947
29179
29638
30594
30259
30036
29278
31905
30134
31901
30581
32094
30198
32029
29946
28910
30601
32131
30539
30863
30111
29444
30458
29408
31427
30793
32495
30472
30997
30753
31218
32766
31658
32740
31775
31059
31861
31069
31419
30415
31604
29317
30339
30339
30613
30634
30068
31423
32145
30261
31438
30879
31466
29926
31412
30508
30895
32047
30389
31706
30312
30872
31159
30037
30591
31730
31641
30426
31076
29039
31627
31639
30023
31454
32054
29645
29609
30260
31752
30386
30115
30760
30275
28874
29395
29541
29308
30124
29898
29460
29478
31984
30624
29808
29412
29679
31073
29835
31280
29273
29540
30757
30838
30495
31189
30282
32001
29061
30854
30151
31742
30549
31830
29894
29576
30907
29221
31849
30720
31275
31485
30678
30918
31609
30181
31463
30864
31110
30333
30729
30133
31859
29294
31014
30542
31792
30786
30595
31778
32416
29979
31606
30952
30831
31842
30565
31414
29618
30441
29287
30721
31043
30375
32735
30834
29000
30797
30869
30943
30466
32176
30936
30069
31105
30405
28931
30376
30951
32212
30680
29591
31282
30757
28673
32660
31051
32226
30017
31963
30069
29620
30941
31391
31948
29331
31612
29847
29328
30201
30778
30971
29978
32766
30503
31047
29543
29739
30998
30324
29749
30103
31439
29772
29082
31452
30369
31125
31040
29093
30148
31129
30664
30107
29947
30769
29459
31271
31874
30266
30103
32437
30293
29584
30469
29763
31323
30119
30904
29754
31461
31261
30637
32766
31713
30095
32234
29831
30862
31246
31534
31055
30164
32766
31587
32766
29866
31242
31143
32037
31037
30363
31418
31558
31258
30373
29719
28917
32428
31261
31271
30629
31843
31323
30092
32098
30638
29957
31365
30161
30201
30610
30494
31260
29168
31028
29547
28854
31707
31778
30435
29425
31154
31230
29261
31521
30049
32766
30764
31627
31961
31163
31035
30255
29776
29966
31239
32034
31081
31880
30354
30779
31219
31471
30904
30882
31376
31021
31900
31049
30682
32766
29247
31856
32257
31697
30744
30652
31008
29902
32116
29983
31717
31582
30777
30945
31766
31171
31690
30026
29631
31409
31668
30850
31839
30589
31438
30928
29156
31783
30222
30672
29312
30212
29430
31670
32216
30256
32700
30480
29785
31048
30171
29801
30698
30815
31843
30533
30139
31803
32577
31546
28700
29890
29862
31155
32766
30418
31323
32766
30493
31224
29357
30546
28807
31358
32059
30391
30809
28673
30125
30361
30752
30887
30116
31539
29068
29491
31137
30392
28882
29427
32766
29627
29239
31823
31573
30286
30760
30140
31341
29144
31279
30652
30011
30095
32041
31904
30250
32593
28981
29753
31731
31748
32766
30966
30411
29980
29607
30648
31066
31093
31045
30809
30972
31473
31805
30376
31037
32477
31629
31011
31612
31911
31128
31192
29030
30637
30874
30345
32143
30336
28673
30341
29637
29639
30910
31950
30646
30618
31244
32760
29526
29477
31115
32067
31573
30580
30212
29824
31141
31372
32337
31302
29386
32307
31057
31284
30237
30150
29849
29722
30025
31644
29664
29426
32604
31439
32632
31066
29485
32031
29970
30397
30065
30330
32766
30829
31998
29488
29828
30591
30406
30708
31051
30287
31926
30550
30449
31688
32758
30950
31126
31017
30174
31489
29806
29148
30492
31958
31572
30953
30044
32154
30994
31026
31980
30801
29965
30532
31766
30483
29187
28696
30834
32523
31706
31733
31078
29795
29365
29534
29090
30269
32267
30573
31452
29863
29955
29213
30556
29529
30855
32715
31132
30995
29077
30838
31744
30571
32531
30404
31626
30103
29768
29607
32387
30219
30066
31911
31931
29399
29947
32042
30258
32453
31434
31492
28833
30902
29771
31270
31680
30892
31039
31274
31138
31435
31240
30016
29853
30269
30155
30380
31376
29761
31549
31201
30092
32766
31876
29632
29917
31521
32713
31101
29751
32428
29062
31493
31271
31958
30264
30881
32160
32505
31464
30497
30780
31034
28673
31510
29698
30392
31404
30731
31963
29587
31305
31465
29892
32580
31128
28673
31436
30641
31955
30929
30871
31211
30867
32012
30534
30837
32339
30447
30778
30885
30828
30748
29755
30862
30983
30358
30955
31188
31376
31543
30496
29511
30167
30456
30000
32072
30122
31642
29643
31656
30292
32392
29619
29649
31039
28673
29358
32578
30547
29871
30837
30819
29889
28990
30313
31882
31774
30443
32766
29587
32144
30480
31380
32141
29811
32297
31535
29542
31711
29938
31786
30802
31204
31076
30786
30862
31678
29594
30282
30647
32017
31680
29783
30570
30146
29722
31505
32766
29435
32138
29444
29354
29691
30114
31227
32717
29266
30981
29741
31897
30350
30223
31849
32167
29988
30208
31759
31280
31616
30519
30636
30577
32024
31021
29564
31420
30883
31859
31338
31391
31631
32375
30766
31078
29368
32275
31606
29660
29654
30470
31321
32440
31100
28901
31145
29963
29935
30212
30109
30511
31768
31938
28686
31119
32766
32766
29647
29882
30882
30736
30229
31604
29958
30659
29070
30627
31349
30566
30252
31019
31455
32581
31941
29799
31059
30874
29227
32289
31507
31109
30953
31220
29154
30318
30282
30218
29500
30775
29806
28943
30302
29272
31893
29491
31860
31236
30190
31514
30649
30762
30508
30714
32454
31629
29046
30153
30258
30692
30387
29678
29713
32766
32133
30642
32211
30041
30710
30612
32370
30056
32332
29364
30883
30865
30926
32766
30730
32618
31765
31353
30182
30911
32101
30958
29154
30915
30958
30940
31201
29498
31990
30003
30827
30189
29872
32395
31071
30082
30292
31597
30944
29407
29620
32766
29279
30784
30158
29913
29502
32766
31929
30197
31321
29271
29269
30567
29446
31362
31227
31522
31313
31109
31151
32015
30973
32751
30874
29659
30910
31173
30931
32240
31217
32191
32265
31420
31947
31492
30033
29703
29598
31185
31619
150
652
1205
1000
1844
207
1214
1697
1470
417
1880
1946
438
405
798
1587
349
1166
1899
568
1126
1231
1870
1363
1798
1602
1048
1293
633
2013
72
1883
1702
936
1129
1590
282
838
459
1328
1336
882
628
952
794
2025
932
2020
1307
755
1895
410
419
1828
1541
1953
667
1226
1936
1739
2
85
83
600
1647
1460
1381
646
906
407
1826
601
520
814
204
1970
961
1030
916
1566
1045
1572
1841
1314
726
32
226
980
1292
758
613
1817
307
1876
1171
1325
1764
818
544
1474
2017
836
1918
9
1451
1396
2030
1487
1131
697
808
205
522
1875
1783
257
569
1221
1168
1125
263
2031
129
586
1189
1467
345
1420
963
837
1560
1379
305
1914
76
436
605
1985
1612
1693
1747
1401
428
0
1038
1526
1056
746
1026
198
1605
855
1720
1323
1066
1737
1372
941
1267
1097
1546
888
1506
163
456
1700
1803
988
653
489
278
1167
1239
999
708
1627
1398
1397
1356
1551
396
2002
1906
1188
752
926
760
1073
665
107
215
294
360
819
1881
1923
415
788
432
1013
1988
470
894
1724
707
799
361
82
1872
1107
46
1190
533
1202
1856
1674
281
906
394
1743
1167
142
1138
444
1200
1347
1283
1937
356
1220
1506
901
417
1927
697
1662
751
917
144
1650
1424
991
1122
1256
619
16
1951
1602
1600
1782
1703
525
1751
243
983
1860
571
2
1923
460
1215
951
409
389
114
1635
1988
1183
1971
1645
1789
1070
934
50
400
875
559
1801
1925
91
891
1541
422
1024
1695
288
347
291
2283
4094
529
3060
1103
2348
2798
2197
1241
3074
1570
1722
1782
1160
2300
1445
2231
4094
2551
1391
1966
1193
2068
767
3642
1611
2277
1748
1783
1355
1
1713
2255
2393
2168
2196
2717
3253
1679
3724
391
2744
3455
1058
3069
3195
4094
651
1253
2301
2249
2234
1960
1970
2452
1067
1016
1892
1070
1469
3637
3684
3660
2737
353
1
2027
1245
1241
535
3793
1901
2537
2939
1959
2214
3751
1023
1684
2694
2470
1688
2245
1603
3797
2642
2395
1683
2563
1128
2101
2549
2037
1279
3165
2309
2515
1313
2834
1782
1539
2930
1632
4094
1741
2488
2377
2609
1709
2512
3201
3247
2117
2163
1835
1931
1763
1719
2993
2532
1980
2664
1707
2133
1369
2649
1504
1585
2289
663
2166
1532
3202
554
2621
1887
1764
1
3622
3764
2079
707
2294
2973
2058
2151
1560
905
2606
1354
3453
1849
2980
2916
2105
1465
2616
4094
3117
2244
1328
2475
1787
1894
810
1961
2665
942
2030
1
1977
2640
2747
1452
1650
1270
3249
1780
3227
1404
2137
2633
846
403
1439
3657
3918
2390
2991
1726
3419
504
1076
2653
2548
2895
2103
4094
2881
2985
1159
1770
2139
159
2352
2299
2833
2865
1389
2881
2999
2809
3324
3249
1589
2694
1545
3262
2599
3711
3591
1885
1961
2445
3272
2561
2946
1387
3266
1829
1262
2816
1661
1900
3644
2896
2656
935
2295
3613
2591
609
1182
2995
2611
1
4059
2793
1917
1554
2851
2092
1726
2481
609
2660
1685
1911
3164
4094
1551
1210
1059
2983
1835
1103
1734
1
1173
1905
1346
805
1756
3090
1
4094
2759
4094
2719
2309
1721
2993
4094
1
1940
2474
3297
2195
2615
3197
1090
935
2369
1311
3376
2122
3148
1644
3910
1275
1498
1835
1695
1489
2008
2848
3369
1
170
2676
1295
3739
3026
2279
3558
1422
3604
1174
3375
1370
788
3104
1027
3986
2104
2214
1127
2011
1818
1697
1851
1716
1574
3599
1139
2368
2151
3491
2868
446
1809
3118
3445
2071
788
3943
700
1267
2339
1591
1700
2298
2861
4094
3193
1654
892
1914
1920
2236
1723
2353
2641
1636
1449
1654
1963
179
1365
1273
2549
2318
3531
1180
850
1191
2217
1865
1567
1214
3806
1165
1219
2366
3780
1360
1
3148
627
3877
907
1592
4094
2640
301
3046
2350
1861
1576
496
1192
654
742
1
3058
1162
1760
1216
987
826
2173
1530
3021
2686
1845
2743
3873
2580
3040
1987
1
1570
1210
2760
2542
1975
3211
1018
2497
1597
1937
1018
1859
2085
3205
733
2002
1738
1281
126
3562
2418
1676
733
3048
2035
2066
1900
2268
886
912
3465
3949
955
241
1558
1128
535
874
2510
2967
2786
1215
2231
1636
2036
2769
1062
1362
2884
4094
3761
2477
1116
161
2287
1
1093
1773
2338
2612
659
2224
1611
3352
1792
2833
1149
1122
2284
2463
483
3085
1219
3666
2280
800
1733
2582
3251
1522
1398
1285
1352
2585
2524
1642
1571
4094
1506
2299
1784
3267
1364
1356
1037
331
633
3242
4036
544
2039
1356
1964
320
764
2735
2194
1982
2324
3183
1154
2933
1992
3083
1802
3821
3266
1831
1320
2386
2408
1026
1737
653
2305
960
2678
1956
3431
1472
1086
917
2408
1452
1842
1632
2200
985
1709
1157
3015
4094
2334
3568
584
78
2999
1472
3062
2005
1833
2258
1737
2164
1897
1406
1907
3078
1641
2464
2038
2120
2351
1520
2225
1493
831
1745
2474
4094
581
418
17
3000
3100
2559
2209
1751
1
4094
3168
381
2186
3126
1118
1800
18
1566
1585
2675
1435
2003
2317
2058
2005
1
1838
1230
3272
1415
1798
1799
2017
2620
1860
1252
3632
2905
2020
1218
2722
1138
1725
2053
3507
4094
1757
3988
1586
1698
2030
861
1569
4094
2636
3068
1842
746
2027
3371
1028
2884
168
3873
1923
1407
1495
2606
2961
1782
2617
2349
1794
1346
4087
914
710
2
1697
2009
264
2229
2841
2021
390
1746
2102
2977
1892
2214
1945
1201
3840
2499
430
489
2651
1704
2335
1748
1311
2028
662
3018
2370
3221
917
619
2088
4094
3479
700
2328
3753
2381
2798
2232
4094
916
2354
1070
1930
1708
1741
533
2766
2282
1035
836
2755
1680
2669
1
1
2281
2215
1331
2877
2460
2192
2194
1812
2900
1952
1216
1249
3174
2691
2295
1888
2846
1755
1767
155
1768
2047
1479
2091
3882
2504
1691
1663
3239
2752
1063
1440
2814
1818
3623
1445
2653
1941
1994
2596
722
2253
672
1650
1872
2738
2739
375
1891
589
1
966
2370
3545
2838
1643
3289
3304
1984
1981
1739
965
2652
1852
1612
3571
2687
1360
1756
4094
2052
1861
3651
750
1713
199
4094
32
369
893
2112
927
2126
2568
3296
2261
2459
1936
2039
2621
904
1334
1714
2487
3609
2774
2382
3585
2639
3045
2966
1130
2303
1996
1
2945
3769
1155
1012
2361
2767
675
1
3293
1718
2936
3210
578
4094
2116
3414
3392
2217
1194
869
1924
4094
2958
638
2435
1929
1171
1616
3981
2242
2280
3241
2276
2541
1095
2806
677
460
2333
2261
1467
2821
1062
3171
4094
1562
3207
2264
2170
2900
1929
2111
1
1574
2713
1165
107
1045
3217
2569
1714
2188
3002
1488
1410
1670
1230
4094
950
1012
2098
3069
1879
2330
2264
1370
2753
1417
1967
2470
1301
933
2451
3962
1918
2990
1370
2682
3317
603
1878
2219
1629
810
2255
800
1275
554
4029
1706
1580
2611
2344
2534
2356
3193
2015
1326
2671
3638
3016
2149
2982
2987
2071
895
2089
2350
1166
2685
1558
1631
1744
1573
1480
1445
1621
3340
1465
1658
1822
3109
2692
3319
2256
1133
2187
2378
2243
2897
2490
2577
2764
935
2508
2023
2989
2157
3158
1984
1143
1302
2750
1992
1213
2333
4094
1377
1161
1
1185
985
2962
3409
1460
1931
3340
663
1031
1565
2439
2391
2804
1828
2444
2871
2701
2191
1790
1824
1655
2923
3191
2254
2176
298
1484
66
2520
519
691
1006
3106
2273
4000
1431
2183
801
2096
3123
266
2519
2361
1342
1449
1455
2505
1262
1199
2510
1623
2363
884
1118
2683
1457
1307
1223
2410
2630
4094
1
3068
3640
3270
2492
2957
3861
2681
2617
2176
2380
1341
1
1
2070
991
2130
2136
22
273
1854
2127
1980
1714
1172
1380
2449
1751
3118
625
1304
285
1
2504
3385
1080
293
2050
2023
1277
1697
621
2648
2084
3211
1529
1563
1610
1489
2587
1682
1618
1856
2963
1099
2124
2092
3104
54
878
2228
3254
670
1479
2432
2693
2490
2543
883
2774
1
649
2314
1341
1
321
2948
1035
4094
2401
1159
1692
2112
1898
3510
2264
2742
1984
1947
1
3584
2274
1870
3693
2430
1703
2546
1824
2615
1883
1248
1682
2112
4094
1488
2150
1598
1543
1
2866
1497
1830
2479
1
2085
2799
1853
2143
1779
2934
2809
766
589
1415
227
2164
2667
3510
3417
1523
998
2492
3605
2561
339
1723
1631
3495
2278
3941
1490
2399
2394
2658
944
461
1662
1617
1804
3317
2559
1387
1587
2601
2753
1078
1805
2563
796
1068
2322
1733
2653
3071
2038
2641
1578
1350
3110
858
2261
2302
2388
1522
1209
2003
1950
542
768
1857
1393
3316
842
2743
1625
1598
3427
2798
1063
1714
2320
2517
2813
2173
1901
1642
3874
1984
3824
3004
1852
942
439
2498
2090
1255
2033
2544
2108
2137
2085
2268
1912
966
1507
3031
1830
701
2029
1382
1996
2208
2689
2080
656
2291
2766
1
1905
580
2652
1158
2000
2182
2613
3206
2391
1782
3759
2931
2215
2140
1204
2976
2344
3596
2376
1286
1772
3099
2316
2752
2357
2469
2578
2689
3403
2923
1092
1
1299
932
1232
718
2383
3690
2482
2673
1463
365
2760
1394
596
1622
1
4094
2011
1904
2445
2323
2000
2569
1773
3187
1247
1106
1830
4094
2672
3510
1411
2024
2149
813
746
3637
2224
1762
2533
2767
1949
673
1600
2489
672
2985
3305
625
1822
3751
1489
3172
1507
2748
1614
1796
3180
1009
2078
2562
2703
1343
1617
1609
2231
543
722
1
1503
1999
699
2516
2541
605
924
979
2429
2199
2346
2152
1985
1906
1527
1015
502
3126
1200
3043
263
2355
1846
1665
2145
440
354
1268
2889
3647
2134
3156
2140
2669
775
1
2615
379
1645
981
1850
4094
1323
2445
2016
755
2204
1988
2990
529
3217
147
1062
1424
1236
1783
750
1539
2061
2406
1155
1893
1901
1461
3138
2113
1649
1975
1731
2253
3202
2986
2541
1
3053
885
2852
1516
2581
1323
904
1979
3365
1431
2386
317
1604
2517
2253
1315
2218
1723
1911
2807
1324
2488
1
936
1162
3239
659
2826
25
1136
1337
2886
1572
1
4094
2152
3641
2712
2549
2209
3689
2810
1064
1658
1387
2117
461
1
1
713
851
1853
4054
1410
2950
3063
2290
2971
1229
1372
1830
985
1045
1252
1453
1069
3683
1939
3138
2027
2984
1146
2644
1228
1514
1930
2476
2192
3937
2220
3966
2953
2516
3672
2809
2022
814
2797
80
1975
2705
618
1966
256
561
780
1169
2644
815
2358
1150
1047
1822
1003
3866
2100
2127
3847
3382
1943
2702
1528
586
1850
2790
2797
1013
826
1303
1779
1516
1725
3005
1218
1883
2557
2764
2102
1823
1178
2153
1842
2515
1714
1513
983
1805
1475
3865
1154
510
1408
1515
1984
3163
2203
1272
2056
2240
2530
4094
2142
1938
3168
1601
1500
2759
333
2924
2981
958
3366
2682
2264
3439
2895
4015
1626
1591
2941
3051
2226
2764
2771
2422
2648
3116
1908
1819
2733
2377
2998
1745
2357
1726
2109
1053
2239
3295
3424
2061
1767
2455
1961
1458
2619
2779
2392
2023
1133
2754
601
1660
375
2289
2889
1
1512
2107
2354
3417
2235
3425
2925
2183
2268
3186
939
2814
3463
3095
2620
2867
3281
2752
2129
4094
3043
3209
486
2353
1130
1526
4094
1676
2167
2889
1004
1534
2605
2672
2250
852
1689
3325
4034
1868
2185
765
1314
2345
1914
2231
733
1946
3293
2980
1006
1
1008
3732
2679
2013
1448
2056
1469
1973
1735
2485
1990
1567
3528
1805
3150
1087
3236
4094
2214
2377
1
1246
2962
2057
2881
2820
2417
3259
1990
2636
2113
1210
1621
3031
1734
4094
1492
928
4313
308
1599
2101
5210
2522
4541
4895
5816
3290
1138
744
3672
2036
4583
1106
4394
5709
1183
3809
3408
5476
3082
2006
4821
417
4137
5192
4041
4759
2388
1626
3893
3941
3848
4841
3888
5741
2901
4612
5560
4468
4766
1614
1817
5515
4232
3001
4457
2604
2156
2704
3468
5763
5170
2807
5851
2891
2398
4079
2698
5608
1920
3286
5672
2205
715
1849
801
4524
3067
2357
2089
1875
5578
4438
772
5639
4711
3987
1490
2328
6101
4450
5071
3838
2016
2079
2505
1349
5193
3320
2048
3751
4734
1790
824
4495
1084
2825
4499
2086
5934
2235
3267
1468
5855
205
3476
3408
5309
2522
4202
5196
457
418
1693
1468
3413
1665
2404
5264
4556
5940
660
2379
1858
1789
5787
2678
2700
4253
1312
3568
3961
2099
2629
740
2137
5713
5318
5507
1058
5770
1593
448
5116
5970
1938
3528
856
5866
3087
2149
518
1258
415
753
4333
2647
3560
5421
973
5482
1109
4647
2723
6000
2678
2249
3285
2506
5957
1909
4632
350
5924
811
2507
5364
4127
534
2643
1501
4534
5912
152
3544
47
1703
3003
3928
3974
1299
6382
6449
8190
5790
6260
6836
6354
7098
7332
6001
6613
4582
5550
7075
5193
6838
4747
4352
6261
6751
5681
5649
7122
6757
4737
4830
7462
8190
5178
5737
7258
6179
5700
4753
6113
6789
7698
4322
5137
4878
5296
5942
5972
4967
7651
7080
5182
6043
5281
7952
6144
5124
7325
6318
6877
7206
4097
6072
7122
6986
5947
5667
7658
6324
5656
4518
4896
6528
6218
6475
5143
6187
5986
6637
6686
6199
5616
6390
6358
7037
5890
7075
6505
7038
7615
7954
5473
6068
6314
7233
7873
6290
7417
7536
6320
6173
5417
5472
6743
4097
5301
7750
4729
5786
8190
8190
5490
5957
4741
4953
4915
5797
4212
7129
5751
6763
6146
5706
6226
4741
5780
5874
6571
6348
6872
6919
4506
5136
5974
5684
5139
5019
5226
6444
5014
7707
6867
7797
7254
5488
5931
6470
6976
7587
7939
6361
4805
7270
6337
6557
7758
7523
6927
6808
6307
7272
5596
5092
5352
5144
5770
7390
5697
6026
6398
6939
4263
7312
4097
4586
6554
7147
6504
7125
6309
6968
6999
8190
5374
7130
5683
4097
6471
5544
5560
6595
5990
6853
5687
6686
5317
4581
6743
5477
6130
5549
5978
5767
6843
6046
6234
7218
5577
4462
4097
5155
6037
6053
7167
5408
6169
5376
6841
5886
6440
7192
5776
7941
6001
6702
7048
5652
6564
6514
5376
6510
6474
4340
7331
6724
7712
5154
5775
7204
5913
8190
5527
6842
7113
5768
6106
4668
5771
5221
5674
4945
6627
4384
4740
5435
5193
7130
5251
6930
4943
5732
6170
5809
6009
4842
6410
7078
6875
6226
4753
7346
6989
6128
4914
5496
4254
6614
6459
7608
6643
5543
5385
7623
6271
4276
5931
4779
7434
7758
7106
6832
5107
4856
7510
7191
5324
5734
5895
5406
8190
7190
8190
6208
6685
4796
6375
6927
6237
7711
5667
7442
4552
5077
7568
5784
4885
7009
6133
5941
6278
7769
5613
5323
5487
6726
5819
7358
6922
8146
6432
4097
6192
6669
6868
6498
6071
7368
5627
5888
4890
7137
6383
5185
6889
5521
4613
7495
6307
6635
7021
6711
6895
6588
4991
5912
5466
6421
7788
5772
6288
5427
8190
4754
7263
7293
5802
5513
7222
6510
5731
5432
6170
5807
6181
5648
6060
6369
7343
6211
4881
4803
6259
6351
6711
6075
6265
5617
7066
5588
5478
5854
5054
6575
6184
4920
6288
7419
6689
5758
5927
7357
6218
6176
6854
5003
4362
4727
5357
5566
6445
6910
5904
5030
4097
5535
5953
6614
4505
5535
6296
7471
5648
6141
5766
6322
6164
6694
6584
6148
8190
4097
6542
5863
4505
5932
4097
7265
7840
5924
6504
7891
6119
6552
8190
7280
7344
6655
5354
6315
7285
4905
5384
6155
4406
5459
5723
4428
6076
6552
6270
4961
6939
5601
6944
6937
5271
5164
5526
8190
5983
4948
7610
5079
4097
6455
6503
5965
5307
6243
4622
4761
6647
5287
6870
5447
5912
5127
6726
5245
4097
6832
6792
7488
7527
6931
7882
5681
6763
6083
7259
6701
5507
6904
7080
4589
4435
6308
7411
5413
4097
6604
6181
6765
6627
5903
6658
6850
6807
7205
4884
6829
5197
4275
4776
7322
4715
4261
4756
6617
5514
4838
5787
6478
6039
4414
7004
5433
8045
5167
5426
6117
7611
4265
5821
5608
5897
6597
4995
5779
8190
5279
4097
6971
5611
4794
5144
6902
5933
5080
7668
5121
5827
6509
6505
5548
6198
4977
6567
6619
6876
4885
5982
6483
5490
5143
5910
5453
6371
5527
6801
7232
6396
6043
7488
4834
5679
5432
6583
6241
4536
7805
6137
6553
5700
5887
6711
6646
5797
6858
5125
6854
7197
5067
6641
5963
5647
5712
5283
6110
4958
6709
4425
7717
6446
6089
4366
8144
6808
6520
5531
5258
6696
6677
5484
7086
6331
6241
5484
8044
5359
6253
4097
5781
6049
7031
7417
6147
5378
6491
6793
6475
5587
6111
4097
5863
5241
7408
5756
5712
4861
6461
6241
5938
4097
6833
5077
7288
5838
6378
6432
6277
6433
5436
5994
7097
5983
4884
5361
7174
5781
5580
4103
6518
6434
5715
7559
6161
6422
6210
5923
5765
6192
5885
7655
4987
6000
5780
6218
5882
8012
5654
6021
5686
6585
5904
5842
6863
4964
5597
6243
4961
7214
4097
5407
7219
5930
5754
5340
5555
6345
6820
7372
6135
5578
7152
6078
8190
4361
6887
4988
6886
7553
6843
6864
7563
4783
5782
7271
5684
6447
7673
6593
8190
5529
7333
5503
6872
6419
6414
7074
6253
6010
5678
6602
4962
5451
5468
6137
6647
6058
5946
6216
7496
7504
6052
4776
4716
7140
5149
5404
6514
5255
4870
4963
4684
6717
5713
5720
5730
7437
5587
5965
6708
5880
7231
6974
6932
6500
5712
7076
5404
6311
4904
8190
7124
5353
5778
5245
6443
4905
4097
6429
5887
6275
6565
5169
4495
8190
6545
5160
5212
5324
6846
6724
5152
4488
4541
6498
6656
6411
6050
5103
5638
5065
5305
5127
6251
5892
4097
7518
6584
5227
5705
7122
4460
6143
5597
7068
6438
6558
6230
5142
6503
7793
5255
5759
5150
5768
4625
4097
5942
6578
6378
5279
5061
4792
4787
6488
5227
5662
5441
8145
6172
4097
4793
6521
7458
5888
7394
5934
6048
8120
5881
5613
5564
5908
5955
4156
6184
7336
6828
6083
5876
6462
6177
4440
5588
5369
6452
6503
5601
7975
5511
5558
6038
5457
6806
4851
7933
6487
5614
5583
6139
6209
6865
6048
6270
7041
7304
5547
7348
6335
5632
6184
4097
5398
5952
5822
7617
6301
6082
5881
5255
6005
7211
4722
4766
5596
5030
7266
6906
4097
5193
6654
7295
6343
5849
4756
7170
6252
6949
5908
7291
6580
7093
6850
6534
6708
7801
5271
6443
7239
5854
5513
6948
6638
6300
6952
4097
6020
6883
5224
5684
5047
6565
6625
6327
6776
5826
7812
6474
5747
6880
5735
5100
4844
4592
5884
6848
5319
4202
5609
7384
4513
6506
5721
6374
7004
5159
5908
17583
2302
13629
15583
5116
8465
16733
7109
3411
3925
1616
18378
14063
8978
4250
1349
21
12024
11905
16855
2280
10330
10875
17137
13974
18273
15778
9710
8434
5257
3585
15180
16146
16603
13085
2092
15559
1283
11256
6678
5239
8948
2564
7389
1896
4655
17706
8980
6246
17322
14945
6020
12004
14235
4334
1971
8898
6235
16996
12682
1015
6108
17294
17509
4040
4677
359
15113
16040
13641
182
12859
10337
15192
16162
4653
11488
13144
14174
4476
10751
11474
16340
11352
7149
9189
13026
267
379
17923
16493
16365
5575
13349
5478
3721
11537
8044
7009
10052
7845
17482
9858
11254
10286
3231
10869
10083
19708
18661
18636
17955
17186
16385
17921
17725
18856
19548
18530
18390
18446
17293
19704
17536
18739
18203
17843
19499
20478
18726
18835
19917
18048
17263
17986
18391
17639
18086
16385
18189
19703
18737
19384
18080
19027
16936
17551
19431
17442
18843
17325
19496
17878
16385
19536
19146
19095
19881
18593
16871
17698
18440
18465
18592
16823
20478
16385
17896
17749
19578
19137
17354
17951
17303
16385
19400
19443
18497
17393
16713
18977
19382
18999
17783
18211
18897
18110
19294
17962
18112
18035
19155
18855
17247
17701
17442
18114
17993
17782
17716
18780
19857
17124
18291
17688
17674
19541
18222
18484
16674
17335
18287
18199
17342
18349
19031
18162
16641
19711
18465
18514
18579
17868
17019
18853
17836
17398
17141
16978
18753
20231
18563
18511
17787
18398
18152
19947
19747
17600
16882
17966
17976
17685
18390
19648
18153
18955
19228
18075
17083
17877
18277
19752
17722
17627
18501
18389
19316
17945
16437
18982
16520
18787
17341
17489
17151
16385
18025
18351
18472
19616
20413
19448
18768
18488
19527
17314
19202
17364
17599
18923
17462
18994
17619
19088
19812
17603
18121
17692
17785
19509
20478
17788
19923
19921
16385
19571
18715
19610
20478
19305
20092
17234
19435
18568
19500
18660
18445
17567
16462
18095
19773
16385
19308
18400
17697
18312
19232
18993
16916
19094
18765
18247
16385
17703
19729
18052
18662
19753
18815
17965
18765
19789
19048
18776
17186
18712
20240
17972
16385
16993
19710
18379
18607
17332
16911
16886
16385
16810
16805
19405
19200
18092
17244
17668
18559
18572
18833
17701
19231
20073
18176
19520
17859
18890
17580
17069
19902
18711
18916
18801
18987
17031
17937
18949
20478
18831
20478
18419
19783
19230
17292
19398
17611
16880
18996
17703
16725
18000
16897
17036
16667
20216
16385
18745
19286
18851
17926
17565
18265
17817
16385
17088
18385
17210
18601
17141
16385
18918
16934
18523
19708
18277
19812
17908
17672
18868
18898
18463
18758
18067
18360
18246
17452
19579
18653
18089
20349
18753
19092
18245
18308
17941
17476
18426
17829
18255
20047
18584
18172
18184
18242
18602
18661
19650
18912
19353
18799
19415
17974
20478
17588
19592
18451
18633
18953
16929
16546
17773
19407
18983
19633
18853
19440
19401
18088
19746
18359
18089
19185
16891
18538
17943
19654
18294
19283
20478
17123
19434
17648
17229
19741
17984
18654
18030
18406
18992
19362
17994
17665
19423
18652
16570
17002
19689
18740
17361
18053
17059
17090
17754
18657
18866
17517
19098
18134
18965
18780
18789
17541
18557
18088
18807
18577
18439
17956
18872
18327
17932
17132
19383
20013
18015
18740
19493
17661
16929
19189
19875
18475
18104
17480
16834
18548
17127
18896
19172
18334
19798
17254
17871
17885
19345
18314
19781
18245
16385
19719
18710
18384
16947
16550
17915
18928
18518
18668
17929
17849
18915
16899
17670
18398
19102
16973
17937
20478
17657
16831
19190
18187
18285
18059
17006
18713
18825
17494
17572
18980
17941
19004
19224
16385
17995
18644
19147
18101
17790
17659
18018
19399
18004
18631
17711
19844
17166
18212
18044
16947
19857
19374
20119
19191
19553
18506
17992
19023
17613
19560
17993
17788
16626
18944
18430
19949
17567
17576
18499
19999
18547
19840
19596
18400
18859
17227
18651
18961
18795
19458
19514
18655
19203
17159
18921
17909
17857
17059
18608
19477
18339
20478
18454
19817
18327
17621
17291
18362
20478
19159
19607
17439
17967
17292
20027
16659
19817
19338
18323
17831
19292
19050
19535
18739
19243
20106
20275
17509
18697
18132
20127
18695
18370
17352
18957
20478
20094
18080
19658
17718
19950
18145
17483
17098
18833
19787
18322
18528
19135
17441
18548
18379
18136
16672
18901
18706
17471
18151
19078
20203
17174
19910
18671
17630
18007
17836
19197
20096
18924
17673
18729
17748
18127
19271
19125
18014
19111
16432
17993
18946
16385
18961
18931
19451
18358
19009
17040
19645
17983
17954
20478
16767
18538
18344
16742
18929
17957
18666
19395
18559
18842
17373
18012
18388
17651
18863
20213
18009
17370
17523
18248
18739
17493
18972
20478
17464
19055
17529
18784
18230
18155
17981
18154
19041
18895
19663
17738
17148
18401
16770
18920
19048
18473
17967
17477
18814
18170
18447
19749
18193
20478
19109
17262
18069
19061
20114
20289
16914
19049
17205
18703
18056
18174
18987
18025
19631
18369
17752
20327
17957
16677
18801
17695
18941
17763
19460
18025
19868
17451
17590
19030
19598
17615
17299
18592
17906
18795
18008
18954
17446
19180
19454
19558
17463
18792
17568
17458
19642
18206
17843
19476
19326
20051
17032
18792
19932
18403
19458
18552
19392
19330
19450
18880
16998
17918
17951
18125
17637
17246
19109
18448
18592
18503
16455
18724
16666
19658
16763
18296
19798
17519
17780
17172
19246
16684
17334
19294
18480
20478
20128
18907
18736
18541
18340
19224
19558
18648
18350
19121
17676
18026
18443
19217
18847
17833
18971
18142
18348
20478
20019
18331
18803
18064
17532
17608
18085
19106
19621
17721
18603
19134
16676
19280
16613
17826
18137
19847
17021
18290
18011
18442
18506
17913
18860
17537
17370
17225
19472
17630
17884
19240
16778
18861
19234
18809
17721
19779
17921
18819
20478
18861
17037
18031
18282
18806
17830
18054
17336
20265
17911
17545
20478
17438
17350
16512
16431
18240
17565
18188
18332
20478
16547
18654
18115
19004
17553
19688
18030
17125
18531
19822
18922
19631
19921
17955
19962
18255
18187
18683
18008
16440
18603
18437
18911
19005
18649
19201
18180
20292
17666
19077
18022
18936
18687
19311
17775
18431
17897
20187
20410
17010
18584
18550
16504
18186
18398
17808
18086
18085
18636
18599
20310
18657
16669
16847
18606
18336
19500
19847
17608
18542
19751
18606
18503
19218
18507
17617
17497
18485
19515
16837
19747
16597
17864
18218
18705
20075
18047
17584
19235
18223
18459
18913
19264
18164
18697
17784
16385
19219
18840
16650
16810
16385
18658
17806
18424
18834
17813
19068
18415
19420
16691
17795
18789
18004
18170
19305
17284
19901
19341
17928
20478
20292
17792
17509
18405
17948
18405
18028
18039
18822
19104
17342
18824
17994
16392
20450
18086
19143
19321
18665
18527
18547
19549
17818
19649
18780
18392
17116
18830
17328
19037
19276
19150
18535
17992
17476
18948
17681
18422
18115
19217
18490
16899
18197
18806
19472
16385
19191
18244
18272
17527
17868
20448
17126
18133
18633
17155
17265
17922
18694
17401
17973
19040
20044
20478
17693
18246
19236
19594
18089
18096
18443
19229
18480
18870
19011
18545
20478
16801
18212
18752
19481
18126
20103
18043
19989
18082
19318
18770
16385
19393
18281
18933
18387
17865
17980
17583
18026
18544
19117
17519
17973
18981
18273
19773
18171
19799
17425
18263
18276
18190
17579
16694
19228
18473
19014
19577
19655
17926
18482
18693
17601
17705
18756
19245
20478
19564
18676
17261
18597
18260
16760
18157
18800
18905
16575
18202
17047
16660
19175
19588
18070
18998
18476
18145
18603
19680
16385
19921
18509
17196
18452
17836
20478
19911
19007
18654
18055
17675
18937
18489
19289
19110
18532
20317
18360
18372
18647
20149
17739
19429
18203
16973
18649
18574
18444
19541
19926
17411
19023
18158
18858
17880
17879
17874
18817
19232
18892
19353
19020
18898
19250
16385
17888
20052
18272
18988
17269
17741
17544
18318
17472
18176
17028
18403
18027
19253
19521
17639
18071
19643
18571
19376
17762
17545
18621
18433
18177
16385
19852
20228
18925
18680
18190
19085
18265
18293
18919
16385
17963
18701
17916
16810
18009
18282
18213
19335
16385
17093
17026
16888
17925
18269
20100
16881
19194
18807
19525
18357
19181
18235
18605
20442
18708
17884
19168
18655
18174
18657
17356
19361
18029
20064
18509
20391
17735
18652
18901
18340
19726
19918
18502
20271
17714
19486
16385
17376
17768
20368
20017
16877
18339
18327
19074
20478
18504
18461
16812
19087
18051
18151
18906
17885
18566
18032
17976
16887
18000
18360
19956
20224
16439
18168
17167
19118
18589
18931
19247
18097
17717
17283
17742
16964
19118
18649
17981
18884
18342
17729
19088
19041
17090
19064
18854
18058
17704
16385
16924
20395
18332
18898
18649
19875
18288
19031
18131
16975
19675
16385
20302
19716
17100
16912
19608
17594
18401
18455
18802
18952
19855
19407
18044
18147
17231
18364
18338
17778
18784
19090
17807
17844
17920
18822
17541
17308
18640
17814
18722
19293
18365
19833
19195
18399
19772
19488
18488
18599
19472
17597
17890
19081
16627
17668
18582
20030
19280
16385
16630
20216
18452
18612
20172
18801
17048
19319
19066
20262
19508
18279
18816
18162
18943
17087
18716
17946
17532
18683
17178
19594
16861
17888
19011
19448
18162
17006
17684
18868
18230
18049
20143
19407
18556
19181
19970
18133
19416
18540
17925
17974
18575
19557
19009
18917
18008
18110
19312
17821
17194
18013
17851
18149
18856
17710
18414
19307
18121
17587
17422
19426
17523
19559
18120
18612
18636
17939
18413
18264
17236
18542
19025
17782
19899
17459
18644
18131
17204
18846
17338
19434
20079
19348
18705
19832
17146
18719
17656
18884
18147
19962
17925
19652
17476
18477
18633
20215
18115
19809
17752
19385
19125
19140
17982
20474
17690
18518
19964
18901
18211
19136
18271
19557
20172
17089
18357
18881
17172
17747
17716
20006
18723
17173
19753
18952
18765
17580
18979
19006
18195
18067
19536
17726
18246
18317
18351
17472
17604
20394
17863
18019
17118
19131
17527
17644
19596
18045
17626
19043
17468
17791
17368
18820
17017
16960
19525
17899
17926
20452
19635
20478
20478
18006
18479
18443
17060
18671
18995
17429
17360
18193
18985
17508
19147
18151
18077
16671
16808
18971
19217
19249
20393
18656
17330
17549
18611
17408
16385
18257
19134
19010
17489
17490
18952
19575
17792
18901
17752
19063
18010
18683
16385
18703
16385
18801
19413
18061
16495
18322
16385
17697
18511
19506
19171
16390
18124
18959
16896
19254
19882
16787
19673
17920
17425
18419
19286
19662
17765
17902
18017
20478
18097
19065
18357
17617
19452
16846
18903
20478
19283
18759
18976
20478
17533
18227
17750
16972
17051
18451
18400
17915
16385
16948
18751
18512
18313
18897
17462
16615
18837
21080
16525
19874
14880
23714
368
23834
6852
5069
21121
5860
11589
13032
16737
21561
24545
21774
170
23724
24933
3833
25056
15216
3540
14560
532
17026
13442
11429
24492
14454
7542
11475
12647
18475
18416
2729
24914
17374
10198
10512
6610
26033
19961
3231
18785
1526
23894
15199
6614
11489
22968
21594
12842
8719
12747
14672
22957
11144
9540
10520
2924
24331
17769
2029
2908
18026
23337
18841
21256
19324
23659
5900
17174
11756
18230
8230
20253
19943
16051
6259
21556
2089
1975
10296
2283
19
14837
19798
12567
3920
6704
21328
12338
21502
13985
8520
25418
7374
17374
13568
19575
20785
12123
9347
22906
5576
16846
5315
19941
23842
8478
22622
23036
16953
3566
1179
20461
24107
25344
3135
25873
13792
13514
12783
7637
24026
1139
24948
7184
20087
11564
810
12138
705
6570
18949
6196
9922
26038
18545
10112
7948
15120
19215
6189
4995
22680
12720
14268
8005
18660
11598
12576
20624
6412
18233
10806
302
16559
14361
2764
26261
22197
24223
15570
7876
10466
8680
1812
9495
21657
13373
8705
23
10314
7766
17862
25016
25524
26914
26822
28168
27056
27103
27078
24709
27002
26322
25556
25242
27213
28601
27968
25522
27021
26492
26690
25061
25887
26523
27100
27531
27934
26587
24577
28530
28522
26916
26132
26067
25877
25806
24577
25719
26776
26658
26792
26338
25877
27111
27182
26671
27109
25372
25928
26446
24577
26083
26332
25889
28670
28303
28569
26980
26842
27849
24884
25894
26381
27507
27658
26772
27153
26863
24577
25781
27393
27402
26301
24577
26116
26249
26335
27386
27956
26242
26165
25821
27752
28333
28179
28670
28052
25690
25439
25918
27950
27107
26907
24756
26938
26044
26581
27472
26198
25218
25909
27627
24577
26681
26549
26472
26715
25494
25607
26368
28556
27717
27224
27194
26565
26977
27180
26480
26783
27092
25467
25154
26965
27078
27984
24942
27225
28285
26593
26011
27142
27492
25702
25843
26754
27040
24829
27586
25037
26638
27422
26705
27574
26366
25513
26230
26281
27369
26458
28670
26572
26831
27346
24577
27994
27881
26946
28670
27817
27375
26613
26136
26297
26945
28465
25031
26632
24885
26240
27384
25884
26699
25859
27299
25825
27596
25848
26229
26036
27620
27262
27544
26995
25205
25542
26391
27149
27618
25237
25073
25808
26556
27751
27169
27636
27550
25445
28556
26027
27123
26697
26755
25850
25987
25812
25726
26364
25933
25746
26595
27025
26772
26675
26168
25781
25552
28540
27003
25319
27043
25685
27167
28670
26192
27237
25969
26596
25673
28462
27357
24577
24905
28344
26382
25955
25537
27472
28117
26595
26944
28042
27540
26369
28097
27916
26151
28557
25641
26777
27304
24577
26528
26853
27080
26993
27519
28670
26010
26752
26965
27551
26864
26887
28046
27633
25872
26357
26312
25283
27095
25034
26347
27253
27193
26634
26298
28670
25746
26003
27233
26414
26778
25086
26461
26283
26759
27934
27390
26421
26333
26469
26195
25763
26388
28107
25054
28450
25581
26838
26662
27119
26525
28058
26934
27306
26422
26698
27378
27230
27049
27714
26716
27329
25715
25066
26650
26547
25220
25970
26259
26905
24577
25838
26716
25584
25440
25916
26413
25227
26524
27772
27575
27016
26459
26863
28196
25102
26105
24606
25283
26453
25489
26967
25007
25353
25314
27496
26189
24629
26932
26556
26298
25767
26646
27443
26396
26518
26736
26373
26560
26134
26830
26631
26284
28657
28111
27437
27149
27806
26723
27743
26864
28304
27167
27687
25809
25553
26478
28670
24882
28670
26892
27280
25646
26310
26054
26117
26242
25722
27095
28329
27642
26632
26936
28258
26920
26938
27529
26742
26053
25704
25929
27931
26046
25397
26739
26817
26405
25648
24577
27446
26804
26922
26739
26035
26856
27144
27219
25052
24577
26355
26325
25602
27663
26223
28488
26631
27211
27342
26643
26732
26523
26419
26563
27433
27554
25133
26387
26684
25389
27222
26550
26371
26146
26334
26528
25001
28061
26814
26649
27016
26504
25522
27752
24577
26015
26483
26108
27636
26307
26560
24577
27244
25801
27784
26207
28278
26144
27174
25429
27065
27180
27107
26221
26078
27256
27873
27365
26730
26716
27630
27163
27854
26683
27223
26652
27699
28188
27244
25324
26832
27258
24888
25560
25564
25743
26726
26321
27739
27667
27166
27522
28133
26595
28227
25453
28491
25049
27631
27180
26947
24577
26242
27078
25778
26874
27913
26689
25873
27921
25411
27264
26634
26316
26893
26091
27809
26487
27933
27740
28485
27591
26589
24577
27682
26160
26225
24577
26511
25807
27988
27111
27877
27534
25871
26514
27090
25028
27184
27352
27389
27498
26260
24985
26483
25406
26269
26187
27076
26081
26380
26920
24577
25887
27209
26689
25012
27315
25319
27403
25837
26141
26305
27476
27322
27697
25933
27405
25561
26856
25059
26247
25411
26216
27530
26368
26864
26813
26949
25573
27945
24639
26491
26737
26097
27625
26273
27093
24764
26302
27035
27533
24577
24615
25472
26790
26945
25699
25373
26433
27304
26850
27629
27253
26866
27366
27308
25487
27415
27700
24989
26920
28670
26661
26935
25870
26415
27374
28188
25773
28628
28074
28496
27836
26984
25782
28398
25397
25801
26617
26783
25350
27826
27748
28052
27504
28516
26040
25469
28457
27235
27585
26926
28322
25924
26752
27270
27749
28062
24874
26105
26033
25112
27060
26886
27180
27405
27142
26700
27679
26143
27158
26775
26908
27059
28483
26466
26223
25903
26125
26427
28006
25735
25716
28626
25466
27604
25014
25965
26333
27394
24577
27115
27413
27810
28670
25349
27344
25429
27801
26992
25762
26889
27119
26633
27587
26977
28024
27131
27519
27072
26788
26112
24980
25376
26403
28048
27032
25213
27219
27447
26029
26198
24577
26785
27858
28233
26097
27242
27347
24879
26794
26974
27434
27794
27772
25122
27460
26943
24577
25541
26279
27440
26933
26814
25887
24736
26804
25051
26773
26559
26292
25891
28346
27827
26819
26742
26969
25669
26667
27620
25957
24806
27767
26186
26273
26206
26470
26902
26858
26168
27025
26989
26806
25549
28670
24577
26053
27241
26513
24577
27649
28221
26821
25849
26047
26496
27258
26777
26725
26357
28152
26830
26769
26133
28440
26857
26985
26007
26461
25067
27531
24577
26533
27464
28393
28308
27160
26611
25895
26812
26630
26326
26319
27246
28670
28538
27286
27403
26150
24756
27157
26306
27126
26039
25074
27373
28670
26184
26304
28316
26640
27538
26305
26755
26221
28280
27965
26524
28428
25399
24841
26561
25426
27187
25399
26376
27869
27418
27480
28157
26522
27516
26124
25361
27413
26203
26028
27013
27279
25164
27430
25528
26244
25906
27750
26370
26632
27943
25037
27095
26533
25754
27070
27696
25812
24577
25762
26409
28028
25715
26837
27739
27164
27222
28232
27402
27396
25766
27725
27618
26139
27082
26887
25665
25978
27562
26510
26773
27193
26575
26815
26043
25735
25384
26112
26641
27403
25603
26935
26741
25540
26064
25964
26559
25858
25852
27549
26194
25008
25298
27457
27005
26566
26878
26368
26674
27262
28276
26451
28670
26609
25279
28259
26225
26387
26998
27407
26101
26894
27059
26373
27140
27289
26503
25532
26330
28026
25291
26689
27238
26555
27137
27742
28309
27138
25596
26869
26194
26857
27293
27187
25716
27726
26336
27268
28207
26769
26262
28548
26476
25353
25252
27427
25103
26005
28038
26770
26663
27362
25173
26448
25893
27480
26876
27527
25874
26955
25955
27827
27153
26324
25753
26265
28100
25160
26520
25857
26388
25850
25823
26708
25998
25672
27014
24577
26419
26774
27599
27473
27813
28117
26381
27144
26847
25091
26518
26107
24832
26037
26361
27284
24577
25869
26129
24577
25672
26011
27295
27172
26207
26633
27435
27011
25581
26786
26817
26993
27134
26940
28162
26252
27499
26052
26346
24577
27159
25643
27281
27552
24820
25639
26501
26482
26310
26297
28104
26545
26465
25984
26746
27778
27409
26470
27706
26609
25072
28047
27367
26759
26575
26632
25902
25121
27756
25829
25651
25916
26085
26036
25003
27372
28388
27926
26048
27742
25841
27014
27112
26669
25921
26738
28657
27396
25009
25905
27479
25378
27010
28554
25070
24577
26023
26380
26142
26403
26008
27424
28670
27138
28440
28470
26606
26662
27848
27755
26528
27616
25589
28500
25763
26844
26515
26378
28318
28060
26081
27724
25963
27038
25866
26855
27535
25614
26079
27080
26585
26103
27021
27359
26568
27064
27247
25592
27567
26945
24577
27268
26068
25493
26054
25467
26074
26211
25192
25352
26198
25057
26770
27509
25870
26402
27446
25407
27279
27560
26693
25962
26718
25807
26849
25835
26438
26890
26548
24577
25011
27055
26485
24577
28512
26489
25989
24848
26840
26964
27340
26405
27290
26625
26030
27646
27339
24644
25067
27392
25236
25537
24939
27507
26661
26398
26404
27055
25547
26010
26123
25496
27370
27507
28291
26471
26853
26833
25596
26643
25606
26686
26430
27738
27063
25784
25675
25996
25627
27949
27893
25552
27347
26260
26418
27139
26660
26836
24577
27454
26395
26867
26872
26035
25571
27451
25411
27739
25394
25761
26791
26095
25676
26678
26449
26188
26938
26874
25091
27065
25378
26252
27416
27094
26929
26352
26225
25599
26434
25856
27855
25534
28670
26306
27915
27802
26377
25537
27064
27444
25899
26783
25325
27643
26190
25994
28049
25180
26248
28670
27083
26863
26453
25056
27953
27424
26520
25796
26917
26825
25885
26057
27003
27481
25515
25948
26569
26685
25437
26590
25913
28143
24677
27732
26655
26960
26340
25920
26617
25113
27112
28481
25776
27264
25813
27114
26269
27213
27052
26083
26590
28428
26862
26710
27310
27309
27520
27241
26492
26848
25361
26240
26611
27033
24715
26136
27620
24946
25719
25038
27193
27553
26357
24577
26014
27079
25975
27856
26558
26652
27916
26245
26742
25316
25924
26602
26459
27231
25646
28207
26636
26775
26060
26250
25296
25523
26303
25560
25696
25622
26368
24577
27405
26183
25391
25592
26927
27708
26425
27423
26750
27799
25393
26375
27072
26275
27847
24577
25556
27489
27322
26995
24762
27005
27747
27188
26694
28670
26307
25758
26650
28060
27072
25637
26163
26533
27541
27164
26208
25952
26620
27036
26755
26513
27666
26702
27478
26708
25496
25766
27068
24807
25654
26448
26005
27223
25681
24715
27867
28670
27716
25846
27425
25742
27972
27650
28257
26734
25971
27004
27713
25371
28349
26758
26829
27758
26202
27315
26944
28670
25797
28670
26901
28126
26303
26910
25587
25714
26563
25981
26710
26668
25268
26350
27294
25480
25581
27215
26233
25611
26428
26050
27032
27636
28670
25615
26979
25642
26224
27297
26768
26726
28036
26495
27823
24787
25503
27141
26588
26212
27857
26599
26977
26781
25588
26135
26174
27852
26551
28111
25777
27397
25911
25747
25658
26321
25569
26203
26370
24792
27494
26744
27886
28070
27742
27723
28599
26027
26094
26281
25524
25696
26136
26560
27064
28670
27731
27554
25796
24986
25382
27954
27058
26825
26627
27182
26024
26236
27328
28160
26035
26562
25999
27812
26196
28309
25128
27838
26388
27635
27594
27126
26156
25838
26400
26441
27205
26265
26594
26342
27620
26466
27946
26916
27808
26236
26758
26154
26057
25625
27359
28088
27049
27049
26293
25760
25261
27160
25616
26702
26439
26788
27861
26929
26118
26297
26665
25964
26738
26250
26407
25751
25373
25835
25390
28670
26434
26130
27568
27448
27755
28153
28065
26855
26954
27991
26174
27134
26532
26505
27471
27704
26721
26107
27327
24577
28039
26313
27737
25974
26859
25680
25654
27735
25969
25512
26905
27934
26750
26817
27686
25720
27273
26474
26466
28311
27458
27177
26982
27660
28194
26060
25435
27401
26216
25740
27362
25797
27172
26978
25954
26549
26697
26100
27168
27129
26143
27344
26121
24604
26795
27129
27633
27702
28243
27571
26070
26110
28373
26103
25364
26736
25451
26023
28189
26762
26039
27493
26769
28254
27018
27072
27927
25895
24577
27872
26322
25418
26595
25925
28107
27351
27475
25706
27285
27479
26107
25612
27137
25186
25046
24577
26467
27080
28085
25634
25375
25011
27011
25760
26592
25633
28670
25868
26262
27976
27333
27436
26075
28165
25138
24702
27293
27072
27503
25833
26250
27605
26886
27437
26471
27020
27161
26638
25702
28670
26445
26445
26504
26890
26147
27045
25761
26865
26971
26412
27012
25520
26332
25300
26752
24696
25851
27295
26380
25286
26994
26476
25296
27268
27069
27553
27119
24903
26416
25370
27256
28164
25364
26897
27229
27135
26879
26066
28670
27079
26897
26436
27964
25881
28336
25673
25768
25252
27632
27988
24873
28493
27420
27415
26310
26161
26488
25435
24996
25407
24923
26868
27423
25860
27236
27129
26109
26035
24945
27083
26018
28269
25252
27030
26298
24934
26018
26851
27670
27568
27217
24755
27022
28336
27513
24695
25276
25783
27563
28290
27410
27239
25991
28022
26675
27365
24986
27885
25607
25337
26866
28298
25997
26385
27125
26921
28115
26508
27728
26805
28190
25481
26730
26094
27815
27083
26560
25993
28360
26871
28499
25283
26023
27719
26300
26584
26502
26005
25834
27058
26737
27199
26728
26733
26254
25947
27394
26516
24577
27031
24647
27184
27176
25229
25370
28670
26706
26793
25389
25757
25637
27463
25779
27550
25942
26198
26881
28087
26420
27789
26369
26879
28158
25719
26039
28670
26640
27592
25057
27902
27741
25129
26324
26991
28106
26989
27060
26211
26377
27116
27575
24929
24938
27692
26271
27600
27374
26906
24800
26560
26017
27251
27556
25754
26376
25920
27263
26588
25676
25309
27094
25916
25808
27822
26654
28670
28055
26454
26016
24577
26589
28020
27474
27215
26494
26083
25269
25402
27057
25041
26838
25619
27084
27256
25946
25036
25620
24929
26081
27672
25296
27133
28056
24577
26163
25028
26676
27543
26318
26456
26594
26729
27745
25503
25998
25913
25401
25779
28045
26929
26658
26274
25708
27610
27089
27596
27317
26745
24823
26207
27746
26807
26943
25766
27641
26563
27576
28464
26498
26048
26230
26824
26436
27270
25785
25769
26703
25897
25176
24868
26340
26590
26730
26054
27590
28295
26990
26561
25546
25546
25862
27064
26901
25494
26616
25836
26837
27248
25211
27235
26409
26647
25264
27984
24899
28018
27411
26169
27318
24846
27029
27462
25751
25297
27171
26688
25392
26373
25980
27132
26994
25717
27510
26574
25815
25946
26787
26778
28670
26086
26921
27589
27408
24577
26360
28272
26365
26796
25690
27037
26939
26732
28068
25549
27214
26676
26161
26351
27013
27408
27268
27220
26193
26812
28670
26817
25862
26713
26335
27102
27577
27134
28282
28670
26229
26198
28277
26509
25660
26439
28108
26523
26186
26000
26511
27175
25943
28670
26956
27959
27174
26655
26263
26062
25888
27580
25915
28225
24577
25893
24980
27341
25995
26499
25990
25718
26947
24949
25514
24750
26609
25463
27938
27202
26240
26878
25883
26786
24646
28571
27503
25807
26299
26279
26622
13646
15589
14443
17255
17705
9951
11825
9210
13923
14632
10014
15889
11698
8337
11489
2185
10535
17506
2617
12714
1731
15823
2112
5580
8970
8059
255
8960
12778
2847
4309
12124
3849
10672
15030
17395
887
9784
14979
6497
14357
4920
3256
12809
14292
11393
14075
12331
14621
7057
4779
10854
10946
6141
16102
1677
2817
17083
3358
8971
7454
6904
9812
17421
300
12953
8917
13849
16295
3794
15880
13972
13014
18111
12060
5801
4902
7798
1870
11722
1896
6647
12663
7858
341
6690
1564
15165
6102
7256
11502
1842
16256
8321
430
3399
6535
3104
11801
17660
12684
9000
18222
9348
17969
1959
13936
15401
9928
6580
868
6933
17450
16885
1812
6462
7237
7724
13891
4784
14208
11602
18260
2564
13031
10085
17726
13311
12973
11546
11168
12418
11903
16994
5114
9081
14680
5781
9167
3177
16533
5088
6435
10282
3576
16070
11051
16292
503
9351
7979
11855
11229
16935
16848
14312
1641
1754
16082
6182
394
15252
17248
13946
7252
16082
861
184
11741
7900
6914
5274
8031
8901
82
16716
13218
7525
12002
11450
12448
9100
11931
6751
17118
6901
13795
352
14294
161
5080
11433
257
15048
12135
4768
4887
7911
1916
6167
6299
7871
3685
12524
11417
750
8521
8886
14222
5806
14003
2566
4907
13469
146
9654
17354
4189
9846
5824
16444
2468
9465
13339
352
12503
15447
15036
8948
14387
7873
12064
17525
7504
1339
11575
15469
11711
17116
6939
16397
19260
16601
19753
17603
19146
18579
17113
16780
18769
18272
17381
16830
18888
19107
18848
18094
17994
16882
18048
19381
17753
18139
16385
20142
17854
16385
16855
18828
16957
18193
19003
18027
19031
19756
18545
16428
18907
18422
18160
18657
18088
18036
17115
19314
18517
17572
17508
16385
18074
17942
19700
18572
17780
18908
18634
17810
18207
19332
18080
17885
18229
18357
17290
18319
20034
18542
17112
18322
18675
17931
19404
17819
18884
16855
18393
16479
18899
19260
18976
18061
17180
19164
18315
16538
19067
19156
19640
17108
16701
19855
20053
19191
19863
16589
17331
18520
17833
19037
19349
17162
17732
19623
19845
17879
18836
19789
17829
17743
17588
17780
18455
18579
18384
16385
16921
18754
17643
18051
18583
19975
17492
17632
18744
18524
18915
17027
19725
18064
18979
18520
17665
18444
18385
18784
18270
19156
18614
18434
17829
19377
17231
16385
19042
17597
17210
17346
17213
19308
18193
18270
17525
18151
17911
18888
17507
17622
18814
18671
18505
16899
19129
18531
17551
18630
17375
18204
18640
19506
16660
17681
19545
17539
18070
18351
18285
17033
19239
17333
18483
18192
18717
19989
18668
18689
17146
18467
18721
18538
18846
17693
19275
17081
16910
18775
18694
17878
18662
18543
17126
19404
17037
17457
19381
17284
18731
18694
16764
17891
18111
17915
18444
19693
17379
20478
17478
19235
18919
18588
18740
17748
18846
17773
19015
18820
18551
17533
16385
19372
18844
18675
18979
19020
17687
18959
17146
18973
19261
19246
17207
18658
18251
18770
19473
17594
17661
19434
20468
19191
17741
18940
18256
16665
17791
18509
18855
18428
17384
16555
17827
17356
18910
18836
17471
18406
17944
17293
17905
17864
17948
20030
17485
19461
19812
18852
17821
16642
17441
18042
20328
18859
18962
17500
17717
17985
16690
17340
18900
19613
18880
18672
20121
20073
19538
19217
17931
19765
18093
17615
19782
18584
18571
19613
17944
17516
16718
19585
19989
19618
17714
18202
19095
18856
18740
18964
18244
16530
18648
19805
19065
17926
18857
19049
17889
17186
17956
18361
17495
18192
20203
18302
18192
19046
19416
17297
16508
17920
18680
17683
18977
19103
17307
18082
17921
17916
18265
17803
16974
19901
16486
18915
19517
17063
20478
17964
19041
17663
19029
16385
17771
20094
18322
18356
19082
18163
18409
18084
17589
18481
18093
18344
18428
18183
17486
19426
19519
18191
20478
17759
19473
18086
16920
16385
18514
18797
18468
18236
17443
18277
16661
17374
19010
19261
20478
17034
16997
16404
18580
17648
18954
19381
18387
19325
18914
20076
19373
18070
17602
18146
19144
17900
18834
18211
17826
19905
16385
18133
20438
17546
17150
20478
18339
17535
19618
18734
18885
17042
17470
18797
18554
18537
18556
19306
17989
18034
17590
19231
18973
19312
19025
19248
18601
18822
17172
17684
18715
17804
19169
18574
18007
16889
18970
18501
17068
18694
18232
20305
18354
19269
18311
16885
19034
20204
19483
17296
18410
17533
19168
18962
18719
19745
18729
18828
17450
18574
17878
17015
19168
17061
18023
17337
18978
19866
17849
17096
18121
17675
16955
20478
18415
18311
19841
18553
16909
18522
18277
18004
18749
19144
17217
19901
17069
18634
18525
18902
18885
18679
16745
18907
19218
18241
18431
19136
17537
19068
18683
17267
19607
16478
17815
16942
19268
19331
18668
18702
18117
20044
18761
19581
17176
20424
18932
19340
19667
17926
18473
18900
17102
17677
18185
18787
18367
17814
17211
18087
16941
19420
19314
18377
18112
19533
17459
18406
16385
19999
17279
18495
18316
18983
17409
19504
18896
16385
17819
17903
20226
18562
18701
16385
18778
18518
17144
18465
17790
20065
17840
18320
19026
20478
16968
16843
16620
18853
19745
18768
18597
18382
18384
18391
16385
20076
20037
18159
20183
17805
17593
19882
19768
19015
19856
18451
16581
17904
19029
17944
17841
18624
19422
17215
18399
18808
17804
18771
19141
19674
17805
17377
19093
18732
18781
17418
17783
18327
18973
19258
16847
17685
19898
18566
18888
17890
19134
18792
19575
17902
18617
18808
18202
20362
20043
17090
17658
16385
17836
19586
16385
16385
19450
17659
17400
20478
16461
17779
17242
18978
18689
17622
19017
18319
18553
18312
18136
17844
19461
17865
16826
17687
19199
17369
17112
18528
17417
18557
18396
17568
18805
18952
18057
18406
17922
18151
18032
19753
18940
18665
16868
18722
16897
19039
18143
19058
18474
18766
17759
17687
20478
18713
18175
20217
18231
17641
17885
19459
19820
19089
19591
17972
19592
18723
20245
16505
18371
18251
18364
17671
17854
18421
17719
17604
18234
17313
17752
19496
16385
19498
16657
17903
18477
17678
19091
18101
17657
17126
16870
19261
18624
18350
17880
18348
18370
18082
17881
18860
18082
17815
18670
18550
20478
19691
16970
17691
18571
17954
17887
17878
16809
19708
18582
19380
18584
18611
19660
17525
17603
17484
18922
18208
19654
18282
19052
18240
19656
18949
18042
17579
18727
18517
18459
18139
16385
19156
19376
18991
18991
17498
20215
19259
18869
17798
17738
18114
19663
18198
20244
17769
19505
19112
18071
18106
18885
16764
19291
18430
19769
18999
16467
16420
19472
16767
17957
18026
18259
17905
18039
19116
18615
19528
19102
20006
17943
20202
18406
18417
18527
17009
18568
16445
18800
19098
17101
20478
16701
18472
19812
18933
18879
18542
17039
16791
17021
18094
20478
18033
17001
17772
19099
18526
18013
18878
17123
19031
18549
19200
17110
17656
18166
16385
18582
19268
16493
20478
17797
17784
16385
17312
17667
19088
18973
18540
18799
18682
17895
17711
17748
17924
19281
17165
20051
16965
18473
16385
18459
20478
18503
17461
17876
17153
16634
19467
19442
19005
18319
18269
19798
19650
18368
17843
18611
18932
20048
18046
17575
16500
18257
20021
18619
17325
16938
17530
18540
19821
18108
16727
19426
16385
19081
17997
18890
16385
18165
18673
18050
19690
18153
19976
18355
18115
18106
16385
17438
18198
18466
19662
20478
18826
19131
19098
19292
18581
17978
17700
20475
18933
18765
18591
19264
19000
17260
17757
19757
18842
17715
19791
18323
17060
18454
19599
18256
18606
19385
19176
16821
18025
17571
20180
17739
17624
19381
19771
16385
17903
18910
19200
18034
19559
18673
16385
18815
17871
18099
16385
17281
19469
19062
17085
19436
17924
18034
17799
19058
17687
19353
17960
18730
18857
18538
17608
16768
18346
19015
17938
18417
17905
18198
18196
19650
18666
18640
20055
16925
18539
18412
17798
19324
17823
18212
19781
16548
17940
17616
18637
17464
18530
19087
17961
17612
19957
18200
19143
17599
17690
18560
17818
18125
16954
17579
17651
20134
19749
18339
17159
18895
20478
19322
19245
17993
17454
20478
18612
19510
20020
17911
18673
17932
19068
16663
17593
17418
17139
18228
18673
19314
19203
18884
18300
19550
19197
18138
19125
17452
18183
18462
18980
20321
18105
17170
19415
18705
18634
18543
18749
17520
17517
18637
18575
18657
18907
16700
17599
20478
16679
17642
19408
19112
19376
18096
17827
18097
17891
19094
19063
18059
18242
18807
18953
18719
17816
18846
16657
16813
18333
18346
20014
18746
18163
19198
18048
18168
19213
18465
19037
16991
18091
17387
19106
19161
19190
18230
18174
19265
19403
17921
17355
19619
18174
18474
17820
19150
18529
19097
19324
19312
19184
17938
17231
18836
17872
18955
18735
18044
18749
19706
20384
17432
18090
17829
18865
18694
18563
18929
18909
19838
17433
19809
19289
18433
17106
19613
19435
17876
19022
18936
19145
19159
19006
17192
20079
18740
16611
19677
19323
18306
18887
18536
17071
17599
18676
19816
18963
18863
19071
18989
19764
18358
17926
18020
19941
18566
17998
18330
18977
17084
19893
19670
17440
17865
18686
19023
16385
17412
18172
18707
19277
18579
19426
16561
20478
18870
19295
18846
18894
19192
17544
17870
19216
19856
17996
18769
17657
16839
17835
19549
19344
19481
19456
18447
20478
16385
17794
18102
18052
18300
18028
18434
19290
17039
18763
19486
19447
18338
17637
18868
20478
18443
19678
17982
17088
18737
16385
18150
19254
17756
18941
18906
18717
17640
17668
18119
18615
18091
18958
18674
18297
18622
18179
19818
19792
19670
18193
16385
17205
18406
20071
16385
20478
17534
18640
19411
18042
18936
19662
18143
18242
17605
19597
18601
17817
17364
16696
18156
18920
17789
18215
18557
18655
18211
18290
19113
17919
18286
17956
18160
16906
18139
18833
16849
19604
17129
17898
18934
17863
17820
17183
19107
18008
20478
17992
19974
19191
19323
18800
19114
17732
17406
16621
18921
16945
17744
19632
18397
16859
17512
19689
20374
20199
18187
19841
16629
17974
17594
20304
18876
18647
17417
16385
19161
17763
17518
16792
17615
19731
17458
19032
18253
20478
16705
18998
18690
19011
19160
19000
19625
17695
18813
18002
19033
18183
19475
19346
17903
17437
18581
19386
19483
17453
19836
18021
16891
19416
20013
16828
17954
18874
18424
17827
19394
19389
18500
18752
18179
4735
18708
4399
4629
23027
15199
10859
25661
3025
6837
8713
14772
14885
20551
14539
13633
16926
13184
23139
8638
14224
1649
24897
18595
2417
3084
26398
13260
16240
6084
11076
9660
22336
3321
22795
4555
11870
11579
21970
9259
7803
16902
26420
1314
1145
20892
13441
1091
10535
4570
16887
20436
2434
25950
22221
9967
22693
23358
1431
2686
12086
16539
10738
20662
5324
19653
3164
3674
6883
26577
19908
13976
12954
4297
9479
6252
10950
17345
23295
9631
9735
8394
489
15927
1553
22685
8013
19952
8416
11036
2057
22941
5860
8349
19412
20804
1888
26053
8515
23183
25059
18054
23699
9374
6843
17854
7426
9330
894
5073
9683
8349
15979
21882
8166
9872
15596
22350
5768
15458
17266
18156
6162
18850
10583
8693
11383
20586
2791
23560
14287
14031
18609
5389
22056
22847
18753
13319
18769
13204
23681
23318
3392
8973
11133
3147
1917
6738
1168
14797
23753
6992
1979
18079
26392
25453
26418
28670
27223
25840
25297
26651
26987
24577
25553
28670
28304
24798
26462
26999
27075
25763
27426
25608
26814
25159
26196
26292
26910
25943
25328
26977
26950
27734
25987
26687
25981
25875
27031
25751
26971
26596
25799
25912
27032
26311
26133
25420
26178
28027
25273
27643
25247
27646
26790
25363
27892
27021
27141
27313
27127
26190
25656
24577
26127
27096
26834
28499
27294
27072
26264
25838
26212
26794
26445
25766
25711
26403
25943
26284
26529
27570
26681
26340
27422
24951
25879
25969
26395
27292
28300
26214
25604
28480
25217
26592
26025
27507
25416
25376
27898
26140
25781
27245
28129
27557
24858
27711
27980
25460
26990
25540
27140
25945
24866
24990
28138
27107
26200
26706
26109
26023
26304
27094
26494
26481
26816
27004
26518
25335
27936
28506
26618
27594
26650
24577
25216
27479
25915
26995
27340
26962
26321
26497
26838
26818
26704
24577
28670
26979
26531
26857
26729
26463
28670
25245
26220
27637
25261
27139
27818
26850
26799
27565
26222
27608
27520
24577
27783
25238
27569
26660
25753
27458
25858
27203
26166
26235
28417
25889
27054
27028
25525
24645
27281
27702
27224
26165
25381
24744
26553
27735
26388
26781
27283
25659
26194
26392
25221
26765
26180
26422
25850
26268
27888
26217
27749
26114
25130
24853
27077
25588
24789
27151
28574
26771
27215
26018
27698
26178
26439
25844
25612
26253
26198
26873
26291
25167
27795
26269
26306
25553
26648
27420
25272
26860
25473
26530
25568
25754
24870
25877
26801
28007
25533
26140
24984
27065
24577
25068
26808
27590
25760
27180
26954
28030
27368
27006
26241
25463
25357
26051
25739
26666
26417
27103
27413
25261
27356
27360
26345
27183
28138
24949
24577
26701
25902
27776
26592
28495
25784
25063
25955
27568
27573
26834
26582
26586
26005
26694
26254
27579
27072
25866
26931
26479
26766
27476
26092
25332
26140
26018
26860
27243
25503
26019
26218
27768
26922
26074
26515
28663
28271
25726
28478
25832
25866
27566
26972
27238
24577
27727
26718
26398
24954
25764
28670
27737
25659
25767
26647
25664
27667
27722
26707
26193
26945
26757
25582
27058
26677
26808
26552
26581
27392
26501
26586
26364
27400
25508
26332
25440
26617
26409
26588
25968
26978
25336
25723
26954
27329
26356
27048
25601
26923
28128
27644
26510
25808
27054
27585
28539
26441
25512
27338
26770
27806
27636
27645
26310
26792
28208
27806
28433
25235
26845
26581
26614
27535
26866
25123
26896
24921
26309
25876
28663
27002
26443
27610
26447
26542
26381
26480
25895
25152
27254
25957
27476
27783
25436
26822
26904
26177
25629
27327
25687
26512
26657
28450
27651
24577
26848
26589
27304
26197
27377
26704
26136
26556
28464
27170
27918
26521
26674
27026
26838
25128
26680
26455
27087
27123
26038
28200
25252
24728
27174
27415
27222
24577
26752
26401
26936
25737
25789
25934
25904
26100
26091
27391
27425
27887
26922
25358
28524
25808
25341
26083
24924
27565
27372
27106
26734
26417
24577
27269
27399
27024
27287
26845
27342
25245
27192
26254
26284
26737
27004
26791
27627
26911
27386
26074
28509
26901
27394
26552
27299
25536
26477
28501
24954
27281
26132
27089
26994
24663
27448
27147
27472
27505
26616
25082
26978
25446
26927
26451
28045
26187
26253
26268
28413
24577
25186
26691
27785
26467
26035
25829
27079
25356
26018
27443
24709
26428
28670
25474
26005
26196
26382
26711
27047
25554
27567
26521
27977
26939
28670
27426
26308
26149
27007
26398
26774
26442
27281
25507
27719
24577
26798
26150
24597
27383
25014
26891
26037
26287
25325
28670
26230
28335
27917
26487
26313
25755
25521
26724
24758
25514
27301
26819
24881
28476
26616
26970
26423
26542
27239
25239
25902
28066
24730
26038
25233
27216
26757
27582
26776
26414
26708
28670
27254
25801
25387
25312
26885
25527
25748
26639
26985
27484
26429
26178
27052
26109
28527
26526
26802
25431
28670
26306
25860
25372
26794
26139
26195
26754
26967
26982
26624
26820
25917
25828
25957
27656
28444
26190
26344
27348
26827
25390
26206
25357
28235
26216
27021
26144
24722
28027
26891
27169
25640
25997
27977
25469
26100
27190
25903
26505
27024
25778
28511
25515
24577
26589
25999
25707
26371
26766
27814
26824
26020
26095
25898
25941
26312
26210
26500
26254
27237
26742
27895
27039
28670
26566
26693
27035
26050
25978
27365
28670
26262
27368
27373
27940
27687
28670
27991
27012
27315
27493
25671
25296
26523
26542
27008
26240
26359
27085
26427
24629
27770
28611
26660
28670
26156
27769
25370
26217
26072
25502
26219
26856
26607
25911
27052
25506
28489
27074
27571
25865
27357
25923
27758
26606
24896
27690
26420
26070
26686
26619
26650
28016
26462
26741
26437
27051
25683
27003
25915
27734
25139
26921
26673
26061
26495
27628
28670
26000
27783
28049
28670
26448
28487
24680
28087
25617
27902
26191
27316
26724
25286
27639
26567
26103
26102
25904
26662
28670
25790
26231
25236
27002
26759
27991
24872
27156
27592
27905
27389
28670
26451
27263
27266
25854
26935
27340
26049
25859
26566
26168
27521
25492
27462
27330
27835
26769
26642
26036
24577
28377
27842
26682
28129
25939
26531
27290
27726
26192
27103
26265
27349
25445
27889
27148
25869
27009
27389
24674
25160
26207
24577
28416
26954
27215
25478
26518
28496
26112
26499
25169
27296
27662
25186
28318
26546
28670
27300
27938
25899
25475
26343
28338
26745
25428
26140
26137
26327
25478
24577
27761
26416
26646
25625
27465
25973
25495
28619
27370
24577
25462
26997
27570
28642
24776
25883
24676
25836
24718
25242
26994
27621
26460
26737
27140
25267
27735
25910
25664
26257
27107
26501
25782
27253
27146
26736
25890
26245
27089
26260
26749
27150
26710
25565
26109
25264
27085
27158
27700
26464
27911
24810
25756
27600
27187
26201
26646
27234
27040
25618
25592
24934
24577
26859
27039
27529
26189
28670
25134
28017
26705
25890
26083
26438
25369
26530
26770
26073
26205
27455
26512
25132
25308
26994
25846
26865
26783
25648
26960
26004
25518
25679
24839
26467
25485
26249
27245
25657
28505
26438
27294
26650
26029
25770
28670
27820
25882
27413
27465
26223
28039
27046
25872
28371
26466
26347
27264
28623
26208
27002
27563
27325
27005
25872
26470
26417
27072
26014
26058
27315
28026
28512
26609
28670
25648
28670
27564
25550
25898
26487
27781
24577
26516
25836
25932
26722
28670
25609
27086
25646
26509
26602
27029
26665
25775
26312
26490
28163
26525
26660
28670
26444
26185
26575
28308
27149
27760
26659
26220
26624
28670
25752
27257
25888
26824
27282
27801
26851
25900
24906
25931
25953
26951
27861
25723
26243
24577
27116
28291
24724
26204
27379
27673
26172
24577
27078
25847
26750
25550
26805
25671
28557
27616
27116
26921
25627
27027
26837
26014
24962
26950
26368
27428
25661
24807
27640
27580
28670
26242
26081
27531
26325
27327
27079
28670
28031
27732
26735
27181
28670
26864
25797
28405
26039
24946
25681
27534
26369
24898
26910
27152
27693
26131
25598
26810
28670
28621
24676
27240
25735
24577
26643
25009
24731
24577
27454
25731
26048
26876
26594
26481
26727
26737
26337
27096
24768
26282
26244
27030
25728
24696
25884
27348
28261
27445
27274
26002
26006
26498
26159
25366
26006
26927
25453
27420
26120
28140
27984
27414
26531
25363
26515
27165
26770
25526
26295
26920
26174
26205
27594
27085
26681
27025
27095
28575
25782
26609
27959
26852
25811
25656
28494
27279
27186
26826
27335
24703
25331
25638
26642
25459
26388
26785
25382
28267
25976
25611
25691
26048
25796
27574
27236
28670
27875
26672
28009
26493
26343
26825
27014
24604
27876
27081
24939
25750
26549
27877
25122
26336
26601
24826
25737
25769
27266
25066
27286
26391
26466
27527
27369
27395
27507
27620
25685
26541
25740
27483
26571
26560
26273
26053
26985
25314
26224
27006
27154
26124
26026
27220
27647
27676
26937
27064
24914
27084
28449
27238
25999
27249
27843
27424
26108
27327
28515
25026
27042
26731
26380
26472
25921
26285
26899
28303
25456
25077
27368
25781
27318
26546
26622
25236
26038
26698
26600
27384
26974
25944
24870
26457
26984
26175
27372
25200
26778
26137
24577
26149
24992
25785
27015
24965
26034
26185
27756
25702
26877
13749
14636
6485
266
6056
11403
4380
15139
11591
14689
1002
9283
611
13831
1438
11997
675
11599
10920
7450
13166
17071
11425
15654
626
6758
18383
8117
4883
11465
7243
4174
4184
12838
2325
235
11278
1835
2596
4366
11268
4578
3069
17727
8358
9043
833
6899
5590
7110
14027
15856
3636
4861
1410
8742
353
10666
15407
3635
3088
12152
4544
4347
5411
17050
12558
10232
7207
14351
1813
7555
8241
2334
14176
2744
12744
8230
14946
9823
15885
3418
6642
15792
1114
9071
5003
17746
13659
2212
16506
8911
17843
892
12156
3750
17908
7220
15977
837
12234
8223
5702
2435
2868
3276
11329
9973
9817
222
12447
7776
4754
16999
2640
15462
6747
11990
12657
8460
5437
1897
2101
14065
1697
7928
15186
12520
12156
5707
2976
817
4834
2208
6967
670
11622
12546
1827
14695
15742
11263
7390

