35471
36568
32769
34676
34502
35264
34679
35678
34869
33649
36862
36341
34329
36254
35057
35160
35353
33963
35041
33740
34294
35648
36325
35681
35540
33622
35181
33318
36468
35266
33682
34996
34688
34855
34376
35965
35144
35534
35103
34507
35469
34090
35297
34176
35194
34472
33901
36862
34510
32769
35160
36862
35228
35476
32887
35569
32838
32769
34469
34890
36038
35092
33357
36803
32769
32769
33568
34011
35684
34672
34071
35721
33042
34793
36862
32973
36109
34161
35456
35829
36789
34455
32769
34614
35455
35077
34565
35653
34022
34549
34144
35778
34597
34686
33734
34710
32769
35784
35820
34371
33322
33019
35283
33933
35430
34749
36277
33542
36232
32769
34259
34263
35663
36862
34643
36862
34432
34096
32769
34705
35377
33521
36357
34296
33914
35942
35278
33261
34317
33376
34188
33648
34677
35385
35637
36395
36170
34936
36330
34866
34536
32769
36293
36412
33249
36610
35095
36461
34781
36533
36309
36635
35174
34933
33595
35562
34769
33956
35245
36082
36862
32769
35904
36210
33609
35655
33801
36583
33014
36336
34799
35467
34475
35257
33298
33830
34124
34245
34478
34543
36862
34208
33195
36862
33960
34569
35977
34843
34354
33522
34365
34615
34859
34915
34569
34010
34598
34995
35855
35096
34077
33827
33512
34728
35515
34818
34877
34033
34152
36368
34670
34015
34163
33918
35873
33597
34372
35483
34869
33989
34501
34612
33941
34786
34600
35604
35747
33874
35033
34602
36121
35465
32769
35060
32769
34486
34738
36160
35521
36396
36862
34506
35050
33650
34631
32929
36447
33454
35225
35211
34215
36066
35583
35970
34245
34481
32769
34793
33440
33873
34388
33664
35237
32878
33967
34312
33808
33254
32980
34988
36563
33822
34338
36250
34627
35793
35413
35264
36862
35767
35605
34398
35111
34688
35366
36208
35739
33370
36862
35183
35867
36314
34723
34506
33838
35415
32769
35004
33400
33913
35085
34849
35125
33032
33966
34139
36146
32769
34702
36806
35263
33968
34444
35253
34611
34900
35907
35648
35636
35385
35926
35651
32769
34274
34799
33853
34484
34274
33786
34699
35176
34723
35457
33303
34010
33927
35603
35669
36862
33650
36154
34493
32769
34503
36862
35363
34258
36427
35512
35360
36009
32900
35418
36619
36448
36747
34558
34470
35494
33434
35444
32769
33292
35186
35144
34959
35519
34716
33837
35464
35699
34669
35433
35175
33755
36172
33816
35222
35792
36437
35711
32769
33669
34194
35043
34191
35017
33117
35306
34815
35350
34297
36672
33465
34277
34486
35463
32769
35107
35879
36862
36712
34591
36833
35130
36310
36575
35395
35015
36483
33651
33755
33926
35797
33788
35385
35592
33963
35710
36243
36374
33318
32769
36027
33029
35732
34146
35480
34543
34084
33012
36486
34213
34224
34616
35152
34632
35334
35818
34293
32769
36862
33812
33898
36263
33909
33699
33405
36862
35276
32769
34215
33444
34351
35981
36382
35383
34295
35864
34058
32769
33015
33162
35159
35113
33272
32769
33152
33246
35320
36004
35628
36495
36862
35335
33956
36862
34478
34219
35665
34657
33594
34560
35107
33886
35310
34985
34321
33386
36459
35999
34925
34846
34096
32769
36365
36712
33305
32769
32769
34762
35042
33581
34794
36051
35461
35373
34889
36701
33775
35401
34844
34871
33517
35503
35086
35889
35564
33306
33724
36107
35728
36064
35803
34902
34531
36764
36862
35000
35245
34011
34225
32883
34275
34154
35065
33995
34015
35863
34040
36773
34874
35602
34433
35333
35341
35395
34836
36862
35050
34277
35774
35258
35802
35570
33717
35524
36759
33822
36862
35035
34023
35495
34740
36018
33622
33987
34423
36108
36259
32769
32981
34637
33853
36735
33603
36169
34583
36383
35652
34168
33415
34408
35292
36862
35010
33846
34143
33835
33333
34663
36162
35631
36067
32769
34640
36162
32902
34352
34683
33515
35722
36592
32769
36053
33621
36174
35426
35254
35592
34692
34762
36296
32769
34253
33273
32769
35339
32769
36132
32833
36632
34237
34253
34281
35211
34553
35696
33333
35299
33803
34901
34317
34462
34129
34745
36027
34605
32769
33979
35441
34091
33427
36052
35021
36584
32769
33594
33287
36231
32769
34973
34321
36045
36862
33009
33564
34596
36200
36606
33833
33715
35270
36492
34574
34823
34700
35619
35445
33680
35633
36327
32769
34817
34420
34513
36046
36078
34961
34286
34706
34089
33483
35547
32934
33743
35719
35679
34766
34641
36184
33670
33239
34016
35355
35139
33948
33678
35546
34079
36462
34471
32769
33220
34544
35311
33791
36682
35736
35102
36862
32769
34750
33881
35787
35533
34078
32791
34666
34649
36061
34071
35396
32769
33445
35888
33817
33394
33954
36862
35705
35587
34864
32769
35720
34757
33904
33554
35061
35725
34986
34578
34051
36410
33899
33994
35484
35312
33378
34834
36408
34626
36149
35556
32769
34436
36862
34866
36862
35413
33558
35905
33414
35992
33916
35259
34096
35420
34416
33872
34245
35709
33881
35042
35471
35883
32769
34968
35567
36862
34174
35821
34475
33405
33959
35781
34831
33252
33870
35653
35576
36055
35084
35872
35316
36003
33156
35671
35737
33971
34322
34363
36475
36862
35569
34290
35300
36862
35517
34560
36862
36862
36862
35122
34005
36759
32769
36862
34421
34792
36862
34267
34418
34616
35869
36436
33429
34290
34448
34133
35134
36634
33687
33026
33833
34659
35580
34763
33921
36053
34945
33515
35427
35170
35494
35865
33901
36424
35097
34845
35733
35397
33313
35297
36862
36862
35056
32769
34395
35313
35324
36604
35251
36862
35386
36078
34013
34994
35606
34436
32769
36862
33284
33519
34928
33925
34879
36862
32769
34998
35246
34670
33196
33548
35555
34911
36862
34257
33889
36213
35370
34853
35465
35783
35791
36862
35447
34493
33739
33915
35279
34967
35389
34555
34547
32769
33988
34515
36355
34412
33511
36394
34229
33979
34534
33479
36813
35457
34058
34707
35531
35543
35465
34749
32769
33629
32769
34206
33819
34338
33646
34911
35635
36730
35632
36045
34169
33028
33984
35629
35925
33454
34186
35459
34998
36862
34559
34519
36114
33050
33477
32885
34426
36759
35138
32769
36286
33734
35166
34756
32769
36025
35674
34979
36583
34240
35842
33610
34250
35552
34601
32769
34171
36540
34113
35682
36155
32769
34084
33451
34069
36426
36017
36060
36862
35155
34525
34923
36862
36862
35801
35364
36862
36862
35784
34714
35745
35656
35014
36304
36417
35470
34072
35425
35338
32769
33459
35888
35888
36029
33515
32956
32769
34623
34774
35407
36259
34288
34877
34345
34877
34455
33875
36862
36862
33245
35636
35829
35721
35657
32769
36862
35120
35512
35134
36195
36235
34381
33234
34458
36263
34634
35912
36208
34415
34963
34178
34580
36077
35465
34786
34999
35178
33796
36862
33917
36345
34682
35619
35440
34759
34791
34741
35903
34867
34542
33692
35319
33589
36862
34089
34254
34548
34397
35793
33796
35712
36862
35339
33452
34696
34090
35150
36387
33784
34625
34625
35925
34025
34685
32769
33549
34690
35672
35778
33979
34795
35982
34522
33646
33716
34807
35458
33820
35453
35193
34487
35379
35638
33964
33369
34150
34104
35169
35259
32994
33274
35147
36862
35046
34096
36440
34525
34947
36862
35588
34004
36862
36862
36718
32793
33640
36552
34807
34147
36081
35820
34268
34480
35611
35342
35132
35517
34132
35522
34454
35036
35352
35880
34468
36798
32769
36766
35046
34400
34373
33285
34153
34643
36372
35046
36721
35868
33029
35108
35643
33602
35646
34542
34414
35560
33950
34634
36428
34046
33109
34838
34254
34614
35176
34972
34844
33469
32769
34824
35607
33720
35632
33009
34070
34157
34646
33723
36862
35465
35730
35738
35411
34929
33588
33394
36739
32769
34790
35434
33175
35816
34580
34613
35242
36197
34020
35660
34907
36423
35255
35827
36862
34609
35597
36555
34187
35202
33698
34658
34118
36805
34865
33953
33478
35764
34640
33635
35307
35287
33890
34330
34794
34264
34127
35374
34178
35192
36255
34189
35519
34356
35906
34500
36514
34894
34657
36213
36862
35959
32769
35276
33111
34642
35728
34454
33467
32930
35989
36177
34461
34966
33755
34729
32769
32881
35810
34777
33817
35874
32769
36157
33761
36530
35669
33512
34729
34698
36214
35238
34065
34508
35915
35006
32769
32903
32769
36514
36177
35341
34272
36862
35639
33169
35933
34523
33767
34666
34256
34002
35731
34075
33166
36862
34369
35736
36862
34866
33331
35702
34603
32769
33221
36113
34887
34749
34637
35766
33906
33247
35448
35878
34324
34192
33888
33800
35781
35454
36057
36185
34488
35447
32769
35246
34672
33808
32769
36520
34494
34413
34320
35838
33616
35892
36809
34332
36862
33833
35753
35282
34001
36862
35923
34573
33444
35411
35442
33391
36862
36401
34444
33363
34170
33636
34901
35662
35403
34232
34635
34040
32769
36043
34002
34095
34622
33151
33438
35481
33758
34679
35411
35977
34253
35292
35527
34451
32769
36033
33051
33034
33735
36862
33718
33462
34201
33446
34505
35822
34747
36862
36705
34780
35023
33033
35066
34165
34075
35927
35568
33492
34537
33378
36862
36355
35233
33889
33064
33879
33630
34615
34553
35121
35353
34699
34678
34903
34689
36261
33627
35652
36774
32769
36175
33311
35683
32769
34799
32769
33508
35851
34965
32769
33782
36194
36862
34305
33774
34558
32769
34730
35623
34740
36605
34965
35514
35662
33343
33762
35875
33828
34450
36828
36030
33718
35895
32826
34006
34687
32857
36862
35333
35961
33268
34702
36006
35861
32769
34219
34882
32780
33659
35219
35476
36862
34045
36862
35445
34388
34586
34809
34027
33839
34800
34295
34861
35446
36176
35478
34724
34766
35723
36862
33409
34081
32769
35409
36543
36862
33257
34996
35909
33921
36488
36862
34931
34619
36603
32769
36147
35679
35034
35007
36076
36219
36862
35510
32800
32769
33113
36540
33898
35263
34447
35847
35926
35507
33129
33537
35279
32922
36831
35489
36504
36085
32930
34015
34899
34417
34827
36862
34099
35271
34017
34848
34140
36268
35416
33491
33560
34402
33823
36035
36862
33226
34800
33119
36500
34774
35617
34060
34559
32769
36097
36862
35143
36013
34196
32769
35796
35808
34141
36862
34585
35284
33322
35242
34018
36862
33322
34118
33370
35752
36743
34642
33751
32769
34872
35628
34170
34592
34489
33411
33723
34608
35329
33328
33894
35332
35689
36455
32769
33615
32769
34118
34625
35480
33071
36386
36630
33794
34544
34703
35580
34909
35902
34623
35118
35392
35053
36862
35031
35886
35141
36862
33660
34419
35543
34743
36862
36709
34881
35068
36862
33188
34472
33820
33652
34805
36231
35396
36862
33952
36591
33878
34093
34675
32769
34714
36144
33451
34979
34860
35868
34638
36480
35355
36311
32769
34705
35300
36204
34125
33621
35284
35911
35055
34086
35641
36408
35304
33821
36083
35651
34620
35390
34372
33138
32769
34181
36862
36862
34336
36802
33722
34212
34864
34985
33163
33810
36862
35067
35499
33836
33459
36602
34332
33983
34670
36862
36679
32939
34508
36862
34138
36862
33126
34798
33546
34776
36022
33356
35964
34604
32769
36258
34273
34719
35256
35947
34708
35334
33119
36406
35673
33941
34532
32769
34902
33406
36834
34856
35573
34031
35710
35311
34839
34426
36862
36130
35674
34609
34166
32769
36862
35728
33939
34816
35421
34544
33246
34861
34258
35639
36012
33617
32981
33683
33647
36862
35059
34460
35545
35895
36437
35613
33646
35884
35443
34387
35717
32769
33542
33428
32769
35130
33226
33982
35961
34199
33967
35594
35011
33842
33144
32769
35501
34897
34604
34880
33936
34698
35954
35239
34932
36395
35477
33814
34413
33834
34948
35854
35734
34144
36695
36592
35126
36862
35340
35496
34949
36862
36290
36418
35521
33162
35280
36266
35551
36862
32769
33791
36319
36862
35745
32906
33460
35855
32882
36442
34895
33071
34452
36862
34378
33892
33740
35534
34473
35238
33813
34263
36439
36862
35284
35607
36862
33543
33672
36220
34192
34428
35501
34632
35818
36444
33367
34355
35285
34859
35281
33425
32769
35088
35448
36594
36862
34696
34106
35340
36299
35861
36862
35079
35458
36299
36293
35527
33246
33407
36002
35760
35949
32769
33267
34296
35542
33365
33402
34403
34153
35105
36862
32769
33168
34675
34684
34620
35376
32769
33049
34265
36495
32769
36299
35265
32769
33935
34525
35245
36156
35769
33945
36862
35988
35337
36862
33890
32769
33416
34528
34997
34457
33857
32769
35861
33953
34586
35071
36862
36145
35589
34505
34974
34202
35051
36109
33714
36041
34908
33179
34659
35230
35112
35713
35854
34438
34599
33828
34578
36628
35812
35123
35421
35516
36862
33834
34512
32810
35236
34860
32769
33671
33057
35782
33355
33383
36449
35578
36521
34028
33143
34266
34493
33999
32769
35212
32813
33558
34592
35798
33846
33838
34980
35093
36821
35047
35039
36327
33893
36056
34265
34992
33383
36164
34003
35234
34696
34788
33549
35808
35398
36150
34875
33211
35611
35066
33980
35427
34145
35608
36049
35133
36862
34771
34098
35831
35077
34019
33090
36862
35305
33703
34084
36252
32769
34823
35012
35254
33630
32769
33011
35822
33918
36615
34536
35752
35188
36139
34763
34462
36856
32769
36862
33783
35448
32819
34106
34478
35066
36277
34751
35878
36822
33979
34160
32992
35464
32769
35958
35228
36116
36858
35610
33963
34158
34720
35437
34961
35127
32769
34137
34946
34598
36222
36302
32769
35107
36405
34025
32769
36862
36862
34496
33041
33415
34072
33411
35364
33568
36211
33884
32769
33194
36862
35167
34625
32769
35547
34790
32769
33560
33881
36072
34429
35846
34376
34203
36279
33285
36021
36823
34083
32769
35368
34847
34974
34082
35476
34653
35429
34732
33682
33317
36294
33545
34684
34821
34481
34454
34897
36265
35585
34023
35135
33427
33356
34577
35565
33933
33799
33095
33156
35133
35977
33983
35517
33962
34618
34823
34950
33494
35922
32769
34896
35456
36862
35194
33584
34975
34492
33166
35617
35425
33974
34942
34063
34354
34346
34423
33822
35955
35100
36862
34492
34565
34700
35741
32972
33942
36862
35402
34070
36196
36406
36862
36529
32929
33956
33436
34802
35736
35564
33946
33392
32793
34146
34386
34485
35778
35797
35306
35596
32769
35425
34154
34867
35061
35781
35579
34252
36346
35445
36238
35215
33874
35896
36336
34249
33527
36651
33272
35196
34344
35898
34509
34402
35004
36553
33517
33668
33646
36667
33537
34517
36781
35213
34998
34610
33705
32769
35190
36494
35708
35099
36357
35092
35537
33895
35853
36862
36012
33968
35900
36435
36289
34186
35171
36085
32871
33849
32769
33461
33753
32769
35691
33746
33738
34977
35863
34407
34111
32769
35008
34317
34820
36656
33126
35667
35755
35563
33494
32769
36574
36239
35666
35897
36701
35240
36193
34575
35386
34237
34167
33662
35639
36591
34863
34707
35202
33376
35499
35825
34809
34446
36862
35552
35113
34914
34376
33647
34120
34523
32769
34774
36209
35521
34921
34421
34856
35292
33113
33248
33679
34387
34382
33556
32769
35060
32769
32769
35670
34874
34216
36862
33564
35407
34866
36665
35905
36304
34748
34034
36224
36862
33153
36862
36862
34468
32769
35566
35390
33824
35765
36013
35443
33868
36509
36862
34788
35743
34410
35554
35367
35466
33557
33069
34336
35349
32965
35101
34641
34212
34934
36516
34563
35420
34555
35756
34928
33576
34694
32769
35039
34279
34590
36530
36862
34954
34877
35069
34091
34645
36862
32769
33528
34947
35522
36236
36862
33951
33702
33769
32769
36373
35047
34926
35162
34493
34366
35703
36718
35884
35646
33185
32769
35152
33453
36862
34676
34284
33807
35001
34484
36862
35503
33569
33662
33852
32769
34932
33954
34372
35530
33608
34145
32776
36862
36077
34225
34691
36862
32980
36862
36333
36862
36625
36045
32903
34996
34391
36610
35732
35815
34363
35111
35473
35213
35339
33245
36233
34705
35445
35120
32769
33426
36862
36862
34956
35452
35650
34262
33889
36673
34901
35749
35075
35625
35163
36688
35987
34620
34764
36325
35514
36862
36253
35335
33312
35478
32972
35558
34815
36862
35679
35188
36656
36862
36164
36862
34623
34057
34756
33665
33653
36862
35133
36593
36862
32936
33748
32769
33571
34984
36862
33550
33898
34573
33360
32803
34592
35210
33203
35112
34952
36862
35399
35961
32769
34948
34086
34797
34454
35660
34281
36095
35693
36862
35628
36559
35663
35488
33405
34687
32769
34573
33361
34544
33931
33344
32769
36846
33822
35171
34899
36011
36451
36312
32769
34599
36107
36516
33524
36862
35764
34050
32769
33468
32769
35580
33034
33936
34797
36051
34807
36136
35640
34771
32769
34640
34817
36041
33675
34766
36862
34838
32769
36761
33231
34150
36377
35037
34084
33732
35441
34965
36517
33860
35752
34427
33226
33987
34336
36862
33768
33823
33998
35931
35584
33494
36508
32769
34568
33004
34108
32769
34376
33912
35303
33700
33869
36774
32769
34545
35668
34441
35756
35135
34058
32769
34087
34600
33913
35103
36722
35217
32769
33550
32769
34266
34750
35310
35546
35613
33629
33479
33063
33707
35616
35367
33811
34887
36333
35242
33530
35878
34355
35701
35498
33238
36567
32769
36827
34205
36140
34742
32769
36159
34671
35776
34876
34873
33288
33801
34765
34331
35221
33635
34260
36862
33416
34551
33806
35092
34158
34475
36862
33612
34889
35367
34275
34421
34923
35151
35623
33823
36488
34974
34770
33102
34619
34047
36223
35957
36862
35669
35518
33461
33686
34968
32802
33790
36363
33416
33067
34716
35869
36862
34776
32769
33703
35001
32769
35693
36750
35599
36040
34017
35322
35456
36862
36564
35204
34410
35303
35607
35636
33120
35975
35163
36234
36829
35124
36862
34185
36471
34732
36862
33403
35676
34392
36409
36862
32769
34234
33232
33429
36381
32769
35484
35325
35967
34470
35738
35506
33512
33336
33983
33683
32769
36862
35356
34859
36083
34060
33573
34356
33325
32769
36143
34989
35643
34825
35419
36862
33947
34640
34276
36862
36626
36862
33420
35175
34526
36499
34369
35897
36442
35663
36046
36139
34067
33595
35747
34354
34278
33828
34091
36862
34531
36013
33320
35043
35031
35115
36303
33450
34069
36749
35165
33663
35265
33274
34568
33839
35168
34227
33749
34606
33858
33976
34575
35357
33472
34736
34076
34276
34263
35115
35630
34642
33899
35175
35307
34043
35589
34468
35001
33802
33502
35496
33628
33574
32769
34130
33788
36501
35563
35961
34307
33814
35223
35033
34884
35641
36263
35443
36498
33994
36214
36165
33234
35237
33957
32769
36796
36316
33483
34683
35833
35614
35630
33797
34086
33577
33687
36535
35967
35313
34333
35275
34782
33854
33553
35494
33434
34984
36862
33030
36025
36023
33113
33825
36862
35450
34849
34010
35223
36862
34519
36342
34460
34235
35363
35990
35609
35608
34899
33194
33128
34852
34855
36728
35661
34032
36817
32769
36483
34657
32769
35790
36862
35600
33331
34004
32769
35039
33114
35904
35643
34546
32983
34026
34577
34383
33073
36862
32769
34034
36862
35760
35104
32769
33622
33352
33740
36621
33368
33406
34717
33858
35608
35114
33449
36596
36777
36862
35193
36862
33436
35602
36196
35300
36862
34084
35793
34128
34360
36265
36282
36187
33385
33595
32769
36862
36180
34129
34009
35852
34936
35320
32817
35141
33030
33641
34215
32901
35790
35954
34862
36077
33252
35438
32769
36862
36670
32769
32946
34100
35540
34974
36862
35636
35595
35004
36493
34760
33739
32769
36024
36363
34905
35214
36836
35031
35414
36862
33984
36821
33892
34000
36277
32769
34291
36476
35683
36862
34040
34954
36862
33333
36862
34382
33867
36447
36862
33352
34777
32769
33477
35212
36862
35142
34136
35831
36862
32769
35255
35112
34139
36166
35926
35860
34255
34876
34611
36340
35704
36429
35399
34134
35530
35486
32769
34795
35730
34289
36390
36862
34697
34446
36817
34551
34741
36862
32808
34636
32786
34838
35486
36022
34917
35837
36161
34676
35435
34640
34917
34385
34122
34402
36254
34538
33350
35265
33606
33946
35630
33647
32997
34606
35612
33651
33589
36862
34778
34822
35817
34336
36119
34313
35245
35343
36491
34443
34684
36464
35722
33866
34036
33907
36499
36311
36004
32769
33217
33614
35462
35047
33845
34035
32769
35489
35779
34753
36862
36649
32993
34603
34436
34266
33662
36335
36530
34320
34006
32769
34648
34799
35520
34187
34130
35108
34725
33931
33460
34817
34974
35481
35911
33197
32769
36043
34920
36862
34309
35724
33907
33857
36862
35557
35605
34075
34149
36862
34055
34394
36862
33414
32769
34260
34457
34102
36862
35022
34000
32987
34243
35018
32769
34515
35669
32769
33884
35665
34196
34090
34089
34928
34911
33603
34488
33556
33580
33819
34354
35602
33801
35063
34880
34638
34864
32769
35779
33956
34559
34147
35100
35033
34028
36072
34918
35176
8264
7085
6322
5124
8835
2860
4886
5543
2934
5822
8586
4488
3848
1165
2674
6233
2395
2518
4040
7765
7916
7321
4142
6841
6414
6640
669
9897
3354
1766
710
8355
8356
8081
8189
9451
3510
4687
7628
6924
6474
6035
2193
7751
1121
5813
2581
374
6167
4350
5130
9808
2158
2114
1188
6986
7754
1264
8349
408
3820
4464
2015
8624
4802
328
3134
7900
8721
3340
6740
8245
4742
9214
9094
7082
9784
8632
10210
1454
2392
934
7368
3755
3535
4534
5468
1234
4572
215
3269
4614
5311
7315
9061
9549
4240
94
4636
7729
4008
6665
3623
335
5465
6338
10183
3771
6081
849
1246
6581
5498
1383
5818
4652
8947
160
5902
6407
1830
6017
1564
8323
4148
4346
3565
7463
1962
4386
8428
1368
759
4266
10133
3597
5957
1166
7580
9091
6459
5811
1381
1591
6718
5209
7412
4665
3031
989
8608
6429
6827
3956
2881
4572
3667
4747
10088
5268
871
2264
2711
3561
9534
2664
6048
3563
6260
4908
9386
830
3110
7345
2913
698
546
2043
8475
6398
419
9993
3739
6534
2501
3520
6260
1953
2306
8766
5206
7796
5634
572
3539
7250
9741
5924
3013
9503
7151
8913
4872
4269
5828
3083
5313
8492
6121
3079
3767
6170
8570
7930
1897
256
8048
3195
993
4776
4732
1399
6111
5009
3058
4197
1128
290
8339
5447
1941
3979
7237
2436
826
337
3807
5225
4742
9384
2921
6602
7110
4279
9081
2029
1917
5636
8016
4510
63
839
2261
8715
7545
8202
8953
6673
4771
4206
341
7260
10165
9441
7199
5761
7188
4129
7639
2017
4737
591
5339
6650
9351
9398
9716
7612
6489
7625
7411
7698
5310
3197
7001
8256
8132
8599
4194
2702
3023
7907
8469
1791
2893
1464
9305
825
1949
7443
8041
7304
3628
421
691
2688
8414
6901
3325
3414
9827
8027
5041
4552
2815
8008
5228
2611
3489
5251
2596
8441
5192
662
8838
8129
1579
5082
4032
6356
2471
440
8242
4124
5869
4520
2309
8665
6984
5110
10001
1296
1396
9053
9081
9351
8565
8727
6912
9761
8471
5426
4250
6383
6021
9508
10075
9612
6953
2926
8608
10040
11988
12286
11361
10817
9997
11885
9753
11034
12286
8193
11053
8193
12134
10164
8193
8873
9530
9393
10479
10862
9223
9495
11433
8570
11008
8976
11518
9789
8193
8672
11513
8602
11045
12042
10281
8629
10772
11609
11239
10498
11253
9761
8511
10533
10740
9372
11567
10656
10154
10475
11346
11822
9268
11392
8193
10936
12286
9726
9243
9701
11527
8476
9088
10694
9402
9579
9750
11100
12081
8193
11224
12012
8193
12286
8193
9485
11975
10933
10964
10745
11553
11604
9305
10986
9351
8376
10735
9070
11271
10473
12097
11477
8193
8193
12286
10875
9708
10782
12107
10946
11367
9858
10247
8193
10578
9873
12286
9392
10370
10069
8193
11913
9633
10684
10929
9667
9629
8791
8216
9322
12150
8920
8959
10758
10561
10454
9095
10578
10898
9037
9180
9424
12286
9648
10083
12286
8193
10414
10574
11953
10824
9456
8260
11125
8832
9713
10213
10568
8200
9063
9412
11867
10307
9832
11808
9848
12286
9822
9954
12080
9519
12286
10478
9286
11457
10950
11020
8852
11185
9941
10824
10140
11456
8193
9571
10671
12212
9473
8823
8824
11434
10521
11076
8896
8798
10350
9482
12286
8814
10689
8796
11690
12073
11522
10793
11259
10946
8347
9321
10208
10604
12286
8193
10364
12286
8406
9885
12286
8193
8193
10577
10586
12148
10597
9816
9901
10852
11886
8855
10275
12286
10218
10159
12006
9133
10193
12286
10410
9605
9518
8503
9040
9786
9508
9839
10073
11173
10573
8193
10811
12286
9012
8400
10239
10149
10261
12286
9113
9191
10604
11372
9704
12286
9146
10973
9323
10244
10130
9982
10172
10930
11907
9492
8803
12286
9620
11901
8619
10278
11566
9071
9583
10477
8193
10858
11243
10137
10389
8219
12188
12286
10918
11330
11869
10997
9923
9425
10345
8765
8843
10119
10049
8193
9130
12286
10727
11333
12072
8193
8405
10254
8193
12286
9695
9320
9564
10994
9835
10940
9892
9839
10606
12286
10756
9331
9376
10049
8653
11222
8717
9893
10076
8407
9861
8193
8771
9356
9075
9176
10853
10475
8410
8602
10458
8721
8193
10112
11321
10718
9026
8416
10228
9480
12080
10325
10078
10710
8347
12286
9072
9688
10700
10187
9780
10892
10050
11311
10356
9209
9526
11785
11813
9617
11549
8437
8193
10749
10699
10024
8899
9470
9937
8193
11832
11915
11052
10412
11474
11116
12141
9253
8608
10902
10538
10622
11776
10020
11717
9059
9335
9223
11022
10303
11871
9623
11405
10199
11815
11540
10498
8193
10799
10415
10712
10525
9296
9954
11941
9397
8921
8193
10570
11177
11571
11480
10464
9339
11217
9490
10901
9590
10349
10446
12286
10988
11155
12286
10451
10082
9782
8819
11562
10676
10313
11254
10549
12013
12163
9757
11963
10172
11694
10344
10885
8826
8849
9757
12286
9590
8193
11151
11068
9648
9642
10673
10306
12286
9070
8999
11110
9182
11230
11615
9843
9498
9454
10045
10985
8882
8964
9455
9527
10882
12286
9600
8480
10563
10039
10394
9937
9669
10535
11618
10013
8217
9302
10387
10372
9006
8193
9686
10652
12286
11070
12151
9322
9944
11230
10380
12286
8577
8910
9866
8193
10324
11354
8683
11682
10134
10757
9650
10175
8966
11266
8858
8604
8848
10663
9791
9665
8773
11035
9632
12286
11066
10775
9066
9877
8985
11493
8716
8941
8694
11289
8536
9367
11676
12286
12286
11091
8193
11726
10252
11094
10267
10199
10033
10420
10989
11338
11187
10636
10692
11265
8910
9104
9627
8193
11206
10081
10760
12034
10072
11526
11968
8868
10758
9168
11151
12286
8575
8795
11290
8193
9168
11514
10188
8193
10339
10122
10244
11478
8581
10753
8521
9710
10111
10377
11205
10689
10425
11933
10394
9576
8990
10929
10997
10535
11710
9631
8759
10033
8615
11153
10274
8753
9290
10585
9290
11813
11020
9523
11284
11432
9518
9923
11402
8193
10931
9311
8453
9862
10505
10252
8201
9950
8306
10826
10104
10018
9623
10927
8193
12286
10603
11452
9600
10722
12150
8881
9687
12286
9924
9309
10431
11096
10225
9990
12187
12286
8489
8610
9551
10461
9722
8871
10672
10182
10835
11468
12286
11261
10471
12286
12134
10716
10178
11122
9345
12088
8572
9628
12286
9404
11302
10244
9432
9873
9931
9532
12085
8708
11270
10413
9925
10583
10996
12286
12124
9350
9696
12286
10221
8193
9895
10762
9550
10050
8193
8879
9988
10052
12286
9168
11344
8695
12210
9954
8985
12286
10267
8774
10823
9852
11447
11520
8975
12286
9342
9728
8857
8757
10110
9916
10000
12061
10121
10222
12286
9166
10547
10116
11755
9120
9926
10557
9331
11851
10334
10709
10064
10749
9446
9322
9848
8908
10665
10545
10322
8922
10899
8193
10380
9950
10062
9187
9703
9882
11635
10922
9794
9820
9520
11337
23702
38834
35305
24867
25305
26504
32443
8121
8462
25914
27382
38183
22214
31761
8999
13648
14545
34071
33962
22016
29339
32018
38270
23972
38607
10960
3004
11612
1740
25166
29045
19509
3652
16345
37182
18259
17725
26785
38315
17597
37203
10077
15117
26860
4638
4847
33292
32940
10484
24582
19534
26772
2184
2187
23262
16596
14547
34365
302
25417
30603
12978
4900
6164
21556
33147
37024
37448
5542
1357
6824
22389
10570
7178
1381
27883
3541
33371
33241
24323
17873
30610
8243
14006
6426
39642
39639
38676
38172
38127
40830
40202
38245
40310
36954
40958
39465
39090
40958
40377
38878
40958
40383
39144
40958
40598
37759
40161
36865
36865
38653
40523
38381
38731
38817
37390
40030
39381
40092
37860
40444
39190
40063
38305
36865
37600
40094
40868
38003
37962
37736
38151
38250
40223
37690
37085
39705
37956
39247
39025
38606
39469
37259
37255
36865
39639
39663
40207
40042
36865
39034
39981
40649
37726
39106
40315
37947
38710
39880
39721
37762
38162
37400
38640
39912
40091
40023
40503
39211
40958
39174
39374
40958
38983
38587
40041
39434
39942
40157
39852
38713
40926
38835
39975
36968
37603
40233
39459
38487
39310
40958
39938
37224
39467
36865
39525
38257
37853
38956
38916
38609
37625
37613
39030
38847
39399
36865
39847
40324
38866
37845
38312
39096
39937
38387
36903
38265
40356
40069
37361
39370
40958
37738
40958
37045
36865
38991
39065
39007
40958
39471
39863
37552
40071
40958
39962
37857
38330
36865
40492
38817
37475
39345
37451
38798
38030
37014
38881
38326
39117
38297
37674
40958
36865
39196
40480
40008
39962
40958
40067
37774
40590
37071
38663
39615
39220
40958
39985
37925
37868
40210
39326
40206
39895
38022
36865
40178
36865
39357
38863
37985
38624
36865
38769
39172
38366
38627
38530
40451
39420
40412
37846
39687
38841
39324
38517
38686
37877
37187
39975
40958
38847
38761
38771
37124
37247
40060
39891
39378
39200
37524
37969
38634
40518
38434
39029
37257
40821
38760
40958
40958
36865
40958
38555
39210
39892
40958
40254
37361
39243
40128
38672
38897
38956
36865
39153
38561
38096
38447
38547
38514
40132
38446
37804
38446
38451
36865
40958
38097
38970
37177
39261
40509
39805
37971
37103
37395
37911
39787
40715
40958
39530
39545
39991
36865
38780
38529
37724
38706
38544
40586
38456
39143
39518
39684
39835
37432
37429
37206
37133
38326
37459
40667
39941
36906
39585
40958
39276
38754
37355
37969
40327
38899
39112
37217
39662
38430
38833
37209
39425
37837
37366
39079
40958
40209
40400
39777
39989
37475
36865
38807
39644
38450
37906
38407
38316
38371
40406
39821
40329
36865
39213
38121
38228
39829
39920
37651
36865
40946
39603
39637
38315
39737
40153
39859
38347
39552
39294
40958
39296
38392
39976
37969
38875
39927
39755
38970
38237
40460
38673
40018
37653
39855
39370
40918
40958
38001
38638
39522
37592
38285
36865
38891
36865
37483
39567
38789
36982
36865
40958
39301
40958
39213
39256
40958
38359
38104
37194
36865
38610
39787
38092
38604
38454
39252
40358
38955
38693
38253
40286
40958
40183
40958
39150
38577
38437
38836
38340
38657
38859
38301
38128
38716
39835
38402
40296
36865
40132
39563
38220
38972
37640
38882
37804
38468
40958
38987
39382
38832
40029
40299
38167
39059
38063
37747
40450
38546
39895
39028
38663
40521
38693
38422
38992
37600
40958
40958
38173
37638
40845
36962
39649
38237
36961
40958
38406
40958
37732
39315
38865
37721
40942
39734
40958
40958
37604
38400
39465
39254
39408
39803
39485
36865
40545
39866
37657
37168
38475
40170
38991
38653
40958
38303
38742
39327
39947
39456
40958
40958
37276
37774
39850
38064
38624
37644
40218
38339
40958
39003
39519
39130
38123
37610
38857
40415
39270
40031
39344
39018
37605
37620
38247
40817
38568
40354
38961
40958
39732
40288
38150
37363
38602
40958
38960
39397
40958
39830
38231
36865
38000
38227
40879
38760
37312
38444
38876
38141
39885
37916
39213
37732
39239
37249
38522
38416
39389
40585
39684
39679
38743
40401
37522
36865
39176
38377
40741
40958
38337
38137
37806
38261
40958
39320
40100
39210
36865
39869
40447
37186
37750
39924
37934
36865
39489
39379
39724
38358
38391
39711
39092
37998
38430
40449
38672
38131
38170
38811
38993
37229
40958
40958
38260
40344
36865
40213
40958
38743
37873
40638
40302
38594
38895
36931
37880
39674
39586
39358
38269
38758
40669
39281
38615
40317
38609
38145
38526
40025
39444
40092
40413
40114
39451
38779
40204
38909
39212
37599
39002
40958
38587
37849
40758
39884
40056
36865
39277
38744
39111
39028
39491
40561
39863
38693
40175
40188
40958
39738
36928
38030
38969
38426
39070
40958
39476
38225
37777
40223
38166
38619
39866
38414
37880
37455
37513
38895
39698
37608
40866
38757
38242
38180
38570
40606
38717
36865
37311
39053
38843
38765
39567
37917
39873
38357
38522
40616
39981
39109
40629
38240
40958
38638
40262
39993
36865
39050
37426
40128
38243
39544
38055
37424
39260
38785
36865
39943
38499
39135
39039
39258
37826
40917
38935
40245
37588
39275
38833
38977
39625
40017
39871
39442
37342
38836
38476
40252
40324
39260
39969
37918
37902
38906
39108
39322
38741
40431
39432
37367
40942
37790
38852
36865
39793
40958
38396
40493
40449
38083
38014
37696
38614
38344
38921
40958
40240
39652
40499
38712
37777
37223
37870
37913
38284
38942
39816
38550
39027
40327
39082
39117
38836
36865
38672
39771
39985
37874
37903
38710
37777
40958
40958
36928
36865
39641
37445
39943
38174
36993
39397
39025
38964
40958
37008
37241
40046
39350
39711
38446
40242
38030
37346
37597
38776
39547
39571
40767
39416
38003
39847
39578
38517
38524
39545
37602
39612
37066
40014
39927
38997
37536
36865
38581
38316
39720
38502
39011
39662
37346
38135
37289
38413
39720
39091
38616
36865
37711
40307
40958
39253
40594
40674
39941
40925
39697
36984
37243
38420
38438
38227
37717
39488
39848
39495
39782
38430
37226
38550
40613
39595
39570
39536
38143
38410
39342
39611
40958
39723
37686
39613
40518
38548
38224
39289
40189
40789
40520
38929
39150
36865
39553
36865
39268
38005
36865
38585
38367
40557
40561
38852
36865
39280
38446
37991
39016
38966
38216
37245
37398
37494
39131
39684
39634
39639
40551
37713
40222
40070
39758
40755
37763
38811
39154
36865
38125
38935
38166
38844
36865
37776
40866
37870
37545
40958
37567
37960
37793
39091
39770
36865
38363
39643
37888
38119
39489
38160
37835
38032
40559
38972
40958
39928
37941
40958
37666
39921
37002
40958
37654
38633
36865
38596
40958
37908
38304
40265
38778
38722
38663
37521
38792
40005
39064
37908
38617
38151
39527
40025
40197
38360
37952
37687
39192
40198
37176
39385
37749
37979
40005
37751
37853
39910
40293
38017
39126
39553
39068
40958
40341
38702
37868
40958
38312
39578
40958
39606
37253
39157
37158
37360
38084
38670
39266
40958
36865
40958
40586
37150
37913
39986
39469
40958
39886
40958
40780
37782
38047
36865
40788
39363
37487
38139
38972
39252
38539
40958
38631
38170
36865
40958
36865
40765
38533
37587
38819
40349
38376
38073
39731
38091
39784
40048
39057
40288
37920
40575
37918
36865
38006
40958
38398
38511
38355
40119
40958
38910
36865
39244
40478
39251
39153
39606
39372
10595
21940
16474
4207
3309
15586
24359
7665
25388
8901
26173
8262
6485
24016
7126
22352
20704
10125
14733
14102
9609
26014
1839
384
22615
1276
16653
5461
9598
6649
5305
23669
16834
21863
918
15040
13318
23971
20631
16563
25520
23458
6571
16995
15463
25342
17051
6882
7780
1595
14399
13260
3226
4197
10188
21285
14965
25695
6141
4866
6958
6867
9375
6882
23090
22937
18002
5406
10301
2748
10160
15800
11053
140
15494
18463
2847
14417
7982
10393
21079
12567
23112
1133
26082
21024
18424
16086
22541
22135
13896
19923
15735
1042
22715
12671
23279
19076
14718
4083
2121
5098
4399
6965
17252
21073
2811
366
5363
6906
20098
24445
10433
2657
7187
18661
21177
7005
24810
27209
26914
28558
25192
26868
26299
27557
24577
27860
27663
26745
25460
26897
25670
27081
25981
28670
27866
24577
28670
26111
26771
27604
26687
27509
26065
26113
25514
27795
26037
25779
27175
25340
25889
25866
26038
27132
26632
26232
27044
24665
25922
27901
27578
24577
28315
27796
28510
24999
28670
26171
27014
27339
28663
25260
24577
26739
26196
27105
26989
25659
26772
26750
27663
27841
28670
27230
25280
24577
27679
25193
26121
25898
27117
26673
26334
26974
26343
27101
27339
26296
27413
24577
25235
27433
27927
26266
27305
27173
25725
28670
25868
25509
26861
26608
25331
26379
25899
26633
28368
26169
24710
25615
24577
24829
27160
26789
25713
25600
24577
26745
25278
27869
24577
26411
27244
27596
24577
27006
28670
28670
28446
28269
26867
26567
25968
27151
28630
25704
24871
26840
24741
26733
25767
27316
28340
25260
26076
26747
24663
27140
28204
27664
27115
28150
26983
28003
26044
26007
27959
25711
24577
27136
25870
24961
24577
26021
28670
27141
27545
25659
27420
26737
26580
24609
24577
26064
27528
27914
24577
27268
25243
27993
25968
25647
28224
26138
26370
26397
27728
25858
26337
28392
25241
26569
26351
26893
24577
28281
25638
26367
27710
27100
26696
26327
25620
24731
25763
27564
26020
24577
27680
28670
25745
25729
26992
26544
25134
26288
27394
24685
28670
27024
28573
26761
26555
24577
25897
27166
27050
27335
25818
26833
24906
26702
24577
28670
26575
26410
27194
25269
27077
24882
28670
27397
28658
25253
26505
26454
28232
25420
26940
27334
25494
24577
25849
25592
25602
26825
25974
26129
28299
27335
24651
25239
24650
25415
26285
25043
27435
28670
26201
27549
25891
28361
26776
24577
27057
25364
28670
28257
26151
27846
25690
26378
27856
25621
24577
27413
27081
28670
27578
26402
28606
25455
25274
26953
25069
26809
27876
28670
27635
27142
27410
25863
26584
24577
26418
26702
24577
26668
26785
25956
25337
26381
24577
25276
28225
26810
28649
26389
25371
25878
26921
26560
26525
26759
26881
25437
28670
26671
26348
25596
26824
26189
27224
26311
27229
25946
24577
27187
26998
25379
27040
25351
25026
28287
24789
25304
27544
27984
26443
26118
25526
27463
28670
25358
25470
27637
27567
24577
25392
26110
27835
27826
24577
24577
27069
25992
27371
26947
26373
27361
26078
28400
26312
25693
28065
25103
28069
27304
25939
26330
27704
27351
24949
26850
27200
27085
26721
26199
25505
26827
25325
27741
25605
26370
24577
25958
25202
24795
26978
24577
27670
28280
26917
27791
26622
27519
26923
26295
27169
27717
26851
25410
25572
26223
26237
27840
24577
28332
25310
27040
24728
25813
28347
27344
25543
27421
28105
24577
27054
26556
25251
26428
25415
28110
27144
27284
26543
27350
26898
26643
26997
26229
26392
25699
28184
27181
27594
24608
26778
25927
27556
27667
28270
28582
26785
27010
27149
27532
27307
24737
26809
26426
28670
24577
26236
28670
26644
25950
28670
24577
26067
26404
25151
25437
26124
26959
28409
25685
25869
27505
26663
26697
24940
25002
28597
26177
25420
27032
26621
24577
26061
24577
26637
27917
25731
28548
27596
27616
26413
25918
25897
27700
26010
27742
25756
27789
25642
28266
25955
28670
26301
26082
27444
27744
26619
28670
24577
25642
27120
26659
28240
27221
25888
26976
26736
28157
25784
26295
27302
26507
26815
26187
27623
27883
28008
25389
27963
26174
27735
27548
26947
26082
24582
26653
25543
26986
25819
28339
25919
26544
24577
25594
28670
26960
26154
26813
24819
25901
26693
27373
26433
24577
26874
27086
27906
26303
27044
25813
25115
26077
26632
25376
24600
26956
27291
25230
26359
27922
27087
26086
27392
25314
24717
25433
26028
25979
28055
27095
26184
26895
26612
26424
25442
24817
27174
27045
26636
25659
26518
28522
26533
26525
24577
24660
24911
26702
27318
24652
26553
26862
26961
25916
24577
26842
25161
25214
28670
25668
24577
25936
28471
26689
25667
24577
26546
26924
27444
28276
26903
25269
26104
26930
25835
27520
28036
26730
26593
28670
27591
27356
26579
26741
25901
26560
26969
26265
26577
26539
25161
25089
26758
27127
27296
28670
27814
25381
28163
26848
27876
26397
28264
26474
25767
25665
24577
28196
27806
26329
26729
24804
28112
28382
26322
24810
28670
26038
24944
27217
26387
27071
28538
26902
27099
27578
24577
27667
24922
25890
27215
27434
25906
25628
25532
26337
26679
25646
26900
26515
28670
28304
26483
24577
26939
27657
24941
26804
24883
24577
26343
25985
27987
25499
27411
25481
26708
24697
27783
26828
26369
25522
24577
27407
26629
28670
25202
25829
28670
25751
27279
25396
28670
28670
27664
25544
26836
27015
27281
28670
26332
24778
27075
27806
27377
26135
27107
25677
25476
26131
27177
28670
25155
24769
25001
26999
24577
27730
25521
26134
28670
28355
27728
25640
26203
27526
27012
28670
26523
26981
27625
27501
25770
25905
26181
26394
24663
26098
25611
26412
27205
26498
26754
27514
26260
27872
25262
27230
27688
24656
28670
26363
25784
25772
24577
27672
25466
25333
28670
27250
28196
26934
24838
24982
26620
27765
26499
27751
27932
26946
24956
26952
24808
27045
28279
27553
26815
26852
26824
26860
25547
27082
27516
26606
27111
26812
25472
27490
28670
27935
26284
25961
26295
25055
27654
27492
25605
26658
27576
26255
25278
25735
26197
25754
27235
27986
27454
26622
25865
25362
26980
26540
27325
26486
27469
28120
25947
26255
24851
27055
26446
26383
25320
24878
25296
26166
25668
27739
26351
28670
27604
25915
25014
28670
25143
24577
26662
26617
27198
27092
27382
26545
25890
26481
27517
27851
26706
27185
24577
26634
26488
26944
26819
24577
28364
27205
25626
27610
27788
27787
27921
27729
27594
24577
28670
26581
27028
27056
25495
25976
26312
25235
26938
24577
26873
26625
25865
25773
26158
27757
27962
28670
27568
25357
25397
26321
26952
24773
27044
28670
28267
26307
25328
28670
26457
25640
28310
26181
24891
28030
25951
25079
25776
26014
25881
27899
26603
27896
26471
26361
26769
25145
26124
27580
24577
27524
25740
26575
27419
28278
26458
24577
27944
27313
26413
26681
28670
26806
24577
27633
26018
24831
28209
24577
27853
26519
25749
28670
25846
28160
26194
28670
28078
25710
26371
26612
25972
26750
25939
26074
26070
25039
28670
27475
25554
27586
24577
27243
27114
28670
26402
26828
25354
28042
26026
25467
27957
24577
25389
27750
24577
26841
27537
25688
26237
27558
24577
28670
26845
28223
25432
26265
27282
28213
28399
27231
25636
26797
28314
26141
25302
26244
28617
25693
27417
24577
28310
28670
27614
24811
28116
25627
25301
26930
26649
27667
27039
26876
25075
25480
26786
28135
26954
27647
25354
26826
26307
25286
26761
26087
25542
26177
25430
26106
26505
28057
25652
26415
28270
24577
27300
26873
25303
25732
26128
25814
27628
25562
27209
26170
27793
25446
27627
26588
28019
24579
26371
28655
26224
26749
26613
26685
28654
25682
26290
28670
24977
27113
25295
25049
26646
28521
28071
26630
27473
24896
26417
25482
24577
25882
25225
27417
27469
26279
28081
24577
27994
26745
28432
25283
28628
26407
27445
28670
25609
25432
26597
26044
27890
27813
24576
26878
28107
25273
26974
26052
28670
26931
26812
28160
25805
26475
26751
26313
28131
27912
25911
28383
25780
26582
27886
28448
26284
25127
28670
26004
26281
26496
27121
25957
24619
25950
27808
26151
26095
26456
27429
26123
26449
27135
28032
24673
27086
25644
24577
28181
26194
28363
27088
25748
26221
26877
27714
24821
26655
26367
26146
25459
28670
26572
24577
28501
28670
26928
27037
25969
26256
28670
27250
24577
27224
24577
27920
25606
26451
27847
28271
28670
28670
25860
25829
25431
27767
25250
26973
25530
26372
24577
27276
26834
26273
24577
25376
26639
26605
26551
28670
24587
25430
27135
26998
27451
28234
26809
26579
25200
26236
26256
26360
28670
28670
25698
25730
26418
27863
25662
27183
24808
27119
26243
27608
27542
24577
24577
28632
27616
24868
26785
28670
26008
27272
27620
28601
24999
25560
27029
25552
27470
28171
28087
26458
24861
25575
25896
26265
26758
28670
24581
24680
26541
26517
26148
27647
24587
26168
26101
27786
28234
25721
24577
27314
27203
28509
24577
28341
28472
25773
25132
24643
26583
28481
26090
27651
27845
27767
26853
27037
27129
27451
26185
26664
28546
25559
26111
25961
27148
26127
25612
27657
26410
24577
26594
28670
27350
27118
26839
26432
25830
24946
27154
26040
26247
25522
28670
24654
26889
27203
24725
26788
26536
24577
26581
26530
27337
26395
26393
27947
26145
27571
28670
25907
27120
27584
26246
26808
26161
25013
26991
27794
28409
26631
26388
24577
26487
27505
26853
26218
26163
28220
28068
24577
24577
26264
27957
25950
28138
26850
27080
28166
27777
24577
26800
25021
28657
24577
26741
26242
28670
27200
27946
26180
27751
26167
27034
24803
26180
28670
26382
27562
27745
26143
25904
26505
24900
27232
28670
24577
26036
26954
26545
24790
24577
25117
27924
25955
28670
28246
26297
26611
26822
26249
28670
27182
27366
27894
26621
28670
27794
26369
28498
28670
28136
28670
27069
27183
26020
26738
28670
27493
28670
27041
26821
25842
25492
25091
27592
26397
25684
27208
26462
25972
24577
26172
26946
28378
26571
28670
26907
24577
27858
26986
27196
26432
28670
26153
28670
27712
27841
24577
27402
27407
26901
25191
25064
25950
25169
26968
24642
25303
28272
27060
26108
28337
27449
27069
25474
28569
26326
24577
24943
26402
28342
25975
25979
25447
27780
26954
25640
24577
26800
27829
25722
25576
26131
24577
26623
24846
26518
25624
25156
25432
26728
25312
24979
26447
27324
28090
28657
26602
24861
24577
25673
25352
27623
28670
27959
28670
26958
26193
25267
27670
25310
27571
27703
24604
24577
26779
25888
27452
27899
26672
24577
27388
25205
27484
26709
26941
28670
26214
25996
24995
25953
28670
26869
25358
25328
26704
27338
27221
28070
26257
28670
27379
28218
25124
27063
27844
27017
28235
26999
26518
26876
24812
26534
26094
27458
26178
26543
27321
25818
25698
27578
26289
26530
25511
26220
26243
26719
27663
26863
27399
27991
28386
26639
26621
26813
25455
26721
26893
26450
25685
28100
26847
26261
27389
24645
26787
27956
26222
24755
28052
24595
28371
27451
27459
28670
26661
26078
24577
26768
24577
25076
24577
25270
28399
28382
28670
26349
26240
26412
28411
26273
26178
25687
28439
26974
25867
25484
26138
24577
25443
26718
27069
27120
24577
25487
26602
28263
24577
25983
27287
27422
24577
26502
26489
25071
24577
25208
27493
26335
26783
26744
27581
25785
25871
26300
28670
25011
26908
25049
26722
28345
28670
27527
26331
25623
28015
27473
28670
26725
26856
25778
27913
26404
27093
27245
28670
24992
25782
26572
26089
28330
25514
24577
28397
25745
25615
25613
25643
24577
25061
27393
27014
27288
27183
25966
25802
27611
26903
27178
26993
28129
24914
26574
25999
28134
28037
25551
28372
26423
27433
27568
26454
24577
25317
27196
27861
25694
26975
27527
24577
28200
26129
27647
26495
27322
25929
25401
24766
27405
27513
25430
26424
26980
25910
26686
26520
26162
26321
27237
28670
24839
28335
26601
26383
25793
25489
27162
28670
27797
24577
25930
28670
25625
25782
27275
26877
27547
24620
26564
26441
26567
28225
27661
26588
25944
27672
26559
27183
26374
28208
27489
27365
26250
26925
27215
27640
27439
26026
26614
27111
26968
27044
24577
26651
26227
28232
25043
26051
27375
25025
26136
25354
26627
26800
27061
27377
25023
28670
27221
26517
27950
26045
25796
28200
27593
24852
26747
28346
24625
26812
26121
25525
25626
28206
28167
25287
25923
25512
26184
27277
28185
26634
28670
25917
26659
26696
28670
25109
27010
27122
26254
28192
26675
27350
27233
24885
27152
25655
28651
26680
26433
25491
27525
26782
27282
27229
26204
27449
26453
26980
25687
25440
26077
26050
26126
26556
28670
27114
25534
26510
27651
27454
28363
26311
27759
27272
27118
26281
25633
25645
25031
26515
27334
26988
27243
26637
27613
27385
25553
27384
24878
28670
24634
24611
27057
25619
28476
25083
25945
26366
24577
27941
24577
25712
25403
25013
26592
25445
28588
28670
25304
24577
28517
27380
27204
25577
25440
27649
28670
25693
26821
27316
26146
25844
27443
26280
27888
27402
26670
26742
25429
27439
27598
26881
26746
25751
27001
26067
25865
26855
25100
27034
24577
27269
25497
27512
25542
27764
25555
24788
26910
28670
28670
26196
27408
26748
25498
25832
24577
25663
27301
28670
27031
27216
26297
26329
28026
27261
26626
26436
27299
25744
24577
27276
28107
26553
26968
26121
25815
28132
26679
26955
26095
26745
25620
26790
26957
25100
28178
26723
26499
28132
27885
26584
28040
27783
25857
25690
26569
26524
28670
24577
28670
27306
27848
27705
26884
28315
27590
26678
26243
25756
27195
27884
27391
25949
26331
25414
26316
26872
26405
26994
27354
24577
27535
26526
25383
26053
27203
27808
26197
25870
25290
27632
27676
24577
26810
24577
27024
27163
26656
26634
26881
25043
24577
24577
26550
25792
25954
25539
25638
27390
27234
28371
27489
25127
28670
26959
27156
25892
25732
27554
28670
24975
27262
25970
27495
25975
26153
27432
24887
25014
26120
26774
26903
25991
25410
28380
26922
25303
25829
28286
27684
27748
26064
26108
26156
26964
27202
24577
27006
24577
26918
27170
25865
26271
25670
27381
26328
26678
24577
24577
25930
28321
24835
27172
24938
24577
26093
25851
26170
28670
24577
28220
28670
26715
25559
28670
28308
24967
26877
26155
25180
28503
26047
24577
25810
26950
28670
26988
25953
25776
27262
25381
28670
26211
28670
26714
27218
27076
28449
27150
26674
25973
26503
26085
24577
27031
26578
25920
26580
26321
26153
26442
26742
25999
25514
25963
25244
28425
27558
26603
25841
27754
26920
24577
24577
25907
28670
26335
26576
26412
25128
27330
28670
26176
28670
27471
27820
25744
25930
28378
26929
27442
25623
25657
24691
26361
25064
25660
27403
24577
27980
28670
24815
26979
25945
25602
25382
25926
27167
27495
25549
24577
26353
26408
27350
28670
26506
27315
26375
26786
26283
24577
26217
26205
27566
24861
26101
28021
27650
26352
25688
25789
27127
25868
26745
25969
25872
24593
27212
26145
26276
28637
25480
26607
26517
27323
26588
25742
25380
26146
26395
26313
26035
27511
26794
25111
28219
28224
27870
28449
24897
26834
27235
24686
26444
25413
25003
26563
24819
27556
27116
26253
25364
28670
25623
27085
25271
26890
27398
27582
26294
25446
27291
28093
25889
27208
28670
25678
24789
27163
27635
26558
27127
26387
25540
26398
27166
27602
27793
26507
28670
24827
25776
25550
28430
24577
26652
27273
28174
28655
26318
26759
24638
24975
27469
25664
24754
27454
25440
24932
28670
27123
24577
25053
27218
26364
27354
26415
27662
27346
28338
26093
26684
25615
26202
28670
24813
24975
25782
25723
26061
25931
28670
26949
26634
26649
24577
27473
25781
28363
26698
26377
27288
25850
27219
27030
26775
25420
26966
28049
27318
27879
25825
26731
25674
28278
27008
28670
26637
26632
28670
27835
26265
28062
25217
25434
25200
25577
27732
26301
25417
26186
26360
25277
28670
27750
26765
24655
26144
27269
25831
26450
26168
27176
28357
26295
26364
26815
24577
25478
27510
26414
28257
28670
27607
27249
25896
24835
28670
28042
26697
25391
26375
27361
26353
24951
26308
27569
25184
25806
24577
24660
26230
25140
26749
25033
28670
24577
28670
26736
27303
27271
26207
26887
27473
24647
24577
25304
27493
28224
26901
27065
25507
27589
26377
26643
27504
24577
27407
26406
26671
26123
25467
28551
28670
28670
25712
26168
24577
27944
27909
25795
27602
25656
27571
25886
26707
27297
26820
27608
24577
27774
26234
28578
28670
28423
27004
4389
4939
606
5122
4878
885
205
6055
5434
2561
1753
1033
4662
1849
62
1742
1558
232
4924
2328
4482
2692
4884
5711
2615
5785
5775
1382
5667
4949
2112
3127
2340
5316
3441
905
3176
916
2378
1468
1033
2479
548
1956
614
1378
5930
2324
1475
155
2218
130
1649
5837
220
5193
1652
1277
1848
3439
470
219
2156
6051
964
5764
1070
2191
2853
2825
1278
4892
1742
5623
2626
876
1506
4780
3416
3529
997
4404
1362
3704
1047
4203
3969
2470
3840
3278
1409
5901
5197
2833
3614
5036
1413
6070
4015
2596
57
3621
5573
1938
4522
6009
2115
4097
920
4663
3213
4378
2680
3971
4301
4649
5948
6091
3270
2248
213
1364
1525
102
2059
3676
3934
3428
1643
2550
850
1747
2426
2527
5553
3673
5128
5387
2330
3780
5906
3692
6085
5776
3493
520
557
285
5961
4901
548
94
2964
3205
2546
5430
1751
2146
3098
2762
3455
153
5018
4252
4354
4435
3494
5198
4748
5451
1935
3314
3776
6111
3289
307
2287
5937
4476
2708
3887
3413
4029
1065
1680
4305
635
5898
5443
5188
5938
4445
4464
2913
3015
3619
2069
5361
3197
5352
5367
4916
847
3067
2711
4443
2271
2744
2959
3056
1021
3038
2824
5094
1259
1894
6040
5730
6013
1399
4827
678
3245
2029
925
898
668
5711
599
4406
3469
4018
5176
3384
4147
4779
4368
4192
1846
4978
6107
2589
4178
3684
2917
5851
1890
5501
2201
6023
834
2841
3463
2627
2492
2084
750
4147
4028
3939
2002
4672
633
2113
1377
1944
1480
358
2742
4948
1563
5756
5192
2623
6198
4097
4520
6216
6639
4097
6407
6233
8190
6170
4097
7392
6199
5140
6483
5886
8190
6575
5572
4097
8190
6504
5860
4759
5898
4786
6293
5118
4097
7853
5873
7330
7990
4998
6555
8190
8190
7070
7356
6376
5167
5739
7340
5731
5608
6755
8190
6250
6195
5907
6650
4097
6667
6127
4943
4552
5398
6394
4097
6570
5834
6583
7312
7247
5726
6278
6224
4096
8190
5561
7577
4972
7073
8190
4319
4762
5033
7842
8021
6717
5796
5584
5248
7634
6315
6115
7019
8190
4543
6087
7056
4365
5662
5468
5873
5054
5085
8189
6272
6900
5155
6903
4518
8190
6137
8190
5937
8190
6478
5873
6583
7086
7429
7214
8190
7607
5671
7771
5091
4097
7440
5450
7693
6786
6496
5168
6386
7376
5817
4621
6788
6210
4970
6839
6116
8164
7079
5565
7071
7452
4929
8190
6734
4351
6185
6183
7011
6421
7484
6153
4780
5477
4314
5053
4451
4474
4452
6909
5679
6733
7035
4808
4656
7236
7012
6904
7064
5348
6476
7835
4785
4097
5447
7345
6586
4349
5401
7040
5421
7694
8085
6812
4504
5187
5332
6066
6778
6608
5133
5905
6996
6712
4936
4163
6575
4097
6206
6656
4097
7162
6392
5321
5911
5192
4308
7307
6265
5431
6950
6761
5664
5776
5498
4508
5827
4364
6401
4097
6933
6742
6993
5001
5901
7230
6296
5664
7066
6224
5739
8159
5886
5010
6425
5231
4097
6195
5387
5152
7472
5078
6343
5758
7163
5569
7781
7226
6240
7530
6411
5773
6061
6796
6099
6892
5387
8086
5261
7272
7667
4730
7030
6602
4396
4761
6529
6703
6070
7408
6808
5796
6889
6354
6317
8008
7199
5911
8190
6911
7600
6925
5137
6255
6088
5416
7543
4837
4872
6929
5515
5096
4325
6175
7809
7333
6849
5659
4846
5312
6123
7258
7633
6442
7856
4097
7753
6278
5459
5476
7719
5079
5807
5761
5572
5720
4097
8176
6762
6760
8190
4097
7138
5270
6935
6655
8027
4344
5808
7107
8190
7537
7136
8190
6074
6856
5632
7756
5225
6744
5836
4797
5245
7848
6159
4554
8190
7199
7738
6649
4153
4561
5653
6062
5085
6887
5382
5767
6444
5856
7037
4097
5536
5777
6884
7277
6866
8190
8190
6570
6791
5536
5957
8190
7137
4097
7691
4696
7274
5909
4807
4097
7850
6832
6424
6240
6123
4099
5619
6503
6347
8190
4986
5017
6368
7517
6841
8190
6798
5645
7165
7210
7212
6968
5911
4163
7518
6817
4390
5746
6757
7744
5671
7343
7042
7222
4635
4877
8190
5502
5724
5810
6474
8023
7844
4289
6676
7352
4097
6615
4319
6208
6296
6890
4097
4769
5204
4097
6135
6618
6934
7269
6071
4925
6090
5995
5828
7838
4605
6681
6328
6798
6199
5845
4266
4912
5055
5723
5378
4261
6969
7353
7157
5832
8190
6066
5242
7062
5996
7203
6400
6808
4548
4458
8190
8190
6503
4773
4097
4870
5825
4350
6765
8012
7198
8190
5203
5975
4990
7180
6897
5476
5623
4675
6238
5089
6475
5769
8190
6779
7762
6905
7838
6237
6718
5885
7114
6657
7309
5048
5487
6453
5692
7047
4097
7120
5411
4488
4676
6589
6358
8190
5858
7610
8190
6801
6076
5909
5221
5119
7076
4097
6535
5527
7923
5326
4491
4701
8148
7046
4830
5380
6441
5049
4123
6758
6050
5767
5371
4287
8054
6596
6789
7727
5123
4761
6381
5700
5443
4838
5590
5250
6186
7229
5925
6756
5928
5867
5428
6983
7990
7424
8047
7277
5940
5289
8190
7874
6536
7475
6963
7349
6103
4314
6272
7640
7739
6628
4712
4097
5648
6526
7056
5645
7292
6343
7500
7289
6438
7491
4744
5620
5997
5706
5597
4237
5134
6975
5294
4097
6478
4674
6512
6983
5176
6337
6991
7390
6744
4100
6700
6837
5566
4097
4410
6452
8190
5931
5219
7831
6312
5521
5987
5198
8096
6705
6772
6824
4977
5740
6196
5802
4413
5282
5002
6295
4919
7005
5843
7850
6053
6727
6229
6880
5148
6898
7699
8179
6397
7639
6160
4362
5251
5121
5215
7083
5993
5403
4367
8120
5881
7100
6940
6090
8076
7228
4097
7060
4309
6376
4514
5731
4361
4408
4097
4758
5800
7445
4461
8190
6128
5745
5615
4247
7930
6733
5012
6198
4097
7883
5473
4097
5233
7688
6918
7059
5823
5159
5204
6751
7466
5583
6997
6392
8190
5784
5967
5418
7670
6501
4118
5617
4906
4922
6380
7459
6614
6759
5725
6315
5284
7203
6535
8190
6914
4133
6502
8190
7315
7639
5470
5214
6577
7829
6102
5774
7223
6894
4409
6176
4097
5477
6738
8190
8190
6286
8033
5462
5315
8146
7265
6923
5434
7353
5524
6723
6123
8190
7208
6216
6735
4379
6714
6460
7199
6532
5648
4696
4674
5032
6213
6493
4973
4964
6288
6398
5139
6064
5406
4717
4411
6121
5371
6038
5278
6717
6735
4097
8181
7243
6346
5571
8190
6419
7318
5787
8190
5873
7253
6166
4097
6627
7646
5765
4564
5559
7348
8190
5900
8106
5964
7189
5263
6514
6805
5751
7895
7082
6614
5370
6785
7879
6304
7451
6813
7701
4097
7495
4898
6298
5300
7677
6620
6411
7683
4792
6290
5859
6494
5216
7429
8190
6338
6338
6554
6072
4097
6549
7100
6569
6849
5529
6889
5796
5242
5279
6260
7530
5397
6733
5474
6425
6461
7288
5818
4968
5239
8148
5355
5799
7061
5496
4531
4097
7383
7901
7566
8015
4693
4451
7975
6779
8190
7204
6948
4458
5588
4922
7527
4672
6281
4097
4097
6682
6353
6102
5525
6808
8190
4303
6324
5368
6138
5074
4860
5717
5883
4479
7044
7905
6730
4810
6230
5888
5290
6906
4594
7148
6629
8190
7180
4097
7138
6626
6498
7150
4981
7676
7478
6992
4097
7938
5671
5792
5468
4627
5512
8190
6019
5530
6996
6640
5233
5731
5407
8113
7822
6384
6094
8102
6570
8190
4097
7818
5505
6654
5508
6547
5609
6955
7737
5635
5962
4733
6251
4984
4909
7183
5104
5658
5504
5870
5197
6658
4097
6125
6168
5229
5139
6914
5474
5642
4943
7660
6414
4873
6817
6654
5669
4097
4097
6798
4506
6131
5130
8190
7754
6725
5964
5879
6232
5292
6288
7473
4097
6728
7032
5355
8032
8190
7187
7975
7172
6139
6055
5434
6466
8085
5353
5222
6926
6504
6195
8190
5216
5878
7744
7979
6680
6704
6761
6471
6088
4305
6760
6353
7802
7230
6596
7848
6363
4576
6363
5228
4097
8122
6003
6371
5547
6640
6465
6678
6968
5633
8190
5233
5684
5149
6130
7608
6624
5750
5285
4117
7998
4897
6547
5905
5272
4097
4815
4097
5262
5720
5527
7540
5486
5025
7405
5989
5221
7232
5895
7949
5225
5077
6666
6333
5553
6056
6560
6621
4751
4555
6666
8190
5134
6679
6798
6719
5787
5173
4879
5121
8190
4097
6326
4699
6047
6047
4201
5966
4724
5762
6776
4796
6726
5322
7613
6928
7075
5701
6852
6676
6659
4097
6366
4653
6976
6241
5440
5544
6421
4097
4307
7616
5695
7197
5963
7774
7205
5767
7543
4097
4097
6676
4903
5580
4726
6360
7442
6460
4583
6831
4666
5435
6999
8190
5073
6796
6869
4097
5163
4097
8190
5708
4097
7594
7207
8000
5036
7415
4984
4942
8190
5246
7427
7330
8123
6178
6430
5284
4899
8190
7602
7305
8190
5838
6196
5401
4171
5258
6368
6582
7263
5666
4097
8190
4097
5706
7022
4989
5301
5781
4566
5887
5122
8083
5612
6105
7334
7224
6637
6967
4968
6344
5875
5989
7563
4242
7010
6728
6568
8079
4215
6808
5270
5528
4960
4454
6052
7136
4097
4432
5845
6148
6673
4097
5514
7572
6034
5221
5740
4097
6293
6688
6813
4097
4613
7169
4097
4097
4539
4417
6867
6401
4097
5035
5109
6066
5904
5785
4128
8131
5577
4221
6569
5874
7658
6248
7726
5610
6139
4957
8145
7423
4097
5879
4615
7300
6430
6510
6400
4844
4097
4097
5369
4097
7413
6050
4097
5445
7964
8190
6614
8190
4691
7938
5552
6219
5081
6024
6623
5044
5467
7358
6667
4942
4099
4097
6856
5729
8190
5897
6202
5633
4347
13882
11914
17588
15418
13837
5791
5425
8569
20070
5084
8263
4032
21125
6653
996
12490
2865
10246
6781
19213
8087
18170
6129
14526
12931
13049
3605
17080
18998
16483
12188
1286
21216
8160
8359
21558
19814
11860
18136
19261
10086
15380
16339
11942
20707
13885
17580
16927
20114
20510
19725
9208
10769
10263
2257
4266
13755
14556
18318
3027
9767
19175
813
668
13750
19327
14237
9723
19571
8531
14941
19003
15270
12513
2110
2529
9714
15258
4933
18954
11052
1686
22038
6867
3982
16304
16249
12902
11489
2732
14334
19259
6184
10485
345
9879
7249
6732
17489
9049
2942
4575
657
13940
9570
19088
11677
17416
15459
17692
17546
16146
9426
7059
1579
4037
11986
14456
10991
21519
2042
7948
21793
8786
140
5754
18083
17282
3729
20913
7030
16176
16041
9746
7494
2726
16547
7261
22167
211
8177
9572
7902
20092
16785
21048
17591
24574
20665
22638
23269
23967
21969
24574
22239
21626
23697
22860
20918
24574
22745
21575
23926
23244
22467
21707
22940
23462
22396
23324
21946
20481
24457
22521
23422
24178
20714
23836
23617
23582
24522
24574
22296
23886
20481
23590
24334
24265
23023
23098
21243
22492
21711
22840
22223
23672
24365
20884
24574
24574
21798
21013
21076
21776
21325
20817
20594
20772
24574
22084
20481
23206
23554
21448
22144
21006
23257
22105
22087
22193
21341
21440
24574
23557
20481
23609
20481
22189
22174
21248
23290
21601
23534
22669
23564
21270
22500
24574
22026
21335
22338
21720
20481
23506
23255
21782
23882
23988
22422
23491
21642
23934
24574
22204
22313
21826
24410
21018
23600
23229
20875
22875
22180
23014
22225
23600
21813
23290
22469
22317
23286
21293
23736
23372
20604
22506
22963
21391
22377
21678
21735
20923
23920
21423
20481
22381
21213
23493
24089
23943
22000
20523
23754
21876
22603
22716
20841
24019
21259
23596
23303
24023
22726
22925
20983
22845
23778
22510
22643
21472
22287
21767
24208
22611
23093
21604
22118
20521
23032
22583
20481
21656
22542
22368
21883
24195
22652
20815
21095
21045
24141
21192
21096
22625
22872
22929
20785
22045
24220
22867
22448
20538
21117
23044
20481
22718
20481
22777
22133
21432
24080
23199
22597
22557
23174
24209
21574
21999
21768
21954
20481
23350
21830
24574
24574
21109
22081
22914
22651
21152
22239
22612
23929
24574
22680
22973
20979
23738
21627
22286
20523
24147
24574
21265
24393
23242
22326
23739
22540
23855
23617
21017
21430
20967
21738
22763
21898
20481
24574
22124
22790
20481
22026
22669
23237
22326
22302
21703
22886
20481
20600
23286
22409
20796
20878
22149
22680
22136
22453
23345
23086
21080
22816
23103
24574
23595
24166
23044
22648
22790
22095
23199
21648
20481
21978
22299
20481
23054
22979
22025
22206
20824
22800
23553
23000
20767
23607
22204
22194
22342
23012
22777
22050
24145
22899
23273
20481
20481
22942
23675
22469
23011
24150
22668
23743
22077
22579
22591
23067
20481
21477
22034
22743
20481
22917
21221
21230
23189
22628
23316
24259
24473
24121
21269
23168
22744
22703
24077
22625
21846
20797
20481
21239
22630
22377
23157
22605
23820
21147
22044
24434
24236
24035
20481
23435
21857
24574
20481
22281
23450
21455
21385
21597
22182
23704
20548
22606
22195
23758
22164
22309
21428
23967
22690
22645
20755
23811
22201
21551
20722
22180
23303
21834
23478
22711
23699
20481
21831
23776
23940
22995
22035
23194
20481
23585
20481
22800
22655
23254
23557
24574
22954
24339
21858
22369
24574
22212
22084
22546
20481
23883
22517
24574
24245
22601
23053
20705
21147
24574
20481
21513
24193
23292
20583
21588
23824
23163
23359
22692
23545
23889
23477
21773
23786
20481
24574
20481
20481
21658
23130
21404
22548
21508
22899
22387
21917
20883
20481
23143
21848
23102
23360
23714
22322
22848
22304
23115
24574
22537
21451
21352
22276
21650
23126
23857
21728
24574
22400
22199
21376
24106
22317
21286
21761
20584
20698
23121
23387
21800
21980
21805
23271
24574
24274
24574
23680
22207
22939
23124
23521
20574
24545
21108
20481
21370
23184
21546
24574
22999
22093
21996
23170
22735
23932
22936
20481
21959
21314
22155
22093
23359
23448
23949
23318
20832
23180
22421
24574
20481
21332
20672
22391
21932
22302
22436
22702
23083
21931
21392
20726
22500
23667
21652
23428
23902
22011
23287
21613
23009
21471
21982
21445
21864
21581
24574
24112
24247
22311
21074
23266
24418
21074
21942
22736
22485
23653
24574
22669
22719
23515
22438
24574
23607
20844
20875
22325
20505
20794
24250
23089
22783
21011
24548
23531
24574
22885
22316
21611
21156
20770
20481
23401
22285
20925
23453
24574
22358
21874
24574
22392
22309
22518
23406
23031
24574
22329
24187
23081
23904
23078
22607
21294
24574
23641
21861
23114
23954
23874
21181
21758
22568
22959
20481
21974
21505
23217
20855
22199
24373
22139
23049
22319
20700
23026
24005
22781
21631
23293
24157
21850
21570
22992
21853
22743
22699
22241
23772
21377
22271
24257
24574
22481
22593
23042
22197
23303
22439
21941
21292
23111
24574
21670
23817
21361
22518
21756
24574
24101
23234
24076
22797
23082
20481
21347
21695
24077
22971
24000
22147
23566
23484
21229
24574
22374
22892
22358
22234
23168
20481
23008
23754
23725
24036
22389
23210
23685
21682
22275
23866
22933
23003
22044
23807
23075
21914
24357
20613
24264
22264
24574
22866
21732
22525
22290
24374
23354
21772
20481
22356
22580
20952
24574
22774
22559
23180
24496
22996
21687
20481
21722
23682
23413
21267
21921
20481
21964
23013
22427
24574
22676
22499
23514
22077
24574
20481
22020
23930
24057
23728
20481
22643
23134
21370
24574
23950
23558
22472
20795
20942
22462
22236
24574
22190
23601
21641
21026
23238
21228
24367
22673
22865
21967
21054
22146
22832
23719
20481
22391
21781
20998
23490
23462
23945
23180
21958
23013
22096
24574
24123
21577
21105
20481
21663
21640
24353
21434
22285
21691
21377
22076
22247
22987
21891
21575
22233
20481
23868
23371
21519
21391
23321
22466
21987
20496
21547
24091
24574
23430
21836
22374
22848
23057
22837
22939
21204
21201
23887
24091
21657
24574
24574
24574
20481
23433
20662
23242
22422
21339
24013
22955
21123
20838
24054
21293
20841
21451
22654
23829
21545
23404
24574
22247
24354
20481
22676
23365
22180
23875
20481
24574
23581
23302
22304
23287
22547
21698
23109
24555
22192
23498
23237
22658
22544
22612
22342
22120
20481
22077
22278
22600
23782
20992
20481
22948
22941
23834
24574
22334
24574
20481
22577
23150
24074
24573
23306
22250
21965
21949
22636
24574
23854
20848
24574
20481
20934
22035
20481
23371
21563
20912
21631
20481
21133
23125
22199
23213
22249
21567
22452
24574
21360
22154
24574
21766
23222
21303
24574
21478
22844
24256
21117
24574
21454
22747
22730
22946
21998
22310
20481
24404
21284
24145
23991
22699
20981
23396
20556
20893
24157
23364
23228
22339
20481
6762
5241
3414
5765
8605
2406
2285
7516
10101
6303
7635
2275
1814
2560
3096
5595
7729
8389
9959
694
5710
7952
7863
8567
8537
1200
6670
9258
2825
4432
644
9996
327
2294
9855
2094
997
4381
8483
4083
3916
7178
4365
8331
4969
5902
9361
4094
6728
6059
6149
1459
1117
3165
1465
595
8340
799
10216
168
3725
7553
3514
9906
6180
9804
351
3027
3073
6107
5674
6844
3196
8209
10093
8882
3389
5472
779
1265
9872
1948
8710
8253
8078
2716
3413
1990
1089
9556
518
6927
2326
10156
9631
935
2324
4223
8261
7710
9743
9508
4577
2004
6752
8193
10155
10493
9546
11916
9666
8397
8979
8232
9426
11664
9565
10695
9556
10710
10999
9618
9640
10741
12053
8569
10115
12286
9710
11039
9729
12286
10349
10053
10273
9516
11319
8193
9628
11886
8921
9770
10538
9328
8657
10237
10298
10558
11371
10849
10469
12286
11522
10310
9057
10289
12286
10126
10439
12286
11253
11310
8193
11579
11761
9489
11109
9866
9862
9913
9036
8828
11295
11654
11365
9862
11274
8193
10703
11459
8362
11588
9258
9540
9386
11311
9559
10248
11377
11577
9921
12286
11213
10753
10211
10111
9953
12286
11431
12286
9307
12286
12234
11547
9698
9428
11604
10500
9346
10098
9212
11472
11790
10121
10343
10780
10018
8288
8193
8770
8193
12286
10042
10011
8957
11061
8195
10919
8842
8193
12286
10492
9924
11371
9225
12286
10749
9404
9255
9270
8193
12153
10391
8301
10100
8824
12286
12286
10318
8543
10963
8193
12286
11586
10445
12286
10099
10034
11928
8922
9170
10707
9186
9583
8386
9263
11288
8764
9436
10308
10036
10555
11638
9685
10404
9715
8807
8579
10362
12188
9082
8966
12286
10484
9766
9719
10045
9874
10247
9457
10071
11200
9573
10643
9674
10618
8196
9205
10013
10800
11349
9869
11004
9262
11278
10538
10305
12286
10642
11712
10372
10223
10669
8671
10379
9204
8674
11626
8193
10442
10178
9616
11184
11238
9835
10614
9378
10700
12286
12045
10742
10646
11057
10516
11350
10111
8955
10352
9295
10426
10302
10115
8967
9068
12286
11473
11354
8193
11378
12286
10039
10466
10351
10614
10723
12286
10057
11213
9506
10684
9359
10615
8193
8832
10502
11210
8946
8941
8193
8193
12286
11755
8193
12003
9369
9801
10008
12086
12286
9107
9053
8304
9256
12286
8193
9786
9039
9010
9680
12286
8395
9404
9408
10472
10920
9839
11288
11057
9982
10570
10812
9868
9274
11708
8992
11951
10498
9643
9958
11445
9974
11359
8878
9472
9024
10305
10057
12081
12286
10791
9474
10850
12286
8870
12286
9508
10447
10963
12286
10042
11293
9939
10685
11031
11691
9501
10536
10095
8193
12286
12286
9763
10100
12055
10695
9148
10473
10642
8837
11910
12038
11485
8846
10864
9910
8721
10826
8910
9849
12286
9808
8656
9620
8341
9055
9395
10691
8193
9159
12023
8193
10741
8857
12286
8540
10061
10036
12286
10590
10980
9924
11466
11648
8193
11055
9318
9237
10822
10979
11590
9617
10900
8791
10677
11531
10732
10017
10772
9796
9682
11885
11658
10330
10529
10495
9587
9003
8899
9728
12286
9687
10376
10607
8605
9240
8237
8895
8193
10237
8682
9965
10521
9173
10020
9495
10596
11480
11797
9057
10010
9475
10807
11056
10703
9072
8824
12286
10690
8193
8382
11140
10268
11537
9791
10074
9026
9822
11345
10988
9168
11225
9401
9979
12286
11411
11115
8508
11140
9125
10580
10757
10805
9542
11128
11444
9080
10860
10885
10542
12019
9889
12091
11003
9507
9889
12200
11181
11227
8199
8193
11500
12286
10502
10078
10079
11890
9173
11271
12286
10368
8713
10271
10206
8649
11070
10016
10054
9417
10693
12286
8193
8295
10041
10733
11260
9949
9578
11472
9467
10418
9884
11485
11729
8193
11760
11134
9826
11232
10266
9970
10718
9992
9876
10401
9487
11058
8572
9096
12286
10333
10284
9727
9926
10840
9351
12286
10655
11173
10260
9019
10560
11095
11155
12085
8816
10435
11002
12286
11736
11674
10325
10647
11904
11007
9419
10161
9653
8611
11421
10077
12286
9959
8545
8974
8937
8758
9175
10232
12286
11371
8193
10649
11387
11015
12008
9752
10418
9786
11099
11059
9091
9812
9308
10579
9387
9496
9573
9707
10885
10398
10233
10263
9789
8300
8957
11499
10176
9193
10119
11021
9145
9570
10281
10118
10201
11306
9787
9033
10847
9149
10032
9520
12286
10629
8594
10772
9262
10207
12221
10934
9930
8551
8411
10335
11240
11975
10698
8995
10104
9024
11404
11018
11066
9953
12286
11815
10356
10905
12053
8193
11827
10655
9110
11245
11230
9358
10352
9165
8363
9483
8852
10561
11928
9371
10169
9432
12286
9175
10823
10188
11669
10054
8590
9898
9017
11094
9496
9900
11561
9683
8381
12224
10620
9283
9447
11287
9789
10153
9555
8310
8193
10774
9702
8782
10044
8414
11532
10087
8799
10102
9871
10038
10880
11925
8219
9280
10066
10891
10925
11591
10739
9102
9382
10445
8976
8569
11425
8992
8193
10630
8193
9734
10601
11274
10599
10102
8193
9245
10824
10814
11600
10147
11122
10691
9543
12286
12286
8588
9818
8706
11981
10139
10813
8936
12286
9728
11259
10465
9417
11094
11072
8193
9078
12286
11825
12286
10120
11428
9666
9414
8938
9334
10902
9281
10293
11751
12286
8193
11540
10095
11522
8208
9078
11010
9744
11447
9997
9786
9341
12261
11251
12286
8272
10412
9571
11275
9324
9720
10846
9319
10594
8530
10808
10868
9565
8720
8746
10965
9166
10555
10697
8559
9525
8193
10669
10791
10955
8905
9151
9629
9764
9947
12165
10195
11021
11758
12181
9386
10325
9773
10816
10746
10938
8193
10930
12243
8734
10044
9588
11049
8521
11318
11591
10074
8926
9959
9057
9305
8401
9789
11272
10201
9295
10045
11353
8927
10347
10667
9719
11044
8193
10689
11435
9383
9489
10800
9832
10493
8540
8193
9512
8193
10974
9784
9723
9400
9386
12286
8628
9743
9255
10120
10176
9409
8386
12254
9669
10718
9877
8399
11860
11066
10502
9273
10235
10992
9437
10807
11071
10347
10047
8193
10691
10027
8193
9753
8352
8193
9679
8676
9484
11896
12286
11564
10176
9745
9444
9691
11145
10759
9585
8297
11171
11735
9726
11506
10145
12286
10258
8556
11787
9473
12286
9889
10217
10502
8964
9606
9064
12286
10658
9427
10120
9560
8360
8331
8193
11634
9657
11147
10870
8193
10704
10109
9801
8801
8801
12286
8738
9137
10982
12163
11489
10177
11368
8597
8699
12286
8193
9252
11801
9286
12286
10333
9763
8193
9785
9012
11555
9727
11008
10328
12216
9130
12258
11463
11702
10958
12286
11344
12015
9528
9333
10786
10803
11075
10883
9172
9695
9887
10678
10660
8718
9095
9986
10071
9249
8589
10519
10594
8794
10359
11225
12286
8193
10046
9532
9952
9700
10792
11701
8193
10215
10018
10385
9149
10742
9470
10277
10039
12286
9015
11363
9125
10073
11171
10778
9556
10977
11661
9735
9404
11706
11254
10099
8193
10783
11339
9626
9258
10790
11184
10887
10646
9717
10254
9742
10733
9138
10190
10923
8941
10576
11760
9125
12260
11036
11882
8255
9897
10459
12030
9466
11297
11366
12067
8551
8799
11052
9740
9606
8193
11314
11434
10290
9980
9577
10213
9654
11927
11126
10425
11229
10124
9763
10375
10378
11433
10778
9424
12265
9064
9154
9932
10705
8606
10130
11519
11600
9703
8795
12286
9218
8193
10013
10769
8839
11046
10412
11215
9436
9963
11406
8324
12012
10480
11973
11072
10180
9832
10370
8193
8291
9153
10123
9279
8193
9756
9995
9920
9712
10221
8878
9809
11932
9605
10994
8923
11782
10053
12286
10119
8865
12286
11801
10507
8193
9306
9895
8193
12232
11911
12130
8193
10338
12286
12286
10535
9524
10798
10210
12286
9456
12286
9526
8193
9303
10917
12286
9884
12088
11524
11315
10620
11000
12073
9603
9126
10491
9998
9093
11277
12286
10982
9643
9158
9036
11613
9642
10911
9889
11272
9626
11210
10357
9905
8845
9228
10277
8572
8843
10505
12286
8193
8624
10081
9979
11185
9550
11059
8953
9502
10030
10269
8778
10981
11024
10729
9802
10595
9197
9617
12162
10025
8193
11480
8385
11858
9694
10616
12286
9880
10605
11317
9233
11643
8628
9005
11607
10564
8606
10592
10229
10579
11636
12268
10804
9827
8193
9624
10350
12234
10387
10802
9430
10945
11633
8483
11708
11333
9328
10400
9145
8710
11507
9715
8401
11070
9183
11613
9457
10649
9510
10318
8447
9981
11636
10204
8193
9960
8193
8193
11043
11575
8409
9659
10717
9546
10716
10658
8831
8193
9574
10453
8193
12052
8193
11102
9290
8802
11353
8790
10313
9367
10535
10139
9924
8831
11913
8918
9893
9472
11010
10043
9406
10502
10797
11354
10809
8193
10356
8193
10322
11767
11112
9858
9677
11661
9156
10085
10136
8193
9065
11489
10790
8193
11390
12064
10207
10462
11039
10918
10466
10235
10778
12286
10870
9171
8967
9814
9438
11429
8344
8433
9775
9469
10434
10528
9196
9568
12286
9738
9887
8478
10807
8867
8193
10972
9500
11258
8545
11617
11292
10035
9914
9897
11725
9581
11285
8193
11747
10487
12050
12121
9852
8193
8193
11163
11451
11073
11159
9620
9022
10287
9525
9149
9573
8193
8193
12027
8874
11621
11966
9032
11235
8239
9109
12286
11679
10896
9669
12286
10026
10582
8776
9261
9770
8951
12286
11210
11947
10254
11107
8625
10890
10048
10274
11373
9457
9633
11677
12286
11686
9660
10052
10285
8446
9782
10252
9448
12286
10249
10914
10528
9559
12171
8663
10494
9032
10524
9924
10884
8943
12100
11187
11653
9151
9258
8459
9838
9702
12286
11442
10203
11764
11510
9649
9983
8605
10115
8193
12286
11243
12049
8193
8193
10713
10591
11545
10877
10544
8234
9207
8193
10187
8667
9487
12286
10887
10076
9824
8249
10463
11962
11448
11468
8193
11021
11912
8689
10417
10112
8981
10472
10269
10967
9297
11344
10210
9919
11920
8373
11732
11967
11114
10352
11529
11757
10206
8594
9915
8193
9585
11459
9251
11830
9512
12286
10337
12024
8628
11007
8193
9917
8961
12286
11581
11614
10515
11300
11002
11968
8193
9790
10869
10550
10450
10063
10151
10135
10694
11774
8992
8193
10854
11002
8193
10644
8681
10745
10471
12286
9490
8193
11292
9508
11250
12286
9350
11585
10159
11223
10649
9176
11094
8306
8193
9917
10113
10020
11178
9917
9501
10863
8944
10193
8193
8216
11303
10936
12054
12286
9294
9865
9143
9425
10716
12286
9203
11590
11007
10412
10130
10614
9358
10532
8671
11075
9610
10305
9807
9878
10335
10026
9028
11268
10921
10775
8193
10322
9949
10276
9741
11048
8193
8299
11162
9539
10216
10473
11057
10697
10769
9712
25826
16596
28839
32063
2747
6475
18367
18304
7839
7223
26517
12459
25783
33684
15088
25589
21048
6813
292
4090
23615
9101
24968
30964
11549
20865
5535
32363
9200
21874
13041
19524
30974
23182
19076
7577
19637
13411
19430
7949
4750
12249
17604
8991
25324
16174
20549
8535
14676
16922
15954
13651
11150
14233
17027
7553
10242
30105
3396
10498
32397
16422
6436
27273
3253
17658
33121
33740
2011
27400
33801
32130
20552
19532
22198
15355
21610
26791
9072
620
16281
27730
14488
6791
11172
8250
24889
33607
7984
32788
13769
19528
24381
14263
25215
6229
10225
25438
13034
33989
26266
33626
31513
19109
18641
29745
26111
21413
3889
31507
12404
28347
31379
28171
3751
14653
2695
10904
6833
25839
7024
25761
20294
22019
21160
13168
10023
33336
24684
31638
30116
3434
11372
4876
24116
10622
8667
30434
24332
26140
31574
19753
13581
13745
25108
19222
33330
10631
10974
33498
23894
18941
2701
22776
8171
17745
30133
31577
23039
29496
6793
1181
18215
34064
32279
28200
14983
25778
15674
29656
23110
26922
24417
8232
10101
26220
4827
24934
2392
11791
36072
36177
34049
34132
36862
35602
34056
33259
34851
34815
36616
33975
33884
35994
35152
34984
36498
34732
36862
35611
34546
36343
32778
34437
35699
33324
32769
32878
33479
33337
36133
33710
36862
35905
34347
35789
36550
35226
34922
35271
34935
36419
34940
36862
35881
35202
34965
35245
36504
35695
34553
35674
36862
36288
34997
35160
36862
35344
35565
32769
32769
34677
35199
36862
35241
35815
34515
36252
33494
34352
34949
35912
34623
35638
35363
36228
35039
35732
34069
33176
34045
35016
35473
34614
36255
33957
34962
34462
32934
32769
36082
34189
35520
32883
33812
35001
34055
36028
34468
34147
34093
34501
34542
35694
35510
35409
36862
34749
34517
34528
34270
35440
35677
35462
36396
34352
35592
34537
34756
35719
35992
34929
33339
35265
32919
35821
36862
35599
33818
33806
35643
33228
35744
35879
36350
35747
34518
34874
35065
32769
32769
35028
33558
34091
35439
34777
34722
36205
36862
34476
33802
36862
32769
36105
34093
33868
35351
32769
36844
34937
35005
36701
34361
36294
35093
34512
32769
33617
34139
33941
35568
35502
34610
34758
33977
33981
34233
34048
36533
34743
33615
32769
34901
34361
36612
33193
34212
34459
32890
33689
33657
34496
34004
33951
34920
34554
33926
34975
34262
34824
34989
33534
33848
36014
34757
34664
32870
32769
35293
34048
36216
35956
35083
34186
34014
32873
35417
32926
36381
36566
32869
33972
36862
34075
34141
32769
33774
34167
35036
36692
33398
34640
36066
33814
33541
33753
36527
32769
33279
35858
35065
33852
34981
34791
33980
35249
33587
35448
33688
34066
35746
34898
35895
33742
34661
33783
36040
34039
34269
34739
33842
35284
35097
32769
33562
35418
33729
35421
32947
36365
36428
34125
35140
36707
33979
35258
36679
33824
35785
35507
34442
35766
35063
35430
34159
34750
35522
35769
36009
33741
35868
35337
35290
35675
36341
34603
33346
34846
35031
34404
34008
33830
33573
33710
36354
33016
35734
36862
33668
36862
34240
35697
33385
32997
34699
36016
33843
34293
36173
34757
34862
36687
32769
35933
36862
32769
33430
35531
34991
34846
36862
33154
34168
35832
35855
34619
35470
34322
34035
33863
35172
34558
35214
33680
32769
35222
35903
35843
35326
35034
33802
35654
34258
36143
33920
35106
34176
36752
33263
34769
34906
32769
36127
36748
33311
33456
36350
36044
32769
35294
34080
35969
35119
33697
33785
36396
35032
36862
36862
36862
35090
34568
34591
36862
36165
36862
35606
35419
35521
34306
34313
35175
35235
33224
35869
34217
34343
35521
36143
35326
34963
34349
36006
35805
35104
33998
35074
36484
36862
33722
36560
34525
35790
33836
36862
36110
36331
33217
36804
35594
34065
34954
35505
34486
35449
34500
32769
35976
33972
36832
34184
36008
33327
34927
35132
36688
36862
33067
32936
35272
36368
35868
35488
34809
33167
35434
35129
35081
36650
32769
36150
36083
34211
35845
32979
35708
35674
34986
33898
33632
33107
36004
34654
33023
35211
35267
33199
35808
36862
35763
34815
33896
34784
36782
34753
35161
36281
36299
35169
35410
35528
34507
33387
34335
36862
32769
34801
32998
34508
33274
34825
32769
32769
35253
34413
34038
35001
36092
32908
33319
32769
33371
32769
34041
33608
34729
34514
33986
33604
35690
36696
36862
35191
36862
34577
33520
34752
34017
36521
32769
34441
34537
32782
34631
33783
34076
33526
34904
34754
35431
36358
32853
34752
33964
33549
35163
34179
36183
36604
34528
32769
33704
33946
36276
35110
34257
36163
33207
34385
33727
35094
34361
33408
35991
33802
33909
35330
36724
35504
33906
35465
36126
36862
34873
33245
34480
35950
34204
34656
36511
34763
34838
34466
32884
33933
33474
34993
35094
34296
35097
34158
33994
35066
34623
35942
34437
33390
35233
35621
35162
34768
32769
36862
33692
35698
35449
36040
33586
34215
32858
35760
36278
35007
33846
36752
35142
36862
36191
32994
33627
36007
32769
34109
34214
35299
33561
34364
34177
33770
35233
35285
34000
35430
34291
35158
34131
35865
33958
32769
35324
32769
36035
34626
34942
34571
36862
36026
36862
36862
35563
35105
34519
33743
35103
35926
36631
36647
34083
34035
34683
34127
35756
36251
35375
35275
36037
34074
34114
34086
36133
34062
33773
35567
33194
35486
36537
34388
36295
35827
33791
35000
36514
35593
33763
35921
34790
35750
33507
34108
35835
35822
35893
33664
33286
36290
33707
32820
35526
36862
34058
34256
34189
32769
35684
33073
33968
35742
36676
35633
34155
35861
36862
35645
34965
34318
33624
33167
35225
32769
34807
33740
34838
34732
35642
32769
34821
35111
35323
34966
33582
33657
34400
34979
35315
36389
32929
34250
35338
34491
36188
35973
34612
35297
34474
33728
36710
34978
33072
36668
35080
34438
36383
32769
35184
32769
36506
36862
36507
33756
35614
34011
35178
35166
35579
34030
34819
35387
34229
35818
35137
34597
34244
35184
33966
35962
34540
36862
34731
32967
34507
34182
34760
34182
34436
36862
33896
33828
33775
33889
32769
35797
36444
34414
35655
33633
34492
33287
32877
34311
33924
33229
35417
34319
34158
34212
34822
35837
33634
33566
32839
34819
32769
36061
34728
35038
36021
36839
35857
34629
34188
34734
35917
33327
35715
32769
34643
35767
34079
34514
36616
34296
34362
34894
35433
34334
35187
33809
34892
32988
33560
33867
34060
36457
36169
33424
36847
33335
36862
34002
36049
34496
33929
35722
35606
34593
32919
36862
35883
34560
34682
34574
34123
36525
32980
34747
34331
35728
35689
33513
34406
36247
35035
34105
34789
34652
34443
35663
35327
35801
36131
34276
36862
36045
34309
34784
33498
34969
34446
33229
34237
32769
34523
33962
33822
33125
34263
36252
36862
34300
34143
34584
33788
34841
35245
34623
36349
33574
36052
34912
34973
33930
36169
35090
34736
35254
34915
33432
33535
34358
32842
36610
34324
33389
36106
34852
36862
36455
33143
34310
34234
36862
35994
34065
34943
32769
34966
35188
35072
33412
33781
33608
35309
34512
34777
34526
34483
35558
34174
32769
35023
35499
36862
35479
33912
36443
32769
35631
36862
34245
32769
33390
35410
33495
35655
32769
34033
34848
33196
36862
34046
34449
34352
36521
33647
35914
34926
34705
33085
34602
35425
33863
35220
33521
34751
33135
34743
34938
32769
34102
33418
36086
36862
35071
34959
35198
33510
34412
34441
36862
34340
33348
34375
34161
35402
33840
34428
35790
34260
35643
34269
34278
36862
34459
35433
34891
34258
35723
33528
36558
35138
35136
35037
32769
33661
35308
34499
34905
34404
34901
35198
33010
34349
33900
34211
34064
33090
36743
32769
35407
35032
35102
32970
33900
36307
34524
35716
34782
33733
34007
36862
32955
36627
35946
35879
36862
36520
33610
34417
35319
33821
34495
36529
34404
34707
34069
35587
35821
33079
36862
34334
35643
34632
33831
35656
33788
36224
36731
34978
34436
36038
35532
34713
35361
33429
35258
35769
34052
35213
35588
33904
34887
35346
35071
34651
35567
34624
36859
33669
32769
33147
33500
35748
35612
35485
35108
33160
35387
36862
33773
34306
35970
34053
35840
35263
32769
34384
32769
34428
33383
34405
35581
36240
36485
34557
35131
34716
34778
34434
36862
34464
33396
34180
34920
33565
36862
34925
34912
36188
36862
36862
36862
35306
33525
35101
34804
36548
34113
35691
35397
35716
34527
33746
35896
34620
33428
36862
32769
32849
34266
34672
32836
35539
35710
36328
35257
35149
34568
34804
35085
34902
35857
36222
35408
34066
35376
34039
34515
35332
35122
35559
35976
34661
32769
36679
36499
34722
35037
32852
32769
33736
33724
33564
35646
34954
33520
35744
34431
33826
32769
35277
36249
35507
35133
36568
35252
35083
36143
34647
34538
36862
36406
34947
33522
35870
33749
35839
35802
35210
33186
35880
35013
35770
34146
36217
35573
34459
35716
34402
36149
34780
35040
35202
33452
35318
35719
34301
33100
34483
34811
33960
35435
33149
35832
32769
34851
33961
34518
36168
35073
33674
35095
34941
34714
32904
36752
34594
32935
33580
35666
35050
34154
32934
34781
34427
33629
33484
35675
36290
35816
33751
33824
32839
35332
36862
36212
35709
34242
35896
33534
36499
34117
36096
36355
34764
35878
33815
33302
36637
35615
36033
35032
32769
33530
34531
32769
32769
34407
35475
34417
36196
35391
36511
33588
35826
36862
33780
34383
36862
36719
34215
34457
33518
36817
35246
34614
34878
34462
34468
34598
33244
35942
35856
35190
32769
33774
36862
36219
34060
35551
35613
32944
34790
34849
32781
32796
32841
36201
35750
33534
34990
34538
34101
34425
33578
34121
35608
35877
35189
32859
33131
34613
34679
34648
33520
34833
34328
32769
34211
34020
35501
33550
36862
34333
34841
33635
34621
35269
36007
35586
34884
33980
33775
35219
36862
34098
34314
34669
33304
33814
35941
34866
33973
35232
35622
36466
34169
34937
33822
35306
36766
33935
35010
36530
33633
34762
35064
34581
32769
33778
34986
36284
36466
36120
35499
34755
36775
34907
36862
36862
33076
36862
34345
36862
35767
32769
36862
36445
35498
34444
35136
33912
34886
34566
34680
34258
36862
34851
34138
35017
32780
34834
34002
35254
32769
33179
34122
33355
35992
35242
36862
35436
36862
36298
35322
34574
35575
33351
33899
35036
35248
35836
35580
35424
34309
34310
35942
34902
32769
34003
36570
34962
34958
34678
35913
34471
33605
33205
35981
35383
33478
32769
35599
32795
35528
34209
35681
33822
34751
35741
35478
36045
32769
34980
34333
36808
36393
36560
35015
33768
34586
35621
36085
32769
35678
36583
34953
33281
36637
33489
34304
35503
34108
36847
33497
36862
36721
35919
35318
33225
35644
35770
35855
35574
35765
36862
34228
32769
34082
36500
34000
36052
36504
36862
34563
36862
34380
34372
32885
32769
35007
35610
32769
34869
33569
32769
35045
35290
35211
34950
33027
36862
34925
33894
32769
34404
32769
33560
34515
35769
35557
34092
36134
33969
35330
35983
34055
34776
34768
34359
34816
34598
34297
34673
32812
34774
35546
34235
34030
34752
35924
34429
34359
33752
32769
34169
34007
36040
33687
34859
33373
34653
36862
35908
34014
36699
35018
34728
35996
35412
33901
33552
35017
35170
34988
35374
34633
36862
33228
32769
36629
34870
32769
33325
34525
34251
32897
33416
35407
36862
36019
33368
34043
32769
36111
32839
33482
35308
34837
34578
34201
34800
35116
36169
33793
34389
35639
35113
36862
34774
35693
35095
34153
36862
34233
33190
33738
36656
34274
34776
35618
34909
35620
35023
34685
36862
34388
33840
33427
35596
34884
33574
34384
34958
35349
35808
34197
34950
34417
32769
33658
35186
34182
34673
34448
36029
34392
33634
35754
33858
35077
35625
35700
34749
36862
33958
36454
34498
36862
34817
36862
33689
36862
35370
34221
34938
36045
33862
36478
34287
36466
34503
35345
32769
35015
34139
34872
32973
36221
35460
35084
36005
36862
35392
33083
32769
34446
35635
35222
33174
33014
35294
36415
35982
32859
34621
34897
35148
33789
35275
36016
35855
34788
33858
34167
33691
35248
35760
33068
35723
36506
36755
34370
35875
35999
36862
34110
33941
35264
32798
34576
36027
33589
32769
34640
34447
34227
35496
34840
32953
36862
36454
32769
33928
35593
35557
35669
35943
34692
36862
35916
34879
34802
34898
35472
33162
33001
33510
35266
34214
35071
34436
33786
33495
35823
35697
34072
32769
34696
34569
34719
34227
36862
35909
35262
33925
33656
32769
35607
32769
35030
34523
35711
33360
36787
33955
34958
33999
36862
35905
33624
36361
36059
33184
36556
35469
35692
36862
34766
33779
36568
36314
36026
33309
32769
36238
35079
35411
35411
33749
34907
32769
35820
33936
33822
34991
36405
34538
34006
34420
34866
35425
34275
33736
34154
34426
34764
33866
36037
35750
32769
33531
36862
35769
33462
35727
36862
34858
34948
36211
33867
32769
34566
36862
36270
34324
34624
35664
34896
34730
33479
33202
34818
32769
35477
36862
34356
36862
35164
33392
35015
34801
33958
35831
34538
34556
35825
33542
35225
34319
34888
32769
33592
33607
33398
34227
35819
35732
35750
34365
36719
33274
34185
36095
33838
34238
35825
34900
32769
33913
33116
34366
35651
35879
32796
35476
36413
35655
35679
33153
34286
33928
34785
33253
35287
34540
34932
36136
33673
34637
36862
33747
35165
36046
33596
35573
34167
36862
34802
36862
35260
34356
34914
36023
36862
32869
35588
32769
35166
32769
35275
33805
33217
34262
33212
35703
36862
33655
34438
34919
33431
32769
33133
34926
35758
36147
34158
35440
33140
36090
34156
36046
33930
35282
35662
36862
33435
34865
34599
33347
34836
35197
36143
34729
35489
32867
34726
33854
36862
36142
36562
32769
33668
35762
35468
36229
36024
34054
34661
34204
34523
36506
36672
33688
35241
34976
36058
35158
35303
33592
34799
36720
36862
32769
35977
32836
35094
34225
33726
34959
35347
34677
35424
36140
34827
33746
36315
33933
34871
33511
35565
36336
34838
33178
35027
35017
35834
34148
35357
33924
35708
36300
36070
34380
35960
34936
34151
33310
32780
36036
33844
35587
35161
32769
35761
33502
34815
36746
34011
35195
32867
35282
34454
36836
34409
33182
35429
34838
34542
34410
33844
33537
33128
34444
34491
33004
34821
36862
32769
33793
32769
35219
32871
32769
33766
34788
33915
34355
33638
35847
35214
34164
33588
32927
35378
34493
34836
34785
36072
36125
33174
35844
36239
34002
35398
34206
35566
35500
35296
35450
33114
36496
36479
33235
32769
34015
34488
34669
32769
33904
34454
34708
36862
33338
32924
33520
35560
36862
35181
35041
36095
34546
35179
35261
33756
35558
34889
35150
33410
35145
36336
35457
33359
35253
32769
35406
36862
33585
32860
1956
1549
5095
1762
6119
1761
5409
5851
3686
4085
4738
5208
1528
4775
1822
3747
1288
3292
1922
2821
3882
1727
3074
3852
450
1560
3438
4713
5485
3205
806
4954
5963
5969
5493
1275
3416
4848
1229
2263
160
5098
4825
2015
2412
3576
3404
300
2539
3304
2337
4529
1068
3570
2825
1928
12
1630
3852
5960
967
2108
1864
6021
5295
2513
310
1419
2084
5940
3222
5617
938
3595
2318
3806
5134
2347
196
2501
586
4254
4765
884
2125
5521
5143
4105
4663
4526
2675
582
21
3553
5402
4754
1274
5711
5258
3766
4648
329
2780
547
1291
5783
733
5162
5312
405
3352
3115
5704
407
1124
595
1372
6102
617
4948
378
4315
660
456
867
2351
5449
924
195
803
1504
3373
37
2061
2857
3326
5251
4020
2736
4859
2128
2701
1599
4084
2132
1743
5006
548
1290
182
3464
5597
4203
2433
3949
5548
4840
4466
1832
5945
4111
1804
1425
4538
1194
3878
3318
5766
1448
818
2756
2633
2367
665
4401
337
5295
2616
1920
2667
2454
3824
1443
2878
4554
4880
2924
2974
1489
5344
3668
3365
301
530
4181
4321
2539
4199
2618
5336
642
4499
367
3301
5830
5720
4365
3632
5211
1436
5282
5086
1824
465
889
4869
5532
5040
5316
4829
454
4889
5541
1598
2528
6008
4819
2893
5892
5094
4658
1594
3014
2484
2889
4857
5668
6257
5783
4748
6966
5750
6820
5621
6467
6623
5311
4952
6894
6961
6174
8104
5992
4209
4786
4918
5431
8190
5294
4681
5907
5286
4591
5950
7021
5014
5432
6946
4475
4963
6675
4855
6089
6912
4946
5618
7700
7690
5873
8190
7148
4954
7013
7989
5252
7020
7668
6683
6632
4097
6915
7986
6009
6342
5778
6293
4774
6326
6167
6005
6002
8156
5770
4434
5474
5913
8190
8172
6403
7396
5689
5563
5449
4097
7167
6324
4762
7341
4290
6313
4702
7677
6998
4591
5927
6037
6053
7021
6599
7053
6242
5722
6581
6547
6395
6138
6828
6423
7406
5066
5932
5767
6277
6662
5453
7260
7473
4234
7109
4974
6746
4345
5437
7716
5192
7341
7980
6290
5767
4933
7767
7437
7167
7726
6470
6006
5565
5076
7324
6608
6951
7693
4097
4645
4097
5351
4538
8190
4833
4704
4326
8190
8190
5590
6067
4097
6938
6402
7608
6721
8190
8190
6176
4097
5875
4727
4617
6958
7343
5229
8190
5471
6195
6413
6004
6471
6432
5615
6082
5004
5826
5102
5230
5260
4303
4718
6126
5300
5558
7728
5878
4498
4097
6484
8190
4348
4606
6004
8190
7264
7625
5292
4993
5229
8190
6136
8190
5436
5460
5501
6015
7143
8045
6096
5975
5101
6166
5791
6352
5617
4221
6764
8190
6350
7103
6570
6376
7069
5499
7140
7833
5702
6011
7040
6328
5757
8065
4549
8059
6583
6764
6668
6250
6908
7830
7261
5844
6303
4097
5601
4514
4661
6035
4097
5269
4121
7334
6913
7308
7468
7461
4453
5006
4611
4097
6310
6141
4097
6958
8179
6711
4451
4097
7256
6732
5240
7817
5037
4782
5589
6872
5424
6660
5087
7653
7261
7097
6054
5526
6437
8190
5393
5591
5855
6463
5343
5234
6034
4666
5580
7259
8180
5170
6408
6904
6277
5840
7627
7893
6201
5975
7287
5976
5856
7158
5129
4962
7031
6131
8036
5243
4463
8190
8119
7011
5487
6516
5841
5578
6663
7348
7448
6515
4438
7237
4259
5822
6224
5255
4598
7379
7616
5685
5028
4110
5597
7550
5082
7005
6176
4097
5398
7097
4785
4772
6838
7887
4097
5717
6413
6937
8190
6193
4097
6620
4097
7023
7127
4893
7391
7883
5085
4571
6244
5802
5696
7272
5097
5798
5285
4097
6929
4750
6567
5843
4902
4900
4770
7607
7329
6530
4504
8190
6926
4881
7391
5515
8190
6088
4097
5619
7468
5117
5300
6992
8190
5383
5797
5354
7569
7936
6961
6244
6677
4821
5625
6372
5292
6630
5921
6999
7627
8190
4556
5235
6537
5088
4308
7648
7881
5672
7521
5828
7747
6033
5073
4097
7583
6726
5570
5609
7528
5101
5838
6039
5203
6980
8190
5353
5692
5794
5185
5727
6810
5396
5069
5540
5097
4097
6882
5802
6705
5523
6361
4764
5023
5893
6674
6433
4616
5884
7268
7175
5449
6569
5066
4624
4252
4097
5799
4953
5177
7588
4923
5777
6884
5116
4097
6389
4769
7460
5463
6767
8017
4595
5740
6631
6177
7068
8145
8190
5637
7295
4746
5417
5666
6678
7019
6484
6260
8127
6532
7609
5256
6184
7278
4694
5538
8190
5118
6547
7481
6289
4342
6875
6581
6273
4097
7729
5231
5723
5443
7996
5831
5265
4199
5585
5090
6694
4097
6273
6412
5961
6687
7143
5773
6600
5243
5195
4581
6890
4581
6163
4986
5130
7082
6422
5569
4935
6702
5182
7920
4438
6381
7217
6350
7922
7933
4925
5754
5660
4097
4185
5648
7197
4665
5021
5776
6438
5502
6225
5927
7769
5903
4881
5574
6159
5945
5756
7931
6648
4658
6350
7799
6061
6160
4097
4958
5511
5111
7213
5760
5641
7386
5274
4097
8190
8190
5659
5546
5557
6725
6735
5721
4836
6490
4759
4472
6804
6366
5162
6057
6704
4703
7784
4686
6856
6059
4940
7020
4334
5457
5767
6625
4322
6028
6350
7371
4371
8042
5618
6927
4356
4097
6978
6976
8190
7764
5547
4097
4233
5481
4936
4852
5153
5379
7249
5914
7405
5722
5071
6005
6052
4097
5717
5350
4388
6169
5722
7101
5647
6700
5780
7471
8190
5455
4157
6691
7389
4355
5231
6528
5268
6527
5372
6964
4251
7400
6750
4263
6938
7650
7609
4803
5305
6825
4822
6033
4807
8190
5353
6276
4203
5502
5972
6860
6044
7493
6076
6272
5194
6012
4657
4806
4682
5898
4419
5939
4097
4871
5854
6134
7451
4097
6234
4354
4561
5285
6858
4097
5659
5656
7479
6441
5385
5453
7109
5953
6788
7357
7106
5870
4799
5411
6833
5982
7541
6602
5875
4735
6475
5405
5967
8190
6632
5437
6753
6301
7776
5832
7410
5416
5279
5231
7306
6664
4247
6281
5847
5260
6298
4415
6101
7594
5220
4097
5103
5427
6716
6563
5143
7468
6090
6125
5725
6039
6468
4822
5660
5883
4214
4259
6821
5314
7402
5619
4785
4362
6538
6060
8190
5221
6231
8190
5921
6538
5881
5656
6880
6422
7996
6020
6837
7608
4097
6887
4097
6780
7818
6100
4447
8190
4097
7980
4097
4589
4487
4327
6756
4920
7710
4954
8190
6568
4549
7342
4567
5691
4097
5273
5592
7285
5287
7859
4097
5242
6344
7244
7415
7429
7820
5689
5653
5830
5067
6870
7123
5816
5775
5960
8190
6674
5023
5127
5146
5469
6158
5734
7791
4097
6278
6491
6716
6153
4949
5223
7767
6542
6115
6394
6697
6625
6279
8190
8190
7340
5855
4097
7005
5345
7000
8072
5796
5130
4547
7158
8190
7109
6311
6014
7396
5913
6151
5871
6191
6632
4437
6292
6761
5843
5552
8035
4906
6522
5534
6552
4355
5930
5945
7082
7711
5637
5323
8190
4724
6763
7519
6306
4881
6257
7695
6251
6799
6410
5053
5027
7185
5055
4097
8190
4969
8190
8190
6311
4826
7580
4097
6548
5321
7092
7541
7826
5221
5637
4097
7031
4097
4097
7562
6658
5601
6927
6777
8190
7577
8190
7558
6189
6349
4173
7557
6686
8190
7388
6892
4624
6493
7877
6089
5812
5528
6315
5070
8101
6221
5537
4097
5136
5192
7453
8190
6440
6362
5683
7583
5845
7338
6043
6807
7253
6815
5248
4097
6572
8190
5898
8190
7635
6151
6276
4097
7594
6709
6009
5284
4097
6334
5033
8181
6120
5001
4843
8190
5639
5112
7064
6867
6157
5951
6556
7369
8190
6015
5325
6367
6472
7248
7019
5583
8190
7011
5153
7128
5653
4641
4590
6954
4898
5741
4511
6611
4819
5606
5723
4843
6668
6760
6677
5534
5530
5662
4098
5416
8190
6389
5987
8190
7853
6369
6251
7096
7088
7465
4709
5413
8190
5996
6249
6580
6886
5584
5698
6997
6973
5702
6144
4656
4097
6815
6162
6794
6289
5538
5958
4470
6660
7723
4097
4588
7977
4097
4772
5077
5883
6561
7908
7792
305
286
1296
1435
705
1899
1808
1446
1225
935
103
1687
744
362
1056
1422
777
862
630
1836
978
1838
1563
1550
1832
1787
1882
982
1940
1504
1391
2034
1778
1195
1703
292
1636
651
1835
1199
132
1736
610
884
777
489
233
908
1376
486
643
1898
1374
952
597
1345
1025
23
199
1240
829
1886
1136
938
1367
830
254
619
538
763
829
557
1355
310
997
503
266
921
750
754
1353
7
735
1612
766
101
1343
1402
636
1476
1492
773
564
1362
1420
1493
111
533
2031
11
1378
1478
1794
2022
1722
223
1717
1718
2007
191
240
1635
1988
483
1450
491
1850
1328
1442
1275
491
1072
2073
1064
1409
3418
2521
1989
2483
2772
2617
3839
191
729
2749
1
1012
1716
1500
1
3676
1
458
1216
1648
2505
536
783
3871
973
3375
2940
818
1574
3089
1965
1032
3819
3119
3068
2958
2667
4094
2965
1397
1664
1993
3301
1105
603
3502
2578
1244
1191
1040
2099
1390
3448
1
945
1
3789
2266
819
1
3083
1
4094
716
691
1791
4094
3896
1
1344
2162
1
1159
2996
1372
1306
1807
2478
1068
1140
2010
126
1747
1
1464
3321
2154
2712
3758
3356
2086
2595
1
2933
1858
1107
3092
510
3767
3205
726
38
1325
4094
949
2210
2813
1014
567
2669
4094
1787
1
1019
3806
2576
929
360
2837
3290
2469
2172
4064
3234
1626
2695
3340
2599
1320
1773
2863
1271
1310
3618
2846
3316
2353
390
3005
2243
2968
363
1133
3651
1915
2752
2547
1065
2079
3102
3113
236
817
3785
2176
1247
1327
1590
1322
3243
1834
2899
1278
2895
1685
2109
1626
1839
2248
1498
868
825
1
2553
2177
2696
1
2024
3442
4094
1688
2833
3719
292
1199
1488
643
453
1
2258
826
1278
1792
3938
3290
2161
2481
783
3068
2409
1602
1898
2809
1706
2341
36
674
4094
1886
3819
1852
982
3887
764
2636
2231
2858
2705
3890
1811
763
3019
3518
628
1252
1807
2176
1
1175
1488
1
4094
4094
839
1
1633
3269
1819
673
1244
944
4094
959
1
806
593
2954
1160
508
1475
1155
876
1
4094
1630
4094
1433
2465
12
1329
1
341
3620
2718
2799
784
1284
1866
4012
2887
4094
372
1458
3418
951
867
4094
1841
3098
2519
4036
3072
3333
1302
1204
1383
1981
1
204
1167
3153
3043
2542
2041
716
1184
2226
1903
4094
3585
1361
4094
1
1
635
2053
4094
1
4094
1404
1
1917
1491
1508
2810
4094
1646
2946
3407
2412
4094
373
1768
3123
2991
1776
4094
1466
2771
1726
2908
2137
1757
3771
1948
69
1
1188
1
39
2167
1381
3070
2681
2836
112
772
2724
3876
2555
2729
3073
1348
1985
4030
1873
1936
2034
885
2400
3243
1
3972
2503
831
3702
1994
700
403
3406
3176
2659
2329
3092
2526
765
2259
1168
204
3246
373
3660
1771
3048
3160
1519
1051
1065
1883
987
2710
1874
3136
2084
3206
1448
2251
929
2756
4094
4094
1086
1227
324
2147
3895
1
3967
2513
2161
2661
3627
2771
2892
2058
3685
1256
3464
2448
1145
2499
761
3213
1467
1
1
4094
2789
1798
2269
1057
3505
3499
2774
2666
1
3803
3025
1456
4094
4094
1396
1135
1225
1052
1854
3381
2184
1326
1092
1811
2493
3807
4094
898
1967
1
672
2828
4094
4094
1830
722
1760
3034
1
4094
1717
4094
2569
1143
2604
3503
2032
3407
1443
1597
109
1595
1966
1837
1627
179
304
1
1
4094
1453
2572
3116
997
547
2023
1045
1408
608
1234
3930
1
1183
536
3071
2560
1988
1218
2534
3039
1250
584
1501
2365
2742
1539
2296
1252
3420
208
1428
1
2647
1356
949
1024
2535
2055
1290
806
1634
3785
2968
1
1034
1792
1681
416
3834
1739
3187
525
1
1708
3033
2654
2134
2891
3606
2765
1867
1478
1572
754
3156
2543
1075
2395
3000
1540
1773
2777
770
1
2158
3531
3069
1030
3223
2987
1036
1292
976
2146
3921
2963
3940
1831
2242
1269
2725
4094
1102
1412
1657
3760
1657
2631
1
2192
4094
2182
1153
1882
890
91
2148
1600
344
1849
1
837
3864
2151
1853
269
2384
759
1039
3031
2615
2876
3035
2279
2684
74
832
512
126
2578
2323
2529
3190
1209
944
1124
4094
1880
3995
1427
1648
1105
4094
3145
2091
2217
4065
4094
2759
2458
158
1746
1672
940
1779
3146
2448
2770
1988
1067
1
995
2143
1385
1623
308
567
54
2021
1865
552
1784
2837
1
1727
1
1090
2913
369
2999
2224
1
2093
664
3133
1960
1308
1210
837
3911
995
1838
2269
3024
627
20
167
2898
900
2462
2730
1712
1164
3576
3498
588
4094
2342
2053
2017
2077
4094
3232
4094
753
1
4094
2151
1001
3902
3069
3365
4090
2846
1042
1
3841
1555
4085
444
1353
2363
435
3463
1656
1869
2574
1981
2338
1048
2416
870
1042
2392
745
1841
2401
2215
2531
1998
1602
2414
3626
1746
2362
4094
3810
443
1
2903
745
1625
747
2939
1719
4094
1986
3711
531
1465
1
1173
3708
2201
1
2610
2419
1064
1275
2304
588
2944
1
2198
2013
37
27
566
2856
2580
2746
2436
1511
3440
2870
1
1808
4094
3132
2323
487
1366
3273
934
2484
1177
1203
1440
1766
5799
8238
10098
8034
3438
6116
8776
4285
5466
3994
2846
3352
727
2739
1309
6163
4151
1610
4756
9558
8031
8379
4869
4744
5125
1865
1201
9450
357
9190
1669
5876
14
8652
7392
7492
5828
6587
9828
4472
4983
143
9616
5919
8388
704
8792
802
7419
4791
3740
1081
10187
4844
4204
1247
5466
6563
3399
5529
8966
2743
7233
7744
4124
9984
3680
2674
430
5660
5185
1922
714
6496
1795
6939
2003
7939
3227
2480
3623
4479
5310
8384
5959
209
9285
6172
5546

