20263
19021
18798
18295
20478
19899
17678
18169
18319
16385
20365
17602
18199
19961
19644
19000
18510
19315
16795
18151
18179
17700
16951
17070
19247
19291
20478
18447
16385
18325
20478
19505
18153
17839
18602
19482
20329
18518
19058
20478
19202
18908
18963
18241
17930
20478
18422
17110
17975
17422
17929
17367
16777
19379
18275
16838
18493
16385
16813
20478
20478
20269
16866
20100
17357
19098
18600
17997
17530
18493
19044
19010
17012
17454
19314
16917
17522
19302
19364
19166
19996
20478
18008
20365
19362
16385
19549
19154
19582
18058
16385
18423
17865
19271
18700
19593
18659
17735
18494
18010
17523
18408
18610
18698
19552
19209
18102
19619
17839
19525
17372
19055
17800
17930
17814
17371
17431
19094
17872
17011
20295
19519
17793
16385
20134
19720
18928
18919
18279
18783
16751
20478
16385
18470
18450
17231
19267
20430
20101
18252
20478
19939
17309
19634
19110
18415
20478
18253
19298
19850
20425
17199
20478
18462
16663
17845
19281
19166
19195
17945
19945
19340
18482
18216
17463
20478
18940
19450
19322
16599
16385
19464
16385
16385
17357
19226
18496
17215
20334
20478
18422
17079
20015
17734
17115
17066
16385
18194
20478
16405
17820
17630
18739
17942
18175
17913
19067
19114
18657
16487
18164
17107
18554
18312
16385
19854
19075
18039
18568
18189
19567
17541
18067
17290
20478
18428
18483
18473
17437
18919
16853
19473
18143
19039
17586
19023
16758
18327
20478
17673
20478
16385
18877
19107
17711
18183
17503
16918
17835
16537
18197
17525
20347
16940
17828
17760
19163
19103
18056
17985
16691
18004
20415
19406
16385
19667
16385
19184
20221
20478
18552
18482
18021
19568
17448
19529
18736
18387
17948
18941
20374
16568
19971
18861
20478
19204
16385
18628
18303
19215
19952
18672
16620
19142
17229
17688
19015
17229
19131
20343
17264
18270
19659
18814
16856
19489
18673
16486
17390
16568
18039
20190
17909
19659
19073
17242
18318
16385
18485
19214
18420
19692
16777
17690
20478
19431
17670
18626
18257
18587
19335
16776
17781
18126
18519
19095
19107
16501
16385
18617
16385
17726
17224
17384
19051
18988
20478
18754
18573
20152
19045
17531
17470
17678
20008
19277
18380
18536
19339
18193
17939
18057
18452
19458
18487
17885
16429
20068
20478
18281
18650
19614
18406
16385
18228
17453
17186
19091
16385
16476
18920
18445
18296
18122
19376
17766
17621
20145
18626
19577
18715
17731
17798
20046
18574
18407
18161
20217
16385
17725
18153
18524
19082
18629
17949
18382
19643
17700
19414
18892
18561
18467
19132
18391
18635
16393
19090
16392
19408
16385
18675
19674
19464
19650
16422
18905
19593
18225
19403
18862
19564
20441
17751
19397
17025
17929
19202
16596
19033
20360
16385
19728
17534
17840
19088
16385
20330
17967
18997
18592
17431
18970
17323
19315
18742
19696
16756
18838
18497
18924
19736
17526
19783
16936
16467
18960
18210
18630
16633
20025
19132
17100
18971
17835
19059
18480
17581
17885
17811
16385
16385
18413
19610
18018
17783
16385
17055
17991
16701
18863
16609
18072
20478
16385
18483
18382
18763
19110
18213
18161
19399
19914
19007
17736
17209
17779
18011
19345
16985
19161
20478
18508
16404
19634
16982
18885
18675
20478
20478
16909
16880
18260
16538
19139
18196
17019
18574
17146
18336
20294
17765
17660
18219
20478
17088
18716
18094
17598
17984
18393
19087
20478
17602
19263
17595
17769
20478
19320
20478
17752
20214
16776
18034
17295
20348
19710
16587
17966
17413
18467
19682
18918
20478
18808
17323
17974
18393
17883
16385
19969
19600
20478
19705
17315
18069
20478
19276
17739
19468
20338
17989
19434
17408
17361
16409
18325
20263
18406
17918
19116
18748
17314
18374
18521
16930
17837
18683
18241
17365
20478
17063
19659
19520
18449
18524
17776
18229
18528
18792
18636
16804
17047
18698
18391
18996
17653
16932
19295
17385
16549
19437
17259
18770
20280
20434
19327
17254
17607
16385
17662
17430
19034
17576
20478
19477
18110
19430
19772
16385
18155
16607
16940
17407
17056
19254
20478
18218
19709
20183
18774
17719
16385
16385
18317
18161
17563
18400
16793
19752
17469
19042
17962
17308
16385
18454
16841
16385
20478
17177
16516
19643
17397
19345
17628
18619
18512
18230
17289
16599
17884
19318
18216
18393
17817
17466
16385
17904
19233
18867
16892
18757
19402
18320
17975
17635
16721
17676
17763
18192
17846
19206
17590
19446
18165
19498
17497
18001
19031
19344
19048
18174
17691
18088
19848
17534
17176
18840
18127
20112
19118
17564
16385
17754
17938
19180
18007
16385
18910
20478
19333
16385
17534
18797
18565
17548
16707
17813
18646
18978
19029
17079
19211
17989
17601
19056
18943
17864
18695
16959
18624
17134
19958
18086
17541
17672
19142
17541
20478
20478
17676
19671
20398
16950
17334
18018
16385
20478
18203
16385
17971
20048
17338
16385
17004
18821
16385
16385
17488
17429
20478
19180
16584
19017
18701
19717
18154
18917
18325
16991
17706
17142
17853
17123
18870
19296
17269
20089
19085
16908
17985
19591
19108
19944
17582
17263
19008
18546
19533
16597
19471
18489
17007
19746
18952
17014
18213
18400
17345
19498
20478
18900
17827
18498
17948
16773
17151
16711
16543
17827
16702
18397
20478
18596
17751
18281
17566
20478
19314
17040
17408
16385
16385
18370
17329
17094
19003
16385
19395
18704
18999
19927
16870
20395
16385
18430
17819
16777
19725
19582
16385
20118
19859
16523
20195
20478
18239
18323
16385
18929
19367
17903
17305
16502
18231
18534
19144
19302
18736
19358
17593
16905
20039
19739
18025
17511
17734
18765
19026
16588
18440
20478
17771
18345
17676
18600
18498
20419
17589
18650
18576
20059
18659
18276
16988
16385
18191
18268
17900
19960
16385
20451
16385
16896
20478
17966
18676
19109
16385
18588
16385
18698
18461
17832
18972
18937
20397
16385
20478
19953
17266
17916
17717
18424
17132
18602
16785
16385
18598
19219
18505
19209
18874
17957
18068
18353
17267
18615
19302
16385
18094
19345
20478
19372
17868
18768
18511
16826
18482
17327
19051
18566
16385
16944
18837
18817
16722
18250
18376
18307
20478
16655
19060
17994
18128
19071
20478
20478
20478
16385
17539
17182
20478
19212
17668
19224
19591
19704
17995
17629
16385
19826
16385
17911
18875
18103
17617
20478
18890
16698
16949
18748
16708
18237
18820
17844
20478
18943
16385
18118
17972
20478
16385
17907
19272
17134
16937
18671
18549
19602
18722
17878
18081
17956
19473
16593
17664
19084
19594
20478
17124
20223
20303
18006
17593
18808
17944
17286
18133
18862
17678
17383
18809
17228
16787
16971
17278
16385
17673
17943
17672
19936
19538
19753
18355
17807
18965
17725
17466
16385
16385
18746
18167
16385
19200
18439
17242
20478
16410
17780
18400
18626
20080
19281
17595
20365
16385
20478
19082
17712
18171
18787
19205
16708
16927
16792
18043
19409
19536
19767
17031
16452
20478
20107
20478
16385
19628
17231
19931
18245
18981
19204
17438
18415
17377
18293
18654
19060
19852
20145
18282
19778
19714
18207
18181
18488
17813
18339
16385
19464
17870
18715
19233
18283
19291
18408
20478
18060
17676
20128
19844
20267
19511
20478
17995
19522
20478
19385
18611
18339
18645
18753
18248
19434
18231
19835
18214
17614
18372
18270
18665
17792
17042
17298
20398
18818
19446
19477
19211
19418
18712
16608
16557
17945
16566
18772
19009
18852
16661
20226
17261
17071
18267
19051
16810
18338
17783
16625
19257
18700
16608
18333
17888
17798
16385
17318
19278
19290
19267
19922
18312
18910
19422
17810
19240
17520
18848
17996
18859
18391
16385
18037
16830
16385
18299
17674
19610
20455
19121
18270
20478
18613
19896
18487
18375
19757
17374
19826
17628
16558
18022
19181
17119
19783
17981
18315
16385
16572
16439
17780
16406
18003
19367
18885
19710
17004
18126
20478
20069
18584
19644
16385
19271
18060
18898
20161
17788
18438
19782
16482
18009
20478
20007
18813
18356
17911
20478
20005
19359
18564
18345
18387
18426
17978
16956
20478
19338
16385
17073
16385
17238
18449
20230
19775
18014
18007
19708
17730
20055
17832
18704
19138
18885
18179
19935
19678
18439
17282
16534
18380
20478
18860
18186
18555
18617
19183
19578
19405
17401
18477
18088
19429
17966
19995
19896
16385
18162
17271
17912
18678
17712
18297
17163
18651
18415
19195
18524
18447
20478
20478
20478
19469
17772
18335
18234
17647
18707
17789
17254
17954
18989
20478
18329
18364
19646
20459
16995
18432
19721
17702
16600
17280
18939
19134
17101
17445
18198
19554
17340
17903
20121
19230
18040
19356
18565
19521
18672
19534
18939
19696
19204
16966
20073
17034
17535
20478
17856
19059
18200
17287
16385
18037
16539
17519
17600
17416
17353
18835
17755
16972
17401
17033
18510
16385
19330
18066
16671
16985
16385
18614
19322
18636
20478
18655
19164
18944
16385
18429
17795
19025
19303
20055
16385
17517
16385
19210
16385
17661
17387
19660
18906
18706
16720
18318
18164
17298
17777
18929
19167
16385
17531
18209
17502
18587
20012
18953
18625
18877
16385
18650
19512
16479
16385
19383
17565
19910
17639
18413
17813
18363
17416
16385
18444
20009
17426
19738
17894
18496
18835
20038
18649
18143
19513
18829
20019
16572
17858
18779
19104
17964
18277
20478
16862
17594
19982
19425
17411
19335
18671
16888
18250
17027
17382
17546
18324
19057
18595
20478
19717
20478
20478
17725
17454
17638
17771
16385
16554
17452
17806
19314
17641
18410
20227
17511
19304
19913
17605
16875
16770
16476
20120
17718
18018
17735
16941
19628
18123
20478
19070
17383
19029
16385
18791
16840
18832
16385
16615
19034
17283
19254
17548
17582
18041
19811
17521
17679
17296
20478
18280
17765
17660
19638
17444
18273
17891
19378
17005
16908
17394
17849
17471
18581
19129
20319
18002
20054
17070
19083
18935
17552
17501
19241
17988
17740
18826
16385
16385
16620
16385
17074
16385
20314
19275
17987
19094
18538
16385
17315
17151
18012
17876
18803
19508
17352
20478
19671
19418
17902
18547
18241
17334
17176
19166
19356
16385
16385
17932
17460
20478
19501
16730
18017
19175
16385
18385
17295
17368
17199
18224
18355
18409
17511
17952
19181
16778
20073
18080
17796
17908
18579
18792
20071
19447
18895
16692
17530
17988
19046
19207
19985
17919
18312
16385
16697
18546
20421
16869
19013
18776
16385
18371
17934
19445
17904
16385
16385
16704
17136
16552
19797
16385
17333
18479
16869
17503
18549
18981
19070
20126
20208
19899
19474
19993
18274
18351
16668
16991
17090
19321
20478
18862
16965
16385
16385
18169
16890
16655
19334
16385
17279
20478
17014
19652
17382
20478
20478
20478
19114
20448
16385
16892
18760
16918
19717
17451
17265
18291
16630
18538
17540
17288
17265
18151
16884
19638
19880
18890
17098
20377
19849
18361
18171
17294
19177
19131
16830
19363
18513
17926
19361
16385
18820
16385
20478
17541
18758
18478
19591
17597
19866
17251
18189
17777
17524
18879
17123
17861
16995
17179
17951
20478
17073
18167
17463
16411
19937
17934
17199
20377
17204
17468
18449
18360
17746
18257
17997
17935
16385
19841
17778
17681
17406
20194
19621
18679
18483
16844
16385
16385
17376
18555
17810
16652
18709
18629
20463
19338
18065
17419
19076
19181
16623
18458
20161
19605
17812
19066
18355
17224
19669
17868
18051
17925
18863
16436
18253
17880
19563
18698
18132
16385
19338
18051
16896
18191
19733
18882
18015
19712
20204
17636
18109
16423
16385
19413
17533
18608
17648
18804
18358
17933
18453
17351
20435
16954
19870
20478
18237
18761
17346
18077
17999
18764
18579
19189
17714
17824
19027
16997
17754
18950
20478
18345
19102
18264
19057
18196
18327
17594
20478
17399
17358
16738
18592
16385
19321
16385
17709
17096
19233
20478
18381
18764
18974
16655
19363
20094
17811
19693
18523
18977
18835
19248
18537
18746
20194
18836
16385
18444
20125
17507
19004
18175
18484
18496
16385
19970
17433
20478
17270
18100
16685
18174
16955
18186
17130
18912
20478
20478
19988
17514
20020
18513
18210
18457
18475
20478
18970
20245
17644
19163
16385
18085
20294
17114
17803
17209
17848
19647
17256
19948
18341
19377
18992
17569
17438
16385
18354
17321
17612
19710
19002
18817
19848
18425
17636
19154
16385
17607
18010
19395
18716
17151
19199
16385
18282
18700
17476
19766
17470
17061
17590
16456
17157
17897
16949
19196
16385
18355
17712
18040
19871
19136
19794
17887
19541
19728
17561
17459
18930
18323
17891
18150
17642
17650
18724
19252
18965
16385
20478
18809
19101
17631
17407
17402
18820
17802
18660
16385
18393
16385
17052
18999
18283
16385
19875
19468
19052
18786
19220
20478
20478
17625
18999
17083
18230
18883
18286
20478
19057
17264
20123
18885
20187
16385
17435
19265
17446
17414
18630
18575
17839
17519
20134
20478
20478
19329
20362
17782
18531
18709
16385
19183
18545
16459
20092
20144
19127
17992
17047
18302
20478
18964
19001
18941
18487
18553
18560
18025
18369
19460
17642
17486
19930
20242
17145
18744
20074
19051
17671
19174
19928
17857
20478
20073
17882
17863
19732
18418
17926
20478
17470
17783
16762
17557
16385
18578
18211
19168
20478
20478
19710
17991
17985
19988
19199
18400
19698
17800
18397
17111
18310
19222
18925
18789
20085
17000
17084
16434
18252
19796
17290
18525
18148
17439
19208
16598
19184
18935
20478
17105
18257
19269
16385
20158
17585
17891
16385
18820
18476
18931
18906
18546
17888
17856
17412
20304
17338
16808
19219
18761
19495
16385
17774
19270
18990
18275
18470
17369
16385
19199
16554
18499
17963
20162
18968
18527
20029
19603
19932
20166
19123
20478
18946
18762
16385
17359
19769
20478
17191
16423
17981
17261
18185
18854
19162
18275
17803
18898
17639
19049
16657
16550
16400
19010
17299
16385
16421
18696
17283
18615
18699
18785
17517
16385
16870
20365
19407
18033
18216
20461
16394
17386
17771
18054
17942
18815
20386
19500
19899
17138
19733
18027
16771
18003
19296
18210
19080
17789
17410
17835
16385
17765
16385
20333
20478
18371
18935
18648
19492
20457
20039
19501
19182
19010
16385
16712
17859
16385
20478
18311
18935
17546
17960
19102
17205
18933
19212
19099
16385
20478
18348
16385
19445
19224
18580
16385
18606
18114
16943
17554
19200
19043
19028
18279
20478
18501
16558
18210
20478
19859
18444
17735
17096
19362
16385
18964
16663
16785
18368
19574
17129
868
21559
6398
24005
5177
461
3967
9760
4269
2761
23592
14047
26381
7162
315
15275
3886
2738
4211
13439
20320
20176
23913
19101
9545
2811
13974
14842
12407
14861
21397
22306
8084
16654
18257
23348
7376
5853
14437
21986
4931
3861
20613
9058
5383
2042
25110
26120
11825
1700
7565
4202
1535
4652
19603
3591
23989
8906
14896
21800
15469
1788
20932
20402
7885
16580
21264
16147
7551
26518
21285
1190
15284
26371
18743
22904
9401
151
18189
8135
8702
20976
5117
3054
20930
12505
12868
11330
23988
15300
5464
24863
19412
16911
16663
25913
17271
8784
20113
6211
12274
24829
21264
21179
2062
25466
17953
12425
8928
19883
18658
4368
15447
20073
16779
6245
22286
22298
9473
13947
19746
18464
2580
2437
4848
1809
8637
7823
14548
16343
16381
17337
1979
17956
23541
15051
1470
25720
10383
22360
22533
13638
24678
8997
6658
9959
7748
23825
1782
22721
20513
25392
17401
14708
25819
21621
3914
17299
17975
25786
21246
14077
14032
22875
21594
4849
21028
7921
11082
12268
10428
10388
15730
10500
4997
9981
7796
24234
2526
13141
21221
12463
650
12139
18874
1508
24599
5637
9862
23005
24363
1341
16804
1177
17726
17161
15176
15764
1061
23102
895
14827
24493
11350
20083
26439
11939
16227
12833
4719
25787
7691
21413
11968
22647
37
25199
10096
23770
23609
19546
2868
2947
24814
12590
21912
622
23026
25267
13285
2292
8294
16492
8478
949
609
3791
16699
17225
10636
7654
7987
13651
20806
22964
4028
20140
17528
2918
27958
25230
26866
25574
27005
25860
25200
26972
28270
27838
26704
27607
28552
26501
26439
26757
25981
26998
26954
26703
27967
26192
27225
27864
28670
24998
26485
26392
27072
26231
25991
24971
28670
25388
26352
26953
25856
25586
27971
28367
26815
27297
25334
26988
25038
24577
27299
28670
28174
26534
28075
26724
28592
25070
28670
28004
27624
27727
25011
24577
26489
26227
25286
26572
27645
26090
26009
28670
25874
26361
28670
27083
26468
24955
27632
25413
25334
28064
26040
27816
25990
26753
27696
26192
26765
26976
27048
26004
28670
26054
28125
26133
25566
27437
26744
27157
26870
28415
27534
26487
26986
25656
26601
25840
26499
26246
27169
27740
26015
26029
26711
26682
28184
25155
27340
26285
28012
28454
28306
24577
26231
26010
27853
25822
28495
26260
26599
25694
26343
28174
27182
27302
27999
26926
26663
26063
27107
27398
27264
28375
27684
25834
25087
26942
25781
27232
26421
25664
26692
26870
26308
25656
27046
26292
28085
26588
28670
26038
26253
25066
26073
28169
28100
26591
26499
26066
26389
26601
28648
25163
26384
26508
26044
27147
26301
27097
27165
25983
25194
27170
27157
27752
27158
27151
25042
28670
28670
26409
25730
28338
26262
26074
27629
28109
28670
26677
27892
26730
27771
27470
25307
27128
28303
27043
26748
25100
25155
28199
26709
26601
25816
28250
26198
26063
26671
28253
27071
24963
27123
25300
27010
28670
24577
24577
26982
26014
25121
26748
26455
25220
25190
24721
27406
26433
27933
27296
26523
27742
26247
28670
26490
24876
24848
27935
27700
25379
27667
26638
27580
25697
26559
25847
25099
28355
28181
25381
28670
28670
27616
28142
24577
26845
27533
27532
27702
27266
26307
26195
26219
25852
27643
27638
28670
27460
24577
27806
28670
26962
28670
25824
25400
27603
26337
26503
28518
27065
25577
25920
26667
25248
28571
24911
24716
27564
26350
26716
26321
27097
28670
25688
26158
28670
27737
28670
25784
26784
28534
27766
27545
25458
25533
25970
26520
28670
26032
26695
28096
27944
27847
26710
26612
26818
27326
26847
27885
24577
25938
25259
25882
24577
25304
26640
27141
24577
25307
25600
25046
26223
24637
25140
24577
24591
27068
25613
27648
27234
26024
27667
28670
24577
26576
26466
27249
24577
27201
26715
28604
27751
24577
26651
27444
26690
27139
26397
26944
28252
25556
27347
28164
28294
28123
24983
25497
27312
25646
26235
26962
25829
27266
25949
25542
27815
26668
24577
26981
28670
25353
27399
26748
26341
28025
26695
26949
26683
26595
25908
25903
26600
24955
26112
25338
25451
26726
25794
25962
28670
25349
28023
24915
25105
27200
27658
25094
26945
26576
25786
25491
26814
28317
28670
28670
26024
27629
25208
28161
26657
26136
27291
25673
26478
24932
27026
25873
25962
27216
26588
25209
28107
27789
28670
24815
26821
26675
25804
27607
25629
26809
25966
26679
26074
28061
25672
26889
26402
26014
26537
28670
28171
27093
26803
27959
25414
27488
26345
26841
27419
24953
26286
26202
26137
26520
26582
27221
26374
25577
26871
28285
27884
26574
27032
25312
28186
27037
25558
26482
24721
24997
27392
26971
26385
26836
27010
26043
26661
24983
24701
26921
25847
26970
26386
25611
25534
27789
27109
26398
24693
24656
27691
25079
24577
25536
25147
26439
26682
24577
25132
25288
26653
28126
26003
25310
25877
25412
25332
26707
27156
24935
26600
28557
27157
28315
25770
28670
24577
26069
26722
27079
26153
27452
25314
28502
27676
24577
26655
26707
25734
26137
25809
26379
27341
24577
27481
28670
27685
24577
26510
25847
26153
25838
25434
24909
27093
27467
25956
26553
24577
28078
26076
26520
28670
25757
25893
26974
26011
27975
28288
26022
24577
26415
28430
28670
27429
24577
26050
25979
24656
26401
27111
26371
24577
26917
28670
25002
25488
26025
27106
25692
25133
26490
24846
27713
25149
25352
24692
27811
25211
26278
25769
26395
28431
24960
28670
26520
24577
25566
26376
28530
26350
24577
25749
28670
24577
27584
26410
27784
26071
24692
25149
26721
27518
26817
25813
24577
26867
26782
26575
26344
27960
25439
24577
26403
27134
26796
25976
25551
26825
26988
27389
27205
25951
26683
25769
27050
27141
28670
25199
28484
28105
26301
27018
27365
27104
25476
25326
25829
25189
27471
26585
26390
28219
26189
27365
26799
28670
27135
26259
28376
25571
25658
25887
28670
25677
24577
24990
24577
27726
26465
27467
25814
26799
28670
25419
26653
25377
24577
26232
26544
28670
27176
26714
28409
26786
27097
27911
26632
26783
25740
26743
25420
27458
26311
28670
26188
27566
27083
24763
25828
26291
28670
27872
27203
24577
28443
25378
27809
24577
28670
26875
28670
27449
26651
28339
26247
25922
27881
27525
27848
28343
27838
24577
24577
24577
26745
27569
26354
26177
27359
25889
24577
26402
26904
25530
26540
25073
25670
26698
26336
25585
28670
26491
28670
25932
27914
28670
27820
27429
24577
28670
27391
26384
25374
25988
26635
25684
26806
24577
26872
27003
26284
28670
28220
26428
26308
25790
28142
27724
24577
26657
25568
26580
27427
26580
27470
25709
28119
28129
28670
26277
25173
26401
25539
28670
28255
25729
25655
28083
26782
26392
26976
27538
24926
27246
27338
25309
26683
26773
25063
25555
28485
25043
28183
25376
25994
25643
26146
26820
24577
26329
26396
25304
27933
26512
27813
25643
26145
27567
26682
24577
27605
25406
24837
26834
25486
25060
26957
27054
24577
28596
25277
26982
27345
25975
26167
26595
26638
25540
28262
26499
26617
25418
25604
28302
28010
26437
26708
27641
27688
24577
25736
25602
26763
25464
26499
26505
25087
26297
27113
25851
25857
25991
25009
24577
24923
25029
25707
28670
28150
24668
25867
27699
25327
28255
27155
28382
27436
27043
24577
26947
24928
25618
25529
24847
26056
27154
26278
26597
24577
26182
28670
27335
28670
25029
28290
28595
26288
26495
25161
25385
25542
26631
26537
26564
24954
25716
28670
27216
26493
26279
28648
26895
26137
24665
25983
24577
24577
26158
28670
27079
24606
28670
27663
27771
24577
24577
26021
26739
24624
27576
26289
25759
26044
26535
26210
28045
25976
25535
24577
26397
28521
27276
27084
28132
26571
24692
27170
25199
27838
26875
25780
26188
26085
27777
26044
25269
26920
26815
27051
28027
26930
28556
26056
25695
25869
28670
27509
26026
26908
26811
27125
27062
25630
27158
26014
27434
25731
27039
26672
27989
27273
28357
26613
28048
26664
25344
25932
26536
27588
26901
26403
26370
26371
25543
26520
26319
25833
26714
24577
27967
24987
26115
27862
25421
25171
27492
26277
28670
27575
24916
24644
24789
27265
27210
25807
25542
28313
25505
24909
28652
27046
26830
24577
26236
27998
26469
27145
26532
26988
24577
25457
27776
27022
25525
27135
27218
26086
25172
26464
27529
28670
24577
25736
25270
26032
25886
26849
26520
28670
26997
27354
25807
25799
27254
26396
27765
27863
27130
26000
25865
25940
26393
26937
26646
26844
27286
26459
28074
26405
27303
28670
26060
25901
26920
26757
26969
25401
25155
28150
28649
24577
26452
28616
27011
26054
26464
27190
26674
27774
25368
27854
24577
27560
25969
24577
26588
26109
24577
24577
24945
28670
26719
24674
27021
24985
25591
27543
26591
25409
27081
25094
28415
27582
25873
26552
28368
25297
26458
28670
25005
25552
24577
24577
24913
24577
28348
28670
25969
25056
25433
28670
24778
24577
27359
26483
25136
25401
27889
24577
25123
25632
28666
25589
26641
27520
28670
26126
27642
27375
27010
27576
25200
27328
26673
28140
26170
26667
26645
24577
26769
25261
27449
25984
27054
27700
25755
28345
26844
25780
26394
26575
27000
28670
27214
25464
27359
27441
27493
24577
26957
25695
27034
28670
27667
26516
27135
26188
27047
24577
27019
27682
28188
27046
28670
25081
27015
27471
26671
28472
26375
27457
26279
26870
26406
28176
26909
27577
28670
26569
25041
27740
27937
26828
26131
25811
25487
27833
26929
24577
28128
25772
25061
27977
25711
26305
27831
26222
26182
27625
28039
26916
26070
27361
27528
26853
24856
27331
26765
24577
25998
25158
25643
24577
26736
25112
28308
26082
27124
25985
26172
27524
26414
26115
27452
26210
27783
24577
24577
24577
27826
27044
27343
24727
25692
26408
26582
27710
26251
24998
27157
26630
24577
25888
27075
25815
24577
25740
25442
25866
24577
27803
26127
27752
27345
24577
28670
25940
26565
28436
24577
28257
26052
24577
25415
26541
26794
26921
25732
25677
26709
26339
28062
25240
28131
26219
28363
28384
28362
24577
26156
26424
26801
28670
26186
25185
25642
24577
24934
26431
26430
27195
26021
25324
27769
28670
24577
25451
26099
26446
25965
26627
27320
27694
27343
26730
26790
27258
24918
27192
27606
24577
27798
24577
26062
28071
27713
26360
27014
27407
25531
26596
28515
25798
24577
27268
26688
25661
26048
26717
27376
25159
26591
28222
27026
28670
28479
26163
28244
27215
24577
25154
25299
27542
26560
27180
25058
25123
27337
27361
24577
24577
27111
25014
28505
26608
26881
26477
27346
27839
28110
27029
27524
25732
25470
26092
26149
26704
25803
25991
26272
26983
26713
25409
28670
25219
26836
25869
28105
28441
27714
27925
26096
25887
26350
27087
26796
27490
24997
25910
25593
27783
26561
26119
24577
26287
27698
26496
27497
24577
25935
28401
28670
26622
28123
27092
25830
26312
26730
27706
27653
26006
28085
28300
28670
25313
24577
28371
26276
26528
25089
26058
24577
27407
28073
27882
27538
27781
26380
26927
26594
28628
25464
24577
26480
26001
26966
26839
26520
28670
28070
26575
27974
26351
28670
24696
26185
26582
27289
25103
24634
24838
24577
26898
25534
25992
26090
28098
27023
28586
25245
26673
24987
25164
27580
27106
24577
25599
25867
25836
28670
26181
27765
28216
27237
27626
26517
26337
24654
27524
26726
26543
26210
26858
28240
26548
27300
25916
27826
28498
28670
27922
24819
26638
26777
27221
27804
27310
27128
26369
27623
24577
26603
28477
28171
28670
27592
25629
25745
26614
25088
26237
28670
27140
25526
24591
27632
27504
27582
26142
26390
27416
25947
26933
27804
26105
26718
27531
27062
27406
27322
27722
28278
24577
26782
28670
26480
26839
24577
25994
25337
26127
28140
26198
28670
25589
27172
26623
27188
26999
25461
27486
25199
27998
26907
27564
26172
26904
27038
24577
25836
25870
26226
26365
26469
27257
26514
26164
25770
28451
27748
25315
25576
28670
28670
28403
27521
27829
27161
27976
25358
27191
27982
28670
26457
27044
26079
24577
26475
25601
24577
27891
25109
26348
25775
25843
26205
26571
26867
25011
27201
26004
26233
27256
27481
26432
25138
26797
28246
27801
27284
27386
27028
26603
25933
25610
24985
26893
27594
26363
26680
28360
25270
26584
26781
25458
28635
26851
27397
26572
26648
28670
27061
28060
26394
26840
25980
25941
25815
27015
25926
26666
27958
27722
26206
26205
24577
27941
24577
25399
28294
25351
25342
25898
27564
25580
24577
26247
26775
28670
25709
26006
25808
25394
27636
24636
28658
28152
25899
25592
26826
26971
26071
26817
28670
28571
28643
27136
26200
24577
27341
27092
24638
25320
28670
27573
27605
26901
28621
25811
26567
26165
28633
24987
28301
27446
24577
26824
26418
24577
28008
27167
26682
27098
27572
27990
26846
26816
27699
27824
27901
25317
27555
28561
25877
25802
28649
28153
24756
27152
25206
26336
26284
27849
25481
28601
27218
24812
28619
28316
26473
27972
28670
24577
24577
27683
24925
28116
24577
25189
24577
26146
25668
25484
25974
27351
26555
26193
26214
26279
25907
26436
24577
26949
27226
27281
27654
28181
27029
25758
25551
27940
26629
25480
28337
28135
26785
28464
26610
27498
27556
26095
27388
25528
27629
26858
27875
27110
28670
27057
25539
26437
26514
26392
26941
26792
25772
27801
26299
26087
28670
26543
26786
26335
28581
26240
27449
26194
28670
26568
27736
26880
28670
26297
27123
26187
26107
26407
26151
28499
27952
26472
27611
27028
27300
26958
27669
25227
26887
27477
25504
26905
26999
27073
27842
26615
24577
28670
26474
26914
28670
26943
28360
25934
26206
28670
28321
26885
26721
28031
27401
28664
24887
27942
25801
26091
28320
27501
28033
25540
27492
27401
28270
26374
26512
26965
26873
25475
26377
26534
27465
26378
28670
27723
27043
26899
27592
24577
28442
27429
24577
25890
27538
27201
27238
25359
27100
26590
25214
26519
27133
26688
24577
27613
25505
28269
27049
25592
26772
27252
28649
26231
27138
24618
27098
26725
27530
26517
26613
24577
28670
25277
25727
28448
28141
27357
28670
27304
28670
27996
25325
25661
26680
25951
27543
25703
24577
27011
27840
24935
27727
26001
26751
26565
25504
25718
25584
24585
26533
26310
25122
27630
27906
28065
27918
24804
25238
26278
24786
26507
24577
28670
27011
27769
26019
26271
27893
26804
26175
26582
26814
25979
26956
26952
24577
28670
28321
25662
24577
26307
27196
28655
26882
25431
25160
27093
24577
27929
27256
25466
26512
24577
24577
26889
26831
25759
25412
25953
25841
26950
27094
26375
24680
26386
28413
26805
27170
27061
26553
26557
27172
25395
26921
25638
24577
28670
28670
26672
25766
25396
24577
24577
26478
28267
27385
28670
26292
25684
26393
25848
25614
25795
27243
28670
25925
24987
27870
26359
26867
24923
27313
26669
26259
26299
24977
25707
26553
26996
26279
26832
27145
25034
27106
27422
25949
24577
26492
26084
25847
27148
25868
26630
26611
24577
27604
26139
26053
25421
24577
28670
28670
27967
27164
25632
28356
27041
26629
24577
26923
24604
27339
27697
27219
26031
26629
24691
25880
26940
25186
28178
26451
25770
24657
27195
25977
26377
25560
27703
24669
26025
27621
25725
26357
25004
28086
26517
25466
24982
25122
26717
28670
26696
26955
26492
24577
27406
26670
27431
26302
24900
25165
25353
25932
27621
24577
28250
27024
24577
27380
27186
26558
25260
26732
25043
26936
26379
27695
25040
27468
26698
25370
26412
24630
25832
28637
26336
25832
28670
26907
26714
25640
27538
27597
25214
24973
27944
27033
27104
26465
28670
25879
25593
28635
25806
27377
28670
28670
25861
26493
24577
25865
26456
26346
27906
26138
26579
25426
25855
25506
26894
26951
24577
26379
28670
26677
26449
26860
27170
24577
26988
24577
25534
26791
25458
26338
27214
25856
27059
26705
26944
26397
27140
27503
26156
26253
26203
28670
26447
25623
26179
25516
28086
24577
26932
26251
24577
25856
27175
28670
27478
27514
24577
27852
26186
28670
26543
28464
25735
27301
27620
27266
24968
27687
26599
25076
25732
26235
27712
27031
25981
27655
26870
26914
28670
26736
25521
25952
27309
28435
28138
26666
25274
26913
25926
25064
25434
27453
28670
28655
27571
24577
25053
25962
27831
24577
27945
25475
28522
26459
26533
26054
27946
25180
27057
25183
24577
25848
27510
26263
26993
26333
26828
26708
27995
26515
26168
26581
27527
25942
27118
28016
26247
27117
28670
26499
26770
24577
25762
27271
25795
27004
28158
28670
27964
28670
26704
27101
27798
26526
27787
26332
27697
27145
27799
27976
25467
25706
25958
27009
26348
26497
25426
27277
25701
27427
25357
27524
24577
25740
27443
26278
27520
26098
27273
24577
28670
27879
26941
25839
27552
26368
26702
26523
25185
25366
26877
28517
28508
26851
25721
26998
28670
26419
26608
26242
25355
25696
28562
26887
27188
26602
27178
24830
26594
26411
27717
28665
27649
26478
27875
27175
28670
26384
28187
25813
28456
24577
26851
27132
25418
27050
24577
26462
17358
6292
4723
9516
7304
17189
4490
14748
13657
17660
5391
3427
12101
5728
6582
16258
7472
2964
16657
8425
15068
2139
2486
1943
8981
5650
5823
326
2268
11483
16786
10710
7202
12329
15829
17746
697
16179
11996
9520
14316
7125
11102
2196
14531
15458
12835
12251
15344
7928
3533
17257
5578
6161
8901
5692
11889
1637
12803
2177
8828
8531
18427
7805
15480
13395
3677
17907
17057
1394
10906
1891
16630
8243
233
4984
6007
6659
14692
4525
13524
14417
297
16951
17647
4023
4056
3161
588
15864
50
3956
1991
9808
1228
10162
1944
4906
9282
10312
10415
9382
12388
10945
8594
10376
131
9599
11564
3220
10925
8987
6855
10384
7607
8204
9923
3456
15673
923
18343
9662
14419
9761
803
12647
488
2369
13379
6354
4659
10008
17168
13351
11526
7999
15325
14021
12481
8856
15830
10229
3236
10937
7410
15618
12945
13572
6366
11059
5300
9029
319
18170
12720
9430
4222
3373
6242
2984
14848
13861
8520
351
747
6773
10246
812
17687
1723
10441
13078
13501
10722
18193
10019
15956
4321
10351
2703
8211
16057
17093
5840
8266
6152
2850
14052
14759
7106
14561
12466
3944
6808
9041
17323
649
16200
10757
2029
3310
8629
8073
15936
5761
14627
1499
1630
5263
3766
14489
9182
11847
2800
8656
14531
13406
1701
3575
3140
9631
8804
790
11131
6662
15303
5738
16792
10872
14364
1781
15626
7253
16210
16216
7433
1769
11993
4302
3
7646
17781
11085
17086
1572
5806
7053
12418
7799
1682
4570
13336
10452
17282
9718
10955
15716
16693
74
59
16545
3392
17405
9574
11350
13475
1007
15949
20478
16908
16577
19428
16805
19615
19494
18395
16385
17478
16993
19630
17329
16385
16385
17281
20478
17526
19018
17477
17847
17549
17201
16385
17449
18542
17038
18395
20478
17477
18964
18089
17015
18205
16915
20478
18373
19740
18427
17720
17732
17649
19246
17906
18417
20453
16427
20478
19509
20205
18265
19326
19679
18110
18948
18897
18716
17238
19423
18095
17242
18662
18800
16876
18095
18924
18939
20478
19017
16385
19490
18731
16743
20478
16992
16385
18069
18912
20478
18928
17547
17120
16385
18674
17948
17113
20478
19171
17869
17988
19098
17368
16385
16791
18070
17008
19547
16385
17625
16612
19876
20140
18517
18799
17152
16890
16385
20478
16385
16728
16507
17244
18925
19262
18143
18788
16385
16385
18244
17160
18892
16660
18765
18300
19371
16821
16838
17012
18119
18221
20478
18535
18172
17224
20478
19553
18091
18073
17107
16385
17740
17884
17003
18402
19530
17942
17652
19837
17376
18373
18312
17395
17037
17816
19653
19193
18447
18514
19954
16437
17586
19486
17773
20478
19327
18327
19110
20478
18344
17575
19890
20091
18188
18918
16496
19313
20342
17521
17319
18488
16385
16385
18941
19512
18256
18126
17894
16385
19354
19643
18104
18946
19114
16385
19620
16840
19739
18710
18595
18322
18359
18402
19029
18427
18774
19749
16385
20336
17099
18128
17475
16385
18092
17138
17891
20478
17557
18733
18248
20172
19160
18017
18586
19310
17946
17257
17904
18728
18231
18954
16385
16703
19555
20252
17876
20163
16385
19311
18928
16950
19066
20478
18584
18752
19172
18157
20235
20221
16402
17636
19112
17226
17966
18125
18610
18194
19664
18343
18075
18227
19024
17621
17258
18526
20478
19135
16385
16385
17649
18616
16879
17850
19097
20478
18959
18647
17676
19251
19544
16385
18264
18106
17827
17123
19984
18920
19229
18199
20362
20097
16385
20354
19540
16385
19788
19282
18264
18271
20478
18448
18148
17055
18050
18601
16385
17026
17681
17319
16757
17734
20331
19422
17344
17403
16385
17839
19944
18313
18091
18375
19139
18000
16385
19630
16385
18251
19650
17108
19383
17867
17207
16528
17377
16385
18802
16385
18911
16385
19053
17477
20478
17744
18207
17504
17202
18661
17000
18473
16650
20478
18535
18805
17453
19707
18676
19356
17072
19873
17681
16824
19332
17354
18858
20478
18659
19370
19231
17377
17396
18711
18071
18344
18798
18315
20478
18351
17954
16534
18534
20077
16385
18032
17480
16594
17393
19873
18689
18581
20478
19526
17914
20174
20478
18770
17951
17180
20478
18224
20478
18380
19601
20456
19398
18931
20478
18396
18955
19176
18227
20217
18585
17730
18269
17590
17014
16784
20477
16678
19352
18911
18332
19325
19664
18722
16385
19944
18861
18520
16906
19268
19422
17081
18433
20225
18985
17738
19598
17021
19801
19416
19345
19325
19162
18505
18171
19307
16608
18258
18498
19038
18029
20478
17238
19629
16939
18632
19071
17049
19336
17447
18542
16482
18141
18362
17153
18466
19006
16385
17618
18191
17844
17273
17074
18849
20478
19520
18123
18365
19557
18975
18723
19224
18200
17695
20478
17680
20478
20478
16385
16943
16821
18649
17366
18764
17935
20006
18004
16385
18359
19254
18364
18514
20306
18467
18339
17610
17819
18552
16477
17818
20065
17846
16385
17003
18869
16385
17488
19094
19331
18511
16851
19933
17757
17519
16426
19375
17124
18161
18512
20014
16385
18071
16947
18370
18065
18169
20478
18370
18497
19428
18299
20478
19667
18057
18767
18299
16385
17301
18586
16821
17219
19853
20478
18792
19613
17885
18142
17280
19272
19271
16385
18272
18155
17062
19795
18498
17047
18374
19775
17057
18972
19337
18579
16511
18311
16385
17772
19448
19085
17094
17558
18709
16385
17228
17781
19093
17347
18853
17560
19423
19477
18025
19674
16385
16750
20469
18090
19721
20478
19872
18568
18880
18486
17766
19203
19089
17319
18277
18876
17247
18506
16385
16385
17664
18703
17226
17462
16496
19521
16518
19923
19959
17166
18710
19579
17426
16385
18184
17100
17035
18960
18922
17566
18827
18270
20478
19359
16385
17181
19459
17515
19340
18160
16385
18455
17382
18329
18202
16734
17867
16864
16734
16385
20334
18860
18018
18898
17980
20478
20478
20274
17022
17758
19217
18315
17668
18309
16385
20478
20390
20129
18583
18645
19463
18911
17930
19004
18884
18912
16771
20215
18921
18811
17714
20478
17729
17369
20478
18380
16667
16592
17875
18241
18472
16898
18404
19502
17089
18042
16385
17521
16385
18246
20478
19518
17765
18085
18917
17822
17766
16905
18386
17882
20064
19501
16385
18387
16385
17459
17050
18603
17454
19842
19077
20478
18849
17279
16931
17672
20478
17021
17685
16953
17900
19172
17484
16385
17828
18111
19278
18251
17646
18470
19910
19308
18635
18853
20478
17568
16982
18209
16385
18533
18383
20478
17577
20381
16385
17995
19148
19053
17835
20478
16385
19976
18854
19456
18848
18069
17503
18015
19174
18871
20200
17037
18398
19602
17247
18801
20478
17654
18882
18161
18877
18294
18215
17101
16518
16385
20110
20478
18760
17496
19309
17498
17641
17849
17690
19090
16751
16385
17550
17877
19448
18177
18748
19178
18951
19171
18686
18313
20391
18333
18931
19811
20478
17586
19190
19138
19117
16385
20478
18510
17824
16385
18353
19154
16835
16712
18115
17210
19480
18399
17794
18020
18319
18039
18484
19209
19813
19577
17671
18956
16859
18406
18391
17931
18732
20478
19761
20478
18405
19272
20455
19598
18228
18527
16888
18698
19675
18257
19468
17745
18535
20293
18908
20395
18017
17514
16575
19182
19539
18977
19377
19914
16834
20347
20010
19143
18431
20478
18073
17986
19060
18111
19707
18890
17088
18172
19335
18680
16708
17832
19279
18094
20193
17967
18517
20159
18471
17426
19045
17989
18248
16862
20478
17532
18939
19553
20478
19490
16885
20272
18337
16385
17228
19566
17511
18709
18006
18994
18650
20102
18109
18173
18152
16770
19383
19065
18020
20478
17476
17097
17614
20201
16961
17180
20216
18758
16603
19008
17207
17748
18282
19872
19533
18702
19631
17818
17738
19094
20166
20478
18292
20478
17271
20318
17866
18650
17704
20478
18143
17613
18709
19315
18907
16784
18584
20450
20478
18615
17079
19664
17490
18303
18877
17237
16385
16385
18625
16385
17162
17655
17128
16385
19330
18002
18303
18683
16385
18335
18910
19758
16418
18023
19984
20478
19071
18637
18611
20478
18683
17712
20303
16842
16479
18402
17668
18512
16385
16494
19024
18572
18529
18137
18507
17094
18411
17894
17545
20462
20398
16385
18166
17508
18349
18053
17227
18995
19418
20478
17734
19809
16919
20284
19190
20478
20080
18909
18141
18305
18343
18235
17729
18341
18707
19772
18011
16385
19449
17473
16806
17946
18948
19064
20217
19011
18628
20478
17673
18186
17925
16385
16661
17802
20478
20345
19379
20478
16668
20478
16875
17103
16385
18869
18709
17518
18991
17883
19565
18134
20443
16876
18829
18548
18232
19591
20356
20076
18702
18870
19162
19433
19431
19279
20014
18978
17935
17085
16808
18877
18512
20478
17616
19028
17336
19388
16838
19793
19929
18638
20421
19561
20478
19943
16385
16385
18547
18468
18147
20478
17800
19525
18930
16514
17345
19932
17157
17743
19963
16799
19040
19559
19936
19103
18548
16422
17717
19809
17221
19357
20478
19049
17304
18112
19501
16691
18000
17396
20121
20478
17829
17996
19868
20478
16937
16385
17537
18990
16674
16977
19296
16385
18967
16385
17878
19564
18717
18992
16385
17565
17700
16385
19494
20478
20247
17748
18704
18268
19263
17387
20440
19523
18773
16472
20400
20478
18387
19909
17272
19258
19043
17881
19806
18357
17871
18962
18174
19741
18400
18654
19824
17768
17189
18312
19617
20202
17164
18369
16385
18347
16920
17501
16385
18486
17271
16385
17397
19224
17956
19026
16982
16385
18143
19354
17541
20478
17159
20478
19104
16385
18682
17998
16877
16385
19561
18596
18319
17026
17768
16790
19542
18430
16385
18038
19914
17085
17444
20097
20457
18209
18874
19300
17234
18931
18177
19081
16385
16413
20108
17603
17339
18907
19206
17944
20095
17944
18447
19370
17747
16859
18265
17947
19775
16385
18608
20478
19238
19535
16780
17660
20478
18753
17170
18916
16385
18531
17804
18495
18565
18239
18007
18749
16739
17254
17940
19750
17297
18870
19402
16385
16973
18266
19521
16385
18660
18140
16385
18781
18366
16744
18441
18626
18925
18771
19221
16385
20478
18686
18273
18853
18236
17784
17300
18941
19617
17713
18344
19918
18687
16986
17246
20455
18979
16385
18269
20395
18344
18630
17126
17666
19703
19072
17054
16385
16385
18374
20182
16488
19167
19385
16935
19501
18540
16385
17638
17275
18690
18761
16385
17754
16616
18897
18289
17024
18656
19173
17835
16995
19058
20478
16385
20478
16652
16632
18233
18288
20418
16767
20254
17547
17929
20299
19769
20084
8481
2200
371
2176
2056
6629
7688
8417
4793
7863
6650
3329
9143
6246
3420
7611
3081
8411
9905
9862
3134
4789
2113
834
3125
5508
6827
9539
492
2393
7060
4205
4363
8221
7298
373
2829
6166
298
4418
4831
7746
4797
9777
8969
3705
6096
3011
9678
8659
8109
5259
8899
1958
4268
5139
7341
3664
3498
282
9863
7490
744
6403
6223
9064
6076
3332
223
6391
3714
913
2463
3217
2609
3299
1687
7096
4377
9385
3536
10149
2957
5771
3234
4209
2513
3462
10124
9054
8210
7217
5768
3369
1017
6043
8403
1863
7421
2476
10040
5956
5255
5909
9981
812
5158
3659
2583
2953
4736
4236
3805
2172
3190
9288
2827
3988
5341
6531
10055
282
2587
18
5071
5788
5121
9047
9978
3572
3332
9554
5778
829
6484
8415
8756
6654
8240
3729
9771
704
8177
5900
5647
7664
3085
5611
1289
8074
3667
1443
267
5501
11496
8798
9298
10767
11049
11859
10767
11637
9430
11635
9251
10753
10816
10832
8193
8210
8381
8412
9740
10956
10052
9899
12006
11350
10391
10348
9884
11593
8278
10583
10710
9362
8811
8507
9835
12286
9632
11658
9599
8193
10637
9583
10305
12286
12286
11330
11061
8193
11328
10867
9172
11163
12286
9952
11270
11319
9757
8193
10828
11328
11356
10795
10353
11807
9025
10024
11667
9333
8665
9465
11952
8193
10572
8193
10490
9933
12286
10249
10921
12286
9186
10207
9637
9690
12149
10093
10560
9663
10698
11893
9438
11727
11972
8193
10620
11693
9465
8815
8568
10412
11335
11147
10185
10421
8623
10576
11429
12286
10395
10839
9649
11096
8503
12171
10282
12286
9495
8584
8193
12286
9433
8743
8193
11547
11138
11061
11076
12286
9086
8698
9146
9153
10789
12116
11678
11737
10033
9245
11621
9574
11747
11248
9202
11207
11694
9271
9281
11463
10476
11132
11437
10473
10983
10566
9162
11175
11165
10095
8193
9221
10152
10055
10861
10036
11752
9700
8193
11211
9938
9361
9868
9905
9276
8975
9477
9514
9224
10333
9633
8193
12286
8582
9084
8945
11617
8193
9436
10593
10888
11568
11580
9965
10521
10436
11184
12286
11661
9715
9872
10993
11378
10790
11591
9759
10642
10513
8524
12286
11792
9076
8193
9654
11789
10198
10128
8482
11640
10599
9083
8815
8490
9148
8311
12286
9559
8619
9308
12286
10894
10392
9257
8828
12286
11141
8413
10034
11139
11957
8744
10130
11285
12286
10859
10740
9820
8193
10608
8539
10294
11611
11172
8979
9448
8589
11079
9100
12286
10268
11815
10714
8193
11787
9745
9645
10099
12286
9868
8943
10368
9926
10998
9443
12286
12286
8193
10266
10175
8341
11985
11280
9165
11318
9571
8651
10178
8193
10102
9318
11266
11362
12281
11245
12286
8698
10063
9532
8647
11526
10740
11598
10301
12286
12286
10973
11344
10772
10597
10977
9450
10565
11191
9515
10463
11697
10739
9272
12286
10246
10495
10051
10442
11794
9826
9170
10393
10270
10535
8772
8753
10021
9636
10635
10285
8522
8416
12034
10960
8193
8193
9340
11114
11004
10093
9610
10703
12197
8193
9160
8193
9017
12185
8930
11427
10450
8193
11952
10607
11398
12032
9043
9748
8193
11672
9009
8588
9543
12217
10119
9904
8921
11316
10189
8443
8405
11403
8582
9772
9506
10641
10028
9858
8233
8611
8193
8936
8415
12188
10429
12286
10341
10145
8599
9008
8483
10512
9400
8665
12167
9854
10668
9082
9894
11036
11646
12135
11637
10731
11489
12286
9495
9314
11234
11155
9311
10377
8860
10678
10311
11924
10200
10899
9249
11099
10542
9669
12286
11946
11327
10802
8527
9436
10288
8728
10028
8656
10533
10779
9346
10202
10192
12032
10597
11808
10466
10732
10607
9692
8269
12286
10088
11122
9438
11075
11497
8193
10712
8193
10833
9232
9374
11633
10165
10403
11897
11317
8549
12286
10657
10298
9983
9336
8193
8193
11834
11274
9766
9064
10368
10476
10309
11204
12286
9334
9522
11072
11077
9245
9429
10942
12286
12286
10264
8193
10529
10520
9605
9801
9877
11714
10092
10320
11158
11936
10015
9830
11927
9063
10476
11316
9283
9543
10125
9705
10172
10430
11841
9914
8908
8193
10219
10449
9087
9595
9213
11106
10455
10794
10101
10956
12286
8748
12165
11235
11191
10149
10342
8193
9361
11683
10221
12286
10904
12286
10355
8597
10398
9796
11604
11465
9729
9155
10485
10898
10809
11600
9881
10863
12009
10977
9650
8332
12286
11259
12286
12141
10935
12286
10725
12286
9580
8834
9431
9783
10030
9917
10583
9148
11007
10310
12286
11222
10860
10335
12286
10614
11042
11262
9239
10049
12221
9653
10656
11411
9691
10460
9165
10602
8654
11248
10157
10588
9675
11850
12280
11782
11032
11327
10664
9690
10968
8193
11162
9699
12286
10898
11676
10867
8193
12286
9967
9990
11411
8366
12286
11648
11500
11644
10295
10997
10685
9458
9825
10415
11906
8193
11480
8961
9942
10505
12286
8193
10791
8596
9170
10135
9950
10783
10406
11115
8836
9714
10742
8743
10117
8193
10140
11128
9767
10570
10695
12286
12286
10153
11093
10666
9547
11048
10454
10215
10192
9495
8787
9448
11440
10366
8193
9219
10276
10939
11289
8193
12286
10086
10238
9250
12286
12016
8848
9665
9952
11348
11032
11347
10942
8193
10978
12286
11184
10003
9733
10933
9979
8193
12286
11257
8668
10641
9739
8193
8468
9132
8193
8193
10509
11772
10942
9636
8965
10352
8813
8452
10217
11169
11636
10658
10789
12286
8829
12091
9839
9875
10299
9575
10621
9686
11249
11669
8193
12269
9994
12266
8944
10700
9615
12286
10581
12286
8435
9880
8944
10068
8728
8935
9313
11535
9689
10092
10217
10294
12084
11848
9593
8370
11756
8985
9901
11122
10344
8193
9767
9690
9020
9987
9017
11630
10351
11833
11873
11079
10703
9539
11026
9705
11129
10618
11727
8388
12286
10278
10153
9828
10102
9003
9649
10136
10025
9899
9278
9809
9355
10586
10244
10921
9274
10381
10326
9395
11338
10985
12088
12286
12057
10042
11411
10710
12286
10692
9793
11503
12286
11830
10504
8410
9319
10442
10212
12286
10312
11795
10142
8193
10013
8193
10100
8193
9891
11853
8891
10938
8193
10794
9269
10062
8845
10104
9344
10381
11829
8193
10669
10567
8193
9137
11880
10842
9668
10963
12082
10433
11227
8982
10927
11457
11487
10208
9575
10458
8786
8193
11469
8416
10189
8193
8978
10834
9062
9297
9936
8193
10634
8193
11638
10393
11247
10471
10031
12274
9327
8193
9162
11049
11280
10833
9642
10433
8804
8695
11865
9469
11906
10944
8193
10445
10397
8193
8789
10271
11114
9473
12137
9177
9532
11635
11164
9497
9266
10523
11108
8891
10332
10593
10937
10620
12286
9444
11020
8193
10053
8747
11399
10180
11054
12286
10707
11263
8957
8193
11176
11394
10530
9789
8193
9126
9741
10500
11657
9786
9676
9497
10625
9566
8193
9483
11200
9659
9040
9405
10529
10741
11511
9323
9832
11545
11728
9497
8248
9603
12286
8193
8437
10147
9354
10205
8918
9569
9414
9082
10742
11529
8234
11454
10739
9268
10248
12286
10437
8773
9093
9096
10550
8370
9711
11285
11281
9536
11502
11374
8813
9641
10464
11846
12059
9595
10365
10516
10122
8437
11198
10049
10370
10797
9590
8193
11097
8473
8966
11078
8726
10719
10357
10566
9027
8193
8193
9543
10026
8468
10395
8686
9834
11445
10087
8193
11226
10959
9551
10362
10668
11662
10990
8193
10407
10939
10323
8892
12286
10367
8902
8977
11704
11525
8713
12286
10949
11333
9618
9582
9230
11398
11296
11991
8193
10358
12286
12009
9412
9613
10984
11746
8464
8310
11267
12286
12286
11709
10800
8703
9998
10640
8843
12286
9816
11720
10575
10942
11893
9210
11594
11875
8193
9416
9916
8482
9443
9977
10299
10573
10746
11856
9701
8387
8590
11119
9663
9676
10054
12286
9918
9966
11362
9277
8193
9293
10602
9730
12286
9455
11298
10527
9692
9800
8193
11889
10470
12286
8193
8985
10580
10781
10709
9270
8193
9604
9040
10556
10853
11718
9625
9699
11068
11928
9353
10087
10917
8612
10187
9420
9700
10313
9774
9493
12286
10944
9967
10648
11300
11282
8798
10425
9093
10874
10611
9119
9114
10868
8193
12286
11850
11510
9627
10101
9833
9536
11629
8882
10037
8276
10185
9113
10893
11431
10398
10322
9681
10047
9208
8902
11565
10245
9047
11157
9217
12286
11725
10376
9876
9357
12044
10190
12286
10467
11734
5714
4970
5504
591
0
5929
1402
575
2016
4950
4142
652
3845
1454
3534
3339
5053
1185
2624
824
1209
3853
5024
3105
1355
5280
2523
5024
461
2460
4933
245
2583
3408
2701
3888
5978
1817
1640
4907
1869
4878
3379
4295
4241
496
2195
2396
2860
5793
5428
2357
2392
2479
1589
5275
2791
876
330
2748
3369
3987
5767
4987
2405
2451
5711
110
5241
4605
2974
4721
539
287
5682
2887
3686
3926
2902
4383
2968
2552
2496
3556
4559
907
1890
4791
1520
2190
673
5805
4046
2944
924
1763
2250
1708
3809
3481
4056
5375
415
3979
5199
3595
3122
2298
4574
4484
2865
1571
2985
2308
3535
3083
5028
5237
3159
2803
4730
5471
2870
3922
5312
5511
4884
4946
511
5862
3625
2738
419
1176
8190
6882
7801
6080
5933
5699
6157
4097
5272
6662
4097
8164
7512
6710
4779
6336
7030
6266
8190
5458
6190
5873
8114
5063
4527
5958
5496
7086
7801
4097
4097
4097
4321
7582
7054
6190
4629
6828
6539
5019
8190
8190
6257
4470
6191
4374
6463
4097
7613
6402
7788
8170
6304
6985
5801
6594
4967
4843
5201
6282
6581
4621
8190
5758
5836
4624
4097
7735
4097
5974
6732
5870
4097
8190
8190
4097
6098
6868
7163
7405
4097
5562
5060
6156
6183
6021
5704
5783
5137
6341
6640
5084
4895
6324
5414
6314
6533
6212
4820
4097
5457
4103
4274
6296
8190
5041
4097
4807
5099
4097
7568
4097
4097
8190
7092
7423
6197
8190
4703
5895
5712
6256
7966
4097
8190
5252
8190
4359
8190
5332
5723
5452
4913
4778
6921
6975
7247
4353
4307
4097
4602
6571
7394
4097
5007
8190
6650
4699
4778
4909
5243
5320
6385
4542
4575
5108
4097
8190
6559
5278
5500
6591
5240
6314
6584
5366
5364
5522
5932
8190
5340
4097
4721
6781
5119
8094
8036
6539
7187
6408
5158
6967
6367
4772
6601
5929
6395
8190
6160
5454
7222
4487
5741
5723
7537
6467
8154
4696
5702
5234
5720
6352
7165
4097
6292
6311
5533
7351
4937
6659
4168
4908
7632
7004
6327
6046
5213
6345
5270
4884
6299
7780
5313
7603
5319
6669
4320
4133
6092
5336
5785
6140
5334
6289
7139
8190
4097
5981
6811
8164
4097
5771
7461
5887
7568
7798
4352
6250
6951
4261
6093
7421
7373
7014
6935
4416
5716
6037
6037
4097
6812
4418
6897
7397
4986
6384
6056
6867
6355
4357
5624
5208
5558
6008
4097
6794
6681
6868
5516
6665
6087
7717
5280
7048
6121
8190
6328
5921
5055
4097
4097
5749
5993
7815
6897
6273
6317
5403
5902
5647
6537
5771
6965
4408
6101
7078
4451
7361
4097
6051
6783
5397
8190
5605
5840
4205
5338
4419
4979
5910
5105
5988
6135
7485
8089
5007
7443
5831
5903
6593
5420
6253
8003
7295
6597
8190
5961
6332
5830
8190
6366
6802
6442
6434
5064
8179
5933
6759
6040
5150
6117
7520
7141
5291
6634
5679
4752
6368
6144
4396
6991
5127
5118
5140
7063
6490
5439
6913
5465
4900
8130
4097
4968
6878
8190
6255
6117
7736
5571
7285
8190
6566
4097
4246
4097
5929
4097
6529
6447
5276
7240
6911
5218
8178
5246
4979
6151
5635
5322
6386
6400
5427
6484
6977
7836
7937
4097
8190
7517
5098
6012
6245
6434
7024
6909
5427
6524
6085
5741
6502
5282
5711
5158
6877
6522
6444
4097
4325
6299
6039
8190
8190
5641
8190
6266
6996
6949
6773
7228
5735
5847
4726
8190
7109
7005
6455
6574
5499
6124
4097
6317
8190
6706
5909
7630
5611
8190
5802
4171
5978
5418
7643
5104
8190
5870
4097
4097
5538
6141
4186
6627
6641
5621
5405
5341
5248
6908
6152
5973
7940
6684
4097
6119
5836
4226
4097
5337
4305
5756
6384
5579
7559
5686
7530
4374
7721
8190
5036
4964
7022
4904
4907
6457
6850
6153
7947
5135
4097
8190
8190
4984
8087
4593
4097
6228
5662
4097
5520
6628
5410
4250
5415
5044
4505
4596
6407
7111
5110
5678
4915
4097
4518
4985
4097
8190
5460
8067
8190
4097
4324
4161
6657
4780
6742
6598
4097
7010
5458
5513
6749
7446
4097
5132
7645
7359
6661
6047
6411
5259
5898
6276
6375
8190
8121
7711
7302
7135
4875
4097
6674
7300
8190
4470
5148
7336
5867
5799
6230
5850
8079
6366
6055
7614
5207
7138
7216
5985
5839
7230
4479
4870
6007
6842
7273
5596
6449
6668
4366
7585
6576
8190
8190
6201
6723
5687
5457
6126
7079
4710
6160
5716
5958
7081
6711
5578
6836
5004
6897
6696
5949
5908
7628
8190
6479
4097
4423
7064
4097
7141
5496
5846
6010
6013
4963
5723
4097
5944
5580
5569
7187
6018
4537
4097
7987
6532
5090
5585
5090
6657
4097
7031
4936
4594
4097
6689
6086
6702
7520
4198
4973
6147
5441
7244
4761
6180
6401
5199
7826
4705
7866
4097
4097
4097
5007
5770
5982
6784
5118
6596
6507
6146
7261
5018
6385
5657
6610
5194
6532
4097
5957
5464
6899
5274
6450
7968
7640
4940
5884
7073
5538
6210
5283
6471
5941
7396
6856
7018
5983
6243
6181
4281
6553
4772
6921
4953
6699
5672
7238
6181
8190
8190
6571
6544
4997
6531
8190
6984
5794
8190
6513
7421
6982
5921
5655
5636
5991
5870
4474
6646
6442
7213
5368
7775
5892
6265
4668
6137
7529
4231
8190
7122
6380
4295
6255
6522
7515
4782
6313
8190
5874
6179
7372
6454
4097
5590
6403
8190
5352
6187
5922
6571
6776
5889
6024
6048
5451
5116
4097
7605
6065
5009
5961
6182
5459
6251
7551
6898
4097
8190
7609
6708
7881
5197
5633
8190
6977
6557
5261
5157
6463
6124
5759
4867
4711
6366
6482
4097
6210
7722
4522
4097
7179
6990
5975
6117
6220
4151
6962
4827
5645
6448
4339
6776
7005
4863
6965
5711
7443
4097
6605
7678
5736
5219
6421
5991
8011
5974
7330
7314
4303
6390
4734
6489
6425
6484
4557
5016
5275
7846
4620
7680
7666
6509
5969
6339
5387
6087
8190
5216
4097
7751
5769
5880
5752
6045
5350
7727
8138
8190
5542
7141
4726
4412
6382
6316
8190
7419
5572
4869
4798
7855
7064
7376
5760
8098
5964
4854
6982
8190
6753
4407
7555
6130
7000
5564
4271
7022
4656
5839
5822
4494
5914
4356
6192
6211
5726
4495
4097
4097
7609
5484
7041
7468
6247
6136
6988
6777
6943
7178
6163
4468
5299
6099
5864
7624
7164
8190
5592
5648
4097
6694
8190
4930
5039
6289
7660
7834
5697
4097
4973
7018
4097
7814
5398
4097
6420
5274
7203
5229
6629
4931
6076
4417
6942
5613
5907
4886
8051
7482
5954
5036
6092
6239
6661
6215
6058
5076
4881
6855
7156
7082
4097
4097
8190
5384
4097
5531
7012
7680
4908
6342
4097
4851
4793
6213
5024
7793
5051
6940
4443
5713
6844
6459
8023
7198
6657
7021
4110
5929
6435
5160
7248
6586
8190
6148
6105
4097
6886
4563
4097
4873
6457
4983
8190
4097
6319
6705
5078
7605
6073
5891
6364
4975
6261
6437
6114
7089
7742
7038
5773
6855
6481
5475
6702
4097
7916
6700
7279
5024
6063
6550
4294
4097
4097
6405
4803
4668
4428
7304
5206
8190
5665
7781
5767
6791
6082
5072
8190
5038
4423
6686
6802
6055
4097
5588
8190
5881
8190
7873
5804
5802
4958
6180
7092
5799
5711
6887
6638
4895
5329
4850
6308
6380
6300
6974
6038
8190
4097
5793
4097
6028
6232
6459
6006
5594
7402
7223
4545
4527
6353
6985
5459
4588
5663
6941
5949
7159
4258
4161
7165
6846
4097
4917
6740
5715
4661
6680
6929
6485
8190
4555
7914
4487
6817
6924
7541
7262
4097
6033
7534
6855
7799
6310
5193
6085
6886
7679
5871
8190
7512
7350
4097
8190
7324
6492
4391
4097
6427
4097
5982
7481
5207
6982
6646
6597
5890
8190
6360
7159
5531
6551
7415
6994
5202
5008
7085
5161
7859
5299
4097
6224
6209
7252
8127
6512
8190
6825
8190
8190
5031
6146
5057
6518
5887
6386
6806
5388
6633
4715
4276
6291
8190
7109
5424
4097
4625
5753
6260
6893
7893
6612
5784
6984
5965
5736
7039
7544
5584
6037
6096
7442
4097
4872
5544
6713
5813
5741
6985
7235
6092
6065
4573
6484
5365
5717
5387
4926
4445
7925
6285
6217
4838
5988
6967
6995
6426
5689
6528
6598
4698
7766
7829
8190
7915
5403
6255
5973
4097
5193
6270
5339
4097
5389
5590
5997
6763
6792
6332
5553
7428
6267
6782
5737
6538
5832
5551
4963
5533
7405
5741
4191
4374
5751
7381
6632
6936
5607
5428
5921
6356
7642
6346
8190
5847
7540
7998
4135
6271
5930
5861
4692
5480
5613
5296
6493
7768
4097
6694
5484
5391
5692
6803
5210
6136
6426
6768
4097
8190
5236
4750
5761
4097
6228
7897
4097
7276
7551
6488
5327
6618
8190
5336
4714
6740
6693
7441
6459
4250
6053
5668
4598
5274
5854
6473
8190
4193
5131
5450
5948
7423
6668
6477
4097
7601
4403
5241
4097
5910
7082
8190
5593
4412
5164
7683
5715
6406
4097
6711
5984
5790
5327
6589
5611
5802
4517
6137
4579
5526
5418
7659
6868
6133
5989
4531
6453
6331
8190
5666
6805
8190
5364
8082
8144
5822
6447
8078
6627
6194
6015
6255
6149
7060
6179
6072
5605
5008
6066
6746
5994
6892
6059
4832
5871
6226
5782
6489
6182
7305
4097
6549
8190
8190
7209
6564
5360
6153
6281
4409
6052
5622
5536
6732
7541
5743
5106
8190
4830
7022
6510
7003
8190
5747
7194
6546
6713
6853
5168
7529
6776
5935
4097
6231
6679
6818
4782
8062
6555
5385
5646
7640
6268
5231
4807
6181
5634
5540
8190
8043
8190
7178
6365
5455
5673
7426
5770
7522
5513
6067
8161
5588
6772
6598
6139
6094
6608
6013
4437
5445
7245
5580
7065
5809
4097
7991
7132
5295
6936
6572
5515
7121
6110
7701
5190
7201
5257
7174
6336
4846
5343
7109
6488
7499
8025
7009
6629
6009
6600
5517
8190
8190
6818
5378
4602
5489
5872
6294
4636
5014
5271
4409
6682
4912
4563
6514
8190
6225
7920
5583
5288
6415
6051
4687
5212
6997
6211
4097
5179
7924
4955
5089
5548
6701
5988
4809
7137
6300
5364
7394
5826
6556
7646
4977
6471
4659
6251
5266
5972
8190
5537
8190
6009
5577
5694
4097
7815
8190
6290
6090
5979
6601
5552
6925
5900
7077
5774
5694
6516
5031
5631
6730
4664
6921
6425
4590
4097
4395
6575
6844
6183
6626
5957
6391
5313
5727
8089
6596
7786
8190
5186
6929
4097
7091
6790
7294
4097
5785
7670
4788
6113
6339
8190
4097
5456
7364
8190
5245
6247
6295
7250
7825
4097
6321
8190
6767
5125
7603
6229
5107
6071
6294
8190
5693
8190
8190
6737
8190
7817
7470
4632
5162
4542
6480
5074
6934
5506
6956
6216
5995
6244
6143
7324
7784
7396
6889
7220
7873
5206
6620
6720
4698
6290
5791
5219
6548
7416
6672
6824
7044
4097
6300
4097
8190
5935
5624
6029
4684
6927
5432
6072
4919
5526
5200
4771
6517
6585
8190
6593
7855
7067
5472
6693
5906
6787
6235
5737
7201
6746
5133
6899
6475
6893
6634
4097
6526
5956
4097
5244
6367
4097
7349
5329
5455
6243
6553
5482
6114
4097
4097
6420
6751
4687
6394
6444
8190
5767
4672
5283
4894
8190
5536
8190
7803
5573
8148
5696
5462
7061
6174
6644
4550
4504
6454
4847
5389
8075
6987
4097
7538
4097
5785
5171
6992
5360
8190
6775
5514
4097
5303
4283
6540
8190
5235
7148
5183
6045
5196
6272
6688
7940
7750
4731
7392
6526
4097
6114
5453
5613
6868
6150
6570
5973
6096
6321
5075
6361
7448
7075
5138
7625
7349
7665
4167
5168
6362
5870
7529
5700
4569
5560
5418
7402
6791
5194
4097
4097
6965
6686
8190
4277
4097
6794
5575
5221
5379
6232
6671
6484
5799
4097
4833
7129
7037
8169
7962
4097
7987
5014
6082
4882
5609
6039
4097
6586
6885
4266
7417
4461
4097
6043
8190
5725
8190
8110
5695
5905
4160
7909
5955
5019
8190
6883
7498
5280
4381
7105
4960
6893
6396
4097
7506
4308
6010
5940
7333
7346
6289
7460
5564
5104
5574
7129
6162
4209
6864
6404
6664
5379
5698
8190
5530
4097
5003
4097
7291
6567
5066
6087
4097
4097
7033
8190
6541
6064
4968
5116
4097
4394
4920
7028
7028
6703
7273
6742
6665
6548
4860
5288
6438
7441
5431
4097
4918
6797
4097
7574
6756
7997
6308
7232
5539
6897
4555
4097
4743
4097
5736
4097
4399
5511
7629
7850
6105
4902
5782
6073
4120
5037
5185
5287
5683
6221
5448
4953
6361
6068
6390
5910
5607
6765
5076
6680
5017
5885
7774
8190
5494
5293
4097
5806
5309
5949
5678
6114
5261
6748
7231
6308
6709
7858
5371
8190
6952
7262
4687
5314
6766
7344
6988
8190
6070
4238
5880
5806
4541
6824
5821
4097
7482
5716
5931
5660
5294
6045
7879
4932
6585
5294
5147
6221
5929
5893
7789
6115
8190
4808
5917
5589
6554
6364
6357
8190
5769
6233
6502
7782
5437
7815
6643
7423
6688
5034
4321
6732
6305
5610
5316
7163
5448
4234
5188
4097
5109
7756
4711
5813
8190
5069
6229
5665
6758
5667
5417
5323
6411
4097
8190
8190
4555
6471
5785
6642
8190
6770
6224
5935
7278
7335
4677
6450
7875
5604
6742
4434
5058
5853
7474
6094
6001
5317
6060
7414
7267
6630
6587
8190
6700
5888
6092
5016
6560
5015
6833
6227
7428
6763
6734
8003
7724
6306
6314
4548
7567
6599
4097
4767
6153
5709
4664
7277
7152
4701
5556
5325
7598
7669
5198
6061
7231
6038
5817
7595
4608
6558
8040
6593
6929
5027
6429
8190
6157
4590
5306
5576
7235
6997
6792
6502
6537
6917
5851
5078
6990
8190
5114
5553
5141
6901
6455
6259
7544
4738
4431
6085
5569
7500
6001
5979
4135
4097
4717
4385
4097
5122
6242
6368
5700
5202
7432
5222
5592
7923
6029
6728
6018
8190
6451
5603
7406
8159
7633
8190
5673
7892
4958
5241
4982
5736
4829
7559
7322
5833
7277
7009
6589
6751
5491
6980
7657
6637
4919
6676
4097
5246
6606
4241
6078
4983
4757
5886
6015
4097
5243
8097
7968
7130
5535
4097
7661
5838
6661
4452
6688
5841
5277
7240
7390
4888
4710
4097
7096
5765
6796
6882
6595
5753
8190
6639
4936
4807
7222
4346
6009
5839
5588
5689
5139
6720
4446
5729
4622
5336
5409
5064
5029
5726
6450
4974
4097
6024
7736
8190
5904
5823
7582
6469
6182
7063
6005
6984
7409
6961
6884
5550
8190
6812
5898
5801
5143
5466
6473
5245
7101
5627
4097
7528
6679
4776
7325
5568
4097
4097
7361
8190
5114
5489
7682
6843
6769
8005
5766
6144
8190
6701
4631
7395
7200
8190
4504
6475
7151
8190
4240
6784
6526
7097
5946
6337
7474
7409
8186
7189
5471
7605
5758
5099
7150
8190
7670
6392
5689
5719
8044
6084
4687
8135
5165
5627
4198
5446
6749
6581
4892
4423
4097
4373
8190
4097
6027
7294
6605
4162
6156
4097
4097
5473
7016
6283
6342
6282
7075
4613
5550
7444
7011
4881
4220
7994
6951
7855
8190
7241
7395
8190
6048
6273
7025
4136
7788
5711
8190
5989
5714
7402
5758
5271
4962
6158
4379
6000
7001
5218
6880
7485
7070
7373
6858
7318
5148
4097
8190
8190
6304
5659
6342
6784
6487
6974
5350
7438
6009
4614
5768
5087
6114
8156
8085
5165
4097
4097
6538
5982
5407
6209
4097
5610
6992
6160
7257
4383
7587
5855
7616
7552
8187
8143
5979
7408
5928
5054
4421
6998
5678
4841
6347
4097
7685
5067
5391
4698
6277
8190
8190
8084
6561
8190
6188
7463
8068
5749
5212
6554
5430
7876
7763
6261
5258
5630
7426
4097
6425
5011
7504
4356
7403
4675
7994
7428
4097
7783
7393
8190
6503
6654
6406
5464
8088
4929
4097
5875
6989
5707
6598
4097
5496
6933
6195
5148
8190
5052
5058
6020
7673
6628
8190
5551
7057
5989
5734
6697
5133
5276
8190
5183
5495
7147
6093
7366
6113
4659
6671
6205
8033
7332
4097
4679
7111
6024
7894
4611
7792
4766
7106
6483
6155
7063
7025
6993
5500
5140
6951
5872
6013
6746
6845
5026
7773
7077
6764
8190
8190
8109
6237
4097
5223
7811
4355
4097
5535
8190
5116
4475
6294
6213
8100
4520
4097
5509
7518
5810
8110
4823
6089
6448
4097
4283
4544
6810
7230
8190
7011
6127
4097
4785
6323
4328
5791
6138
5859
6592
6730
6998
5755
6762
7895
5573
4891
7670
5875
6181
4550
5057
3619
10020
2815
13120
1181
4616
12235
6100
12991
469
16224
17430
7834
13134
13059
758
8311
16544
15036
8222
8946
8549
5760
13243
6117
7807
17419
10350
8612
1502
8312
6619
2647
16066
3502
3313
2757
2268
4563
14956
3346
9338
14628
18125
13062
2697
10250
16359
17097
12811
1207
13640
6762
9561
13281
12983
14071
18393
17360
644
10958
17593
13710
10580
1295
9900
13384
3010
8727
4335
14333
5994
831
13339
12038
4477
11254
11897
3531
1899
12146
16775
1235
8258
11801
2040
9921
11926
894
9163
12843
2180
14791
12310
11657
10238
14214
13259
14332
7713
12804
3949
7542
12100
9641
6622
8578
17560
9295
17695
16759
17525
11138
3610
17468
5584
842
10576
14215
1654
18400
15942
593
8084
11912
14752
4484
8054
7492
16321
17933
10400
2329
2596
12865
18111
5844
11489
7194
3270
2887
4758
6474
2007
198
10979
17561
10802
13028
9777
11658
5016
16579
1220
9030
16224
6238
5422
3195
18103
11416
5015
13649
9991
4194
6991
13417
1557
3884
14177
7953
17117
6796
11877
17547
8384
4552
13141
8473
8895
17139
2736
8017
15763
15514
6748
10782
6055
2410
9571
11805
9191
5164
6460
13404
16544
7542
10196
10302
3712
5301
14869
11102
2643
2028
9282
2764
4783
6127
17550
1037
7839
6850
4306
12772
6563
2824
17281
8603
2561
13671
192
12891
5870
9250
17529
10967
17151
5600
6989
1492
13238
3149
7326
8542
2649
4522
2153
14982
17205
14419
4602
14573
8798
5647
9797
8752
2284
3997
4382
2990
12494
3436
1414
250
13710
16006
1532
1257
9701
13583
6467
7194
17153
9813
10944
3551
17538
11337
11626
1348
14860
10937
4757
16728
16109
8696
2443
9730
14448
5078
357
440
15783
12854
10104
5012
17494
17475
18965
18593
17334
19319
16955
17962
17843
16878
17358
18894
17190
18906
17803
16977
17068
17717
17143
18648
17408
17645
18770
18877
18435
17618
18694
18481
19497
19274
16473
17903
20478
18554
17531
19902
17222
18895
16385
17448
17803
16385
19207
17497
19454
17180
16940
20478
18949
17933
17058
17965
19726
17178
18913
18593
19244
19867
18297
20478
19927
19110
18578
17690
19806
18604
19614
16434
20478
20418
18153
17287
20009
19303
17067
18741
17775
20478
19265
19667
20478
18667
18134
20337
17141
19947
19695
16725
18585
18233
17362
19396
19780
17113
16735
18311
18262
19064
20478
18674
17076
18481
18737
17795
19485
18701
20478
20478
17444
20169
18593
17007
20478
20008
18052
20375
17960
17963
17104
17537
19191
19723
18404
20141
19222
16385
18097
20478
19147
18007
19922
19902
18044
16385
16949
17582
18439
18705
19802
17951
19482
16385
18047
18956
18104
19547
16861
20478
17821
17114
18978
17355
18934
17457
16924
16385
20373
17896
20478
17811
17239
18706
17187
19795
18386
19817
16783
18537
19043
18636
20478
16385
16385
19538
18314
19674
17921
18539
19663
18002
18885
18086
18295
17011
19663
20216
17841
18011
17863
19688
17957
16385
18696
17666
19867
17392
17967
17717
18444
17455
20478
17534
18114
17950
16385
18735
18426
18747
17827
17024
16479
19203
19263
19606
17559
17809
20478
18680
20194
18556
16385
18430
18939
17161
19198
20159
16385
18939
19157
19422
16385
16496
19286
19588
17502
16598
17199
19038
16495
19238
20478
20478
19710
16385
17774
19129
16829
19392
19514
16385
17347
17255
19247
18012
18242
16385
16425
19458
19982
18523
20384
16898
18835
17856
17469
16869
18028
16914
17687
19614
17541
16385
18065
20239
17702
20478
20302
17148
20178
18082
17781
17556
18703
19292
20478
16593
19905
20478
19737
19148
17132
16385
17392
17764
18411
19296
19051
16385
19829
19849
17871
17612
18582
16385
18949
18796
17913
19382
16875
19774
19432
20012
17244
18580
17979
19785
18283
20209
20478
16496
19194
16761
18731
19387
18215
19114
17975
16385
18679
19119
18905
16962
20126
18458
18380
18936
19017
18383
16995
19500
17671
20207
19007
16385
18260
19365
19856
17528
18696
19310
18902
17047
16385
18237
19356
19984
19895
18830
18069
17473
18539
17789
18412
18781
17467
17774
17694
19116
20478
20055
18110
20478
17114
18061
17268
19765
16835
18683
17284
20083
17967
18988
18116
17365
19834
17408
17907
19716
20478
19269
19296
19511
18386
19987
20478
19284
18033
19707
18056
20478
19015
16385
20478
19815
16594
19847
17960
18403
20395
19560
16520
19783
20068
18455
18440
17233
19269
17326
18260
18396
16801
18980
19365
20362
20478
17935
18177
19087
17607
19408
19996
19148
17139
18355
18587
19452
18883
17668
18723
19058
18372
16385
20478
19649
19102
20478
20396
18129
17830
18061
20320
16385
20111
18927
19586
17245
19407
18547
19976
17985
20478
18151
19064
17811
20034
20478
19790
18696
17566
17772
18457
16385
19512
19362
16757
16385
20478
20478
16498
17796
19855
16872
20132
18592
17159
18106
20478
19432
20125
18388
16385
16550
17826
17356
18723
16385
18578
18351
18901
16385
18967
19649
18636
17597
19253
19560
17786
16385
16726
17364
18062
17803
16385
20414
17470
17796
17781
17634
18803
17220
20478
18047
16721
19045
17427
16385
16838
18520
18838
19960
19225
19011
18096
19837
17438
18920
18760
16605
20445
19331
19541
17328
17989
19452
16711
18961
19303
18715
17012
19100
17638
17521
18787
18175
18212
18421
16950
16385
17940
18024
19309
17043
16385
18552
17596
18118
16820
16694
16385
18197
17460
17659
16855
18556
19761
18739
17282
19278
18449
17470
19760
19012
17661
18593
19165
18652
18612
20478
18448
19682
17819
19643
19929
19980
20478
17666
19343
18584
18855
18966
18645
18057
20478
18329
16860
17657
17642
17944
19377
19283
17373
18758
19346
20250
16467
19420
18525
20349
16814
18838
19836
18503
18539
17586
18311
20478
16728
20106
19520
17599
16916
19958
18567
18916
18980
16643
20478
17824
17020
19041
18698
18652
19805
16385
19775
18101
17455
16730
16385
17982
19657
17457
16965
17646
19557
18576
20478
16802
17652
17633
17902
18007
17374
19254
18862
17076
17194
19497
19374
17446
19839
17438
19323
16385
18678
19655
18921
16385
20478
17291
18039
19678
18109
19441
17556
19765
17669
18129
16704
18760
20325
17966
18067
17110
20478
18310
19256
19244
18112
18727
17084
18509
17912
19741
18345
17237
18255
18668
20478
18735
17360
18098
19166
19240
17798
20478
19606
18103
16921
17941
18086
18365
18205
19663
16385
18281
20228
16395
19925
18913
17131
18621
16659
19195
20140
19767
19148
16875
19429
16852
18113
20478
16552
17832
18705
18713
17302
18659
18029
17069
19098
17531
18060
20260
17099
17422
17556
18131
19237
18780
18701
17014
19148
18481
16385
19691
16724
16385
18741
17096
18201
17295
17902
16951
16385
16880
16385
18161
16385
19965
17697
17055
18057
17716
20012
17626
18937
19723
18493
19372
17902
18237
18090
18047
20478
19518
19892
18720
19194
16947
16588
19411
17129
17626
16385
17673
18882
18285
20402
18635
18354
20478
16385
18960
19839
17176
19907
16711
19381
19892
17962
17976
19271
16549
19653
19489
20478
18435
16982
18450
19796
18353
17593
19700
20478
17968
18773
17518
18002
18329
17674
17129
18461
19742
20138
16591
18909
18994
17842
18156
18894
18110
18230
16736
19361
19236
18174
19295
16385
19809
16385
19941
20360
19788
20478
17115
18042
19118
16423
19729
19479
16720
16852
16411
18692
20478
20248
16864
19212
16385
19982
17732
18560
18164
17742
19213
19393
19091
18056
18822
17622
19143
18827
18174
17735
20478
18452
18548
18556
19847
17313
18673
18313
17048
18283
17794
20368
18447
16385
18883
20441
18365
16698
19885
17825
20478
16444
19191
18194
17462
16385
19851
19512
19483
20478
18759
20478
20126
19241
19744
20177
17261
19704
19272
18394
17911
18204
19499
17661
18850
17014
16385
19560
19531
19178
16385
17101
17985
19484
18307
20474
19048
19488
16689
19260
19815
17050
16730
16847
18174
18651
16874
16385
18120
17308
18671
16729
20478
18237
19234
17791
19276
16385
19100
18399
19142
18334
17943
19059
18067
16688
17463
18735
18228
17710
17034
19116
19625
19543
17935
19967
18373
19398
19748
17411
18853
19716
20145
19346
18305
16385
16385
16691
16385
19536
16579
18504
18706
18773
19143
19569
19703
17266
19361
18348
20478
16882
17894
19177
18044
17164
17780
18057
19089
17979
20374
19643
19227
19445
20478
20478
18918
16820
19630
18360
18237
16385
17851
18716
17428
20184
19668
17865
17964
17759
16955
16462
17435
19951
18207
17919
17973
19107
19118
18110
17533
19041
20227
18095
16467
20478
17844
19120
20478
18793
19993
17235
19674
16954
19006
18446
19313
18799
19148
18452
16739
18129
20478
18252
16385
17578
18325
18085
18598
18630
17735
16922
18043
18200
18892
18956
18499
18364
20478
17464
19973
17303
18494
19110
20478
20478
18828
19614
20478
20478
17873
18395
16742
18947
20339
18355
17184
19538
18678
18017
18609
19477
20478
20120
16896
20478
17775
18468
19324
18787
18797
18456
17229
18135
17863
20162
19811
19643
18275
16385
19396
17319
20478
17823
19719
17656
18911
17328
18741
18571
18491
16821
17705
16385
18159
16385
18666
19963
18782
16385
17849
19060
19141
19746
16600
18123
18050
20301
19071
18370
19883
18530
19670
18062
20295
18819
17900
19225
18857
20096
19752
18591
19013
18213
17360
16385
19280
19264
16385
18269
18701
19486
20478
16385
19212
18645
17559
18207
18942
18206
18338
16994
18361
18318
19277
19060
17519
18130
16385
18511
16563
16762
20255
19758
17747
17973
18456
19541
17449
17857
18598
19216
19189
18855
18665
17912
18589
16759
19733
18413
16385
17864
17978
16385
19238
18107
18371
16385
17901
17721
16385
18109
18078
18776
20100
19417
20478
20478
19148
20478
17506
18839
20187
18974
19075
18223
18825
19611
19691
19219
16385
18493
17160
16385
18177
19559
18496
20478
20239
20054
18721
19165
19339
18559
17950
17458
20478
17607
19596
18002
16385
19160
18039
19005
17968
19447
16385
18152
16570
19006
20132
16941
19761
18578
18481
16385
17017
19312
18086
16655
18979
18829
19411
16625
17131
18635
17340
19935
16385
18714
20209
20478
16385
19970
16934
16787
18077
19910
19582
18937
18369
19072
16769
17361
18298
16991
19091
18368
18716
16866
17506
16385
18011
18246
17876
18300
18972
20478
18749
17307
17825
17215
19187
18942
16494
18642
18370
17601
18899
17571
17862
20478
18545
19561
18574
17801
19268
18254
16669
18688
19992
17152
18328
19820
18698
18121
20478
19383
18856
19215
18633
18157
18376
17552
16882
20478
18736
17735
20138
18728
20478
18782
17360
17336
17430
19427
19582
17001
17260
18479
18880
16385
19554
16891
20478
18310
16819
16385
19478
17593
19132
19350
17112
18385
20478
16385
17777
18338
16508
18601
19378
19578
16780
16385
19516
20478
18842
19310
20196
16699
17642
19640
18963
18442
18892
18033
19647
20478
17465
18487
16385
18459
20478
16601
20478
17992
16488
19414
17395
20418
20478
19455
16385
18824
20071
20164
18734
20478
16431
19638
19887
16772
18290
17807
16515
17624
18595
18255
19635
19496
17820
18699
17755
18601
17343
17898
20478
18240
18669
19442
18105
17106
17612
17895
16889
18068
17297
17531
17971
18170
18657
17673
19582
18835
18415
18830
17279
18851
17903
18059
19102
18806
19713
19638
17424
20257
18040
20435
20286
18126
17681
18662
17862
19006
17147
18398
18022
18956
17833
17739
18122
18102
17902
17274
20478
18639
16385
19292
20478
19782
16385
16385
18978
20478
17051
16481
20478
17059
18274
20292
19635
18277
18035
17581
19500
18227
18754
18118
17862
20478
18060
19494
18216
17725
18818
19559
17412
19613
18160
16385
16385
16385
19424
18389
19374
17278
20150
18798
19875
17192
16385
16385
18941
20478
19578
16385
20457
19077
18448
17932
17989
19809
18988
17139
17381
18377
17020
17750
18138
18008
19299
18182
18141
17326
17460
18965
18129
17529
18091
18930
17673
19223
17724
18383
18217
20478
19464
18402
20478
19367
19203
19535
17757
17437
18625
19997
18999
19541
16385
16385
19721
17943
16761
16836
19976
18308
17167
17189
19366
19108
16385
20321
19379
18446
19341
17486
18906
17619
19357
18034
19625
17302
17389
18274
16385
19338
18970
17730
18678
17070
16544
16385
18714
16385
17750
18068
18151
19372
19814
18340
18229
19148
18103
18825
17749
18388
17031
20478
19061
18888
20361
17372
20478
20131
17810
19972
18216
19072
18567
18783
16385
16385
19569
18126
20110
16596
20470
18796
20478
17611
19392
19597
18344
18518
18343
17008
18226
18757
18379
16913
20478
20478
20050
17747
19569
16672
18276
16940
16385
19378
19041
18171
17336
18410
17463
17747
16385
17073
20068
18871
19883
16552
18780
17949
16494
18279
18735
16915
19476
19061
17998
18034
19179
16385
19834
17165
17592
20478
17180
18806
17913
16385
16385
18779
19080
18878
17538
16695
20332
19817
20478
19789
18248
18538
17238
18120
16900
18957
17514
17536
17747
19615
16964
20478
20478
18896
17487
17066
20478
17944
18395
17932
18852
19798
18712
19957
17050
18005
19433
19992
16385
17998
17838
18803
18060
16385
18439
18560
17588
19039
17476
19456
16936
19999
16385
19581
20039
18010
19214
18378
17382
17968
19874
19049
16385
17528
16385
17710
20272
18409
18593
19510
18324
18215
17558
19846
19180
18188
16595
20478
18181
17236
17439
19775
17610
17933
17921
20070
17941
18837
19310
20478
16385
17672
17571
16385
17435
19225
18080
19713
19975
19658
17215
19144
16670
18499
17517
17858
17497
18851
19847
19913
16878
20068
19595
17550
18994
18878
17366
17763
18021
16627
20195
19638
18364
17315
20219
18760
19548
19294
17872
20478
16385
17494
17918
18471
17933
18441
16908
19882
17955
16385
18177
19799
19335
20178
17534
19543
18994
18402
17700
19252
18970
18208
17306
16698
18156
19151
19305
19955
19623
19884
18874
18412
18206
19053
18050
19055
19756
18850
16568
18848
16385
19843
18088
18010
17238
18959
16385
18656
19228
18178
18961
18400
19543
18309
18200
18006
18298
19913
19315
16567
20088
18763
16385
16385
16840
18842
20032
16385
19527
20427
17413
19454
19562
19368
20478
17782
17257
16385
19354
20016
17735
17585
18252
20087
16385
18119
19538
18145
20478
18828
19232
19055
18030
18071
20478
17220
19286
19075
17379
17273
16561
19572
18592
17567
17548
18543
16385
16762
18510
19278
17477
20026
16936
18924
19313
19525
16840
19585
16914
20478
18938
19863
17851
18531
19004
20093
16385
19830
17467
18705
20056
16385
18194
16473
18169
17507
18691
17513
17606
20145
19397
19501
19590
18650
18900
17044
19075
20478
20096
18495
16385
17017
17634
17739
20014
18475
17422
19130
16385
20389
16385
16385
18295
18596
17860
19744
18721
16385
18970
16920
18873
18324
20478
20478
17498
16385
17915
19261
17244
18267
19194
19240
17523
17600
17438
20478
18177
19999
19152
18394
18556
17398
19846
18967
19352
18198
19602
19052
16683
18300
19632
18970
17716
16850
19916
19493
16385
17541
19518
16741
17097
19443
16727
19968
18457
20105
19027
18132
19215
16596
17544
18807
20212
18872
16832
16385
18635
19178
19799
19327
16719
18196
16858
18027
20424
18029
17787
18789
17916
18367
16385
16385
17639
19776
17379
17022
17857
20314
16876
19909
19025
19255
17746
16394
18271
18054
17006
16968
18310
18250
19436
19374
19334
19659
18589
17928
16766
16385
20478
18671
16385
16385
17390
17491
18012
18934
19041
19994
20348
19153
17307
20192
20478
18854
20456
16609
20045
16748
17037
19428
20478
18411
18570
16385
19347
20141
18244
18880
17715
17582
17373
17503
19555
16525
20209
18592
20113
20060
18892
20358
19928
16385
18791
17872
18809
16798
16550
16762
19343
19459
18532
16977
19344
19753
17521
18718
19639
19165
18156
16900
18380
18170
19324
18837
17216
19210
19626
17849
20478
19377
20127
20478
16385
18617
19968
20441
20478
19818
16714
18352
16385
17968
16385
17961
18757
18816
19321
18849
18400
16385
18546
16385
19435
18012
17563
19406
17308
16432
18012
18057
20478
17924
17434
19375
17112
17529
18281
17419
16385
19712
18420
18746
20196
16385
20478
19337
19818
19860
19311
18170
18376
17642
16385
18676
19242
17255
20478
19461
18169
17448
18467
17419
17767
20478
17841
16385
16542
19020
18964
17813
18981
19428
19972
17854
18876
17208
16918
16493
20478
20478
18729
19959
18225
20478
20478
20196
19329
17614
17207
17822
19502
17148
19212
20478
18251
18466
18863
19434
18696
20083
20478
19006
19324
19573
16851
17364
19476
17646
17842
16635
19397
17608
19729
17625
18295
17868
19655
17978
18321
18981
19697
18554
19256
16385
17999
18117
17285
19531
16853
17822
18589
17579
20229
19159
20478
19313
17104
19533
18147
19525
17295
20478
19956
19150
20460
19449
17845
18111
19374
19794
17057
18099
16677
20449
18386
18066
17907
17360
19787
16703
18071
20478
18865
17805
20075
18655
20170
18775
17153
17168
19032
16385
18916
19767
18628
20478
17729
16728
19058
19790
18730
18082
17614
18640
20478
17716
17946
18854
16385
18437
18934
16686
19125
18994
18279
19740
18766
16385
17270
18634
16821
18656
16385
19669
18495
17847
17306
20478
18748
19046
19519
17564
19514
20212
20165
20274
18102
18455
18587
19383
17139
19484
20478
17693
17713
18590
20202
18215
20067
18091
17436
18909
20478
18973
19148
17269
17333
17870
17668
18799
19174
20440
16629
16385
16547
17712
19853
18488
17127
17515
17195
19209
16652
18892
16979
17584
20478
18049
17906
18975
19209
16385
20478
16385
17284
20478
17405
17870
17481
16928
20478
17043
17222
17788
18297
18385
17270
17439
19210
18896
17768
19371
16385
20478
20421
18974
18288
17823
18719
18230
16615
18943
19965
17733
20478
17673
18598
17443
19396
18365
20117
16385
16850
16608
17445
19535
18701
17341
19573
18873
20008
20478
17147
16932
16385
18755
18538
17372
18164
18126
16385
16385
16385
19244
20478
16977
17444
18344
18279
20478
18217
20002
19694
19870
18776
20172
17608
19062
16799
18565
19421
18869
17514
17165
20478
18613
17048
18022
16597
16385
17001
18298
16385
18370
18526
19516
19101
17380
19581
17433
19524
19635
20478
16599
18686
16385
18862
19224
18269
18513
16385
18113
19215
17829
18746
18198
19533
16709
18564
16385
17545
16385
19664
20295
17507
17134
18866
20229
19469
18161
20478
18393
19047
18722
16385
19474
16496
19822
18433
18701
19964
16477
20199
16937
18443
17610
18649
19288
18523
18922
18361
16876
16385
18153
19164
19352
16844
16673
20478
20031
19274
16385
20014
18435
16385
17257
19339
19730
19164
19330
17318
17510
17818
17347
18482
20183
18468
19880
17907
20250
19604
19112
18767
16385
19466
18295
18381
18675
18478
17784
17516
19030
17440
19765
17110
18817
16408
18848
17122
17620
19435
17273
17834
20271
17175
17615
17644
16482
18974
17986
20478
16764
20478
18580
18887
18182
18312
17377
16867
18371
17343
18371
20478
17967
18030
18664
18377
18971
18777
20478
16413
16385
18146
16980
19180
20478
18323
16667
18546
19418
17825
18839
19001
17940
17732
18554
16908
18186
19267
16385
17270
17380
17925
19219
20070
18611
20017
17485
18665
18264
18107
18357
17304
16385
19390
17656
20119
17957
18498
17478
19687
18717
17224
17795
17266
18964
18087
17642
18360
17792
18221
17640
19235
16385
19779
18850
17338
19068
16785
17944
17503
18568
17612
17212
19993
16489
17743
18535
19456
18017
16385
18133
17093
17847
20247
20178
17384
18516
17996
17009
16385
19454
19656
16385
17203
19621
18384
16385
17938
18086
20403
17035
19302
19879
18368
19523
18781
16707
17931
18556
17628
18612
16385
18835
18074
19609
20358
16614
18889
20478
19179
18233
17894
18713
20478
18500
16385
17683
19930
16385
19973
17733
20063
16903
17925
20478
18466
19380
18310
18007
18823
17975
19558
17201
16699
18431
20014
19139
18957
18139
20012
17837
20478
18452
17708
17567
20091
18560
18540
18898
18747
16385
18737
17982
19317
18580
18344
17739
16736
18493
18970
20478
17169
16712
16527
17534
18331
16385
17931
19431
20086
17575
19167
18075
20152
18359
18055
19018
16726
18079
19095
18944
18493
18421
17086
20183
19191
16667
18911
16385
18275
20478
19450
19513
17907
18553
18193
17677
17092
16685
20478
18625
17327
18555
16385
19168
18288
17222
19939
19796
19013
17538
19182
19712
18441
16732
17131
18501
17611
19229
16407
19002
19109
16532
17996
19034
20478
17928
17562
18957
17296
19139
19254
20478
18575
20478
19681
18121
18566
17915
19265
17804
16385
17136
16412
19177
16419
19055
17960
16385
19566
19124
19526
17758
18417
16936
19749
17232
18344
18268
18645
19741
16470
18595
18175
17756
17790
18869
16655
20478
20135
20478
18903
20144
18242
17980
18603
16385
18676
17746
20478
17168
19269
19556
20208
20478
18502
20478
17967
17998
20415
17518
16385
16385
17645
17916
17595
18936
18501
16554
20246
17968
16807
20018
20278
19022
16389
20478
18407
17471
19515
17988
20478
16385
18032
18988
17999
20160
19723
17112
16812
17091
17074
20252
18133
18681
19719
16537
17870
16954
17275
18525
16766
16919
17712
19619
19460
19108
16859
16385
16385
18327
19057
19874
17953
19979
18133
19478
19344
16385
18804
18967
17870
18191
18152
18378
17951
17630
18554
20272
18886
17304
20478
19010
16385
17621
19007
19716
20478
17791
19707
17927
16385
18515
16922
17893
19823
17512
17041
17396
16952
16385
17985
18498
19456
19620
17991
18378
17801
17728
18528
19605
18447
17715
18858
19087
18172
17833
17708
18629
18358
17351
18588
19626
17535
17895
16385
19127
16385
18734
19233
18684
20478
20166
16560
18371
16385
17899
18432
18909
18085
19037
19747
19295
20169
18999
20377
19038
17736
17594
20060
16632
18233
19058
18553
17838
16385
17464
19474
18974
19780
18492
19499
18939
17558
18126
18618
19500
17835
18696
18158
16385
19072
20231
18831
17460
18214
20162
17237
18164
17478
17490
19898
19344
18972
17915
18930
18469
19132
16385
18345
20006
18709
16385
20478
16385
19585
16771
18783
18957
17021
18610
18639
16385
18975
16596
16385
18726
16541
19018
18417
16906
16385
19333
17244
18930
19905
18309
16385
18527
20432
18483
20451
18011
17222
18079
19377
18248
19373
19622
17624
20478
17620
19672
16385
18237
17970
16385
19924
18610
18497
18671
18106
19013
20478
19267
19213
18360
19564
20478
18482
18457
16461
20300
16903
17955
19106
17525
17949
17549
18309
19041
17558
17747
19928
17902
19380
19277
16953
18872
20478
18461
17785
17180
17291
17909
17346
19702
18774
18909
17837
19419
18797
18418
18271
19355
17790
20478
18628
18704
18305
20274
16819
17659
16929
19636
16964
20478
16648
18400
19707
20348
18915
17164
17216
19188
16551
16628
18851
17125
18717
18905
18120
19561
17687
18660
18095
19809
20043
17586
19164
18672
19523
18803
18113
16786
16449
16488
17868
19286
16985
17648
17093
17515
18065
18099
19233
20408
16385
17116
19720
19558
18201
18504
19360
20119
19104
18819
17909
18101
17729
17261
17918
20478
16837
18984
16385
19450
18860
19080
17922
18085
18205
18579
18697
17162
20478
18790
19385
19618
20350
18583
18173
18556
19137
18501
18588
18632
17859
16385
16385
18736
19041
19421
17092
16916
16797
18933
17783
18239
17642
17851
17294
19274
20478
19446
18720
19926
18330
18719
20478
17526
17173
18347
18257
18655
18173
19256
19958
17914
18409
20085
20478
18406
17490
19034
19975
17225
17074
16520
16693
19075
18378
18585
17585
17329
16905
19385
16905
18847
19034
17916
18049
18326
18051
19146
17233
18086
19028
17774
18404
16394
19396
18502
19552
17759
17717
17040
20478
19335
19577
17241
20107
19093
18893
19151
18490
18866
18640
18343
18078
18849
16880
19752
19148
18213
18494
19859
18999
19881
19737
19621
19119
17777
18915
17384
17783
20459
19181
20053
19618
19039
17454
20478
20144
16568
17035
19352
17841
19341
18626
18015
17346
20478
16504
17997
18520
20478
18445
17375
18997
18543
20916
6252
26094
3216
13756
20130
172
14197
22945
8969
25848
25630
11914
21242
22898
3567
13004
23112
17597
4988
11005
14610
10872
10091
24109
17353
7066
8328
13173
4057
9834
7270
4436
15014
5965
15684
23119
18381
3208
25228
5867
21767
5730
609
25180
20473
23538
5700
24787
8573
567
20942
12002
17158
26085
7334
23210
1172
18203
13219
20776
21023
26549
21159
23972
5218
880
23358
18459
17266
5265
7273
988
17327
707
2659
1636
20187
7448
22910
18525
11175
25563
12590
20359
16748
4648
19160
24944
17269
2359
8746
16882
18697
3767
22198
22235
7232
20899
19708
8649
12191
10943
11071
24646
4465
6336
16954
10881
6661
20109
11664
7687
1669
8229
3932
24948
700
10110
1575
128
1741
6560
20496
26435
5158
16018
19955
24595
17311
14973
12966
14085
3010
15044
2021
7587
11129
2183
16587
16445
9729
16303
5553
15902
23625
5585
4236
10232
9748
23947
13947
13853
3434
16957
26216
18987
11161
13674
567
2360
8554
26481
968
2841
2433
4130
2694
11822
12069
3138
11104
2038
10886
21704
25448
20672
3321
26422
17424
10198
3128
12923
12110
23116
3411
6462
8833
2698
22404
23957
235
21241
14496
21414
2394
22257
18256
5462
10231
9856
9480
14637
24312
4063
15669
3943
18057
531
22512
26104
15858
21206
26110
8368
19640
13997
2884
10741
19771
26162
12975
7475
6903
16621
7162
22631
3029
2941
20178
25413
24285
1376
14420
25343
21088
8147
5602
20804
12069
856
3387
10414
15985
13471
5718
909
13943
13112
9205
9634
13638
19683
21995
19235
7963
22629
17330
4431
805
24890
19702
18001
14491
22903
4664
828
9739
3511
5935
23242
18813
26612
15307
4629
2801
18954
18632
21083
9110
12020
14422
13903
17680
23543
20481
24784
12908
22169
20110
8728
20785
15031
8194
24620
23928
19757
13528
3261
21084
9295
24630
10611
7573
4640
5901
16787
11972
7677
2833
20530
14601
14275
20889
13286
6087
8065
17335
6789
8141
17347
7137
19126
22647
14719
8327
15947
20053
6702
21752
3384
18275
7169
5012
8865
18783
10457
21699
12278
11120
8522
515
19347
26593
7532
7606
14274
10353
4677
3034
13874
18644
26519
8866
10258
6914
16030
15028
6013
8261
17929
7610
13852
10172
20397
26305
4156
19845
2857
20916
23334
17438
20781
5479
12650
16362
24987
6269
12938
20714
13255
530
24236
771
24836
28400
28391
25354
28203
26429
28670
27047
25497
26656
28670
25726
27472
24577
25788
25420
28670
25436
25169
25863
26794
26214
27029
26714
26148
27164
26525
26898
26830
27352
26028
26399
27341
25276
25864
28575
25259
26741
26615
26941
26743
25806
26507
26725
25671
26574
24577
26104
26419
26116
28055
25476
26009
28180
25832
26314
27109
27416
24577
26862
26212
26333
28670
28670
26851
27346
26628
28670
25702
26361
25504
27326
25688
28458
27160
28291
26190
28670
24835
25321
25545
28266
27782
25885
28670
27295
25569
27139
28051
27526
24714
28387
24934
27271
26687
25334
26529
26038
28609
26151
28670
25882
24577
27074
25691
27934
24810
26984
27753
25922
26031
27100
28320
28670
27588
28670
25117
25070
27454
28057
27858
25204
25271
25765
28484
24577
26088
26614
24878
26855
28670
26308
27459
27825
27963
26951
27990
28576
24577
27066
28399
28670
26824
27779
27453
27232
25139
27990
27622
27109
24620
24577
25595
27751
25789
27512
24963
26873
24577
24577
24577
25404
25250
24775
26976
24838
27850
25261
26180
26755
26254
26336
27148
28442
25423
25009
28274
26084
28670
27271
26612
26007
26046
25439
25343
27458
25611
24577
27166
28489
27805
28670
25145
26315
25995
28009
27003
26877
26593
24883
26223
28670
24577
24577
27546
28670
27559
26871
27658
25939
26997
26695
27429
25271
25812
24877
25603
25095
27322
24770
26322
26873
26921
28670
26428
28243
28670
28143
27418
26254
26318
27324
26866
25535
26539
25811
27802
27421
25473
26858
27495
25854
27119
26289
25858
26712
27797
26775
27499
25398
25821
26878
25186
28109
26623
26735
26251
28670
26778
26048
28017
25468
25956
27302
27308
27284
27304
27891
27447
25316
25325
25650
24577
28670
25428
25584
27457
27619
27652
26775
25871
26576
25405
27307
24840
26454
26050
28172
26436
24719
27279
27727
24895
25579
25442
28670
28670
26887
25705
26188
27441
27222
28670
26426
25141
26953
27874
25026
28511
25146
25780
27142
27797
26805
26174
26567
28670
25704
26049
25291
24577
26731
25804
26426
28670
27337
28670
25195
28385
27542
27755
24974
26914
27590
26721
26732
25716
26756
28317
27508
27632
28021
27104
27644
27019
27066
24964
25853
25221
25472
25815
26929
26317
26272
27095
27305
28194
26356
25320
27313
26681
28670
28670
24831
25852
27670
26146
25745
28508
28179
24577
27466
25297
25773
25469
26343
25787
27167
25229
26444
24577
24577
24577
25649
24577
26444
26836
25384
27577
28670
28036
25435
27890
24756
25070
27455
25988
27416
26715
28670
27507
27579
26834
27722
26095
26334
26727
26298
26217
25314
28095
26001
25528
24577
26823
24577
27766
25635
28534
24577
25775
26651
28670
25052
24577
27110
26548
24577
28380
26344
26453
26533
26354
27847
26520
26309
27000
28174
26221
25243
27796
27470
26365
27943
28669
26982
26687
25362
27747
26792
26571
27223
25662
27066
27427
28670
24879
28670
24577
26865
26326
26938
27482
27693
27568
24865
27682
28670
25750
28259
26705
26243
26448
27429
28670
28670
25651
24577
24577
26850
28670
25648
25981
25744
27733
27814
25238
26061
25630
25527
26014
26968
27871
27283
27820
25692
27442
24577
27945
27194
24577
26060
27969
25962
25827
27052
27855
26155
28366
27443
28670
28670
26932
24577
26892
24577
27066
28670
27487
28375
27150
24711
26891
26322
25948
24577
27588
24966
26323
26787
24899
28362
27904
24949
27727
26248
25406
27397
25438
24832
26713
27508
28670
27258
27436
26035
25132
26224
25302
28670
27870
24577
25033
24577
26663
26270
27531
28078
26420
26149
27709
24584
28670
26328
28338
26877
27984
26472
28670
26913
28341
27633
28670
28670
25041
26118
28417
27131
26528
25438
26878
25565
27936
25239
27723
26652
26602
26932
26314
25396
28486
27510
27843
25921
24577
27785
24577
24698
27380
28015
25671
24577
25988
24999
26091
25990
25307
24769
27677
26543
27431
26242
26219
27877
26414
26405
25690
26152
28284
26730
26987
25505
26622
26000
24577
26789
24577
24641
28012
28134
25538
26855
27684
25370
24702
25511
26429
25956
24577
27082
27223
25403
27618
26272
26591
26914
26470
27896
28389
27411
28155
26385
28670
24877
25839
26655
26556
26173
27311
25961
26653
27504
28662
26855
25707
27419
25165
27677
27129
27935
26410
25436
26730
26831
28670
25757
27203
28313
28670
28540
28670
26002
26570
26596
25583
28670
28670
27756
26898
27508
26972
25589
26640
28057
26946
25588
25077
27429
27583
26135
27419
25190
26337
25459
27193
25750
26526
26599
25535
28242
28369
28101
25780
25947
27680
27491
26157
26382
27064
25865
28489
28670
25739
25066
26686
26841
27369
26101
28439
25637
25954
25346
26890
27410
28293
24897
28205
25094
26752
28064
25853
27854
27766
26051
25985
26238
26364
26673
25078
26013
27655
24914
25589
27646
25796
28545
28670
27143
28421
26348
26403
26223
26990
26423
25552
24891
25231
27204
24807
26841
26803
26505
27590
25272
26209
24918
26331
25874
28169
25776
27590
25991
27137
28670
27356
26881
27350
27255
27947
28670
27647
26809
25648
25538
26760
26971
26573
27062
26920
24577
27427
27142
27992
25886
26207
28490
25755
26469
26541
24689
28220
25094
27819
26989
27666
28453
27801
25968
27027
28670
26565
27026
27853
26835
26194
27275
28122
26691
28670
28318
25723
25923
25297
26610
27371
27197
28528
26304
25675
27061
28297
3703
13006
15120
25441
16659
3838
7682
22310
22266
916
9468
20053
9839
2417
11278
13023
14572
7346
7934
1771
3092
12341
14846
5837
6094
5471
7823
5099
26261
21400
8283
954
2833
5416
13898
21401
24327
6175
16584
12511
12986
10939
3107
20746
6204
11677
18567
6245
103
18954
15680
19113
25264
26204
542
13844
806
10151
25767
2221
26359
24314
25733
11371
23963
797
19098
86
2279
11687
6571
10327
9637
23339
8828
20535
18768
6541
10040
22665
9868
12479
9751
18454
8833
21801
7742
18259
25852
21359
276
23597
25511

