16670
18482
18753
19386
16823
17648
19499
17922
17513
19252
18874
19233
16385
19327
18802
17935
17669
20182
18176
19834
19836
17679
19568
18597
19793
18141
17826
18824
18299
18613
18540
18335
17100
19307
18185
17472
19644
18507
18805
19157
19565
20376
18852
18101
17813
18846
18336
18000
18170
18794
19438
18290
18560
19676
18591
19477
18489
18291
19057
19540
18006
20478
17074
17675
18501
18371
18255
17583
19727
18666
19175
18591
18107
17659
16879
17368
17087
18421
18736
19522
19642
19565
18676
18746
19000
16546
17836
19001
18601
18183
18113
17998
17162
18532
18369
18603
19561
18265
17425
18290
17299
16990
19804
17648
19439
18116
17113
16385
19163
17579
19300
19140
18160
18616
17684
17593
18784
18276
17644
18512
17446
18225
19832
17754
18067
17078
19465
19403
17117
18620
19516
18759
20036
16871
19815
18184
18793
18447
17093
19465
18208
18945
19089
17210
18280
19506
17245
18375
19069
18591
17295
17886
18679
17770
19980
18988
18551
18942
18606
16385
20193
17880
18338
17492
17764
16849
19097
19065
17925
19202
17084
17717
17787
16984
18781
19924
19205
19408
19960
17655
20409
17231
18075
18801
18146
17728
17921
18889
18208
18021
17758
18338
18410
18183
16874
19234
17468
18272
19028
18347
20085
19562
20478
18678
17672
18645
19066
19057
18352
17711
19877
18965
18751
16918
19671
18756
18928
18823
17980
18846
19996
20086
16566
18295
17507
17805
18976
17805
18306
17072
17950
20478
18725
19409
19289
17961
19101
19286
18349
18201
16385
18714
20079
17217
17795
20343
18125
19117
19197
18515
17588
20073
17894
19298
17960
19055
18881
19395
18361
18882
17871
20344
16541
18047
18213
18496
17457
17768
19519
18281
19055
19334
19586
18694
18462
19643
17960
17558
18385
18482
18324
17855
19314
19204
19021
19220
18091
18442
20350
18409
17955
19051
16976
20004
18507
17669
17206
18734
16526
18283
17961
18470
18253
17600
20006
18376
18013
18935
20003
19187
18554
17868
20036
17580
18862
18234
16506
19099
18168
18574
19717
16709
19106
18366
18761
20169
18134
17808
18946
18711
17883
17846
19310
16646
16458
16688
17054
20066
17500
19775
19965
18826
17151
18346
19371
18277
18637
18057
17835
18726
18389
18254
17967
18510
18146
17085
20478
20312
16878
16877
17468
17872
17668
16746
19846
19391
17362
19022
17974
17570
20478
17219
19561
18559
18019
18281
19238
16994
19218
18468
17601
19825
18733
18899
18813
18060
18481
17765
19273
18607
17883
18969
19285
17428
19257
18566
18464
20353
19281
18262
18634
18026
19374
17241
18441
18761
18575
17084
17471
19696
18034
19402
19608
17477
17397
19827
18390
18695
19562
18590
18098
18860
20478
17983
18440
18667
17018
18642
18547
19689
17724
19517
17871
20478
17952
19001
18424
20478
18779
17843
20478
18568
20478
16385
18695
18059
18044
16973
17855
17997
18348
17178
18000
17502
16633
17592
17986
19968
20173
18602
19194
18069
19210
19613
19130
17339
17678
20328
17705
18520
18992
17316
18169
17797
17309
19113
18527
17841
18640
19108
18195
18189
19132
18495
18719
17960
17205
17624
18187
19974
18021
19908
18869
18681
18394
19048
17622
17537
18107
16385
17929
20478
17681
18397
18570
20478
17926
17757
17346
18298
16753
17932
20478
17574
19390
18065
19064
17666
18715
19116
19111
17401
17925
18667
17869
18046
17597
19037
18648
17948
20478
19524
17587
18258
18448
19159
19460
18337
16385
17363
18465
17209
20254
19659
16618
17256
16829
17970
18895
18900
19819
17766
16508
18171
18724
20007
16733
17578
18571
18990
19229
17809
17849
19084
18479
17383
16806
17516
19490
17896
17926
17798
17034
18145
16385
18500
18143
17874
16954
19158
19256
18221
19676
19317
19162
18837
16812
18286
17140
18773
17628
19096
19128
19419
17299
18347
18246
17120
19932
18074
20070
17094
17232
18375
18851
17930
20064
19579
18301
18681
18118
18024
18506
18669
17702
19070
19554
18034
16385
19259
18717
18060
17906
18882
18221
19508
18192
19250
19015
17654
19661
17164
17628
17706
19699
18224
18304
17121
16812
19404
16385
17784
16385
19073
18812
17973
18988
18852
18729
19056
18151
18630
18640
17146
17312
19259
18165
17241
18881
16385
17916
16570
17849
19310
17757
18379
19832
17928
17377
19660
19567
17996
18461
19142
17935
18542
19426
19799
19403
16865
17802
20351
17942
18881
18713
17226
19512
16385
17803
18197
19368
16977
18126
18560
19061
18780
18038
16385
18240
16999
19435
16385
18435
16385
20478
19845
18263
18608
18799
19303
17670
17967
19231
18677
17784
20030
19661
18800
18387
17917
20245
18548
18923
18919
19116
17194
17212
17956
18408
18667
17537
19259
17586
19681
18742
16735
19703
19185
18618
18926
17228
18130
18739
18287
16700
19237
18180
18591
17139
18390
18029
18990
20427
17325
18426
17516
17329
19073
17677
19303
18478
17909
16616
18481
18388
20012
17468
19162
18604
19663
17819
18395
18202
18685
19287
17903
17311
19458
17248
17941
18608
18104
18510
20478
19632
17082
17911
19627
17383
17283
19095
19101
18188
18378
17425
17978
16905
17831
18218
18052
17509
18658
17788
18907
18895
19362
18917
18782
18095
18800
19086
18971
17123
18452
19563
19630
17636
18980
19276
17899
17437
18013
20478
18276
18795
19808
18426
17579
18219
16742
16896
19245
18445
18692
17117
16385
18374
19163
17775
20478
17085
17191
19652
18000
16733
18543
19070
18293
19426
18837
17321
18700
17271
17005
17780
18800
19608
16385
19682
17946
18787
20043
18707
17729
17906
18850
17890
17763
18816
16845
18228
18020
16810
16385
17948
18419
19871
17763
18013
18902
16743
19627
18921
16902
17416
19069
19860
17836
17900
18407
19426
17662
18297
17913
20375
18322
17171
19222
18252
19357
18356
18765
18087
16414
17949
18389
19648
19263
18221
16749
16385
17382
17652
16440
17551
18927
19048
19019
18081
18896
18907
17079
19371
17936
19162
18606
20167
19107
20410
17961
17817
18709
20478
19035
17855
17694
19059
17514
18904
17627
19646
17770
17267
18540
19918
18041
18202
20478
18385
19238
18339
18027
17458
18689
20478
19036
18082
16647
17164
18290
17548
19470
17130
18818
19305
19876
17522
17820
18326
17604
17958
17107
18016
17170
17740
18399
17792
20478
19034
18930
18955
18127
19839
17070
17452
18234
17603
19871
18015
18539
20330
16630
19352
18003
18081
18457
17968
18975
17561
19072
17143
18928
18128
18691
17565
17187
19108
18879
18166
17654
17633
18989
17956
18958
18682
16743
18682
19471
19520
18815
18127
18758
18137
17596
18902
18896
16768
18815
18486
19265
18533
19255
18163
16385
16474
18165
18442
17340
17092
20478
16872
18805
19556
18304
18684
18025
18901
19800
16854
17757
18805
19403
19409
18442
18563
16718
18203
20478
19114
20478
18159
18198
17521
17951
17067
20478
18828
17331
18458
17290
18550
18390
17936
17851
19648
18552
19518
18092
18797
18875
17339
18435
18299
20071
16784
16900
18204
19053
17137
19031
19884
17900
19009
19749
18514
20478
18132
20313
18394
19071
18957
19312
19560
17318
18189
17326
20220
17083
17875
17808
20135
17663
18512
17379
20228
18090
18486
17876
19044
17438
18015
20035
20127
19062
17995
17739
18297
19349
18721
18708
18561
17335
16965
19485
18195
18165
18982
19430
17675
17732
17846
16989
18351
18183
19010
18254
18902
17801
17984
18472
19076
16817
18488
17352
18066
19335
19183
19426
18921
18963
20476
20006
18347
16753
19349
20189
17529
18161
17603
19211
17968
17185
18439
19571
17250
16385
18146
18199
20478
16385
16385
19053
17635
19262
19658
17736
18512
18340
18739
16439
18225
17120
18204
19062
18037
18904
19040
17038
17518
18768
17683
17806
17930
19733
17055
18990
18526
18722
17450
19556
18605
19917
17071
18616
19153
19474
18366
19992
20274
16431
18053
19141
17598
17110
19304
18759
16744
16385
19359
18503
19921
18585
16618
18078
19760
17448
17904
19950
18826
18569
18006
16811
18497
17901
17710
17267
19527
19668
17810
18837
18566
17588
16781
18106
18031
18033
19126
18585
19052
18441
20478
18471
18945
20478
19099
19361
17260
18251
17596
17850
18439
17984
18267
18973
16953
18611
19054
17393
17541
18043
17966
19047
18016
19145
16385
18864
18460
19097
19289
17544
17428
17473
18415
19091
18191
19885
19954
18450
19305
19648
18180
17185
17490
19350
17992
18251
17934
18039
17585
20478
18672
19830
17394
19464
16385
17197
20478
18921
19278
17701
19028
18324
18824
20192
18249
17456
18438
16952
18574
18701
16429
18141
18926
19385
16675
18189
17810
19182
18285
17365
19196
20191
19688
17512
18688
19310
17921
19744
17497
19065
18142
19472
17823
17354
17409
18827
18012
17876
17269
18503
16927
19853
18426
17215
18351
18218
18436
19815
19317
20478
18512
17824
17494
18809
17676
16903
17639
17539
16905
17799
18968
18196
17631
18703
18509
18671
19051
18173
18881
19226
19482
18337
20349
19947
19320
17462
16763
18258
19120
17889
18154
19160
17976
20478
17571
17980
16477
19807
19692
17497
17181
18261
16947
19143
17892
19015
18859
18171
17030
18738
19260
16385
18920
18345
17887
19851
19570
19376
17603
18170
19323
17827
18808
17556
20138
19031
20248
16385
18045
17576
18573
18326
18762
17603
19355
18623
18896
17293
17422
18088
18167
18845
18861
18707
17060
18154
18751
18166
17006
17577
18629
19235
18669
18251
18908
16385
17382
18781
16807
20478
17448
18697
17844
16744
17530
17536
18432
18495
18667
17266
19173
18097
16854
19158
17827
17650
18129
20041
17362
17232
18082
17399
17610
20132
19031
19766
18062
17568
16775
18480
17968
18146
18573
18224
17982
18970
18590
18515
18962
19531
18778
18097
18794
18766
18448
18739
18767
17296
19334
17310
17623
20478
19239
17418
17733
17471
18349
16688
19129
16527
19078
17932
18646
19211
17988
19035
16515
18669
19315
18088
18679
18329
19356
19922
18184
19032
17521
19688
18232
16925
18028
18569
17235
18056
18225
17927
20009
17240
17565
18168
17930
19537
19689
16385
17745
18481
17239
17175
17893
17938
18538
18755
19347
19031
18388
18492
18136
18183
18588
19589
18599
18034
18076
19694
18312
18520
16492
17602
19454
16385
17286
17834
18978
18157
18677
17711
19671
20230
19320
18654
19713
19506
18556
19468
18544
18024
17598
19984
16385
18568
18627
18327
20156
18335
19580
18866
18840
19893
18700
18108
18075
19156
18357
18161
18198
16430
18857
16724
19375
17808
18476
18759
19787
19143
19015
18231
19164
18393
19527
17751
19222
19431
17955
19792
17848
17508
18288
19268
18841
20478
19015
18426
19681
19466
19092
18497
18820
19545
17200
17362
19045
19830
18512
18853
16385
18105
18665
19629
19215
18499
20326
18456
19719
18206
17413
19897
19084
19557
16588
18796
17288
17931
20092
17742
20458
18574
18639
17997
17910
18137
18028
17139
17541
17959
19536
18889
18131
18023
19335
18643
20456
18176
18770
18016
18672
18936
19642
18814
18530
17750
17562
16742
18009
18381
19085
18328
18099
18229
19177
18879
17374
19009
18594
18063
18469
16890
19880
16677
18966
16385
19347
18629
20478
18125
20101
17956
19791
19366
16993
18547
18236
16586
18337
17675
19833
17771
19148
18280
17762
19392
19054
18318
19348
19041
16808
19898
17669
18644
17394
17033
17711
17050
17426
16671
19002
18910
18195
17483
18610
17587
20478
19492
19752
3133
2866
4435
2047
3179
1444
2190
2904
853
2611
4425
4573
4741
1645
4313
5660
3336
3724
4098
3083
1065
840
2726
8
3560
5037
814
3650
2018
513
1345
4684
2333
4482
1737
3730
5262
3788
2394
2438
5010
3646
650
413
1665
5217
2448
371
2999
1483
4533
4704
1464
3477
3494
3937
483
5245
2991
1527
1871
2889
3653
4517
2760
1917
1102
5409
4001
1797
2427
2735
4358
1592
622
3902
3512
2413
1855
5122
3955
5811
4087
2536
3376
2635
3082
5339
4597
1160
3409
56
2986
545
2730
4970
3250
5448
2559
2780
5487
277
1654
2509
5578
5090
2279
393
4230
4070
868
393
251
1576
19
597
4524
2154
4506
1642
3437
4614
499
3342
602
5077
5894
1118
5131
4588
1327
4501
2450
2103
5387
4033
2707
5862
828
705
2480
1048
4602
2075
1995
4965
4742
2596
5967
6047
5505
6094
4547
6124
709
3273
1862
482
2523
5534
4036
1111
2072
2769
4431
3079
4610
5561
4869
5071
2911
2477
539
248
3112
5632
4912
5045
5401
4823
4564
676
1690
422
3608
2664
1298
5783
2376
1183
1075
1089
4951
1492
4340
2227
5677
6510
6405
7084
5859
5172
5711
5379
5405
6304
5226
5985
6184
6730
4097
6982
4865
6376
5264
5388
6524
7160
5037
6781
4265
5133
6622
6646
6670
6618
7036
6466
4339
6136
5664
6217
7425
5720
4215
5438
6512
6356
4627
4097
4857
5081
4830
4688
4916
7863
5413
6940
4484
4573
4355
6629
6173
6727
7842
4120
6391
6810
6032
6094
7250
6416
4097
7103
5897
5794
6469
5954
7750
7292
6533
6274
6913
6559
8190
5538
6540
7077
5554
6830
5959
6489
7633
5370
4361
7458
6491
6014
7772
7177
6001
6154
6717
6521
6100
6945
5260
5637
4555
6448
5262
5007
6452
5529
5352
4392
6965
7723
6410
5210
7950
7722
6412
5345
6930
5646
6279
6191
7104
4983
5889
6551
5341
5735
4945
5835
7834
5836
5161
6330
6172
5999
7411
5367
6968
5886
4979
6314
5758
6180
4928
6637
5381
6499
6995
6296
6209
7114
4376
6760
6343
6691
5947
5789
7919
7201
4097
5520
6131
5054
5820
6145
7219
7238
7168
5498
5571
5667
5556
7121
4446
6095
5494
6279
7095
5000
6329
7487
5249
6289
7265
5876
5437
6422
7844
7384
8190
4248
6107
6721
6874
7468
6887
7480
5765
6531
5093
6121
7519
5660
5152
6266
6524
5542
5583
6439
6610
4097
5697
6968
4798
8190
5741
5226
7959
6039
7687
6487
5979
7214
4097
5099
7420
6099
5695
7636
7485
4570
4097
5605
6088
4865
6874
8190
4919
4247
7940
8190
6635
5364
6432
5312
5404
5894
4879
5601
6537
6828
4111
4693
5405
5528
6747
4870
7835
8190
7316
6743
6488
4097
5955
5106
7030
6670
7858
5501
5314
6253
7524
4517
5315
6013
5773
5818
5253
4386
6463
5597
5672
6584
5286
7464
6013
6745
4801
5856
6135
6243
6793
8007
7566
7210
5626
6327
6167
6544
5729
8190
6515
7059
6124
5370
6341
6390
5855
6626
4987
5297
7445
4654
4479
6888
4528
5711
6705
7133
6673
7734
5091
6814
5283
7111
5331
5769
6609
5618
7327
6391
7756
6899
6362
6753
6020
5725
5942
6185
5177
5604
6186
6682
7433
6224
5399
7410
7099
5874
4097
6540
6001
5703
7097
6392
7219
6391
5636
4224
7005
7059
7078
6187
6905
7545
5776
5362
7714
6503
6298
5046
6289
5132
7278
5245
6918
5545
6524
8190
7239
6765
6914
5976
5730
5799
5884
5221
6426
5404
4921
5784
5081
6295
5588
5710
5038
7627
6783
5956
5976
5037
5572
7913
5951
6560
7406
5339
7285
6780
7882
4729
6354
5457
6097
7578
4861
5617
4456
4097
6994
6363
4622
6621
5587
6729
5327
6545
6796
8134
4097
4717
5202
7659
5882
5842
7180
7012
4191
6674
4945
5588
5534
7265
5904
6061
8129
5903
6928
4938
6846
6001
6794
4906
7501
7820
5378
5781
4752
6896
6420
6117
7531
6118
6525
6897
6148
6749
5154
6635
5326
6109
6640
7068
4892
7118
6116
6778
4937
7213
6096
5893
5937
6464
6685
6471
7803
7457
7711
4576
6763
4927
6496
6689
4221
5517
5429
5889
5313
6875
5082
5762
7917
5349
6379
6518
5917
8190
5387
6733
7087
6351
4634
7175
5583
5711
6180
6025
5377
6104
6650
7098
6661
4998
6167
7683
6014
5705
5294
6758
5741
6813
7565
6819
4097
7047
5577
6217
5414
7036
5942
6870
4097
5835
6842
5351
6450
6536
5454
5806
6039
5778
4664
6315
4097
6004
6255
5646
6405
7583
6884
7076
6027
8190
5299
4312
5213
6146
6050
4773
8190
4673
5506
5958
4521
6617
6734
6709
5598
5573
5920
7316
6214
6424
6635
5883
5072
8190
5459
5577
4097
7261
6984
4497
6255
5458
6312
6744
4234
5635
7548
4122
4145
5730
7846
7193
6273
5813
5964
5085
6673
5917
7401
5410
6475
7756
5451
5018
6255
6986
7705
5367
6804
6263
6174
5640
5945
4915
6419
5241
4618
5199
6837
5869
6626
4875
5770
5892
6076
7265
5383
4977
6425
6819
7593
5424
5278
7262
6067
7173
6107
6705
7259
5582
5870
8190
8086
6430
6478
8180
6611
6401
7775
6879
7082
5762
4902
8190
5953
6528
6904
6098
5916
5720
4323
4736
7755
7489
4424
5603
5593
7140
6679
5896
6724
7489
5474
6576
4593
6025
6056
5946
5297
4864
7068
6100
6999
6179
8190
5068
5925
4886
6577
5852
5847
7333
5512
6973
7374
6491
7101
5847
6218
5439
5994
8190
7824
6075
5971
4097
6669
5898
6470
5393
4639
6375
5258
4895
6630
6310
5956
6010
7014
6307
6186
6161
7219
7663
6655
7666
6336
6290
6356
5151
5179
7234
5741
5167
6305
4906
5853
6014
6966
5504
4561
4097
7050
8009
5894
6558
7530
6361
5965
5318
5248
6747
6489
5141
6043
7317
5641
5407
4815
4418
6432
4120
5906
6297
6885
6263
5458
5432
6151
6484
7016
5281
5451
6875
6518
4758
5951
6651
8166
5615
6730
7164
5167
7411
6699
6557
4702
5775
5098
5961
5017
6547
5993
5913
5448
7262
6798
6725
6045
7014
7055
5145
5347
6151
4804
6050
7946
6420
4960
6355
6223
5451
6182
6437
5130
6103
5768
5405
4979
7226
6739
7399
6932
4740
8105
4097
6957
6100
7258
4612
7411
6254
5384
6426
5220
6264
6252
4927
6245
6595
6831
5232
5360
4447
7111
6686
6006
6334
5744
7990
4230
4898
5011
6268
7888
4479
5305
5639
8006
4382
4862
5541
5265
6771
6334
4855
5230
8190
6694
6780
7113
7350
6776
6588
8190
7619
4679
7186
6197
5342
5573
4879
5759
8190
6562
6990
5000
4525
5325
5628
7531
5634
4888
7815
6636
5107
5323
6576
7839
4097
5265
6334
4961
5613
5055
5980
6053
6539
6211
5177
5964
5361
6368
6021
4606
7148
7004
5932
6793
7378
4334
4097
7316
4580
5972
6618
5722
5605
6491
5170
6558
6995
5486
5074
5027
5280
4337
6481
6774
6029
5976
8190
6695
6152
7908
5624
7070
5382
5575
7144
6877
5009
6605
6764
4868
7193
6250
7546
7153
5185
6703
7317
4806
6984
4129
4653
5792
4097
5433
6014
4607
6577
6031
6562
4751
5192
6155
5880
5411
4764
5296
7240
6196
4097
5493
6089
8190
5559
6956
4097
6500
5157
5750
6447
6220
5407
6864
5317
7101
6418
7362
5836
5859
7426
4977
6556
8190
4383
7011
5581
4097
5255
5893
5961
6239
6873
5775
6343
5764
5851
5673
5841
7081
6799
5098
6699
4710
6615
8070
6395
6229
8190
6594
6402
6087
7238
4703
6425
5540
6361
6319
7615
4282
6070
6294
4910
5309
6451
6168
7816
4842
7214
4819
5965
4475
5061
6654
7347
5577
5509
6677
6097
5475
6264
6264
5251
7050
6666
5479
6225
5560
8190
6489
4977
5755
5188
6106
6366
6845
5717
7898
6343
6415
5704
6927
7255
5986
6479
5975
4901
5945
5622
6783
5447
6954
5867
6873
8190
5361
5027
7251
6879
7355
6000
5514
7781
6026
6280
7260
4097
5827
5256
5911
6611
5016
6678
6693
5488
5189
6564
5875
6422
7575
5961
4773
5042
5787
5053
5827
5468
7821
8190
6449
7424
5906
5899
5620
6196
6924
6102
5939
8058
6589
7307
5920
7613
5529
5415
6071
7414
5622
7921
6973
7428
7299
5242
5560
5311
7900
5387
5420
7293
6290
5939
6082
6353
4557
7885
7119
6371
5798
5323
6948
5824
8190
6579
6764
5629
5245
6647
6911
6562
4097
6223
6681
4852
5343
6180
6387
5539
6039
6081
5866
6188
7150
8190
7000
6819
6734
6436
7039
5872
5583
7447
6579
6438
4956
5814
6838
6671
6501
4874
5430
7849
5755
5300
5165
6509
7993
6140
7306
7179
6883
4778
6665
5628
6354
6596
5536
5827
6337
5602
6262
5253
6950
5360
6099
5274
7269
6059
5810
7085
6825
6676
5264
6919
6591
7912
5688
7542
6961
5571
7193
4097
6403
7476
5561
5214
5672
5857
7145
5254
5500
5364
6395
4097
6340
7117
6199
6607
6532
5391
7363
5698
4887
5966
4731
5812
4743
6304
7111
7250
5005
7364
6160
6446
5858
5558
6874
4553
5653
6666
6060
6439
4848
7200
7333
6641
6579
5049
5934
8190
5684
5370
7877
6505
5649
6262
6692
6338
5325
6372
6429
8190
5537
7055
6199
7025
6676
5147
6334
6975
5500
4555
7790
5926
7100
4934
6689
5503
5704
6762
5934
5709
6252
6474
6162
7473
8190
6704
7190
4984
5417
5387
6105
5525
4097
6120
5221
7763
5715
7221
5156
6638
6617
5223
7976
6968
6471
7710
5917
8190
6192
5948
7118
5774
6467
7872
6281
6516
5643
4370
5479
5808
7697
6944
8186
6029
6034
7901
6504
6010
4399
5788
4495
7148
6172
5599
6231
4617
6094
6164
4969
6083
5674
6136
5742
5133
6070
5283
6058
5838
7857
5553
5960
5165
5543
7734
6154
4679
6385
7620
7024
6769
7128
5908
7219
6596
5936
6992
5505
5978
6382
4934
5967
6609
6329
7630
5478
7293
5585
5440
6640
5724
5652
6963
6779
5597
4919
4097
5601
4097
6057
5792
4729
5648
6425
6633
7182
5139
6683
5791
6201
6410
5452
6751
6155
7183
4720
7707
7078
7958
4729
6921
5334
7214
5328
5656
6873
5746
7355
5009
5455
5476
6625
4097
6254
5561
7403
6526
6509
6296
6343
5415
5991
5513
6258
4977
5429
5520
6201
7525
6164
6016
7243
5140
7568
6353
6489
6008
6508
6689
6527
5188
6435
7494
4258
5130
6291
6381
7551
6962
6637
5096
7498
5662
6771
5430
6912
7366
6473
4097
5747
5932
6179
6247
6476
4373
8190
5168
6533
4891
6339
5280
6807
8131
6403
6477
6283
5748
6957
6162
6971
4915
6565
5924
5689
7176
6441
5483
5635
6333
5868
4825
7262
5835
5164
5389
6775
5438
8004
6105
6810
6931
7363
6387
6615
6559
4932
6545
6916
5169
7322
5017
6677
4796
6163
5799
6062
5955
7242
6124
6546
4845
6176
7456
6158
6590
4250
4972
6153
5104
6687
7094
6189
4204
4487
4586
7234
5914
7806
6677
4912
4369
6698
7415
7302
6511
6356
6895
7175
5715
5618
6802
6923
5482
5605
7206
5705
6612
4097
5949
8190
6917
4827
4097
8190
5365
7967
4992
4959
4553
5578
7196
6270
5663
6234
7647
6132
5077
4489
6729
7764
6619
6397
6536
5044
6939
5494
7329
4768
6284
6895
6066
5134
6666
4334
7761
6183
7215
7210
4097
5572
6144
6126
7056
8000
7439
5722
6922
7039
5846
6909
4501
6239
6700
5180
6312
5871
4997
7101
5706
6375
4231
7164
6067
6572
5654
6397
6475
7001
6594
6644
7555
7657
6011
4996
6334
8190
6156
6644
5985
7584
7036
6049
5856
7726
5972
6796
6004
4484
5872
6518
6959
6737
4119
7097
5428
6493
7105
5902
6090
5433
7537
7549
5519
6313
5656
5434
6436
5394
5355
7379
4936
7129
6678
6344
7135
6142
5516
6756
5317
5876
7339
7199
4097
6663
6454
6187
5611
5973
6578
8190
6737
5410
6459
4097
7355
6294
6187
5765
6271
5598
5579
7090
5572
8190
7141
5997
6923
4663
6169
7805
6120
8099
5029
7583
7019
5309
5955
7295
8047
5079
5917
5535
6191
6744
6421
6810
6796
5698
6591
6113
4149
4814
6952
8190
5312
6054
6951
7065
6002
7821
6362
6418
7001
7205
7661
5295
8190
6442
6765
5184
6734
4465
5534
6678
5685
5540
4270
6572
5285
6175
4889
7115
5421
8190
6638
5981
5570
7466
5926
5310
5065
5979
4097
6057
5676
6382
5480
7591
6812
6094
8190
5700
7518
5994
5978
7054
7818
5643
6644
5571
5156
4097
7656
5818
4097
6448
5672
6044
5218
5021
6849
6066
6612
7390
7487
6623
7330
6813
5687
5255
6722
5057
5840
5825
5576
6852
4717
7280
7194
5755
7045
7356
6369
6404
6460
8190
5224
6168
5896
6576
5204
5813
7925
6635
5942
5415
5959
6106
6659
5307
6185
5646
5831
6599
5388
6669
4419
4480
5653
7463
6643
5911
6523
6392
5095
5645
4097
5011
5505
6856
6006
5930
6583
6755
7809
5617
6401
7377
7574
6394
5813
6292
4423
6169
5691
5241
6333
5609
4639
5841
7546
5982
6353
6401
5296
7450
5397
5492
4773
5849
6970
5046
4887
6958
6059
5163
6159
4901
6068
4999
6387
5837
5291
5880
6207
5309
7650
6961
5473
7201
4330
4680
6859
6117
6793
7730
5970
6018
8190
7074
6772
5068
5325
7301
8190
6298
5818
4921
7637
5148
5348
4097
6481
6287
5810
5576
6602
5737
4097
5845
6032
5784
5074
4304
4097
6860
6125
6606
4097
6652
5601
4746
6476
5954
6544
5949
5083
7377
5257
7200
7062
7214
4160
5679
6107
5542
7677
6161
8190
5621
5216
4169
7105
5748
5442
5556
5006
7436
5214
4841
6695
6034
6257
6125
6213
6400
5880
6985
7368
4973
4462
4728
5040
6525
8190
4097
6285
6038
4972
5083
4097
8142
6450
5897
4875
6540
6361
5845
6724
6000
6889
6074
5969
5500
6583
6473
6565
5791
5114
6668
6583
4958
7717
5802
7821
4587
7051
6146
6846
5406
4097
7036
6745
6577
5345
5683
6373
6991
6725
5692
5607
7171
6854
7909
4140
6963
5863
6950
6254
4576
5440
5336
7360
6946
5490
6133
7865
5665
7813
6032
6201
5377
4791
6684
8190
6161
7238
6975
8190
6240
6608
5991
5459
6270
6833
7140
6854
4890
6398
5417
6604
6005
6511
6074
5401
6393
7576
6722
8176
6645
6751
6791
7975
5959
7083
7367
6909
8190
7576
5973
5054
6386
7069
6135
5804
7713
7153
6255
8104
7561
4380
6501
5755
7731
4963
6370
7292
5971
6220
6711
6163
6593
6401
6741
6357
7861
5467
4600
5932
7112
6363
4362
6534
7795
5625
5344
6008
7063
4900
5936
6039
7032
7815
6518
7126
6865
6611
4166
6853
4556
6204
5738
6841
7379
7897
6814
5770
5350
6944
6749
5828
6470
4097
6174
7301
7594
5400
6813
4999
6840
7221
4942
6157
6972
6115
7086
5791
7332
6271
5990
1465
1579
3293
838
4304
5136
5074
4233
2733
4257
5397
2665
5745
4871
843
2217
548
4234
2692
1609
1275
3635
645
3168
1535
3879
6110
4543
3254
4152
21
5491
4331
4703
5903
317
5234
5181
2706
4653
4683
3739
2925
217
4502
5614
2569
3198
5355
5765
1115
5569
3710
2357
5993
2800
2875
3078
5268
2168
171
6119
2957
403
2676
165
4963
5121
2103
345
824
2105
1419
336
1678
3401
4903
5365
5910
1627
4710
5586
1085
4056
1056
2364
5837
4582
4
3537
1976
3272
3298
3423
5187
3193
3138
228
3199
5500
100
4245
5819
1334
5397
1988
2354
3185
3687
2722
5232
477
918
1965
1528
5778
3592
3392
4846
2357
5560
4769
2419
5299
246
3959
4109
1532
5432
4821
2598
140
728
2679
3724
2307
1046
4092
1356
2019
1738
4766
1817
2434
6123
4847
6037
372
5016
1412
1279
180
3957
1751
2754
5012
3833
243
2279
59
2179
5793
985
2527
2155
5720
3165
3211
4986
2378
4225
6018
5955
5344
3039
3459
5473
5759
2742
4280
1585
617
5392
222
170
5042
3879
3707
902
4956
2210
635
4356
4548
2814
2190
3996
3378
3128
3346
3726
3450
5662
1010
325
6003
2623
2298
5192
1214
116
4894
3059
4517
2869
4919
1141
4631
216
349
3256
4115
4131
1363
5667
5245
1166
268
4889
1493
1448
2885
4328
521
1759
1935
6089
1437
1605
3568
5814
2628
3783
2131
3890
2710
3000
3524
3040
4005
7023
7036
5924
4638
4939
5532
5570
7036
6780
7227
6749
5555
6722
6780
4910
4166
4570
6479
6416
4347
5353
6118
6183
5571
6260
7374
7713
7011
5616
7247
5336
8190
6720
6778
5905
4734
6384
5327
6283
6359
5740
6458
6184
4698
6888
7079
6423
6002
4097
6228
6269
5949
4939
5460
4504
4097
6195
6078
5415
6659
8190
6427
6288
6602
8190
6476
5545
4781
6523
5244
7469
8190
8190
5575
6117
7248
5095
6853
5284
6732
7010
6033
4097
4978
7205
4958
5655
7095
5685
5332
6798
7552
7008
5665
5588
5491
5390
4951
6432
7207
4642
4878
5882
5151
6715
6760
6932
5984
4745
5632
7561
5466
5947
4964
7509
7788
6748
7226
5782
7899
7858
5831
6221
5934
6609
6970
6110
5843
6243
5090
6874
7725
5694
6718
7602
7305
7134
7014
4097
6973
5541
6373
7040
5338
6601
6962
5745
5123
6840
6664
6914
6002
6101
5749
6592
6222
5969
7003
5144
6333
5860
6087
6042
4950
7742
6596
4863
7298
6877
5364
7021
6297
6789
7226
6805
6467
5635
6530
6768
5419
6712
7040
4355
5353
6270
6625
7087
6127
6022
5606
6061
7546
6169
6913
5664
5635
6188
6774
5735
7298
5390
5976
4097
5455
4330
6470
4878
6961
5890
4610
5705
5714
7302
6964
6938
5191
6878
5465
8136
5423
5318
7889
6580
6200
6904
6539
5608
6693
6186
5249
7567
7132
4830
6192
6989
5578
4923
8190
5792
6241
6943
7200
5849
5354
7596
6124
5680
5444
6180
6493
5687
6597
6129
4864
5705
5293
7499
5969
6397
5664
6460
4904
5285
6295
5935
5922
7550
6794
4097
5788
5845
6324
6136
7048
7132
4523
6050
6521
4973
6155
7151
6155
6816
6532
5204
6493
5566
5598
5696
8190
7479
4290
6175
6652
7994
6121
5558
6037
5447
6762
6895
7737
4289
5330
6232
5816
6083
5626
6972
7217
4929
5870
5432
5210
6042
7378
4714
5459
5406
4611
6656
5101
6444
7476
6252
4949
5530
7636
5997
5172
5618
4310
5147
6808
4097
6845
6635
5953
8190
6205
5710
6824
6564
5369
5273
4865
5864
6170
7039
5339
4296
6509
7335
6880
6028
6869
5890
7457
7745
6559
7347
5381
5941
5673
6707
4593
6819
6343
6581
6911
5807
5917
4503
6616
7265
4097
6645
7209
7585
5108
7330
5652
6657
5727
7191
4712
4936
4871
6152
5636
5357
6430
6563
5952
6514
6536
7411
4491
5981
6988
8175
6480
6115
5619
6003
6701
5051
6518
4609
6756
4713
5183
7329
7063
7287
7015
5572
6975
6999
5139
6279
5688
6228
6295
6383
4733
8190
4792
4895
7921
5398
6618
7488
6008
5523
6537
7084
5307
5981
4097
5745
7854
7361
6403
6300
4097
6725
5565
5746
5106
8190
8091
5573
7417
5439
6275
6313
6580
7283
6148
5660
5504
6093
6126
6443
5898
6172
5798
7971
6474
5213
5768
6509
6862
7316
5609
5941
5345
7100
5284
5615
7249
7144
6147
6209
6064
7097
7536
4514
7184
7176
5251
7435
6830
6300
6130
7582
6597
6576
7334
5964
6329
7144
7637
6292
6504
4975
8159
6509
6345
5822
5328
6331
6995
7261
5529
6318
5366
4569
6068
6456
7095
4452
7345
8190
4163
4830
6924
6803
6530
6441
6312
5366
8031
6532
5982
6310
6149
6096
6440
6200
5619
5814
7049
6330
5502
8190
7243
6011
5587
5543
5574
6371
7626
8170
4232
6001
6019
5710
6422
7202
6441
6170
6146
6502
5620
5716
6315
5491
5092
6227
7396
6140
5813
4521
6351
5584
7793
7222
6506
5152
6693
7010
4697
6844
5195
5319
6518
5808
6668
5245
5839
5452
6810
5572
4439
6717
5626
4999
7538
6259
4840
6139
7520
5469
4577
5134
6628
7067
5152
6960
5773
4534
7419
5701
6129
6298
4939
5662
6333
4540
4900
7078
6995
5884
7462
8190
6489
6275
5355
6316
6790
6424
7302
5823
5169
5901
7547
5214
4507
5669
7732
5471
6087
7390
4097
5565
7943
6784
5884
6632
5262
4773
4440
6715
5303
6366
7434
6969
6230
6005
4891
6459
7218
6891
7394
5954
5465
6655
6231
7235
5265
1595
3752
18635
21407
22240
9458
17871
12377
16329
14357
18135
7210
13849
17693
8584
12611
8107
3334
10112
5039
1234
19393
2158
19728
15876
18035
9394
15720
16891
5991
17608
9588
169
21949
14060
6011
10597
15495
16471
7168
15139
11000
2495
10338
8946
14146
21459
14311
9103
2758
2361
14880
8400
21284
4874
17898
14645
18216
20793
19499
8357
17630
17628
7399
8903
3811
1214
20114
12768
8773
19090
3651
18182
2742
9028
21994
22643
22873
21445
21664
22911
23331
23643
23313
22680
22807
21814
20965
22449
23662
21874
23877
21636
22528
21149
22391
21777
22487
22224
21576
24467
23416
24197
21055
23063
21901
22198
23925
22023
21711
22413
23287
22337
23240
20886
23629
23113
21764
22134
23441
21043
22562
21238
22535
23044
21335
21912
22440
20481
22778
22338
22692
23072
22555
21938
22961
24112
21170
24574
21186
23243
23917
22923
22997
23042
23294
23274
21909
22768
21989
21876
20550
22500
22091
20481
21196
22762
23411
22397
23684
21517
23343
20577
21745
22998
23298
23114
22369
21726
20837
22986
21155
24454
21656
23398
21641
23085
22777
22175
23836
23791
22135
23547
24421
23626
20563
22090
21698
23178
22522
22669
20804
22631
22553
22474
22928
22424
22020
23214
21389
23716
22093
22351
22059
22365
22332
23360
22015
21967
22504
22475
21540
21521
21206
22137
20695
23979
24395
23511
23427
23166
23450
21753
22449
20816
22681
21925
23983
21583
23835
21757
20835
22591
23969
22505
21212
23621
24279
22533
23949
21955
23741
22709
22696
21987
22703
21515
21973
24436
20976
22848
22286
21886
21129
24124
23091
22751
23715
23587
23826
22399
22859
22698
22862
23231
22060
21317
21216
23121
23978
23442
22964
23604
21782
22527
23825
23007
21169
21729
22855
22617
23015
23585
22995
22200
23603
23222
23527
23356
22016
22767
22253
22327
21932
22549
20795
20910
21461
21561
22231
23240
23148
23337
20898
22723
23759
22671
21155
21989
22943
22314
21237
23173
23004
21038
23739
23937
21771
23056
23164
22702
22750
23027
22205
20829
23308
22388
23584
22116
23995
22831
21615
22366
22397
21856
22726
20481
23039
22805
24102
24458
22662
22792
24445
22272
22882
22969
23011
22042
22681
23267
21736
22824
20481
21349
23614
21963
20904
23245
22368
23198
20481
21001
21631
22134
22479
21172
22010
22196
22641
23153
21397
23572
22342
24574
24574
22771
21019
22032
24169
20573
23097
23621
22241
22320
23538
21828
22983
24574
22472
23514
23037
20883
23252
23444
22794
22998
23267
22887
24383
22227
22878
22824
24009
22016
20849
22019
22538
20959
23790
21852
23395
22107
23944
22385
22610
21864
23327
21978
22182
21706
21834
22191
20730
20812
21272
21372
22219
22991
21609
20481
23700
22470
21422
22383
22211
21200
20939
23518
24574
22466
22376
23027
22926
22053
23236
22511
23269
23008
22633
21829
23287
22911
23233
22007
22612
23375
22319
21343
22186
24495
22932
22389
23485
21887
23001
22988
23718
22147
22046
22080
22459
22845
22619
22928
22685
22749
21958
24022
22681
23099
23128
21899
23213
22531
21183
21431
21381
21907
23405
23550
21332
21831
23839
22177
22801
20977
21643
23611
20725
22193
22848
22956
22455
23138
23178
21524
23681
22173
22893
22497
23870
22734
22310
22385
22131
23218
22727
21030
22175
23770
24574
21318
22542
22810
22425
21791
24113
23262
23197
22199
21131
21753
22163
21191
23175
22097
22560
22288
23124
22414
23266
23007
21705
22625
21039
22177
24268
22955
24016
20938
23003
22822
24013
22350
23133
23129
22760
22078
21690
21964
23992
23708
23699
20481
22438
23881
23970
20647
22085
21293
23920
24205
22606
24330
23352
21800
22428
23149
22413
22763
23098
21853
23437
22994
20898
20795
21731
21373
24337
21828
24127
22080
23922
23292
23450
23092
21717
23798
21302
23863
21089
22731
23810
23691
22679
23423
23543
22797
21829
23086
23987
23164
21552
22539
21973
22433
21577
22519
22517
22146
22836
21911
23955
22459
23392
22203
23164
23265
22062
21662
21841
23297
22485
22292
23363
22447
22422
23287
22950
20757
22260
22775
22294
24236
22319
22003
22941
22970
20878
22297
22813
22325
22834
22255
22359
22549
21872
21877
22100
22526
21593
22740
21508
22851
22737
21952
22402
21624
21857
22527
20726
24468
23069
23244
23523
21059
23035
21789
20481
22402
23716
23845
22905
21627
23939
24019
22591
22127
22235
21948
22584
20948
21915
22628
21975
21481
24574
20481
22764
22145
21218
22198
22270
23911
20481
22593
23939
22810
22460
21463
22353
22295
23174
22090
23711
23465
22329
21676
23674
23001
21448
22322
23131
23258
22085
22420
21420
21298
22504
22233
22530
22296
22365
23814
23934
23014
22643
24441
22451
21271
21609
21383
23338
22721
23228
24057
22753
24159
24337
21580
23734
21486
21598
22067
22524
22113
21175
22923
21244
21706
21668
24115
23137
21308
20760
23936
22891
21365
23392
22592
22541
24574
23083
20840
23387
22116
21840
22544
21057
20996
24106
23851
22251
22474
24437
21680
21690
22956
21708
22671
21808
22576
23087
24029
20825
22518
22407
23980
22110
22139
22809
23068
22079
22730
20481
23066
22011
21892
23487
24291
21677
21069
20734
22528
24079
21882
21049
22352
22374
24192
22030
21496
22729
23993
21290
22660
21221
22293
21283
22936
23804
22270
21448
22284
21343
23736
21228
20955
21613
22474
22984
22621
22359
23057
23158
22740
24516
22336
22382
22571
21580
24312
24574
21481
23635
24271
23555
22386
22027
21516
22140
22136
4775
395
5143
2107
1559
4492
2738
5372
1359
3416
5832
984
3244
1693
2370
6103
237
225
2259
5064
4968
2029
4729
2852
1384
2585
5530
6133
2628
5829
5927
3018
4406
3692
1824
4167
4137
850
3695
5314
5898
4522
323
2254
3380
5950
753
4959
3961
5540
768
1419
2946
2701
5239
2449
1099
5424
4739
3943
5169
5069
6054
3545
4410
4699
1758
4825
5958
3833
3849
2973
4344
2038
5436
2686
1933
1965
296
51
3855
4275
5379
5577
1645
5988
5877
6532
5465
7049
4685
6855
4796
5866
8190
5896
5397
6002
4593
5556
5106
7088
4805
5883
5711
5247
5973
4830
6878
7328
6293
5536
6790
5985
7353
5351
8190
5943
7012
6519
4337
6311
6003
4481
6527
8190
6270
5502
6745
6286
6408
6109
6752
5520
4807
7185
7212
4941
6390
6146
7702
6257
5920
7466
6233
5833
6058
5306
4457
7097
6612
5904
5141
5732
5445
4511
4959
6412
5763
5888
6212
4817
5704
6467
5590
5686
4749
6480
6499
6031
6034
6150
8190
5297
5592
7197
7592
6991
7856
6379
5954
5499
6382
5816
5969
7648
6428
7265
4989
5502
4829
6740
5677
5423
5891
7350
5312
4097
7787
7276
4822
7140
5751
7106
6026
4245
5498
6394
4492
7118
4703
4097
7266
5241
5457
6397
6857
6116
5768
5472
5221
5722
5727
5128
6029
5629
6728
6485
6898
4975
6822
5527
5243
6855
6344
5222
7465
6345
5215
6787
5231
7809
4743
5000
5551
6621
5291
6292
6495
5117
5109
6608
6027
5800
6565
5345
6247
4679
6451
6171
6221
6149
8190
5245
6341
5278
5723
6350
6530
7614
5928
5125
6882
4787
5170
6106
5205
6167
7148
6074
6668
6043
5577
5614
5535
7530
4449
6665
5969
6676
5804
5133
5467
5568
5935
6974
4945
6430
5660
6498
5054
6581
6919
6543
6796
6706
6759
7578
5787
4912
6103
6247
6816
6037
4906
4567
8190
6153
6531
7669
5640
6257
6702
7172
6129
6041
7595
6553
4097
5234
7625
5936
5430
4662
6091
4867
6402
7072
6574
7418
5985
4912
4442
7128
7207
7544
6056
5276
6948
7755
7441
7353
5990
6472
7318
5160
5899
4416
7562
5096
5839
4507
5070
7216
5534
6448
8190
7220
5001
7327
4173
7682
6685
6787
5642
6197
5790
6978
6558
6666
6585
7630
7767
4097
4504
6015
5742
4860
5803
7345
5899
8190
7160
5933
7730
4097
6396
5410
7564
5006
6567
7049
5242
6301
4097
5633
7714
7064
8190
7991
6562
7899
7778
7210
6584
5553
5530
4389
5412
7108
6804
6709
7587
5169
5786
6827
7857
6395
6345
4788
5781
6422
5441
6285
6545
6137
6405
5891
5902
6376
6983
6981
5514
4097
6158
7742
7375
5607
5533
5207
6068
4610
6679
4635
6497
6846
7215
6213
6036
4702
5749
5650
7256
5464
4522
6508
8190
5810
6896
5788
5946
5837
5027
5622
6085
5519
5060
7045
5426
4370
6781
6715
6018
5620
7565
5606
6025
6807
7122
7336
5828
6964
5077
7417
5622
5348
8055
4318
4632
6592
4097
7322
5849
6447
7689
5594
5640
6279
5943
4260
7879
5783
6503
5111
5263
5851
5868
7133
7676
5721
5986
6997
7613
4953
6202
5024
5506
4655
5496
5810
6792
7059
5179
7127
4932
6393
5719
4947
6502
5934
5405
5844
5317
4260
6171
6384
5974
6861
7149
5500
6669
6331
5184
6372
6002
6149
5330
5997
5140
5670
5592
4481
5140
6442
5164
4574
7371
5392
6912
6421
4543
5376
6516
6070
5770
6237
6292
7841
5066
5538
6550
7411
8190
5580
5700
7471
6873
4587
6377
5424
5604
6206
7469
7185
7211
6474
6625
6118
7151
5623
6854
5894
5157
5726
6079
6432
7057
6404
4950
7974
6073
6841
7096
5692
6311
7231
5717
6580
6924
7319
5395
6186
5244
5451
5879
5851
6810
5753
7432
7148
6229
5853
4297
5732
6123
6286
6341
5336
5438
6524
5129
5410
7889
6574
6798
5749
6819
8190
6636
4531
5497
5283
7402
5055
4740
6340
5895
4847
4924
6455
6836
6402
4956
6837
4741
6646
5634
6745
6285
7536
4668
5976
5181
7291
7040
6541
6032
6838
5412
7204
8039
5394
5018
6000
5991
4438
6935
4822
5199
6026
7058
5027
6109
6825
5153
6594
5224
8190
5944
7466
5487
6383
4166
6318
7351
6075
4097
7339
6454
4734
6742
7171
5433
6924
6483
4947
5373
7821
6238
8190
7114
4922
6840
6415
8190
7010
5904
5568
5050
6089
7650
6402
7894
5285
7650
4945
6655
8034
6442
5789
4097
4794
6968
4097
5260
5166
4712
4441
6188
7943
6970
4709
6990
6872
5326
8092
6149
7692
5704
7067
8141
5974
7554
6125
5868
5679
4632
4097
6105
6290
5125
5860
6146
5936
6659
6708
6109
7243
6247
5343
8125
5356
7171
5721
5476
5075
6599
6477
5792
5834
5349
4867
7121
7083
5724
5633
5932
5640
5035
7072
6439
5520
7444
5180
6252
6262
5586
5463
6336
4097
6416
6939
5660
7654
6956
8190
6987
7110
5098
6971
7101
6147
7087
5398
5838
6694
5438
4528
5643
6668
8190
4960
6981
6810
5741
6048
4197
5431
5222
6400
6741
6275
6558
5023
6855
7871
4749
5415
6937
6246
6717
6931
5906
8130
7551
5522
5145
4917
5573
6022
5970
5465
4936
6386
4849
6951
5419
5946
5723
6650
5942
6978
6531
4217
5802
6212
5566
6984
5607
6083
6305
7055
6089
5743
6398
4261
7063
5524
5757
6614
6025
6287
6537
5077
7077
5656
6291
5392
6186
7884
5977
6307
6049
6397
5036
5898
6313
6963
6142
6883
6548
5692
6016
6434
6049
7207
6788
5930
4723
5543
5750
4640
4644
6581
8190
6435
6359
5350
6558
7574
6020
6518
5644
5997
5583
5698
6372
6153
6761
5584
6781
6223
7210
7632
7877
5157
5325
5588
6451
5723
5850
7101
6412
7044
6986
4270
4097
5571
5738
5790
6129
7074
5383
6305
5718
7095
6633
5487
6105
4097
4591
6938
6177
6343
5880
5750
5275
6169
6234
5510
5328
5349
6393
6916
7058
7559
5991
6608
5543
7226
5429
6803
6387
4413
7272
4708
6060
5706
5714
4523
4626
7517
7123
5886
6193
5087
7320
6644
5217
6858
5508
6275
4673
7236
6587
6209
6035
6787
4857
5379
5232
7063
8032
5938
6479
4807
8190
5487
4775
4097
6029
6411
8190
7129
7693
5971
4753
6114
5772
5525
5632
6897
4914
7556
4322
5996
5677
5258
6903
7153
4183
6452
5377
5428
6239
6066
6426
6197
8190
5797
6343
5987
6508
7154
6576
5484
4984
6750
5178
5606
6304
5087
7307
5530
7905
5855
5621
5059
5672
6304
4700
5508
5495
8190
7527
6761
6092
6515
6692
6488
6653
6724
5822
7348
5552
7584
6178
5792
7479
6482
6188
7545
7314
6573
5945
6431
6073
6606
7202
7422
4783
4523
6585
5374
6832
7646
5590
5732
5156
5451
6421
6578
7360
6370
5212
7341
5518
7285
6078
7105
5626
6576
5911
5921
6352
6446
5944
6281
7225
5918
6233
6080
7055
5902
6148
5843
6284
6422
5455
5151
5759
6490
6710
6010
4642
7036
6736
7280
7649
5630
6815
5603
8004
7303
4746
6589
6608
6926
5293
6062
6750
5458
4701
4108
4798
5901
7664
5447
4607
4121
5153
6906
6721
5103
6122
6845
6279
4784
6751
5674
6644
5960
5013
6826
5282
5713
8190
4954
6265
4608
5236
4194
6288
6608
6898
6380
6298
6578
5781
4216
4737
5044
7693
6550
6067
5789
6212
6869
6324
4265
6805
4944
7018
4333
6208
4097
5458
7830
6706
8190
6037
5676
6282
6456
7150
6270
6965
6987
6812
6579
6481
7227
5738
5735
6286
6914
6748
5316
7148
6224
5046
4941
5658
5174
5365
6896
6925
6130
5922
6398
7895
7953
6276
7492
7208
7163
8190
6458
6455
6988
6859
6591
6839
6675
7020
6682
6706
5613
6856
5691
5719
4610
6463
5743
5243
7618
6155
5650
4747
6099
7647
5953
7487
4861
4879
4418
6967
4979
6048
6382
6092
6880
5302
6534
6846
5361
8190
5458
7792
4760
5235
4621
6156
5161
4097
7358
5259
6268
6576
7095
4947
7159
6275
6887
8190
7017
7307
7049
7330
7896
6574
5984
7335
4802
7774
7930
5933
5369
5812
6500
6244
7275
6339
6290
4586
6189
6187
6068
5284
5623
5943
6933
6166
7026
6195
7409
6219
6998
5315
5900
7654
4621
6487
5879
6770
4295
6396
4405
8190
6988
5484
6437
7380
6521
6416
6592
7416
5552
6160
5263
6783
6460
6104
6229
6491
5189
6655
5020
6645
6191
5160
6943
6512
6661
6789
6684
7608
5229
7053
5659
5508
6759
5816
4945
7882
4874
7188
6397
6688
5252
5748
4531
4598
6547
5754
4546
6168
8190
6079
5838
6722
7410
5039
6125
7766
6784
5998
4706
4597
5340
5457
6340
5603
4227
7139
7704
5933
6616
6359
4712
6768
5622
5185
5971
6947
5853
7975
4799
6969
6038
7314
6146
5789
6814
7650
7000
6836
6328
6821
5171
4493
5425
5232
5675
7959
5377
6042
6269
7194
5648
6188
5722
6586
6043
8048
8090
7389
5523
7513
5696
6134
6214
4097
6401
6725
5703
7421
6398
5932
6298
6540
6610
6804
5699
5058
6268
6284
6130
6365
6430
6102
5489
6241
4988
5041
6695
7590
7882
7449
5944
5359
6262
7506
5946
4255
6710
5998
6328
7425
5900
6496
5925
5398
6125
5818
7278
6451
4890
4364
5636
6403
5677
6906
7606
5687
6753
5503
6348
6252
5567
5069
6332
6119
6215
7366
4857
7313
6796
5566
4723
5795
7945
7382
5058
5566
8190
6792
4420
5514
4420
6111
7682
7113
4097
6433
6286
6527
5752
6514
6114
6860
5528
6394
7266
5780
6979
5508
5565
8190
6535
4190
5753
7042
6729
6357
6793
6509
6025
6584
8180
6054
6170
5824
6878
7074
6036
6008
6153
4336
6456
6804
4815
8190
5855
6175
5548
6553
7770
6227
5137
6405
5827
6413
4979
7284
5493
5273
6468
7395
7251
7233
8190
7194
5054
4097
6724
5020
6139
5668
6784
6316
6104
5304
5581
7253
5664
5556
5737
4097
6053
5582
6007
5990
4819
5853
6437
6660
7230
6280
7685
5401
6050
6766
7581
4760
4750
7704
6779
7724
7258
5816
5759
5575
8190
5472
5042
5931
7874
4871
7797
6844
5722
5911
5933
5122
6406
8076
6135
5927
6295
8025
7042
7426
8190
4594
6323
6433
7799
7619
7285
6834
8190
6522
6011
5698
5330
6117
6053
5410
6902
4799
5657
5227
5841
5471
5922
7095
6226
6842
7436
5089
7484
6891
6522
6927
6808
5243
4683
5425
7555
4599
6625
7653
7064
8190
4920
5403
7631
4776
5354
7545
6318
8086
6530
6701
8089
7014
5393
5772
5740
6979
6869
6190
5331
4846
6884
5728
6381
5923
6699
4472
6453
5042
6616
6342
4885
7413
6201
6284
6270
5265
8190
5607
5682
6051
5399
5747
5938
5595
6627
6012
6585
6183
4097
4684
6475
7374
6594
5488
7476
6107
7605
6590
5523
6343
6094
5220
5514
5741
6626
5349
6463
5480
6850
6257
5544
6637
4642
7363
5590
6187
5183
5614
6036
8190
7820
4538
5570
5800
6276
5619
5087
6107
4264
7144
5725
7631
4843
7111
7116
6043
7507
6442
5607
7734
7494
5585
7665
5290
7025
5618
4933
6175
6205
6341
6580
5464
6566
5761
4398
4726
6882
5853
6706
6561
7322
6822
4250
5528
6133
6873
4097
6493
8190
7063
4303
7126
5695
5491
6257
5745
5199
5108
7485
7352
6717
7291
7089
6954
6463
6151
7355
6976
7018
5952
5400
6862
6236
4945
4632
5507
5600
6841
5918
7495
5111
6748
5394
7081
5766
6361
7300
6075
5281
7022
8008
4809
6828
5712
7122
6271
7858
4097
6245
4963
5203
7134
4097
5656
5943
6845
4579
6073
5976
5632
7011
5829
6745
5793
6985
5855
5883
7045
5450
6379
6590
6401
6379
7034
5667
6198
6707
6693
4097
7099
5766
6688
6465
5480
5896
5738
5675
5958
5384
5753
8164
6005
6346
4827
4371
7307
5014
6819
8190
7895
4098
4555
5903
6416
4097
8190
4348
4960
6541
5946
5451
6358
6872
7438
6085
6282
5992
6011
5048
7120
5248
6720
6492
6303
5408
5031
5915
7306
6189
6525
6368
5437
6057
5467
6332
5798
5974
7045
7132
7092
5067
7283
5958
6536
4410
7957
6047
4389
6364
6982
6405
6314
6724
5753
5656
6197
7084
6140
6904
5216
5248
5663
7570
6868
4791
5876
6666
6639
4621
6347
6489
6582
5448
5992
5223
4913
5100
7997
6622
5738
4470
6492
5991
6466
6130
4423
6066
5609
5018
5242
5142
4097
6268
5343
5463
6140
5346
7313
4866
6941
6822
6741
5782
5204
5264
6313
7239
8190
6168
4584
6051
6339
5896
6222
6527
6556
6979
5482
5910
6927
8190
6367
6366
6546
5950
5795
6270
6013
5678
6731
4715
6347
5968
5488
4825
5367
5932
5135
5532
6110
6153
4707
5927
4684
4358
7146
8190
5075
7365
5482
5880
5337
4097
7078
6490
7222
6262
7858
7253
8190
6068
5703
6595
5749
6802
7398
6288
5927
8016
6956
5636
5871
5538
6407
4849
5425
4697
7129
5077
6617
6871
5794
7282
4784
5745
4548
6757
6552
5632
6015
6040
6979
5654
7066
8190
7015
5933
7149
7426
7658
6028
6108
5061
7052
6919
5011
5681
6836
7042
6804
5213
4836
5627
4871
6570
5267
6070
5850
6541
6121
6405
6706
6493
7306
6934
5446
5706
5295
6867
6372
6996
7468
6120
7644
6166
5320
5149
6171
8190
4774
5635
6339
4638
5798
6269
5661
5856
4528
5727
7571
5726
6032
4861
6640
7049
5375
5746
4264
6035
6844
7627
6329
5788
7401
5066
5098
4154
7580
6071
7205
6675
5945
6590
5687
7917
7088
5908
5672
5908
5745
5172
5486
4925
5941
6179
7589
5971
6997
6930
5446
6350
5850
7339
6846
5990
5566
6051
6671
7616
6135
7408
6687
6280
4097
4097
6200
6329
6077
5611
5692
7630
5933
6951
7181
6003
8144
6332
7174
4834
5966
4583
6839
7751
4394
6874
5771
6021
7089
4097
5873
7301
6597
6054
5166
5078
6595
6231
4959
7955
5602
4097
6730
4923
5003
5509
5516
5157
5174
4408
6503
5148
7107
6247
5952
5881
7464
7470
5482
6388
5981
7127
6725
6962
6736
6880
6557
5983
4133
6566
5479
7940
7140
5420
6530
5895
6208
6024
6637
6018
6342
6301
7151
5086
5924
7599
7183
5967
5297
6228
4784
5904
6266
7134
5947
5785
7948
6493
5627
4359
5451
7008
5279
5756
7439
6353
6567
6649
8190
5379
6425
5543
6905
7248
6360
5529
5746
6393
5031
6846
4370
8190
6145
8190
5755
4348
5299
7443
6088
4931
5874
6747
7340
4097
6590
6916
5697
5973
6129
5951
6324
5686
5109
4711
5123
7171
6230
5118
7512
6040
7047
5202
6073
8027
5482
7829
6427
5936
7247
5085
6743
5839
4314
6112
5203
7013
5635
7854
6210
5744
5342
5534
5424
6787
6857
6941
6303
7383
6613
5887
4995
6873
6118
7397
5196
7982
6625
6691
4964
7336
6833
6116
7210
5226
4673
4097
6000
5349
4097
5603
7116
7381
5754
4183
7635
6402
5319
6013
4097
6774
5276
7426
6989
6479
6267
6840
6408
6419
5906
5342
5369
4726
6743
5821
6044
7172
6301
5820
6607
5690
4771
6236
6494
5392
6946
4894
6753
7579
6477
6901
7552
5563
5471
6076
4294
5760
6031
5592
5810
5796
7437
5908
4787
7709
4729
6320
4518
6214
4927
6038
4532
4727
4491
4404
7184
5648
6023
5488
6228
5925
7269
6619
6082
4295
6727
5492
5553
6328
6646
4106
5684
6163
5784
5863
5404
6119
6959
6674
4235
7658
6950
6331
5332
6685
6478
6116
6152
7496
5377
4425
4552
6831
4236
6171
6109
6043
4719
5456
6610
7652
6369
5777
6834
6886
7568
6853
5350
4328
7013
7065
5008
6693
5227
7421
5687
4483
6769
5401
5502
7383
7373
6340
6216
5482
7092
5625
5442
6358
7443
4807
5985
5240
6026
7452
5772
5369
4600
4382
7373
7943
6752
7286
5595
6691
5451
5745
6890
5882
7360
7701
5086
7381
6916
6252
5837
6890
6408
7439
7766
4360
5233
5853
5978
7649
5464
5109
6508
7420
4397
5609
6708
7218
5994
5465
5988
5507
6189
5873
6382
6519
5942
2176
2600
4803
4270
4594
3378
3533
30
5520
6080
2932
5872
832
2707
3796
4592
3170
4723
5297
183
3220
5622
4388
1016
2537
3302
3656
3476
2431
2042
1054
3177
186
2253
3518
2182
2522
4703
3896
4045
383
276
3719
5101
5170
4747
3397
1049
4936
2225
4905
3763
5939
5074
4574
1946
5400
3182
3725
1384
5863
1966
1197
3514
2320
4067
5510
214
3668
1166
4656
341
5190
5664
2749
976
2215
2524
2609
257
4247
1479
4751
5866
6060
4954
5624
420
152
3741
2661
2705
1150
5712
3707
2640
129
3891
3964
4839
3254
420
811
349
2569
1083
1802
3169
2140
2292
1823
1817
39
5577
3994
2168
3509
2598
192
5646
4127
1050
648
5471
3147
1091
1336
6096
3952
1609
6098
2648
2039
1750
3899
4399
236
231
3155
1359
841
3346
3322
883
3006
6113
1349
3853
1078
1467
6005
2768
4758
3146
2582
3977
3955
4954
925
1591
4082
2233
2870
4222
3245
2429
2840
4585
468
3185
1323
2190
4999
5727
2214
4464
3134
730
3157
2849
2069
6139
1354
456
3841
3587
2753
5331
1959
6129
922
1590
127
5852
4582
4828
2128
2134
4813
5870
1539
175
5492
279
4219
702
1061
5654
4782
5236
1073
1344
2957
501
3417
3431
299
3257
5202
4308
1377
3214
5770
1190
2522
1522
2726
4631
3895
1494
2427
4168
391
4960
3742
562
831
1073
5843
1584
4104
1964
773
2344
5050
4236
1893
67
3125
2092
3275
4641
5733
4324
718
1005
271
3232
3535
3092
5444
4233
3642
5934
2943
4336
5743
754
5494
2644
5968
5185
1858
1394
1590
5114
4471
2007
1351
5329
4725
529
5634
390
5464
7264
6460
7523
5434
5720
6313
6743
4785
5870
7315
5888
5821
5363
6738
5969
5989
5565
5444
8190
7152
6436
5851
5816
5712
6741
5232
5119
5866
5305
6547
6875
6365
5973
7009
5429
4906
7047
8012
5455
7673
5780
5849
8050
5674
6696
6726
4968
5020
6294
5246
5906
6113
6215
6675
6104
6198
6795
6555
6580
7598
5772
4895
7254
4762
4486
6496
7960
6424
5737
5535
6675
5752
7410
6075
6463
5964
4465
7082
6294
7022
4683
6044
7044
7659
7064
5127
6543
6247
6010
6137
5885
5914
6987
4735
5904
5116
6266
7691
5754
6405
6266
5580
5477
5344
6340
6007
6323
5187
6374
7603
7162
7155
6472
7129
5871
5264
6430
7840
5391
6353
6926
6370
6898
6008
6178
5364
7882
6486
7054
4891
7126
5306
6401
6006
6922
5729
4700
5152
4097
6503
6246
5646
5580
4637
7011
7431
7263
7334
6674
6366
6930
6133
6092
6097
6215
7199
6240
5147
4831
5271
6245
6378
6574
5223
6458
6204
6611
6301
4663
4097
5349
5015
7226
6801
6521
5203
6558
5121
5062
5015
6406
6445
7586
5684
7305
7969
4523
6327
5771
5454
5982
5887
6152
6725
7101
5461
5294
7463
6884
8190
5468
5596
6807
6542
7080
5862
4800
6076
5717
5754
5923
7616
6222
8064
7687
6075
7329
6470
6894
5831
6857
6345
7613
6241
6333
6758
6685
6604
5734
5216
8190
6986
6473
5265
4136
7218
8190
5158
7440
5822
6166
7890
6527
5746
5576
5921
6801
5280
5677
5607
5942
5229
5762
4790
6402
6717
6718
5110
6527
6295
6011
4640
5390
6324
6747
4941
5979
5867
6729
5693
5873
6710
6898
7058
5380
7244
5602
4097
7993
6765
5360
6894
4628
5694
5434
6859
5847
4818
5662
6413
5093
5047
6237
6605
6161
5202
4947
5368
4692
5557
6043
4811
6009
5383
5790
5369
6184
5361
7952
8190
6673
5893
5692
5665
5997
6671
6211
7365
5689
6591
5432
4298
5992
5191
6064
7885
6423
6237
4899
4237
8190
7972
5161
6785
7021
7864
4456
5644
4390
6540
5634
4895
5843
4488
6084
4097
6016
7291
4827
6972
7473
6752
6033
6391
6225
6655
5746
5490
7127
6595
6200
7626
6350
5673
5506
5514
5737
6599
7845
6299
7631
5026
7218
5478
4839
6235
5686
6988
4097
6587
6867
6769
6141
5842
5586
7575
7053
7060
6530
5243
7364
5562
6093
6159
5444
5211
6800
6004
5212
7133
6767
6259
5770
6046
5586
6805
6334
5811
6548
8140
4901
5178
7090
4901
6236
5408
6113
6724
7516
8151
6888
6964
5399
6432
7110
4446
7179
6886
5178
4731
6620
6918
6555
4715
5474
4986
7468
5416
7953
5618
8190
5758
5176
5261
7049
7305
6002
7970
6170
7251
6910
5487
6944
7255
7059
6763
7533
5348
5203
5902
6947
6072
6629
8190
6742
4391
4836
6559
8135
5335
8190
5561
4582
5068
5389
4097
7825
6371
4097
6981
4509
5484
4097
6724
5687
7024
6726
4751
4216
6972
5820
5573
6262
7380
5802
5670
6294
6098
5491
7000
6923
5065
5564
6475
7222
6188
5195
4127
6309
8190
6749
6527
4647
5622
5963
5019
5966
5921
5506
5149
6006
6572
5106
6195
4636
6495
6040
6496
5757
5878
4254
6059
6725
6410
7662
4589
5617
6485
5131
7497
5144
5191
6492
5690
7051
6321
6102
6005
4798
6649
5657
6797
4926
6204
6030
4815
4097
5305
5360
6608
6148
6412
7698
5539
5324
5268
5109
4774
5265
5097
6278
5698
7728
7012
7151
5698
6378
7359
4497
8190
5261
5593
7102
6074
6806
6435
6222
6714
6142
5626
6957
6214
4771
5256
7413
5422
5812
6627
6611
6780
5844
5762
6432
4097
5282
6090
5218
7022
6262
5514
8190
7638
5549
6364
4801
5765
6145
7446
6467
5356
5283
6042
4592
7727
6630
5496
6868
6515
4659
6013
6962
7213
6800
5528
4704
6584
4769
6558
7596
5371
7483
7465
4420
6503
7120
4719
6427
6818
5918
6312
8190
7534
6464
7594
6241
5579
6243
7737
7284
8190
6126
6444
7368
5116
5915
7179
4879
6867
4097
4774
6530
6603
5813
6906
4241
4763
7169
6299
8147
7404
5393
5754
4240
6433
4771
6312
5921
7366
6276
6813
6156
6293
4910
7792
5858
5569
7935
5418
7126
4561
6158
6370
6830
7288
7027
5578
6575
7219
5115
5703
6379
6086
6890
6283
7148
6510
4758
6666
4886
7477
6004
7780
6364
5964
6039
6147
6801
7164
7085
6196
6563
5548
5988
6237
7695
5471
7244
5998
4418
5782
6193
5664
6221
6796
4939
7521
5975
4418
4434
4685
4700
5439
6293
7085
6391
4988
7741
7858
8070
7413
5850
5861
6509
6706
5956
7984
5593
6498
4351
7582
6092
6484
6263
6501
6331
7221
5316
5802
8062
6241
7443
7473
7389
4527
4097
7159
6010
5861
6447
6817
8116
6146
5901
6825
5665
6506
6844
5389
5038
6357
7984
6062
7657
5497
7637
5204
5491
6384
7259
6718
7312
5221
7311
4469
7002
4354
7274
6994
6333
7474
6130
4554
4766
6628
7005
6941
5429
5832
7342
8031
5984
4697
5562
6618
5330
5487
5831
5717
8190
4958
7539
6085
6485
7019
7529
6251
5418
8190
7907
7508
6949
4998
6303
7550
6018
6288
7681
5883
5302
6478
5337
6853
4892
6996
5713
6107
4994
6158
6420
5773
6754
7142
6339
5724
6798
6025
6689
4875
4697
7060
7135
6768
7031
6959
7354
6629
5444
6317
4862
6143
5706
7141
6896
4097
5370
4572
7457
6298
5505
7253
5594
6974
4684
7016
8150
6462
8190
6824
6107
5583
6385
6059
4222
7648
5708
5542
6976
4834
5654
7234
6208
5707
7458
6244
5670
7168
7011
6644
7262
6018
6336
4097
6820
5393
5288
4097
5656
5768
8190
4493
4913
6454
6600
4837
6601
5140
6301
6423
6685
6748
5008
7590
6293
4861
4805
5978
4392
6361
5841
4795
6622
7197
5669
7067
5402
6207
5967
4581
6889
5507
5981
5895
5914
4289
6049
5617
7534
6168
5845
5026
5982
5365
6026
4957
6593
6585
6305
5751
6019
5727
5926
7219
5202
6716
6321
6423
6191
4687
5363
5541
6732
6072
6043
5683
5827
5876
6072
5626
4960
5473
5569
7847
6560
5223
4097
8139
6261
7370
6883
5576
7922
7246
6940
7096
6598
8190
6261
6482
4097
6005
6843
6692
5293
5069
5329
7340
6216
5904
6127
5180
5273
4306
5052
6971
4801
6535
7318
6372
7306
4097
7106
5671
5253
7792
5981
6622
6690
5499
6101
7744
6333
6113
4426
6977
7844
6633
5792
6812
6939
6779
7040
5817
6224
5906
4666
6360
7017
6434
5196
5492
6880
4974
7277
5148
6564
5830
7240
4645
6010
5630
4266
5196
7080
6321
5904
4732
6252
5362
5108
6550
4666
6515
6315
5578
7574
6358
4785
6383
6826
6467
8190
7721
4797
8190
6843
6457
6806
6962
7613
4259
6073
4344
6319
6829
4925
6196
7680
7321
6815
7225
5943
4987
7144
5345
4285
6272
6580
5402
4173
6056
4844
5607
6337
5597
5879
4438
6879
7526
5808
7914
5784
4960
6705
7086
6144
6447
7282
5457
7847
6882
5777
4886
5743
5939
5996
6000
6451
6059
4769
6638
5600
5560
4889
5792
6475
6516
6921
5698
5697
6519
5479
5419
6468
6355
6681
6550
5738
6221
4631
7585
7772
6672
5240
5367
7411
7402
6189
5234
6092
4490
4980
6997
5090
5560
5062
6762
4173
6326
5817
7296
7320
5460
6365
6391
6069
5783
5777
7087
5655
5320
5676
4177
4925
5538
6131
5527
5365
6789
6797
4995
5767
5359
4878
6076
5080
6040
5140
5273
7436
5350
4097
6429
6291
5043
6623
6157
6341
4790
6368
6118
6688
5620
5472
5741
6415
5203
7577
4751
4671
7147
7487
5757
5747
5620
6777
6819
5516
5752
6731
6654
6189
6683
6942
5282
4097
7090
8190
6639
7079
6980
7508
5603
4788
7331
5098
6933
4926
5067
7119
7527
5809
7808
7482
6728
8165
6747
8190
5318
4494
6610
4134
8190
6283
5048
7368
5538
4786
6238
7082
5196
7074
7182
4483
5531
4932
6733
5332
5264
6207
5639
5963
7754
5031
6776
4585
7099
4410
5328
5438
7351
5175
6186
6372
7006
6213
6177
6245
6631
5357
5684
5193
6763
4560
6528
7675
6868
4943
5918
5296
5594
6494
4097
6442
6465
8190
5949
5837
5298
7226
7542
5231
8190
5838
4965
6702
7237
6107
4779
6809
7433
6770
6480
5905
6173
5917
5798
6612
5992
5155
7594
5436
8190
7003
5585
6152
5288
7598
7604
5796
5480
5252
6197
4679
6817
4097
7300
8002
6966
5618
5523
5730
6031
5032
7968
4288
6355
6125
5659
5384
6477
6510
6345
5204
4760
4470
4496
5492
5395
5190
5181
5305
6642
4097
6205
5404
6803
5934
5446
6325
7295
5634
7439
5883
8023
6021
5394
6548
6735
7916
5144
5515
5382
6467
5224
5295
7250
6649
7433
6592
4824
5359
6451
7397
6148
4831
7092
5725
6115
5224
6925
4540
4750
5351
6625
6481
7185
4957
4960
4773
7027
6140
5380
5210
5849
4958
7271
7396
4981
5462
7568
7015
4466
6532
6648
4555
6722
6498
6487
5003
7006
6005
4379
4913
4206
5435
5969
4961
4664
5631
6148
6633
5578
6512
7501
6754
4738
5735
7023
7321
6629
5235
6152
6520
5849
5435
6889
6994
5906
7014
8155
5458
6953
6590
5930
5734
5779
5985
4944
6912
5035
8190
5861
8190
7460
6770
7578
5445
6278
6504
4497
5486
5548
5009
5537
6828
6522
7149
7558
6600
6677
6770
6054
7572
6798
5374
7611
6430
6732
6513
6384
6254
6283
6688
6524
4838
5322
6766
4848
5435
7530
6651
4289
4218
7888
5530
5040
4148
6099
6491
6315
6538
5647
4397
5920
6086
4097
6593
7057
8190
7662
7939
6492
6614
7577
7023
7268
7171
6283
6026
5362
6391
6599
6671
6520
5985
6417
8190
5528
7535
5600
5431
7324
4739
5968
6819
4968
5243
5663
6046
5904
5213
4833
6485
6178
6978
8023
6161
4711
4293
7498
7443
6332
6041
4097
6684
6365
6032
6601
5450
5393
6857
4666
5427
4317
6005
7401
6764
6706
4954
6913
5818
6808
5996
5410
6665
5524
5873
6476
5547
5867
5418
5673
5691
6403
4782
6095
6200
7169
6739
5416
4097
8018
6404
4369
6628
5711
4816
4568
6865
4850
4643
7009
6015
4097
7395
5784
5312
4986
5572
7950
4847
5732
7528
5475
4173
6181
4538
6777
6029
6914
5889
7005
8190
6541
5177
5762
6425
7142
4097
6128
5717
7699
5309
5947
5202
5272
5506
5755
6888
6217
6884
5035
5146
6219
6383
5697
5653
4776
5948
5620
6526
6485
6271
7691
7285
7501
6374
6365
5666
5157
6000
5702
5606
6912
5521
5988
5396
6514
7913
6512
6293
4895
5388
7207
7257
7173
5684
4617
5602
6699
7123
6819
6514
5494
5382
6003
6106
4888
5188
5422
6711
7978
5199
6266
6874
5861
6555
5698
7711
8012
7907
6249
6086
4753
7123
6698
5874
5526
5710
4880
6309
5356
5842
6844
5143
7718
6379
5730
4816
7308
7122
6364
7679
5499
8190
6813
6117
6012
6934
8190
5470
6455
4922
6291
5822
7611
7165
6485
6624
7160
6666
6084
5626
4316
5774
5769
7900
7340
7288
4197
6241
5391
7947
6335
6391
4790
6234
5199
6197
5350
5533
6741
5835
5854
5377
6052
7700
6904
4593
5964
7230
6665
7537
5024
5284
7953
5330
5292
5832
4175
6504
5262
6197
5810
6096
5025
6796
7275
5256
6503
7471
5502
8142
6235
5578
4893
6334
6290
8163
5005
5120
4097
4522
5146
6438
5300
7097
7141
5563
5677
6910
5088
5985
4812
7063
5747
4821
4929
6277
8067
4097
6101
6901
6947
6440
6429
5225
5772
6732
4632
6588
6507
6292
5119
6448
6500
6457
7191
5782
7419
6178
7091
6251
4698
5261
6157
5931
7097
4781
6466
6694
5240
4097
6809
6472
6788
5857
5018
7321
8146
6342
7830
5105
6397
5941
5959
6805
4097
7163
6694
7016
5232
7631
7072
6241
7368
8022
7945
6544
7206
6997
5787
7233
5751
6217
6317
6289
5421
6746
7087
6134
7075
5036
5529
6198
6915
6483
5047
5705
6270
7517
6706
6326
7468
6970
5977
6469
4995
6584
7068
5110
7679
5503
6171
5483
6914
5954
4598
8104
6785
6321
5980
6097
5601
5594
4879
6582
5354
7689
7288
6464
6702
6761
6509
6164
5829
6096
6491
5675
6188
6103
5674
6500
6861
5625
5719
6413
5695
5513
8190
7632
6976
6283
7668
6100
6955
7795
7112
4736
5868
4097
8152
4773
5110
6324
5129
7602
6355
6855
6399
4843
5397
7291
6245
5258
6660
6595
4406
6747
5375
5924
6390
6057
6693
7266
7374
8083
4097
5477
7556
6750
6560
7886
5334
5221
6752
4558
6279
6988
7404
7148
6403
8190
5757
7734
6192
6672
6418
4097
6524
6599
6335
7164
5849
6542
7597
6494
6635
5304
4881
5794
4097
4097
7860
5595
5877
5739
6555
6263
7602
5990
5225
6158
4881
6448
7226
5614
5862
5530
5182
6072
7324
5905
6697
5346
5122
5345
4710
5886
5520
5512
6249
6446
6338
6837
5304
6285
4097
6488
6971
6870
4699
4816
5032
7250
4892
6996
6929
6604
4367
6325
4577
7299
6641
8190
6978
4536
4172
7849
6225
7521
8190
7606
6785
4213
5317
5883
6826
6860
5030
8038
6543
6943
7384
5227
6960
5804
6251
7091
6582
6992
7959
6279
7246
7381
6801
6671
7064
5579
7246
4966
6838
4869
5484
4811
8095
4578
6918
5108
5591
5146
6577
5594
5673
6227
6093
6417
6193
4939
5528
6848
4295
5449
5250
6171
7757
8190
6646
7487
5373
7655
8008
6438
6176
6339
7232
5752
6690
7394
6652
6388
6278
6711
5662
5440
4356
6820
5997
5288
6486
7074
5596
7100
7284
5725
4097
6754
8190
5894
5310
5302
7023
5638
5541
6131
5538
5808
5498
5793
5692
4733
5143
4097
7379
7032
6420
6561
5335
7097
4944
7588
5295
6313
6164
6211
6281
7350
6427
6943
5278
7530
6274
6704
6003
5754
6761
5957
6446
6088
5327
5251
4802
5769
5028
6400
4572
5955
5275
6248
7772
6011
6770
4097
5976
6580
6772
4489
7105
7237
7217
6446
6231
7151
7168
5172
6526
6739
6110
5623
7864
7013
7204
6051
5519
6269
5430
4097
5311
7199
4739
7355
5476
6249
6984
5806
5380
6255
4097
4957
6986
6030
4603
7146
4685
6795
6680
6881
4097
6317
5675
5314
5910
5752
6660
4702
6441
6921
5481
4097
7389
4534
5991
5154
5332
4701
4163
5528
5126
6029
4271
4629
6244
5393
6916
6093
6060
5988
5924
6424
5585
5674
6269
7248
5174
4775
6815
4808
6707
5924
6091
7389
6487
7540
6437
4860
5685
6462
6673
6780
5618
6432
7226
6518
6998
7102
6256
5687
5442
6490
7336
5645
4097
7994
6899
4659
6892
5728
7621
8190
4773
6116
4569
5428
5060
6031
5698
5897
4097
4866
4645
5905
5631
6098
6478
5437
5813
5594
4582
6498
5866
7499
6922
7073
5011
6554
7368
4367
7176
4097
7547
5431
6296
6849
6695
7483
5378
5806
6145
5904
6836
8190
4541
6440
5781
4097
6184
5513
6493
5441
5928
6708
5799
6507
6846
6928
5542
6156
5664
6479
7057
5921
4496
7410
5999
4862
5549
7613
6829
7092
5462
5132
5071
6602
6511
6811
6345
5784
6010
6959
5214
4097
5932
5896
6576
6791
6199
7123
7380
4765
6558
6670
7224
4752
6393
5981
5152
5767
4250
7237
7075
7346
6148
7180
6717
6440
7655
5310
6392
4897
6645
6575
6512
6234
8190
6075
5730
6159
6729
5858
5113
4779
7787
6577
5829
5804
6859
4923
6020
6665
4097
6487
5367
8190
6084
7412
6245
7485
6606
6227
6113
5678
6019
6576
4498
6525
6682
5534
4957
7962
5398
5575
5740
5956
8190
4663
6342
5898
4870
5476
4484
7596
7614
6195
7227
4224
5339
7789
8190
6705
6002
4809
7039
5701
5603
6784
6752
6610
4134
6626
4669
7360
4925
6571
6298
6276
6263
6027
5787
5743
6142
6334
7316
4633
6364
5284
6605
5716
5553
6605
6698
6552
7658
6776
6148
5438
6596
5750
6457
6972
5218
7455
7211
5198
8190
5626
6693
4510
6309
5356
6086
5381
7945
5962
6268
6644
7055
6753
6500
4220
7817
5788
6399
5360
7050
6128
7222
6360
5318
6050
6520
6435
6593
7026
6538
7404
7102
6232
6429
6588
6604
6655
5513
8190
8013
7207
5723
5674
6781
4111
5151
5693
6111
6242
5568
4977
6521
5497
6585
5904
6198
5198
6471
6431
7374
6184
6028
6150
7560
6562
7615
6514
5974
6837
7492
7249
5040
6195
6624
8190
6613
7211
5426
6887
6684
6711
6585
7493
6870
5165
6378
6253
5182
6512
6875
5894
5499
5245
6565
6561
7414
6536
6438
7004
8067
6882
6275
5027
6832
5436
4693
6023
4129
5400
5222
6513
6511
5894
7317
8190
5693
6579
6257
5772
5406
5507
6008
7297
6881
5832
5992
7037
4510
4171
6088
7879
6839
8089
7160
7646
6754
5880
5416
7014
6522
6463
6159
6580
5459
6084
6731
5315
7972
5584
5096
6039
7535
7026
6210
7231
4994
6634
5629
7931
4097
6708
7328
4924
6091
6165
4230
8170
5715
7881
5571
4968
7850
6451
6960
4590
4531
5410
4746
4501
7612
6000
5839
6741
6483
6247
4733
4555
4607
4789
5801
6044
6725
5302
4935
6836
5830
5372
5533
5410
6751
6516
8190
6097
6971
6261
6287
5192
5673
4838
6220
5433
5763
6373
6294
6156
6508
5000
6000
5695
6729
5843
7824
5217
4924
5594
4578
6732
4594
6863
5736
5530
6513
5574
5873
5347
8169
6560
5303
5662
6769
7769
5426
6049
5721
4387
4646
5081
4538
6304
5823
5124
4872
6938
6146
7715
7161
6590
5482
5492
5558
6970
6816
5214
7426
4202
5591
5890
6082
4592
6144
5362
6461
7732
6560
5621
4846
4861
5546
6917
6866
8003
5776
4310
5709
7396
4097
6534
6980
6064
6258
5431
5661
6613
7254
7066
5228
5242
5937
6437
6734
6982
6417
5955
4926
4686
5587
5551
6544
5609
6725
7396
5312
6614
6661
6507
6294
5409
7574
5561
6179
7546
6476
6531
6533
5557
5581
6453
5731
5145
7176
6262
6801
4428
6705
5698
5417
5860
6889
7876
4785
4546
5391
5520
4847
5076
6564
6022
5081
5722
7252
6949
5845
4654
4670
5715
5224
7345
6539
6516
5968
5209
6809
5589
6060
6941
7941
7490
7012
6829
7605
5082
5899
5976
5217
4972
6831
5684
6915
5389
6893
4996
6720
6570
6671
5306
6486
6834
5639
8190
6196
6564
6008
5963
7232
5092
6382
7027
6066
7067
5100
6882
6539
6296
6274
5911
6984
7450
5834
7217
6334
6116
8190
6759
8190
4603
5927
5243
6029
6073
5947
6675
6481
5519
5206
5985
8190
5104
5403
5489
6113
4836
5950
7866
7358
6247
5355
5200
7121
7333
6806
6492
4707
4426
5563
6212
7045
6326
7247
5512
6920
6038
5780
4894
7068
6538
6736
6424
7017
8190
5427
6778
6244
4281
6769
7757
6655
6588
4596
6047
6354
5972
6894
7392
5733
5426
6055
5285
5794
6791
4803
5461
7440
6532
6210
6026
6503
5481
6556
6657
6160
5296
8190
6814
7076
6129
6551
5188
6183
5899
4963
7704
6670
5207
7058
5768
8058
7614
7598
6306
6792
6221
5590
7421
8190
7454
4582
4597
6960
4924
4900
4176
7418
8190
5407
4288
7864
6856
6049
5733
4097
5353
7605
8190
7558
6276
7401
4556
5470
6395
6605
4580
5256
6648
5311
5726
6265
5612
5158
4950
6456
6237
6182
6797
5983
6011
7412
4944
7740
5942
4097
4097
6321
5020
4526
4942
5782
2537
12088
10690
5023
14015
10429
7164
3976
9660
12418
11117
8052
7423
4993
3630
6977
5286
7591
1992
13014
9494
7443
4251
9785
6510
2828
601
6197
9676
10768
6394
293
7935
10568
5178
13899
3262
4287
9303
4305
9556
8347
2899
7298
5332
4833
10751
12601
3149
7574
1515
1428
10699
12504
9072
9511
14032
13827
7169
5050
10031
4657
10972
12730
2559
13933
4345
1860
3144
4299
11731
9828
13172
1089
462
7530
2978
12576
13541
12322
9471
341
12741
9792
4010
2988
10813
4686
4391
6363
11588
11888
12691
8943
2298
12887
1985
5027
9170
12358
2969
13474
3820
7279
6857
7427
11782
8405
176
7659
8160
10271
1172
5276
2983
369
7933
12377
12895
11594
6537
4445
4661
362
13815
4762
10563
7595
11623
5226
12088
13429
7295
2035
11111
13926
10939
11197
13705
8513
2407
10685
10290
14246
9863
12834
8787
3632
4331
9973
12158
6399
13347
6905
10286
13882
11878
4695
466
13430
11111
170
13145
969
12745
46
8811
10267
12332
13938
12819
6652
12562
10281
11054
6433
14139
6173
9023
10993
11014
9692
1977
1355
2088
12921
12868
2945
11313
513
13582
13477
13793
13230
2616
837
8797
8637
2281
12877
5956
9726
4575
13879
4729
9951
13524
805
8199
6364
10655
10832
5137
9059
13716
3351
3904
2949
344
5492
5359
14131
1726
447
13552
1502
6195
13738
5324
7134
4716
10529
683
7832
6100
12822
8654
13724
11673
13592
10956
11433
2077
3017
7706
4770
6494
6989
8630
11507
2221
7076
2527
11020
9095
10196
10524
12416
6951
10238
6287
8807
13723
11680
9089
8290
13521
212
12743
206
12921
13199
12298
6743
9650
2930
2886
13127
2811
1047
10716
13927
4625
12647
6471
3134
3065
8383
13598
5323
3688
126
12114
8946
10816
9988
9605
4543
7135
7445
13584
11398
211
1910
12381
2957
3883
2140
13529
7088
5856
13959
12049
892
7235
11295
5795
7501
12697
874
13761
1909
531
5410
12241
4817
3612
13313
14090
6797
8296
1503
8884
2173
13554
10190
9886
10391
1974
1630
5078
12258
11227
9100
12744
6911
10053
382
7481
2202
11957
11854
11357
12979
922
4091

