14243
14326
14362
14373
14249
14251
14417
14141
14274
14392
14318
14303
14427
14391
14196
14382
14313
14094
14441
14303
14425
14362
14232
14373
14198
14312
14124
14260
14412
14282
14398
14483
14484
14368
14398
14377
14387
14322
14429
14526
14171
14269
14364
14361
14342
14350
14387
14441
14175
14371
14352
14473
14346
14303
14461
14220
14259
14486
14245
14369
14244
14375
14296
14187
14398
14289
14344
14554
14359
14304
14360
14414
14575
14320
14446
14090
14353
14298
14364
14211
14330
14491
14110
14319
14283
14163
14443
14380
14382
14361
14299
14266
14269
14322
14308
14419
14534
14368
14293
14227
14251
14210
14259
14325
14250
14440
14350
14232
14261
14361
14174
14255
14301
14009
14184
14159
14323
14336
14484
14461
14473
14345
14240
14293
14431
14356
14415
14153
14390
14298
14264
14174
14426
14365
14239
14333
14386
14270
14307
14337
14372
14303
14308
14304
14373
14289
14350
14327
14393
14420
14485
14074
14436
14352
14332
14234
14453
14336
14361
14369
14294
14175
14315
14274
14242
14399
14479
14524
14260
14404
14212
14306
14310
14355
14401
14114
14319
14356
14147
14317
14378
14256
14311
14357
14237
14375
14333
14399
14220
14353
14327
14208
14325
14124
14413
14385
14385
14420
14139
14412
14277
14252
14275
14236
14356
14342
14567
14443
14323
14439
14374
14291
14340
14188
14146
14389
14285
14398
14520
14413
14210
14417
14170
14258
14245
14262
14346
14369
14351
14194
14183
14309
14395
14229
14346
14362
14251
14429
14418
14354
14379
14173
14420
14235
14221
14321
14400
14486
14416
14327
14392
14450
14356
14281
14455
14370
14416
14375
14147
14400
14239
14285
14126
14400
14499
14375
14318
14396
14319
14421
14451
14266
14454
14387
14293
14429
14261
14285
14438
14135
14321
14183
14422
14199
14337
14310
14419
14464
14460
14239
14378
14206
14281
14209
14667
14413
14288
14319
14192
14436
14289
14353
14215
14269
14422
14441
14137
14408
14438
14537
14448
14294
14395
14364
14190
14306
14309
14477
14243
14256
14479
14418
14173
14392
14381
14472
14313
14334
14393
14389
14390
14364
14073
14287
14320
14353
14207
14349
14248
14305
14360
14261
14359
14360
14448
14473
14287
14145
14439
14322
14569
14409
14265
14371
14266
14346
14477
14364
14430
14176
14197
14420
14176
14307
14200
14333
14367
14465
14547
14241
14339
14297
14320
14365
14417
14308
14431
14218
14480
14268
14054
14364
14348
14416
14377
14362
14317
14367
14383
14327
14263
14349
14156
14331
14399
14526
14298
14326
14448
14262
14260
14289
14266
14297
14333
14302
14315
14114
14363
14392
14446
14452
14081
14478
14423
14321
14283
14421
14547
14314
14416
14415
14276
14185
14312
14355
14448
14376
14436
14298
14336
14302
14388
14256
14460
14294
14405
14530
14240
14409
14375
14272
14265
14319
14320
14387
14406
14335
14480
14443
14236
14208
14484
14448
14337
14247
14208
14239
14423
14300
14266
14333
14246
14399
14381
14175
14374
14297
14443
14312
14265
14331
14312
14386
14112
14362
14391
14284
14265
14202
14309
14250
14315
14365
14391
14257
14187
14461
14142
14325
14363
14149
14322
14511
14409
14289
14415
14409
14308
14422
14344
14266
14285
14169
14207
14311
14320
14405
14419
14248
14336
14293
14538
14379
14217
14230
14321
14221
14512
14240
14304
14609
14230
14267
14229
14095
14460
14323
14423
14344
14353
14373
14158
14375
14090
14350
14199
14367
14161
14271
14220
14347
14445
14327
14252
14315
14383
14265
14419
14236
14246
14199
14268
14384
14327
14323
14256
14414
14441
14448
14432
14416
14254
14391
14424
14469
14422
14303
14404
14598
14385
14033
14420
14297
14195
14425
14257
14306
14094
14335
14424
14304
14237
14346
14363
14351
14321
14127
14365
14259
14340
14260
14341
14288
14243
14399
14283
14407
14266
14148
14272
14332
14502
14585
14332
14413
14425
14463
14163
14160
14331
14526
14298
14240
14352
14434
14387
14243
14521
14422
14410
14406
14315
14369
14556
14374
14442
14346
14271
14264
14281
14359
14371
14154
14202
14178
14576
14377
14450
14270
14427
14323
14282
14469
14321
14244
14435
14183
14411
14381
14361
14452
14447
14290
14301
14408
14264
14250
14612
14270
14275
14485
14418
14294
14287
14201
14155
14121
14325
14425
14175
14281
14174
14428
14518
14264
14391
14320
14461
14403
14359
14248
14462
14245
14451
14427
14257
14211
14381
14336
14507
14160
14446
14289
14311
14430
14157
14302
14551
14452
14407
14330
14295
14214
14306
14244
14341
14231
14281
14537
14397
14356
14193
14250
14411
14429
14505
14242
14403
14411
14172
14210
14267
14456
14235
14356
14307
14446
14465
14384
14276
14403
14270
14299
14237
14325
14417
14432
14257
14294
14497
14368
14318
14378
14425
14353
14347
14300
14150
14403
14467
14188
14225
14320
14424
14411
14274
14404
14440
14250
14390
14298
14296
14544
14183
14399
14581
14456
14239
14242
14403
14353
14235
14316
14244
14347
14229
14359
14488
14350
14444
14239
14476
14431
14575
14174
14292
14228
14315
14298
14331
14343
14318
14302
14309
14396
14178
14329
14359
14315
14178
14314
14338
14163
14287
14377
14343
14449
14363
14339
14026
14168
14438
14418
14415
14340
14114
14296
14242
14449
14159
14372
14268
14401
14287
14301
14319
14382
14401
14317
14223
14180
14212
14292
14575
14428
14372
14356
14118
14378
14300
14369
14309
14247
14352
14395
14209
14381
14329
14401
14257
14343
14310
14262
14308
14296
14220
14264
14511
14227
14370
14374
14329
14348
14209
14125
14336
14442
14280
14437
14484
14467
14317
14319
14383
14254
14340
14358
14464
14297
14266
14480
14210
14367
14394
14298
14188
14329
14279
14288
14373
14223
14316
14148
14221
14384
14521
14367
14195
14355
14262
14155
14223
14280
14426
14391
14216
14324
14303
14231
14349
14238
14292
14157
14187
14302
14269
14571
14352
14310
14375
14425
14478
14401
14269
14317
14298
14286
14436
14312
14275
14340
14221
14439
14485
14220
14418
14511
14215
14449
14330
14178
14378
14311
14241
14403
14284
14204
14466
14335
14188
14398
14456
14364
14300
14261
14398
14099
14461
14274
14292
14192
14156
14261
14418
14299
14316
14222
14295
14135
14312
14304
14244
14346
14123
14197
14362
14324
14198
14369
14307
14332
14360
14389
14411
14158
14415
14461
14372
14428
14248
14346
14312
14466
14164
14425
14322
14555
14149
14419
14193
14347
14362
14392
14329
14331
14287
14311
14265
14296
14237
14354
14223
14532
14369
14525
14317
14512
14396
14195
14409
14453
14375
14214
14448
14409
14327
14224
14420
14451
14351
14267
14377
14330
14282
14281
14241
14265
14410
14189
14426
14398
14369
14366
14406
14232
14193
14141
14413
14193
14180
14174
14521
14344
14224
14172
14446
14321
14263
14236
14490
14351
14268
14377
14372
14282
14348
14435
14365
14309
14402
14491
14406
14304
14250
14257
14264
14393
14402
14333
14298
14324
14377
14315
14457
14525
14502
14217
14241
14285
14461
14204
14333
14414
14202
14301
14263
14290
14591
14348
14240
14353
14341
14431
14209
14416
14265
14429
14332
14214
14525
14271
14202
14442
14439
14214
14477
14293
14264
14348
14233
14319
14364
14339
14429
14418
14263
14358
14326
14378
14339
14169
14288
14341
14340
14259
14115
14272
14455
14266
14138
14372
14498
14249
14339
14228
14281
14228
14296
14194
14534
14059
14383
14444
14325
14405
14372
14535
14369
14555
14311
14154
14365
14130
14527
14231
14323
14345
14446
14246
14145
14447
14176
14305
14187
14406
14300
14210
14391
14248
14157
14345
14364
14291
14542
14294
14389
14510
14416
14275
14494
14313
14276
14201
14214
14225
14337
14179
14270
14337
14382
14241
14570
14269
14456
14308
14303
14249
14270
14274
14410
14466
14452
14418
14356
14195
14380
14411
14350
14261
14273
14348
14406
14232
14412
14198
14203
14507
14369
14303
14377
14516
14444
14174
14233
14243
14408
14029
14429
14337
14415
14378
14351
14320
14321
14359
14279
14280
14443
14321
14141
14206
14062
14407
14471
14449
14272
9735
21074
10204
266
11513
21426
32
21603
15651
10157
14806
2221
12092
8034
1416
19577
2641
15714
13749
18383
12798
8064
7423
18035
13470
1685
9264
10917
2118
3142
4594
9986
5389
5584
2243
21577
18914
5905
15874
129
18340
21761
1557
6021
4288
3293
21722
3007
3632
12515
8730
1212
6552
14754
19269
21116
10733
11500
11147
7882
12644
2667
18149
11936
13709
8890
6289
12853
2999
9226
16924
2522
6403
21076
14194
18664
2141
15982
4581
14239
3151
1084
3297
13866
6719
22426
7198
21358
15501
12892
7886
749
4288
15234
7595
5144
54
17287
12930
4155
6423
3668
21532
3578
15722
8092
4745
6978
2679
16958
8829
6533
4304
14595
16150
9685
721
21766
3761
14319
14739
16394
4921
11347
14040
20663
7187
10847
7078
22521
4705
18850
12500
8658
2091
11435
12365
11340
15170
11786
22565
22527
22500
22465
22584
22642
22570
22347
22492
22554
22422
22550
22480
22497
22419
22604
22342
22492
22536
22593
22517
22484
22405
22523
22510
22522
22659
22571
22588
22356
22493
22293
22622
22549
22619
22614
22395
22452
22519
22459
22460
22336
22592
22400
22497
22479
22692
22587
22605
22677
22490
22505
22578
22678
22514
22458
22615
22594
22576
22444
22607
22463
22781
22516
22622
22449
22485
22603
22652
22605
22610
22595
22490
22439
22479
22531
22663
22551
22529
22537
22450
22677
22587
22544
22534
22483
22627
22479
22518
22427
22473
22347
22625
22653
22559
22551
22482
22535
22526
22422
22489
22647
22439
22764
22483
22497
22606
22375
22471
22636
22620
22583
22558
22296
22578
22531
22535
22379
22748
22502
22380
22632
22476
22750
22482
22490
22467
22666
22471
22488
22428
22538
22736
22518
22326
22534
22415
22614
22521
22676
22346
22733
22400
22630
22438
22487
22472
22555
22499
22449
22596
22549
22440
22495
22575
22476
22472
22445
22669
22463
22598
22488
22542
22437
22428
22225
22789
22450
22554
22571
22488
22684
22534
22429
22300
22463
22551
22533
22617
22552
22525
22571
22648
22473
22616
22549
22493
22568
22457
22638
22817
22491
22687
22633
22377
22523
22492
22551
22469
22612
22465
22478
22580
22561
22404
22414
22653
22347
22469
22665
22454
22427
22540
22627
22536
22592
22490
22542
22617
22572
22642
22527
22543
22639
22386
22526
22425
22455
22528
22557
22522
22445
22458
22434
22413
22590
22521
22417
22399
22452
22484
22651
22524
22651
22592
22368
22417
22472
22611
22505
22476
22461
22549
22637
22467
22481
22523
22542
22486
22439
22486
22708
22622
22488
22431
22447
22418
22372
22430
22456
22465
22632
22573
22410
22652
22449
22539
22506
22543
22524
22312
22420
22691
22436
22671
22409
22514
22531
22542
22528
22548
22434
22520
22697
22434
22650
22637
22681
22511
22532
22615
22647
22466
22323
22517
22623
22472
22619
22456
22514
22476
22623
22534
22555
22579
22371
22672
22542
22651
22554
22640
22462
22496
22678
22432
22570
22534
22584
22373
22584
22339
22196
22583
22607
22631
22413
22562
22410
22718
22709
22395
22562
22572
22554
22483
22689
22584
22459
22409
22300
22529
22381
22513
22444
22706
22382
22555
22474
22697
22480
22589
22585
22568
22493
22516
22368
22589
22548
22565
22423
22629
22698
22392
22461
22583
22586
22616
22568
22560
22455
22645
22659
22685
22551
22540
22477
22581
22415
22664
22487
22582
22560
22516
22644
22539
22552
22432
22487
22597
22507
22484
22414
22509
22483
22646
22528
22225
22492
22500
22520
22421
22406
22595
22582
22599
22571
22636
22538
22440
22539
22452
22317
22476
22362
22623
22552
22420
22608
22619
22439
22407
22585
22551
22675
22649
22525
22749
22645
22606
22588
22712
22528
22366
22517
22603
22536
22550
22405
22482
22583
22476
22377
22605
22579
22480
22635
22713
22567
22571
22700
22431
22492
22539
22761
22413
22318
22538
22660
22489
22544
22424
22357
22537
22535
22402
22552
22608
22542
22364
22579
22674
22521
22689
22517
22658
22673
22691
22531
22549
22484
22629
22571
22536
22470
22670
22532
22653
22561
22668
22503
22350
22513
22446
22494
22505
22566
22494
22540
22579
22487
22558
22605
22487
22595
22416
22568
22539
22395
22764
22449
22342
22573
22285
22629
22579
22596
22359
22643
22457
22638
22462
22496
22509
22538
22558
22705
22555
22362
22354
22551
22514
22469
22487
22370
22662
22537
22447
22601
22658
22447
22558
22631
22569
22612
22475
22590
22562
22322
22416
22778
22702
22639
22553
22633
22520
22508
22556
22550
22442
22610
22403
22488
22634
22565
22480
22699
22579
22478
22651
22622
22479
22658
22499
22492
22580
22542
22524
22590
22531
22606
22337
22488
22420
22441
22286
22409
22585
22388
22671
22714
22375
22491
22747
22399
22475
22410
22491
22617
22472
22435
22671
22772
22399
22443
22495
22646
22490
22338
22518
22467
22468
22347
22408
22378
22590
22513
22604
22593
22586
22517
22437
22411
22501
22477
22443
22523
22563
22588
22671
22554
22345
22439
22504
22631
22294
22455
22595
22446
22612
22466
22789
22539
22470
22505
22828
22643
22568
22364
22543
22526
22548
22465
22343
22592
22610
22626
22561
22585
22448
22612
22393
22535
22566
22539
22391
22484
22578
22446
22401
22461
22424
22487
22491
22573
22403
13960
17801
15818
2418
15975
15171
978
17932
15754
4031
14015
1381
12384
7089
8960
3446
10083
1121
292
6501
13386
3624
18331
1808
12006
16118
9392
3612
17881
3714
16159
2986
1402
18299
4732
12486
8932
5956
15536
5733
7046
6423
9648
2250
4743
4644
10070
599
8439
5581
16507
10804
16598
1706
17121
5542
9060
3091
1159
4421
2952
12766
4672
10562
615
16653
8601
7019
7297
8808
3945
3370
10023
10459
3893
6417
18455
18476
18270
18377
18603
18384
18198
18477
18514
18513
18431
18497
18309
18290
18354
18313
18609
18358
18516
18505
18258
18487
18386
18545
18435
18510
18460
18553
18470
18346
18683
18479
18425
18300
18534
18288
18551
18462
18536
18451
18497
18282
18330
18485
18421
18407
18534
18533
18559
18261
18416
18314
18491
18523
18444
18446
18357
18471
18288
18272
18320
18463
18361
18291
18303
18404
18389
18382
18604
18405
18344
18347
18404
18617
18425
18336
18411
18474
18440
18288
18452
18361
18389
18371
18439
18397
18643
18380
18444
18454
18522
18442
18387
18283
18379
18443
18323
18405
18360
18431
18287
18448
18228
18419
18529
18401
18644
18337
18614
18482
18445
18259
18350
18521
18382
18371
18287
18471
18506
18421
18556
18379
18457
18427
18562
18404
18439
18470
18576
18483
18402
18301
18424
18446
18431
18408
18553
18444
18505
18397
18294
18502
18347
18529
18420
18514
18307
18481
18251
18299
18233
18357
18492
18440
18495
18423
18655
18267
18300
18528
18197
18554
18553
18244
18529
18578
18542
18472
18376
18401
18567
18299
18367
18514
18563
18345
18384
18340
18404
18469
18338
18323
18398
18410
18389
18334
18520
18476
18311
18522
18347
18474
18245
18404
18619
18533
18459
18363
18261
18353
18510
18602
18398
18224
18564
18263
18483
18514
18370
18253
18237
18377
18448
18390
18407
18463
18449
18405
18504
18327
18530
18332
18582
18401
18341
18399
18289
18573
18499
18596
18416
18494
18458
18244
18524
18417
18470
18507
18585
18386
18473
18356
18356
18535
18242
18272
18451
18291
18374
18400
18406
18451
18609
18472
18547
18455
18464
18441
18251
18367
18430
18254
18344
18399
18397
18342
18354
18430
18537
18545
18520
18495
18527
18532
18514
18391
18470
18604
18452
18454
18360
18469
18533
18477
18346
18559
18369
18438
18357
18458
18628
18402
18297
18395
18431
18392
18323
18344
18443
18366
18509
18573
18660
18474
18325
18276
18367
18491
18229
18571
18713
18587
18291
18372
18410
18447
18545
18557
18567
18602
18564
18369
18361
18544
18406
18509
18598
18467
18440
18409
18533
18286
18456
18664
18501
18545
18415
18336
18520
18384
18328
18548
18297
18282
18644
18478
18292
18545
18481
18502
18498
18480
18536
18482
18306
18570
18377
18242
18498
18331
18309
18487
18432
18441
18210
18413
18707
18649
18532
18567
18370
18253
18487
18490
18589
18382
18393
18422
18401
18476
18261
18323
18489
18464
18685
18543
18397
18600
18375
18284
18352
18535
18401
18358
18391
18539
18458
18546
18477
18464
18350
18502
18442
18465
18580
18391
18495
18382
18369
18423
18315
18341
18511
18349
18493
18335
18438
18427
18464
18351
18512
18274
18426
18497
18340
18413
18411
18526
18450
18487
18461
18486
18476
18452
18442
18475
18471
18449
18385
18555
18429
18445
18533
18500
18423
18418
18350
18339
18332
18425
18511
18430
18401
18535
18308
18419
18421
18583
18527
18421
18427
18415
18472
18466
18328
18523
18420
18529
18361
18509
18402
18337
18602
18249
18579
18344
18417
18365
18491
18542
18297
18454
18521
18340
18213
18453
18577
18343
18396
18522
18387
18388
18379
18459
18325
18389
18526
18240
18459
18523
18464
18244
18496
18448
18384
18388
18393
18425
18511
18321
18475
18372
18340
18323
18450
18428
18460
18583
18523
18294
18523
18471
18390
18353
18527
18262
18603
18358
18378
18565
18404
18412
18465
18372
18408
18411
18378
18462
18417
18381
18470
18540
18431
18472
18401
18353
18393
18569
18423
18476
18319
18271
18634
18334
18421
18327
18327
18403
18537
18434
18352
18390
18364
18425
18390
18576
18517
18462
18403
18262
18479
18445
18616
18548
18549
18456
18375
18191
18537
18514
18498
18467
18165
18388
18443
18489
18447
18485
18541
18553
18527
18501
18263
18637
18565
18495
18442
18524
18391
18510
18544
18521
18429
18429
18463
18428
18565
18643
18236
18331
18341
18303
18550
18504
18524
18423
18537
18542
18511
18550
18245
18409
18329
18415
18549
18655
18284
18446
18462
18525
18424
18220
18447
18364
18336
18417
18627
18461
18633
18564
18447
18676
18588
18429
18371
18265
18504
18408
18263
18424
18284
18484
18440
18344
18560
18442
18375
18385
18444
18534
18423
18511
18580
18564
18429
18392
18533
18403
18364
18486
18179
18435
18350
18369
18398
18582
18292
18392
18461
18372
18400
18352
18652
18384
18356
18520
18419
18412
18327
18469
18504
18594
18463
18329
18515
18584
18530
18413
18478
18443
18450
18507
18484
18450
18404
18545
18499
18412
18467
18590
18406
18419
18280
18459
18445
18340
18610
18223
18566
18458
18513
18342
18588
18325
18498
18399
18536
18452
18544
18560
18511
18614
18474
18588
18402
18415
18443
18370
18484
18309
18354
18477
18349
18424
18317
18484
18392
18521
18724
18391
18455
18305
18514
18493
18389
18281
18316
18442
18181
18396
18449
18482
18418
18475
18621
18509
18398
18624
18423
18388
18362
18359
18359
18343
18548
18504
18451
18471
18414
18417
18459
18485
18550
18310
18348
18474
18500
18360
18389
18463
18266
18388
18609
18374
18389
18469
18456
18477
18279
18390
18274
18275
18429
18399
18327
18422
18393
18551
18343
18473
18358
18265
18700
18282
18338
18352
18477
18336
18372
18595
18377
18588
18378
18499
18275
18256
18400
18489
18358
18489
18615
18370
18568
18294
18531
18352
18287
18320
18511
18291
18442
18626
18429
18544
18360
18336
18481
18399
18412
18521
18431
18352
18496
18456
18420
18344
18454
18404
18382
18398
18279
18548
18362
18414
18420
18259
18407
18390
18494
18448
18333
18512
18341
18507
18544
18419
18203
18451
18472
18355
18581
18469
18362
18360
18514
18438
18537
18334
18487
18456
18465
18243
18448
18528
18524
18417
18271
18311
18425
18333
18457
18548
18441
18344
18365
18420
18658
18274
18293
18323
18324
18373
18344
18515
18383
18273
18347
18557
18496
18491
18346
18366
18529
18457
18288
18427
18295
18268
18572
18229
18423
18334
18430
18377
18468
18501
18293
18560
18363
18307
18499
18396
18425
18510
18606
18220
18477
18531
18387
18542
18438
18614
18511
18466
18394
18439
18351
18519
18526
18535
18438
18552
18649
18274
18469
18428
18472
18621
18401
18421
18391
18435
18403
18384
18464
18651
18242
18220
18324
18493
18414
18325
18365
18248
18509
18520
18359
18436
18470
18517
18510
18414
18381
18324
18437
18509
18255
18369
18429
18471
18502
18246
18374
18471
18328
18472
18341
18500
18421
18183
18383
18289
18281
18568
18585
18496
18425
18482
18488
18524
18499
18436
18446
18461
18474
18431
18246
18403
18412
18605
18529
18639
18359
18392
18494
18624
18348
18311
18490
18449
18478
18270
18562
18546
18531
18606
18467
18272
18492
18648
18386
18633
18253
18380
18320
18437
18404
18376
18515
18403
18513
18523
18311
18549
18493
18447
18338
18526
18421
18327
18425
18462
18558
18426
18288
18233
18661
18593
18337
18429
18481
18379
18371
18355
18619
18451
18391
18591
18398
18414
18415
18219
18394
18614
18363
18498
18371
18578
18622
18386
18509
18430
18316
18463
18326
18401
18402
18316
18370
18652
18326
18367
18359
18446
18386
18563
18627
18594
18279
18377
18485
18349
18564
18333
18469
18365
18432
18388
18493
18529
18305
18507
18290
18560
18332
18132
18391
18395
18400
18310
18551
18590
18558
18502
18378
18498
18556
18443
18309
18422
18289
18408
18307
18321
18321
18442
18136
18333
18424
18384
18288
18434
18494
18442
18323
18591
18539
18313
18465
18453
18514
18366
18712
18446
18251
18545
18461
18354
18263
18401
18476
18619
18464
18489
18312
18362
18349
18434
18423
18341
18435
18440
18396
18488
18433
18317
18372
18392
18426
18255
18465
18429
18359
18497
18356
18418
18336
18338
18540
18484
18321
18460
18523
18445
18488
18316
18418
18284
18488
18580
18553
18486
18400
18449
18501
18399
18474
18326
18496
18368
18457
18354
18510
18266
18580
18470
18326
18323
18336
18378
18412
18258
18441
18635
18506
18322
18464
18518
18287
18407
18534
18323
18397
18634
18242
18561
18459
18443
18432
18467
18461
18316
18458
18258
18463
18488
18381
18426
18446
18399
18532
18453
18571
18205
18510
18480
18459
18389
18444
18326
18456
18446
18321
18530
18428
18436
18304
18384
18456
18426
18317
18543
18421
18553
18425
18388
18417
18675
18406
18454
18478
18568
18399
18508
18409
18341
18505
18295
18331
18425
18479
18559
18386
18423
18373
18462
18312
18428
18622
18578
18553
18457
18381
18253
18375
18471
18229
18370
18478
18552
18567
18477
18432
18316
18546
18625
18506
18453
18557
18489
18387
18464
18296
18479
18496
18261
18577
18505
18539
18454
18318
18156
18470
18468
18405
18395
18388
18491
18439
18395
18519
18598
18492
18402
18449
18413
18622
18297
18643
18275
18393
18364
18659
18482
18347
18366
18396
18451
18554
18502
18500
18302
18525
18435
18426
18443
18377
18564
18271
18406
18342
18615
18445
18619
18451
18405
18458
18416
18481
18574
18493
18389
18561
18485
18316
18476
18472
18253
18428
18447
18428
18377
18353
18503
18475
18418
18262
18334
18304
18404
18334
18525
18370
18387
18469
18323
18557
18297
18354
18345
18503
18225
18511
18371
18394
18292
18413
18368
18532
18331
18508
18310
18322
18282
18465
18438
18495
18322
18320
18449
18280
18408
18528
18495
18443
18360
18416
18546
18442
18390
18288
18507
18353
18437
18381
18612
18318
18376
18422
18364
18378
18504
18370
18443
18351
18398
18423
18412
18635
18593
18464
18355
18463
18233
18319
18590
18390
18397
18349
18348
18407
18410
18311
18331
18619
18325
18522
18580
18595
18537
18439
18536
18529
18463
18386
18454
18368
18299
18439
18545
18462
18480
18336
18286
18528
18479
18486
18448
18583
18361
18354
18448
18307
18453
18489
18433
18346
18402
18334
18491
18552
18427
18588
18453
18657
18514
18668
18522
18335
18396
18342
18438
18472
18472
18363
18483
18517
18518
18321
18390
18567
18354
18590
18373
18583
18431
18350
18403
18430
18649
18493
18463
18668
18385
18489
18401
18428
18468
18447
18493
18693
18482
18523
18485
18386
18447
18369
18445
18448
18516
18331
18360
18192
18405
18353
18662
18507
18436
18389
18489
18529
18564
18462
18550
18278
18342
18403
18325
18455
18489
18307
18484
18362
18559
18241
18472
18598
18558
18519
18445
18617
18447
18361
18509
18466
18592
18559
18328
18434
18498
18467
18414
18488
18225
18339
18516
18377
18490
18436
18241
18430
18449
18370
18500
18546
18294
18475
18368
18482
18317
18422
18468
18333
18325
18548
18417
18456
18401
18585
18629
18463
18548
18558
18440
18312
18454
18627
18445
18302
18436
18454
18373
18415
18378
18550
18340
18612
18432
18396
18559
18370
18478
18399
18325
18294
18358
18360
18535
18356
18418
18463
18373
18297
18635
18447
18399
18293
18397
18447
18422
18438
18267
18634
18301
18441
18326
18378
18286
18690
18507
18389
18462
18293
18494
18422
18579
18629
18272
18300
18494
18381
18546
18545
18549
18438
18290
18567
18387
18479
18185
18481
18484
18546
18547
18453
18326
18595
18476
18552
18298
18375
18489
18637
18393
18349
18486
18467
18449
18375
18492
18312
18205
18302
18374
18311
18532
18381
18442
18544
18359
18456
18348
18359
18453
18540
18275
18454
18417
18326
18544
18443
18427
18513
18400
18543
18453
18389
18574
18304
18530
18502
18599
18376
18299
18430
18347
18520
18396
18453
18426
18473
18649
18366
18383
18367
18581
18358
18262
18512
18346
18670
18373
18338
18395
18447
18404
18408
18408
18425
18503
18419
18455
18435
18523
18391
18509
18447
18294
18613
18371
18368
18466
18371
18343
18380
18539
18399
18440
18594
18433
18360
18549
18415
18282
18621
18508
18406
18591
18476
18497
18310
18398
18515
18387
18661
18417
18440
18491
18433
18590
18562
18495
18409
18420
18274
18339
18324
18472
18395
18484
18374
18430
18392
18314
18368
18299
18411
18446
18427
18439
18423
18614
18364
18390
18300
18529
18521
18421
18508
18262
18612
18499
18484
18364
18382
18465
18317
18444
18448
18385
18494
18245
18339
18639
18464
18278
18309
18471
18574
18237
18556
18484
18515
18394
18484
18383
18415
18344
18541
18463
18437
18394
18428
18405
18442
18387
18454
18369
18531
18542
18328
18518
18551
18179
18485
18569
18440
18552
18359
18509
18557
18447
18459
18695
18485
18254
18469
18375
18428
18243
18457
18552
18465
18397
18463
18260
18472
18516
18636
18334
18259
18519
18412
18580
18409
18549
18637
18472
18452
18322
18269
18444
18423
18594
18484
18560
18320
18316
18424
18724
18536
18363
18213
18482
18510
18277
18652
18334
18568
18303
18440
18447
18507
18441
18691
18317
18342
18407
18479
18410
18533
18439
18390
18392
18540
18589
18433
18492
18473
18288
18324
18428
18434
18315
18605
18380
18476
18419
18349
18354
18356
18475
18451
18409
18481
18514
18672
18426
18490
18372
18495
18364
18205
18541
18251
18285
18370
18358
18405
18554
18412
18237
18477
18203
18586
18527
18489
18331
18384
18292
18275
18439
18466
18458
18443
18311
18644
18464
18371
18492
18421
18497
18549
18465
18599
18259
18494
18304
18425
18344
18564
18331
18394
18252
18368
18335
18411
18509
18404
18517
18475
18532
18427
18387
18093
18270
18447
18394
18534
18520
18393
18337
18445
18442
18449
18343
18378
18369
18393
18498
18416
18515
18490
18482
18593
18494
18301
18518
18335
18500
18357
18305
18184
18495
18246
18372
18446
18424
18386
18326
18368
18359
18561
18286
18507
18572
18408
18550
18327
18333
18413
18422
18549
18413
18476
18390
18459
18341
18261
18329
18255
18608
18409
18431
18379
18280
18473
18419
18429
18646
18440
18432
18386
18494
18464
18265
18226
18478
18463
18436
18341
18284
18433
18380
18434
18306
18509
18525
18470
18566
18462
18406
18432
18430
18428
18378
18423
18547
18519
18525
18497
18645
18462
18545
18619
18577
18548
18458
18541
18453
18516
18455
18392
18207
18495
18365
18603
18254
18277
18463
18358
18386
18571
18487
18501
18412
18260
18438
18419
18427
18399
18409
18373
18461
18429
18370
18390
18384
18469
18478
18313
18342
18459
18447
18389
18310
18411
18356
18437
18420
18411
18415
18430
18409
18390
18518
18479
18371
18545
18267
18393
18380
18465
18328
18506
18353
18354
18593
18473
18478
18401
18347
18471
18540
18482
18416
18407
18412
18607
18255
18533
18501
18533
18369
18628
18476
18423
18271
18499
18463
18551
18500
18515
18488
18531
18349
18428
18375
18387
18639
18544
18455
18472
18563
18334
18489
18508
18518
18395
18361
18456
18401
18501
18317
18409
18629
18446
18471
18397
18435
18303
18441
18429
18496
18417
18335
18364
18436
18490
18506
18271
18504
18458
18496
18418
18276
18538
18645
18550
18453
18412
18387
18347
18526
18321
18468
18374
18453
18282
18347
18341
18251
18268
18583
18501
18244
18415
18448
18507
18368
18316
18542
18570
18302
18472
18351
18666
18299
18406
18330
18402
18578
18539
18640
18460
18291
18330
18224
18311
18400
18333
18402
18415
18485
18376
18504
18441
18426
18503
18516
18545
18393
18496
18458
18549
18498
18375
18256
18432
18423
18449
18439
18359
18420
18525
18383
18344
18547
18341
18545
18590
18503
18402
18390
18433
18260
18418
18379
18410
18410
18501
18376
18530
18461
18348
18220
18494
18561
18467
18303
18461
18285
18453
18322
18415
18518
18480
18557
18552
18461
18389
18515
18557
18436
18630
18342
18600
18458
18421
18423
18366
18503
18418
18579
18345
18381
18301
18293
18621
18290
18482
18504
18466
18480
18359
18224
18428
18541
18375
18346
18255
18533
18634
18439
18490
18374
18612
18304
18509
18443
18442
18448
18559
18613
18551
18467
18532
18541
18382
18511
18237
18595
18483
18523
18388
18342
18496
18642
18400
18278
18325
18509
18459
18650
18480
18314
18484
18410
18310
18337
18630
18491
18494
18464
18311
18347
18477
18345
18423
18357
18190
18230
18481
18482
18276
18303
18321
18510
18371
18449
18495
18459
18409
18472
18504
18502
18484
18421
18401
18567
18416
18274
18429
18381
18294
18650
18383
18330
18441
18386
18394
18450
18418
18310
18413
18428
18419
18531
18291
18321
18466
18428
18469
18447
18358
18466
18271
18276
18394
18236
18439
18472
18336
18415
18489
18443
18395
18355
18490
18460
18513
18602
18514
18474
18435
18475
18302
18411
18419
18432
18330
18576
18433
18278
18463
18289
18379
18447
18559
18303
18599
18318
18494
18552
18478
18238
18469
18490
18416
18415
18482
18485
18299
18472
18293
18440
18441
18632
18610
18306
18457
18474
18608
18435
18393
18517
18465
18415
18477
18420
18230
18621
18541
18435
18351
18465
18441
18561
18598
18376
18420
18467
18332
18412
18366
18391
18317
18476
18686
18529
18586
18437
18435
18622
18373
18426
18185
18295
18469
18638
18196
18530
18604
18400
18491
18732
18605
18499
18226
18298
18349
18253
18253
18582
18397
18165
18464
18362
18372
18448
18505
18411
18407
18431
18558
18429
18476
18350
18399
18592
18511
18518
18411
18366
18479
18511
18451
18361
18469
18412
18273
18295
18470
18290
18535
18318
18507
18542
18444
18494
18402
18325
18216
18538
18466
18389
18634
18495
18481
18448
18329
18544
18456
18355
18262
18302
18488
18542
18458
18414
18432
18539
18221
18296
18623
18462
18404
18415
18348
18467
18498
18356
18534
18593
18582
18425
18429
18458
18631
18319
18527
18566
18544
18401
18430
18545
18539
18305
18386
18423
18287
18571
18429
18514
18410
18402
18377
18422
18454
18507
18509
18506
18436
18229
18347
18533
5422
1573
16265
16356
10842
2496
13795
2773
1919
6748
3187
1595
11675
8839
116
16233
3297
8150
16271
17383
9091
14338
13950
2811
267
5169
2403
13326
9788
5125
15911
1713
14178
7555
12486
13643
2917
2494
3900
13349
5620
8115
3829
2089
7958
6397
520
13338
4567
6503
6311
15914
1483
15662
16433
6816
12445
16615
10468
15509
8121
5766
16142
8911
1071
9724
17995
15270
13580
14854
8640
2054
18261
16495
1434
3386
7778
4193
11354
13966
17624
15888
8932
6240
11684
7401
6717
11879
15015
2873
14256
2939
7322
2199
3320
14298
8623
9911
16597
2409
15934
17160
6160
17478
9058
2837
13274
4484
15310
909
11354
13510
2527
5821
13122
9156
10176
4531
13246
2523
8039
14852
17293
15675
3383
14287
13752
14942
15450
1110
16467
4954
13152
3664
11687
10673
1040
16756
14664
5974
2454
11493
2141
3644
9871
7261
5082
4361
4116
11013
1289
6752
3006
18092
1238
8574
13401
6086
16499
4133
16810
3874
2661
11780
17676
14763
13634
11564
13965
12034
3911
13654
10892
5137
15130
10049
16017
16947
8865
680
10559
15979
7014
15083
3834
5961
18390
4298
14949
8503
16736
3323
11596
1656
13912
9830
14770
3798
7654
8300
5840
4725
900
15163
14827
368
14131
11003
14273
13120
10666
1326
11274
6617
234
10913
465
8226
3317
2885
5661
2509
6745
2969
4470
10922
14552
3752
16727
6046
3523
2254
13398
5039
12411
8338
5739
5036
6407
12170
7414
3135
7579
4696
1229
17358
2671
12604
1051
2282
5780
13720
17610
3464
8564
10629
1120
15803
12858
85
6461
14667
2698
3494
10921
7725
16881
13418
13208
15521
18377
4318
2500
7634
3324
16418
187
10903
6755
9631
8905
7776
2931
6461
7190
5346
16007
10649
4894
10253
3384
62
15742
8500
15230
3493
17561
1846
6374
3510
17311
12269
9766
9883
18619
18470
18414
18405
18353
18474
18518
18525
18410
18512
18441
18405
18451
18554
18451
18552
18473
18339
18361
18239
18504
18462
18322
18494
18517
18285
18434
18542
18405
18207
18236
18531
18463
18463
18551
18391
18489
18432
18433
18475
18220
18318
18444
18434
18520
18526
18611
18394
18382
18434
18580
18311
18545
18343
18306
18388
18403
18729
18471
18601
18354
18372
18432
18426
18504
18415
18409
18255
18279
18452
18261
18380
18567
18376
18423
18521
18544
18301
18554
18436
18113
18414
18477
18470
18377
18469
18389
18282
18499
18598
18410
18506
18307
18593
18566
18340
18470
18288
18446
18475
18222
18358
18372
18451
18517
18410
18343
18362
18357
18386
18391
18491
18322
18442
18369
18602
18472
18615
18361
18431
18517
18457
18357
18262
18511
18327
18457
18304
18381
18262
18596
18479
18388
18384
18517
18545
18425
18416
18474
18406
18402
18342
18461
18372
18506
18284
18455
18403
18250
18383
18434
18516
18488
18494
18415
18393
18428
18602
18443
18285
18489
18318
18381
18255
18591
18467
18466
18403
18460
18224
18313
18324
18357
18567
18471
18429
18477
18102
18367
18502
18431
18487
18557
18379
18350
18570
18499
18453
18436
18524
18504
18523
18546
18407
18425
18361
18361
18270
18255
18410
18497
18321
18309
18614
18421
18475
18301
18450
18444
18288
18426
18360
18548
18266
18399
18204
18635
18472
18393
18419
18195
18420
18417
18620
18387
18215
18481
18450
18364
18466
18264
18397
18500
18524
18384
18460
18413
18681
18335
18334
18287
18556
18464
18479
18627
18314
18516
18263
18526
18361
18413
18453
18403
18514
18348
18332
18412
18334
18439
18346
18336
18497
18491
18494
18453
18550
18400
18524
18412
18397
18552
18286
18286
18513
18575
18452
18547
18397
18299
18538
18594
18479
18380
18683
18705
18553
18342
18214
18453
18194
18329
18439
18534
18472
18604
18436
18381
18442
18298
18400
18427
18380
18485
18528
18478
18430
18474
18470
18392
18490
18336
18517
18465
18401
18513
18367
18252
18344
18484
18286
18380
18317
18388
18264
18293
18390
18336
18429
18512
18346
18628
18689
18430
18462
18290
18340
18526
18364
18570
18625
18446
18452
18439
18431
18301
18443
18370
18411
18234
18344
18513
18407
18341
18367
18510
18602
18454
18365
18436
18584
18562
18612
18468
18445
18349
18417
18184
18320
18355
18525
18406
18622
18550
18445
18508
18441
18392
18301
18281
18457
18389
18477
18309
18463
18542
18476
18474
18550
18310
18464
18390
18422
18428
18253
18449
18529
18459
18312
18175
18470
18524
18437
18462
18447
18539
18433
18277
18445
18487
18637
18472
18590
18515
18512
18315
18390
18372
18570
18341
18386
18382
18363
18383
18378
18357
18332
18315
18472
18530
18358
18660
18431
18707
18474
18526
18386
18458
18511
18338
18342
18474
18275
18291
18326
18270
18511
18448
18505
18442
18350
18592
18559
18335
18263
18403
18550
18433
18415
18410
18202
18505
18293
18401
18478
18506
18377
18421
18533
18231
18224
18453
18473
18283
18426
18483
18653
18279
18470
18646
18454
18300
18284
18328
18426
18427
18307
18512
18481
18394
18345
18368
18594
18412
18449
18448
18475
18581
18329
18480
18503
18610
18479
18405
18543
18589
18437
18438
18509
18407
18185
18522
18458
18534
18569
18348
18465
18506
18578
18432
18519
18384
18495
18376
18458
18450
18479
18261
18331
18464
18461
18441
18268
18339
18461
18526
18471
18336
18393
18411
18477
18622
18506
18401
18471
18473
18567
18404
18576
18706
18507
18560
18342
18363
18252
18567
18445
18508
18379
18422
18411
18563
18573
18149
18238
18365
18589
18268
18544
18530
18331
18631
18389
18302
18438
18366
18154
18451
18412
18639
18319
18481
18534
18375
18506
18700
18558
18406
18452
18475
18531
18421
18414
18352
18443
18474
18453
18209
18282
18341
18441
18438
18544
18552
18431
18425
18541
18527
18321
18488
18456
18369
18463
18449
18425
18453
18584
18381
18328
18392
18778
18254
18488
18413
18383
18459
18593
18395
18614
18656
18364
18513
18467
18668
18506
18449
18601
18533
18485
18370
18502
18406
18525
18301
18533
18353
18382
18319
18387
18623
18214
18411
18553
18427
18348
18445
18425
18340
18401
18399
18683
18358
18299
18433
18435
18310
18448
18336
18448
18642
18530
18287
18300
18524
18429
18283
18617
18440
18463
18383
18574
18378
18244
18508
18408
18452
18176
18607
18442
18392
18563
18512
18521
18424
18525
18400
18655
18351
18584
18548
18592
18541
18483
18410
18520
18531
18531
18200
18533
18526
18309
18677
18560
18476
18328
18300
18445
18568
18558
18446
18458
18244
18409
18458
18260
18452
18351
18339
18436
18339
18330
18453
18622
18422
18537
18296
18472
18448
18475
18259
18477
18624
18380
18419
18384
18205
18505
18529
18501
18465
18440
18552
18409
18427
18446
18590
18495
18607
18226
18395
18459
18525
18350
18382
18502
18328
18616
18220
18343
18500
18359
18475
18259
18451
18312
18259
18353
18460
18522
18424
18470
18212
18493
18498
18353
18240
18414
18382
18086
18388
18436
18535
18440
18503
18469
18539
18338
18218
18559
18460
18455
18424
18566
18333
18407
18302
18353
18519
18572
18467
18603
18415
18245
18192
18484
18550
18357
18463
18373
18472
18665
18278
18372
18396
18460
18345
18538
18453
18421
18517
18208
18358
18338
18463
18192
18529
18459
18310
18368
18484
18417
18474
18319
18479
18442
18436
18427
18373
18630
18489
18381
18552
18460
18485
18531
18646
18274
18522
18540
18433
18525
18349
18573
18478
18325
18460
18366
18464
18432
18471
18448
18510
18508
18144
18389
18475
18354
18440
18505
18474
18449
18219
18295
18488
18302
18480
18415
18455
18379
18313
18433
18472
18224
18313
18449
18503
18716
18652
18327
18425
18486
18421
18264
18531
18177
18495
18356
18422
18325
18264
18456
18339
18469
18224
18491
18368
18517
18393
18475
18284
18332
18520
18345
18315
18284
18501
18495
18444
18274
18449
18345
18545
18383
18478
18492
18212
18528
18353
18390
18633
18412
18227
18467
18358
18453
18341
18555
18369
18591
18290
18423
18515
18455
18397
18587
18438
18374
18267
18393
18365
18402
18484
18390
18318
18265
18632
18513
18441
18435
18238
18229
18414
18447
18313
18315
18482
18593
18598
18634
18365
18284
18359
18468
18351
18404
18423
18331
18481
18519
18404
18289
18371
18707
18432
18416
18374
18444
18539
18369
18281
18408
18377
18524
18300
18301
18387
18479
18362
18380
18332
18314
18341
18503
18480
18640
18158
18457
18482
18521
18396
18335
18341
18477
18443
18272
18552
18416
18411
18309
18433
18497
18055
18452
18499
18429
18413
18508
18423
18271
18568
18364
18390
18273
18455
18505
18462
18411
18528
18483
18581
18473
18513
18443
18539
18597
18433
18290
18364
18416
18599
18584
18339
18363
18566
18379
18472
18507
18452
18568
18405
18539
18475
18368
18462
18477
18259
18384
18479
18508
18540
18480
18261
18525
18465
18471
18500
18399
18445
18518
18396
18401
18485
18486
18375
18464
18452
18411
18634
18599
18523
18512
18452
18304
18531
18522
18576
18358
18446
18442
18328
18373
18422
18534
18444
18590
18351
18237
18434
18324
18309
18646
18429
18531
18703
18632
18343
18507
18398
18563
18408
18497
18403
18534
18482
18690
18495
18443
18420
18409
18471
18466
18546
18374
18473
18321
18549
18345
18301
18381
18461
18382
18491
18478
18461
18300
18260
18389
18386
18457
18300
18488
18479
18394
18414
18385
18470
18440
18457
18470
18425
18632
18279
18446
18405
18420
18257
18463
18443
18512
18448
18427
18366
18430
18362
18481
18334
18254
18490
18423
18485
18256
18395
18464
18413
18365
18310
18475
18208
18496
18416
18435
18480
18269
18457
18388
18399
18400
18515
18400
18584
18478
18556
18408
18377
18384
18424
18479
18380
18436
18412
18292
18386
18327
18418
18698
18493
18465
18388
18576
18440
18320
18482
18392
18541
18382
18495
18265
18459
18256
18344
18505
18458
18463
18522
18387
18434
18602
18403
18569
18363
18305
18312
18395
18363
18552
18423
18416
18438
18410
18418
18498
18403
18405
18369
18414
18384
18376
18427
18287
18502
18505
18137
18391
18628
18507
18600
18351
18205
18461
18562
18488
18499
18432
18533
18458
18607
18574
18407
18274
18481
18330
18350
18471
18322
18409
18271
18470
18472
18546
18652
18480
18372
18408
18502
18256
18342
18518
18369
18492
18490
18529
18199
18320
18384
18537
18531
18326
18586
18208
18570
18465
18378
18526
18545
18333
18459
18484
18302
18331
18484
18508
18404
18581
18395
18432
18464
18555
18334
18637
18501
18536
18362
18421
18450
18401
18356
18529
18489
18482
18545
18414
18354
18274
18489
18221
18478
18304
18423
18390
18469
18473
18598
18387
18484
18615
18517
18491
18356
18252
18422
18497
18463
18300
18476
18534
18389
18376
18585
18429
18488
18500
18536
18226
18433
18440
18494
18388
18292
18465
18292
18450
18532
18468
18469
18575
18524
18521
18384
18354
18577
18542
18303
18393
18319
18568
18486
18396
18415
18593
18406
18329
18375
18516
18405
18554
18443
18496
18446
18422
18429
18447
18604
18478
18475
18276
18407
18453
18414
18560
18360
18398
18318
18393
18426
18442
18549
18362
18596
18507
18375
18559
18568
18535
18378
18464
18505
18549
18307
18405
18482
18417
18365
18432
18449
18466
18600
18327
18379
18403
18240
18260
18730
18555
18218
18559
18223
18266
18632
18487
18353
18382
18599
18478
18272
18441
18363
18269
18500
18326
18410
18496
18425
18388
18501
18333
18431
18530
18468
18374
18149
18426
18509
18459
18305
18409
18460
18516
18456
18361
18502
18515
18474
18519
18448
18379
18307
18403
18359
18556
18380
18288
18546
18372
18563
18338
18352
18323
18439
18458
18458
18259
18492
18414
18522
18439
18369
18542
18365
18352
18373
18369
18342
18353
18510
18300
18408
18465
18478
18305
18293
18497
18468
18320
18379
18332
18322
18295
18417
18408
18553
18377
18302
18325
18627
18548
18598
18416
18504
18412
18420
18366
18511
18423
18409
18201
18287
18286
18593
18492
18332
18449
18452
18574
18417
18347
18448
18343
18301
18449
18528
18427
18528
18352
18382
18440
18322
18474
18383
18398
18326
18533
18347
18493
18479
18261
18579
18434
18560
18379
18442
18384
18457
18493
18435
18450
18465
18400
18453
18403
18157
18396
18571
18404
18550
18636
18496
18520
18511
18484
18305
18220
18446
18525
18373
18492
18504
18253
18394
18446
18391
18517
18409
18483
18380
18388
18497
18438
18526
18492
18531
18491
18421
18341
18543
18545
18324
18740
18365
18322
18399
18469
18521
18593
18365
18488
18405
18438
18464
18575
18513
18354
18606
18465
18384
18308
18399
18266
18399
18409
18333
18320
18460
18524
18615
18371
18457
18358
18464
18445
18514
18297
18518
18485
18513
18412
18364
18560
18441
18313
18403
18525
18302
18565
18527
18556
18475
18499
18582
18392
18625
18586
18387
18444
18234
18508
18390
18588
18337
18427
18559
18246
18293
18415
18448
18463
18366
18314
18473
18402
18240
18463
18513
18554
18363
18395
18364
18359
18540
18348
18353
18415
18416
18273
18510
18543
18352
18290
18469
18477
18227
18396
18342
18540
18488
18453
18499
18424
18415
18375
18572
18396
18440
18543
18389
18531
18294
18436
18361
18475
18458
18499
18388
18454
18474
18517
18313
18551
18345
18536
18487
18366
18517
18199
18460
18468
18419
18429
18353
18454
18463
18407
18652
18410
18463
18523
18336
18465
18332
18437
18384
18139
18524
18552
18426
18428
18357
18468
18383
18182
18343
18433
18664
18546
18546
18451
18401
18291
18272
18405
18572
18411
18333
18509
18301
18334
18424
18300
18639
18338
18492
18435
18445
18565
18272
18486
18387
18380
18276
18460
18523
18266
18326
18374
18429
18492
18494
18273
18375
18458
18450
18474
18308
18292
18538
18284
18571
18362
18344
18432
18508
18374
18411
18398
18447
18502
18389
18368
18603
18305
18383
18232
18492
18588
18485
18532
18414
18421
18479
18348
18529
18500
18565
18402
18493
18391
18260
18432
18411
18395
18424
18363
18466
18458
18458
18298
18621
18501
18408
18422
18314
18508
18313
18429
18614
18608
18398
18354
18558
18424
18304
18443
18504
18477
18515
18253
18253
18405
18509
18486
18292
18287
18371
18321
18554
18418
18503
18455
18430
18232
18398
18482
18492
18493
18462
18511
18240
18536
18456
18320
18302
18153
18435
18433
18483
18471
18335
18520
18393
18373
18382
18488
18485
18538
18442
18516
18519
18375
18398
18387
18229
18328
18450
18583
18387
18561
18393
18433
18524
18376
18527
18362
18460
18519
18486
18498
18463
18651
18541
18358
18384
18292
18394
18279
18407
18394
18319
18561
18546
18264
18261
18461
18566
18382
18449
18437
18407
18552
18339
18583
18450
18389
18509
18382
18328
18417
18381
18534
18394
18433
18385
18402
18289
18468
18385
18433
18541
18447
18293
18512
18306
18314
18451
18270
18477
18224
18316
18333
18518
18395
18483
18305
18338
18458
18309
18293
18384
18345
18530
18334
18518
18367
18306
18346
18454
18419
18383
18454
18292
18488
18453
18520
18470
18466
18415
18456
18377
18442
18381
18560
18536
18468
18482
18446
18431
18317
18524
18370
18398
18154
18493
18284
18540
18502
18406
18520
18540
18438
18251
18547
18601
18557
18413
18367
18573
18607
18469
18461
18495
18376
18442
18505
18477
18364
18249
18468
18466
18395
18556
18222
18350
18449
18436
18454
18363
18463
18314
18340
18548
18509
18735
18413
18415
18428
18582
18441
18558
18341
18485
18477
18487
18438
18465
18178
18412
18383
18514
18316
18451
18544
18401
18508
18527
18395
18332
18454
18354
18360
18409
18468
18376
18358
18229
18304
18531
18594
18500
18295
18472
18305
18274
18338
18482
18449
18424
18223
18294
18406
18538
18373
18322
18511
18330
18406
18411
18271
18441
18239
18325
18594
18356
18368
18649
18374
18669
18408
18657
18314
18539
18429
18324
18457
18402
18394
18345
18330
18456
18464
18405
18357
18391
18514
18392
18487
18379
18361
18367
18356
18532
18409
18432
18355
18306
18368
18331
18580
18418
18355
18581
18392
18414
18183
18540
18294
18574
18405
18504
18544
18604
18409
18227
18321
18481
18560
18609
18373
18420
18458
18314
18413
18586
18541
18354
18633
18369
18388
18366
18312
18452
18593
18396
18318
18364
18522
18366
18520
18251
18619
18427
18476
18493
18476
18506
18385
18454
18510
18467
18745
18296
18554
18358
18264
18517
18359
18281
18359
18365
18364
18326
18472
18466
18393
18316
18402
18489
18404
18300
18300
18304
18427
18322
18520
18487
18555
18417
18336
18418
18518
18227
18290
18317
18303
18396
18467
18520
18518
18461
18554
18416
18574
18430
18294
18423
18659
18423
18577
18456
18391
18506
18516
18543
18287
18474
18336
18370
18328
18335
18264
18581
18488
18492
18248
18521
18532
18448
18480
18546
18473
18344
18547
18385
18230
18437
18459
18575
18290
18452
18527
18294
18454
18490
18484
18380
18367
18246
18374
18450
18298
18477
18333
18412
18148
18582
18574
18441
18503
18594
18407
18436
18265
18435
18362
18536
18540
18404
18350
18598
18484
18507
18481
18536
18279
18467
18414
18496
18420
18603
18495
18655
18384
18464
18487
18382
18436
18480
18596
18363
18524
18460
18463
18468
18425
18483
18428
18435
18376
18280
18447
18171
18409
18568
18570
18427
18403
18479
18317
18441
18396
18418
18313
18467
18478
18458
18526
18470
18454
18382
18413
18350
18523
18434
18429
18355
18310
18513
18393
18349
18578
18414
18329
18435
18349
18485
18485
18202
18431
18440
18315
18625
18393
18553
18407
18405
18425
18478
18489
18477
18516
18414
18564
18463
18445
18244
18414
18505
18493
18391
18517
18423
18495
18518
18312
18491
18496
18398
18498
18363
18474
18573
18423
18386
18408
18429
18457
18521
18648
18428
18400
18227
18618
18472
18331
18479
18403
18502
18418
18403
18364
18411
18640
18391
18322
18285
18283
18310
18205
18460
18365
18475
18563
18442
18395
18430
18449
18461
18222
18401
18525
18344
18390
18383
18392
18324
18471
18378
18377
18422
18487
18538
18480
18478
18384
18502
18351
18331
18528
18427
18273
18417
18428
18489
18407
18492
18246
18274
18527
18436
18461
18294
18568
18564
18426
18479
18472
18395
18492
18491
18693
18477
18249
18509
18424
18344
18353
18311
18569
18308
18391
18448
18308
18477
18473
18327
18439
18357
18465
18366
18396
18324
18460
18350
18554
18423
18459
18513
18405
18445
18387
18524
18609
18478
18463
18520
18333
18407
18481
18488
18519
18353
18404
18298
18593
18317
18640
18406
18525
18269
18474
18481
18300
18359
18619
18511
18450
18365
18573
18525
18459
18454
18462
18499
18384
18530
18326
18372
18563
18386
18521
18493
18457
18402
18390
18453
18543
18315
18357
18366
18511
18383
18126
18548
18371
18480
18401
18497
18577
18385
18356
18397
18445
18391
18508
18437
18382
18465
18453
18344
18584
18437
18521
18560
18359
18406
18495
18407
18556
18501
18367
18365
18383
18414
18620
18569
18497
18356
18374
18481
18502
18254
18512
18412
1772
10075
12171
1388
12767
15743
10059
21094
15535
3139
17081
1234
5555
14350
12701
10547
10948
16356
5358
5283
15804
13382
19631
16939
1158
1917
2256
17459
14124
17862
3146
20023
986
10189
14436
7747
2305
12676
17698
14277
22360
5946
3645
9574
3475
3660
9026
2284
22089
21852
1037
1808
7679
6339
4630
4060
12149
288
5128
20287
5388
8901
8589
12098
10843
8237
17682
16278
17186
7331
129
20319
13515
9366
15759
15490
8674
14106
2348
17658
15074
4917
2223
3569
4392
8285
8952
1232
17892
5193
19547
16583
12866
4065
389
10555
1247
7196
19334
3034
21066
17296
6861
6633
3329
20235
17026
16194
19332
14430
4204
9438
6289
9231
14467
10881
6408
4747
16549
11912
2533
19155
18350
15491
12143
21487
13313
22288
16318
20858
20068
20819
11501
13662
14319
16340
16479
7745
15902
334
21861
19085
18933
1063
2826
1281
9055
21169
10816
14602
5420
11962
6811
19335
18423
22176
22434
8801
1205
12712
12223
22150
11293
11658
17477
19380
2858
7212
12752
727
854
10906
19991
4393
9923
17503
14265
15993
14207
20790
9972
14775
16256
11093
15301
9156
12688
18278
2607
8843
1420
867
8752
5828
3527
15795
7509
7213
18186
21289
9913
17317
1424
3731
13791
6666
1630
5280
20652
21391
2561
20237
14843
13672
14675
22435
7244
7560
16958
6541
20303
17013
3579
5045
19485
6072
18126
8256
8938
20524
7720
2033
13587
7874
5307
6900
5723
2650
6613
18856
20472
17970
3887
4577
5296
22272
9404
4917
12383
11228
12465
18357
11854
890
17836
14634
12529
9923
9874
19952
12381
6380
2454
19837
4972
12518
2954
21824
6145
2003
9843
14162
19734
17469
3798
1527
1968
3262
8445
21891
14702
11983
4319
20370
6767
20362
5535
5044
10624
463
17446
20010
15764
19363
18784
22441
22439
22563
22647
22486
22532
22440
22504
22377
22573
22576
22530
22606
22279
22370
22510
22539
22588
22604
22510
22662
22436
22471
22462
22558
22528
22569
22534
22658
22573
22336
22478
22287
22506
22623
22330
22454
22515
22504
22485
22476
22536
22456
22776
22456
22339
22618
22432
22534
22273
22417
22767
22574
22649
22490
22468
22499
22540
22496
22428
22647
22542
22588
22605
22533
22603
22476
22499
22715
22443
22574
22661
22532
22474
22499
22584
22611
22459
22476
22482
22371
22521
22478
22547
22616
22458
22370
22617
22482
22739
22508
22674
22466
22560
22679
22367
22491
22608
22483
22408
22507
22554
22501
22518
22539
22554
22479
22551
22577
22511
22596
22544
22459
22419
22665
22514
22542
22504
22394
22481
22566
22441
22468
22396
22456
22704
22424
22569
22620
22330
22561
22652
22627
22486
22570
22315
22391
22452
22627
22655
22449
22633
22630
22518
22659
22455
22467
22613
22582
22527
22539
22450
22430
22632
22584
22504
22608
22643
22448
22437
22578
22355
22521
22565
22414
22444
22367
22475
22474
22521
22570
22658
22418
22480
22399
22629
22639
22410
22409
22388
22539
22529
22504
22554
22686
22489
22647
22472
22491
22492
22422
22586
22508
22398
22555
22488
22492
22611
22534
22407
22488
22544
22379
22296
22517
22681
22520
22429
22592
22716
22416
22526
22721
22657
22544
22629
22631
22507
22515
22444
22135
22529
22404
22597
22503
22564
22481
22545
22395
22468
22517
22609
22646
22357
22430
22536
22642
22644
22598
22671
22489
22417
22580
22648
22391
22588
22504
22477
22239
22454
22631
22526
22551
22492
22537
22475
22389
22360
22471
22518
22781
22635
22779
22524
22482
22565
22444
22496
22546
22452
22455
22467
22561
22555
22607
22442
22677
22625
22335
22528
22558
22503
22538
22616
22525
22191
22544
22747
22619
22439
22546
22488
22362
22611
22439
22585
22623
22597
22522
22596
22616
22411
22444
22490
22753
22640
22420
22445
22694
22588
22640
22496
22459
22550
22441
22421
22590
22509
22390
22406
22431
22441
22470
22632
22509
22725
22570
22476
22382
22621
22334
22707
22465
22419
22404
22504
22646
22575
22494
22601
22446
22658
22549
22546
22487
22558
22676
22530
22598
22637
22394
22405
22591
22419
22581
22450
22496
22683
22668
22400
22637
22477
22494
22494
22768
22765
22365
22616
22438
22499
22523
22629
22567
22483
22672
22491
22522
22494
22414
22420
22602
22583
22436
22437
22590
22611
22550
22403
22477
22341
22650
22518
22340
22658
22477
22554
22617
22619
22565
22471
22322
22470
22519
22583
22708
22514
22568
22511
22594
22594
22366
22526
22651
22460
22460
22524
22382
22488
22500
22389
22658
22509
22605
22454
22456
22544
22334
22643
22654
22597
22446
22383
22433
22531
22473
22593
22477
22551
22437
22527
22575
22519
22620
22577
22508
22651
22717
22543
22490
22553
22316
22440
22509
22418
22528
22670
22512
22679
22436
22479
22515
22618
22543
22432
22589
22498
22502
22439
22607
22711
22760
22557
22428
22465
22658
22729
22538
22528
22557
22541
22474
22602
22450
22397
22513
22627
22594
22527
22490
22616
22588
22564
22718
22575
22485
22594
22492
22594
22626
22322
22428
22499
22515
22465
22489
22538
22652
22564
22463
22570
22378
22514
22538
22699
22666
22554
22455
22438
22539
22631
22427
22559
22623
22476
22493
22415
22476
22502
22556
22544
22473
22414
22553
22409
22551
22335
22547
22591
22439
22588
22637
22414
22542
22644
22383
22390
22376
22413
22584
22502
22413
22498
22542
22444
22300
22715
22621
22598
22443
22514
22423
22730
22622
22423
22397
22556
22542
22702
22539
22370
22534
22436
22534
22615
22601
22433
22471
22349
22577
22423
22338
22504
22559
22588
22351
22465
22606
22417
22510
22419
22527
22495
22347
22653
22468
22493
22645
22522
22651
22503
22660
22432
22438
22442
22442
22494
22506
22624
22542
22496
22675
22596
22495
22676
22544
22494
22487
22840
22424
22573
22594
22525
22322
22642
22552
22604
22637
22441
22404
22512
22491
22568
22578
22465
22721
22406
22372
22511
22593
22651
22643
22665
22507
22779
22522
22302
22367
22424
22564
22398
22673
22574
22667
22706
22573
22492
22456
22474
22443
22461
22643
22299
22481
22586
22583
22515
22498
22697
22617
22685
22680
22348
22488
22435
22611
22716
22421
22556
22541
22542
22495
22451
22482
22634
22570
22574
22550
22522
22556
22631
22714
22453
22416
22300
22673
22494
22547
22473
22383
22603
22647
22430
22576
22558
22470
22535
22587
22553
22446
22570
22514
22545
22523
22429
22472
22516
22636
22527
22649
22410
22507
22530
22479
22508
22594
22528
22561
22404
22561
22706
22496
22480
22581
22470
22549
22442
22667
22596
22473
22490
22658
22628
22609
22649
22452
22558
22498
22540
22429
22483
22405
22607
22544
22409
22592
22428
22541
22413
22420
22285
22566
22439
22575
22522
22586
22407
22473
22475
22423
22589
22529
22395
22522
22546
22388
22482
22786
22413
22564
22522
22548
22411
22499
22441
22554
22622
22527
22605
22577
22402
22496
22680
22565
22500
22543
22723
22631
22409
22445
22608
22590
22493
22524
22486
22647
22610
22451
22537
22485
22529
22633
22578
22474
22605
22576
22571
22573
22529
22591
22531
22602
22380
22451
22340
22370
22563
22582
22611
22286
22408
22516
22504
22580
22501
22646
22694
22515
22430
22335
22478
22502
22478
22346
22523
22411
22482
22554
22678
22485
22467
22527
22633
22685
22503
22481
22481
22468
22415
22549
22537
22612
22375
22640
22425
22713
22490
22559
22466
22651
22385
22470
22438
22592
22530
22580
22553
22520
22570
22577
22584
22599
22404
22453
22354
22543
22511
22634
22498
22718
22445
22444
22379
22440
22594
22509
22517
22269
22341
22464
22623
22448
22459
22618
22563
22640
22489
22675
22506
22632
22443
22591
22606
22373
22551
22689
22571
22631
22465
22564
22564
22648
22736
22432
22420
22598
22542
22551
22483
22477
22691
22465
22714
22368
22713
22674
22578
22541
22595
22551
22548
22260
22488
22511
22392
22608
22519
22519
22511
22469
22336
22597
22430
22331
22519
22303
22561
22524
22421
22457
22417
22624
22671
22426
22453
22661
22482
22587
22454
22623
22553
22771
22490
22559
22604
22712
22401
22457
22604
22569
22468
22611
22414
22527
22704
22451
22538
22433
22469
22534
22626
22653
22417
22544
22442
22596
22561
22463
22602
22461
22449
22476
22643
22639
22508
22547
22585
22440
22485
22383
22527
22443
22516
22593
22527
22620
22504
22679
22527
22516
22663
22567
22549
22261
22473
22689
22483
22477
22587
22301
22464
22602
22399
22567
22512
22481
22597
22631
22506
22438
22714
22702
22285
22428
22523
22432
22470
22574
22547
22721
22581
22434
22391
22641
22513
22644
22481
22526
22538
22587
22664
22535
22684
22391
22651
22600
22344
22681
22612
22446
22468
22568
22528
22509
22663
22643
22568
22519
22427
22633
22554
22480
22812
22588
22522
22645
22473
22508
22525
22489
22549
22560
22404
22600
22493
22582
22489
22629
22374
22643
22437
22477
22632
22458
22390
22431
22425
22592
22578
22412
22569
22534
22522
22431
22409
22618
22536
22303
22530
22470
22617
22556
22436
22562
22639
22598
22531
22386
22560
22381
22543
22694
22688
22449
22441
22596
22693
22483
22645
22650
22580
22551
22486
22422
22482
22354
22462
22526
22534
22625
22585
22356
22562
22481
22516
22523
22577
22412
22574
22410
22443
22590
22663
22492
22289
22528
22557
22738
22731
22447
22507
22470
22445
22330
22399
22410
22498
22601
22505
22423
22420
22419
22596
22462
22551
22449
22599
22641
22509
22678
22597
22282
22570
22371
22584
22370
22470
22650
22635
22550
22377
22405
22428
22576
22539
22579
22344
22398
22547
22568
22541
22395
22236
22521
22402
22601
22441
22542
22520
22559
22462
22539
22735
22581
22590
22529
22730
22496
22563
22559
22506
22581
22407
22577
22512
22476
22420
22621
22635
22403
22538
22547
22662
22570
22489
22608
22443
22580
22644
22538
22444
22442
22435
22431
22548
22562
22391
22487
22622
22437
22413
22541
22464
22415
22428
22393
22742
22594
22578
22614
22596
22684
22497
22597
22588
22713
22563
22519
22511
22550
22545
22445
22680
22668
22501
22487
22581
22289
22527
22484
22473
22624
22649
22377
22606
22407
22415
22590
22589
22612
22609
22646
22484
22618
22354
22632
22497
22526
22462
22431
22515
22624
22318
22478
22501
22644
22595
22454
22643
22401
22542
22389
22436
22485
22618
22696
22333
22802
22586
22292
22622
22498
22615
22533
22547
22744
22474
22611
22441
22576
22588
22527
22617
22488
22562
22432
22529
22591
22642
22544
22622
22521
22401
22687
22520
22434
22703
22545
22533
22600
22347
22369
22595
22487
22617
22571
22415
22413
22452
22648
22479
22614
22591
22497
22571
22685
22525
22442
22616
22476
22689
22572
22503
22492
22441
22423
22445
22574
22643
22644
22432
22525
22670
22506
22469
22573
22661
22488
22490
22364
22525
22486
22629
22597
22462
22574
22469
22497
22688
22667
22541
22522
22466
22398
22796
22615
22534
22626
22495
22417
22344
22464
22491
22479
22527
22555
22479
22593
22594
22490
22668
22466
22504
22599
22648
22496
22584
22404
22418
22418
22552
22606
22580
22441
22700
22707
22450
22544
22576
22700
22540
22347
22438
22557
22330
22533
22685
22546
22557
22562
22603
22675
22516
22576
22564
22723
22307
22598
22327
22450
22621
22553
22456
22377
22521
22403
22580
22558
22443
22520
22489
22564
22481
22567
22448
22635
22367
22348
22451
22385
22686
22619
22606
22467
22641
22412
22587
22515
22580
22465
22443
22639
22619
22578
22485
22667
22391
22475
22509
22608
22481
22525
22331
22437
22456
22476
22613
22660
22467
22670
22656
22642
22483
22658
22608
22452
22438
22458
22593
22389
22644
22475
22535
22382
22542
22518
22437
22507
22490
22530
22431
22570
22515
22462
22588
22491
22529
22527
22443
22542
22637
22545
22696
22482
22680
22500
22583
22566
22613
22634
22602
22595
22707
22569
22477
22425
22557
22644
22537
22693
22529
22541
22459
22515
22503
22725
22496
22642
22636
22352
22589
22463
22434
22613
22431
22601
22537
22583
22405
22568
22534
22554
22638
22513
22405
22326
22555
22573
22515
22587
22431
22495
22457
22625
22682
22642
22298
22546
22517
22543
22701
22605
22498
22564
22473
22518
22458
22521
22529
22460
22539
22560
22559
22584
22525
22672
22503
22606
22326
22538
22415
22483
22394
22567
22407
22537
22773
22392
22660
22451
22686
22538
22487
22618
22577
22360
22614
22448
22589
22642
22549
22501
22223
22537
22715
22463
22534
22655
22502
22568
22583
22497
22453
22579
22361
22481
22461
22794
22412
22502
22550
22448
22706
22555
22674
22647
22423
22632
22551
22492
22717
22660
22428
22578
22510
22613
22440
22740
22600
22508
22419
22445
22487
22481
22505
22476
22589
22619
22554
22403
22383
22648
22522
22604
22377
22538
22520
22598
22606
22647
22422
22523
22419
22316
22561
22464
22611
22615
22624
22688
22510
22618
22659
22546
22532
22695
22546
22555
22597
22612
22610
22498
22454
22577
22605
22571
22741
22494
22281
22589
22482
22630
22645
22497
22752
22529
22547
22669
22535
22650
22499
22424
22380
22529
22413
22553
22316
22515
22513
22637
22422
22660
22390
22612
22469
22491
22529
22518
22507
22424
22674
22372
22571
22444
22443
22574
22622
22436
22486
22532
22563
22496
22635
22423
22675
22435
22635
22607
22569
22520
22554
22455
22433
22691
22500
22406
22423
22610
22519
22497
22500
22593
22599
22718
22575
22718
22612
22337
22694
22483
22372
22720
22484
22450
22761
22561
22438
22721
22484
22902
22582
22402
22537
22539
22470
22622
22594
22504
22440
22472
22653
22478
22484
22352
22374
22535
22404
22456
22371
22637
22489
22448
22641
22536
22544
22555
22510
22517
22461
22642
22509
22554
22653
22590
22357
22394
22553
22648
22516
22490
22478
22542
22630
22659
22482
22688
22784
22524
22500
22435
22687
22623
22357
22560
22505
22530
22517
22486
22621
22510
22544
22563
22699
22539
22515
22781
22502
22645
22533
22662
22288
22675
22426
22519
22693
22575
22573
22520
22591
22641
22661
22612
22520
22557
22489
22492
22621
22503
22427
22550
22436
22545
22724
22459
22444
22535
22442
22377
22506
22315
22556
22465
22777
22460
22526
22429
22442
22703
22367
22580
22505
22638
22485
22511
22479
22269
22607
22688
22664
22586
22582
22310
22683
22619
22488
22534
22550
22496
22559
22525
22575
22532
22575
22495
22549
22564
22630
22484
22572
22381
22422
22519
22415
22293
22528
22611
22446
22571
22497
22588
22577
22597
22436
22622
22327
22569
22483
22585
22452
22575
22690
22727
22570
22517
22635
22608
22544
22463
22589
22522
22499
22432
22671
22457
22436
22383
22503
22520
22591
22537
22817
22517
22369
22530
22400
22654
22622
22726
22386
22369
22474
22607
22478
22627
22611
22511
22447
22491
22720
22441
22481
22366
22470
22594
22412
22523
22670
22510
22488
22501
22556
22539
22693
22366
22445
22684
22356
22685
22610
22578
22650
22549
22493
22298
22738
22550
22513
22799
22579
22524
22455
22429
22609
22528
22371
22616
22503
22592
22415
22630
22591
22476
22524
22500
22526
22505
22657
22507
22523
22467
22753
22537
22513
22579
22610
22624
22695
22611
22479
22741
22546
22507
22451
22389
22557
22548
22505
22545
22506
22465
22320
22397
22553
22636
22449
22533
22558
22424
22621
22554
22650
22439
22507
22459
22619
22443
22721
22571
22471
22362
22641
22458
22412
22510
22468
22749
22521
22561
22725
22448
22531
22528
22635
22549
22700
22463
22380
22482
22719
22502
22675
22474
22508
22394
22503
22654
22589
22625
22436
22669
22472
22516
22415
22416
22567
22577
22604
22633
22603
22586
22375
22520
22504
22541
22521
22540
22485
22465
22478
22334
22588
22590
22451
22472
22506
22640
22590
22455
22570
22524
22598
22588
22574
22465
22458
22493
22574
22642
22392
22731
22673
22599
22472
22507
22572
22675
22489
22782
22667
22589
22488
22407
22459
22586
22495
22517
22486
22528
22689
22581
22215
22569
22507
22482
22464
22525
22432
22629
22589
22520
22440
22371
22337
22689
22686
22487
22539
22819
22495
22579
22426
22546
4279
2264
574
4393
3982
5575
3030
1093
5296
5531
6043
824
1977
2516
4001
842
4026
1004
4818
3927
89
696
3761
3728
5151
1467
3534
389
2592
4197
5849
1173
1899
1666
774
1902
5057
1745
5391
2764
4520
1807
3630
2284
4048
2931
4833
5946
2525
2073
4615
1773
2700
3935
3042
145
5694
5798
5733
3890
4351
1658
1259
123
1663
3223
361
2232
4647
2558
150
3062
4993
4489
4893
1475
1671
4403
237
5393
889
2115
3749
3866
1360
4144
2146
3739
3560
5813
1246
446
2050
4454
4890
3211
5926
2938
3369
220
3782
3173
2365
1191
4984
784
2781
517
255
3810
2977
6116
3907
1342
722
1062
3634
524
3775
509
4051
5826
5024
1319
1367
2477
5427
903
3623
3122
2963
2112
13
2847
5265
94
912
3138
6053
1177
5860
4050
5413
748
1015
4570
5378
2546
1253
1546
2711
3961
564
3961
562
4834
6041
5637
4199
1464
5568
1048
112
4698
2718
5030
2131
2795
2138
286
5266
302
2999
3372
4173
3778
2119
5033
1835
5523
5935
1605
1749
2380
4072
1187
2198
4933
3269
2303
5829
75
2178
4968
1624
2658
3735
34
5824
5282
5215
5645
64
3304
1587
1308
61
6028
2742
3902
892
2467
713
3307
2814
5956
5751
685
2573
1423
1001
464
2824
5167
3810
5098
3588
767
1403
3303
1339
1415
2320
5030
5391
4257
90
558
372
5597
4958
4303
1209
409
1821
1625
3034
6132
6058
6228
6104
6149
6202
6200
6213
6124
6204
6054
6155
6162
6085
6208
5946
6066
6215
6157
6301
6035
6111
6176
6064
5973
6145
6043
6197
6151
6149
6116
6107
5987
6319
6147
6140
6108
6211
6054
6176
6108
5937
6109
5930
6052
6117
5974
6081
5996
6301
6275
6195
6149
6145
6233
6097
6365
6106
6168
6021
6162
6034
5960
6153
6223
6154
6047
6083
6002
6246
6159
6093
6009
6141
6118
6172
6112
6286
6193
6143
6146
6243
6049
6269
6070
6092
6109
5973
6111
6024
6034
6064
6095
6100
6181
6152
6100
6003
6063
6132
6075
6068
6120
6139
6155
5957
6169
6228
5924
6097
6121
5927
6148
6070
6090
6040
6165
6330
6195
6083
6044
6062
6075
6112
6130
6104
6127
6244
6167
5974
6144
6155
6042
6104
5976
6313
6139
6223
6054
6152
6099
6189
6158
6182
6111
6230
6236
6156
6097
6093
6140
6090
6259
5866
6104
6083
6297
6143
6256
6110
6061
6107
6267
6107
6113
6245
6095
6158
6132
6015
5955
6035
6151
6269
6032
6028
6080
6128
6079
6107
6088
6170
6048
6203
6093
6128
6342
6095
6106
6227
6152
6151
6053
6185
5991
6090
6081
6204
6064
6143
6219
6107
6103
6161
6207
6115
6100
6084
6027
6038
6183
6125
6149
6179
6118
6296
6257
6181
6032
6272
6130
5991
6231
6339
6030
6068
6051
6149
5999
6384
6161
5956
6001
6064
6139
6294
6067
6214
6031
6236
6124
6065
6079
6278
6101
6302
6268
6122
6217
6179
6189
6303
6114
5916
6204
6076
6093
6259
6303
6248
6197
6211
6242
6076
6260
5892
6145
6383
6085
6309
6058
6152
6295
5999
6245
6055
6160
6036
5978
6107
6133
6157
6303
6103
6092
6214
6113
6230
5990
6158
6123
6245
6008
6146
6265
6135
6161
6086
6084
6089
6287
6232
6118
6086
5965
6253
6255
6307
6235
6145
6232
6226
6161
6204
6131
6006
6118
6155
6195
6190
6153
6172
6314
6126
6135
6137
6021
5993
6083
6036
6421
6189
6019
6218
6249
6071
6016
6359
6235
6200
5945
6146
6069
6304
6129
6237
6160
6106
6096
6229
6170
6432
6186
6309
6165
6041
6226
6106
6110
6237
6082
6240
6172
6238
6172
6113
6078
6160
6108
6223
6235
6321
5926
6129
6119
6095
6230
6108
6109
6169
6154
6335
6158
6063
6053
6076
6104
5996
6112
6003
6217
5967
6064
6136
6117
6048
6306
6245
6070
6045
5989
6096
6124
5919
6120
5988
6144
6186
6143
6133
6135
6220
6180
6097
6086
6209
6104
6226
6255
6107
5993
6109
6220
6340
6032
6008
6208
6140
6056
6103
6149
6073
6122
6026
6210
5879
6198
6140
6066
6116
6281
6151
6138
6275
5936
6166
6128
6298
6181
6134
6143
6154
6286
6048
5996
6045
6310
6030
5985
5969
5960
6087
6054
6396
6307
6192
6143
6197
6122
6130
6251
6151
6280
6067
6038
6212
6019
6244
6199
6072
6125
6110
6163
6270
6085
6259
6084
6131
6087
6149
6113
6075
6096
6078
6186
6027
6194
6089
6170
6048
6132
6094
6322
6226
6365
6027
6170
6143
6138
6149
6142
6066
6094
6170
6145
6057
6115
6009
6094
6082
6141
6146
6123
5987
6025
6171
6140
6202
6045
6089
6104
6034
6228
5943
6199
6045
6303
6172
6178
6294
6302
5977
6160
6189
6231
6265
6066
6127
6236
6104
6098
6253
6050
5966
6156
6163
6111
6224
6055
5882
6370
6119
6087
6124
6054
6088
6244
6095
6256
5993
6013
6116
6257
6167
6166
6227
6107
6107
6174
6004
6159
6096
6032
6182
6211
6302
6043
6081
6175
5962
6090
6211
6040
6047
5976
6045
6174
6024
6203
6066
6103
5980
5960
6037
6207
6203
6120
6153
6299
6121
6100
6053
6123
6350
6080
6147
5929
6062
6101
6133
6290
6147
6015
6186
6090
6192
5875
6038
6022
6118
6356
6089
6315
6149
6142
6134
6069
5975
6135
6057
6207
6202
6142
6395
6137
6181
6166
6095
6271
6198
6092
6039
6069
6235
6068
6226
6133
6271
6214
6093
6149
6129
6097
5995
6228
6201
6236
5996
6186
5999
6188
6097
6143
6207
6043
6234
6095
6032
6393
6025
6224
6207
6269
6165
6047
6196
6183
6240
6132
6102
6104
6185
6168
6212
6094
6100
6085
6202
6273
6234
6300
6212
6161
6245
6171
6071
5827
6204
6256
5948
6156
6041
6070
6049
6061
5914
6162
6350
6072
6209
6140
6103
6173
6180
5913
6421
6116
6164
6058
6203
5909
6183
5969
6098
6159
6132
6131
6143
6152
5926
6148
6052
6113
6161
5946
6071
6133
6054
6224
6209
6113
6024
6007
6245
6145
6042
6109
6276
6308
6146
5986
6293
6144
6171
6176
6062
6112
6128
6332
6158
6305
5915
6062
6222
6226
6274
6188
6048
6019
6177
5983
6048
6171
6212
6106
6171
6289
6130
6044
6057
6201
6177
6269
6185
6307
6105
6233
6391
6232
6089
6163
6077
6207
6129
6105
6207
6051
5887
6158
6302
6174
6163
6275
6155
6213
6404
6249
6152
6164
6230
6274
6110
6191
6141
6022
6210
6255
5996
5916
6105
6194
6151
6074
6190
6158
6103
6331
6019
6107
6268
5907
6078
6115
6267
6070
6180
5993
6080
6196
5949
6116
6079
6209
6365
6298
6201
6199
6095
6327
6194
6048
6115
6199
6102
6120
5970
6030
6124
6130
6133
6297
6318
6019
6228
6020
6152
6192
6246
6410
6045
6144
6146
6168
6056
6029
6242
6235
6087
6247
6077
6270
6020
6048
6210
6000
6300
6018
6050
6109
6173
6173
6183
6262
6176
6144
6290
6058
6262
6112
5992
5935
6045
6011
6089
6059
6297
6032
6096
6030
6051
6063
6174
6035
6306
6173
6052
6229
6192
6232
6076
6136
5912
6249
6189
6029
6078
6077
6177
6192
6091
6160
6107
6146
6096
6126
6132
6033
6100
6145
6044
6145
6119
6049
6173
17103
13611
18303
14525
22243
16502
10661
4854
4654
1913
7908
13937
10304
17758
2061
13184
20764
4022
10639
14749
12714
21642
16511
13704
20462
16616
21479
12945
11887
38
21955
11539
14554
9151
14469
20174
19828
18461
6959
22474
5911
15483
9562
5102
17020
9983
3849
18064
5001
21232
1072
19760
15936
6280
22447
10122
4648
13976
3325
426
19366
2554
2259
15439
6116
19999
4109
1387
11218
19458
1620
2976
14697
6098
5504
4381
20153
13121
21648
14348
1157
9108
14911
22030
17172
13359
1009
8900
21405
20564
2750
20384
15189
12682
12545
14371
2037
15075
3875
16537
738
14207
5070
21116
6245
5203
22308
22396
22467
22705
22571
22605
22529
22561
22612
22505
22546
22593
22397
22478
22529
22642
22451
22378
22556
22540
22262
22369
22447
22559
22544
22720
22586
22374
22542
22402
22518
22505
22623
22566
22424
22435
22608
22329
22354
22583
22612
22642
22637
22429
22530
22493
22406
22254
22600
22571
22546
22490
22430
22600
22424
22464
22574
22741
22650
22425
22526
22401
22613
22527
22576
22585
22632
22389
22418
22397
22472
22660
22596
22690
22782
22560
22553
22649
22541
22310
22415
22426
22671
22401
22470
22424
22467
22550
22453
22525
22512
22616
22648
22537
22508
22611
22611
22710
22357
22491
22592
22406
22378
22418
22569
22570
22477
22536
22425
22400
22674
22481
22475
22481
22453
22486
22541
22425
22366
22476
22491
22633
22510
22458
22477
22602
22673
22524
22552
22492
22410
22463
22371
22484
22482
22456
22439
22565
22437
22346
22521
22586
22438
22637
22568
22543
22388
22588
22337
22545
22464
22447
22392
22576
22421
22531
22613
22659
22591
22559
22584
22564
22573
22569
22601
22463
22378
22517
22425
22529
22515
22421
22564
22411
22726
22542
22516
22580
22401
22589
22610
22611
22466
22707
22773
22498
22557
22510
22596
22594
22514
22535
22413
22371
22557
22588
22502
22467
22685
22489
22514
22571
22423
22498
22449
22657
22294
22365
22538
22474
22447
22442
22496
22467
22433
22591
22445
22387
22545
22676
22458
22493
22496
22569
22551
22639
22612
22531
22456
22643
22723
22662
22514
22711
22292
22398
22470
22640
22733
22634
22777
22585
22468
22433
22423
22546
22454
22405
22640
22495
22475
22371
22436
22519
22405
22509
22657
22533
22605
22616
22485
22595
22485
22503
22535
22564
22411
22423
22632
22590
22543
22643
22659
22462
22568
22669
22544
22446
22543
22552
22592
22551
22488
22622
22505
22480
22447
22577
22521
22614
22583
22455
22404
22423
22461
22599
22468
22378
22398
22702
22549
22552
22560
22467
22397
22441
22518
22589
22624
22495
22712
22414
22418
22482
22618
22477
22346
22537
22553
22542
22605
22458
22572
22469
22442
22502
22533
22485
22594
22625
22514
22594
22413
22376
22563
22536
22534
22359
22675
22545
22407
22439
22359
22459
22605
22488
22603
22743
22714
22586
22465
22646
22602
22585
22588
22579
22608
22495
22533
22519
22477
22485
22336
22577
22655
22531
22577
22573
22590
22507
22422
22549
22753
22487
22563
22570
22512
22382
22542
22671
22865
22612
22683
22370
22589
22670
22654
22500
22477
22557
22570
22379
22614
22709
22497
22407
22594
22663
22583
22552
22660
22625
22490
22637
22525
22572
22559
22450
22593
22593
22663
22362
22722
22559
22490
22532
22556
22649
22472
22455
22591
22457
22512
22582
22419
22542
22332
22611
22489
22390
22676
22416
22322
22566
22401
22500
22343
22586
22493
22480
22579
22441
22498
22320
22438
22551
22436
22501
22602
22497
22505
22378
22564
22669
22787
22691
22570
22593
22546
22670
22583
22557
22513
22444
22568
22385
22528
22455
22630
22493
22438
22499
22653
22527
22539
22705
22338
22675
22610
22435
22654
22608
22542
22447
22638
22382
22564
22399
22596
22512
22469
22565
22328
22505
22646
22871
22788
22507
22670
22520
22312
22475
22374
22521
22326
22675
22528
22502
22507
22562
22626
22547
22676
22500
22608
22570
22456
22622
22444
22588
22485
22527
22466
22582
22437
22810
22421
22537
22461
22532
22719
22561
22612
22630
22524
22479
22482
22315
22573
22373
22569
22593
22576
22679
22220
22449
22479
22401
22737
22577
22524
22583
22512
22268
22383
16997
16704
16270
12607
13402
8282
8650
11745
19937
17107
3173
10613
6249
11695
37
16109
9653
84
5743
18260
18202
5411
970
4554
13139
1430
7093
10115
9241
4505
17606
701
7470
10523
5049
4235
8925
11819
16444
659
4614
1934
9098
17690
11302
14133
11436
8079
15907
13157
20296
4322
14389
21974
5894
4539
4171
21025
6400
22390
18057
11445
22687
22461
22418
22527
22396
22558
22485
22459
22522
22698
22368
22695
22566
22579
22677
22657
22371
22474
22519
22517
22546
22326
22557
22464
22449
22557
22515
22325
22467
22408
22621
22485
22507
22649
22744
22528
22560
22459
22465
22567
22447
22508
22419
22496
22547
22503
22610
22441
22506
22648
22426
22491
22375
22508
22494
22539
22565
22595
22465
22475
22490
22391
22465
22503
22604
22514
22314
22376
22510
22460
22580
22265
22499
22623
22741
22476
22421
22590
22509
22640
22331
22551
22472
22582
22565
22583
22406
22504
22531
22492
22512
22640
22509
22527
22547
22419
22418
22594
22621
22540
22633
22583
22399
22395
22451
22538
22649
22449
22523
22580
22633
22505
22566
22428
22609
22523
22396
22402
22626
22549
22614
22497
22381
22583
22439
22586
22229
22464
22611
22420
22524
22659
22766
22580
22573
22510
22559
22424
22524
22565
22453
22621
22467
22543
22361
22671
22465
22712
22541
22609
22494
22492
22339
22555
22657
22685
22648
22584
22493
22312
22346
22468
22528
22315
22588
22761
22509
22379
22343
22539
22591
22504
22792
22574
22357
22521
22382
22531
22649
22390
22521
22551
22684
22482
22430
22543
22452
22503
22706
22527
22532
22680
22417
22613
22506
22522
22563
22387
22710
22527
22413
22495
22588
22413
22748
22548
22738
22577
22593
22527
22512
22333
22411
22540
22637
22508
22565
22477
22423
22537
22557
22593
22331
22536
22564
22439
22458
22481
22492
22721
22422
22529
22553
22278
22614
22566
22529
22521
22711
22480
22681
22684
22492
22500
22638
22638
22558
22330
22508
22507
22543
22472
22460
22518
22584
22487
22434
22732
22379
22629
22612
22630
22523
22611
22478
22690
22516
22418
22385
22540
22583
22436
22482
22561
22707
22465
22514
22643
22630
22446
22548
22397
22449
22482
22677
22650
22473
22429
22551
22476
22486
22806
22479
22488
22611
22482
22411
22663
22517
22572
22579
22476
22542
22501
22354
22463
22466
22616
22574
22442
22542
22426
22376
22629
22574
22400
22519
22527
22522
22514
22531
22468
22540
22378
22514
22447
22523
22604
22475
22404
22567
22619
22536
22529
22582
22518
22366
22455
22848
22449
22458
22357
22393
22445
22514
22536
22549
22572
22309
22547
22661
22505
22321
22545
22406
22408
22517
22669
22585
22404
22513
22587
22827
22398
22557
22653
22530
22517
22549
22669
22459
22377
22393
22436
22558
22582
22520
22529
22555
22585
22538
22370
22549
22563
22302
22501
22465
22428
22525
22596
22544
22581
22536
22606
22476
22371
22487
22594
22518
22523
22306
22712
22607
22441
22591
22725
22509
22643
22450
22306
22640
22343
22449
22746
22565
22538
22493
22513
22484
22413
22529
22641
22505
22511
22655
22649
22605
22433
22713
22621
22598
22419
22591
22337
22611
22619
22620
22542
22475
22577
22566
22358
22651
22520
22599
22562
22488
22408
22635
22550
22614
22585
22616
22554
22589
22488
22363
22602
22533
22577
22395
22462
22526
22609
22366
22650
22527
22533
22487
22496
22549
22518
22285
22656
22544
22527
22481
22448
22484
22295
22741
22660
22615
22560
22763
22481
22498
22424
22559
22707
22598
22441
22452
22625
22544
22617
22480
22730
22504
22754
22727
22561
22452
22393
22367
22492
22550
22500
22446
22762
22536
22406
22432
22559
22374
22443
22569
22473
22659
22529
22465
22410
22517
22366
22696
22644
22552
22591
22582
22619
22360
22515
22625
22466
22466
22506
22523
22473
22580
22663
22522
22368
22401
22595
22469
22594
22513
22468
22690
22493
22378
22499
22397
22304
22595
22644
22452
22401
22608
22666
22519
22617
22444
22465
22504
22550
22487
22536
22566
22532
22396
22451
22432
22472
22485
22458
22419
22519
22538
22636
22387
22635
22406
22581
22646
22585
22486
22444
22561
22553
22645
22463
22544
22394
22579
22398
22444
22605
22677
22629
22564
22682
22533
22674
22492
22673
22515
22293
22712
22518
22456
22540
22466
22567
22455
22619
22525
22570
22441
22420
22422
22542
22593
22509
22501
22523
22551
22590
22538
22412
22390
22591
22476
22389
22602
22625
22623
22544
22819
22769
22479
22409
22545
22647
22557
22608
22533
22369
22663
22547
22395
22444
22460
22516
22587
22382
22483
22517
22708
22539
22619
22580
22330
22674
22546
22515
22613
22457
22467
22755
22591
22529
22441
22456
22470
22532
22571
22474
22437
22485
22485
22509
22701
22322
22674
22506
22381
22391
22487
22482
22526
22460
22239
22477
22499
22394
22500
22444
22504
22529
22488
22519
22635
22435
22535
22469
22668
22525
22552
22827
22487
22565
22557
22398
22508
22750
22547
22471
22652
22582
22378
22449
22603
22728
22285
22496
22508
22271
22629
22495
22481
22621
22528
22532
22559
22491
22589
22733
22329
22467
22527
22536
22491
22467
22552
22647
22575
22534
22314
22585
22550
22296
22447
22471
22569
22469
22603
22647
22412
22552
22558
22566
22477
22534
22592
22337
22606
22724
22856
22466
22379
22442
22537
22569
22498
22850
22641
22581
22733
22610
22634
22609
22486
22508
22530
22557
22473
22503
22590
22608
22596
22599
22553
22441
22537
22525
22677
22392
22525
22544
22552
22532
22454
22483
22570
22485
22606
22497
22655
22583
22554
22541
22561
22402
22545
22593
22587
22564
22542
22586
22630
22461
22673
22471
22437
22301
22566
22408
22580
22352
22616
22488
22582
22395
22538
22497
22553
22715
22602
22611
22483
22550
22600
22667
22684
22606
22497
22413
22546
22727
22541
22573
22581
22563
22522
22634
22410
22620
22513
22508
22698
22439
22577
22801
22475
22495
22583
22542
22466
22457
22582
22411
22724
22566
22587
22610
22455
22639
22643
22579
22391
22618
22445
22627
22642
22521
22457
22728
22560
22523
22587
22689
22548
22537
22674
22320
22531
22586
22495
22308
22466
22572
22455
22470
22385
22382
22535
22560
22457
22459
22388
22372
22591
22597
22516
22400
22529
22652
22494
22333
22564
22653
22460
22459
22609
22446
22709
22503
22527
22540
22405
22447
22450
22449
22594
22340
22463
22592
22511
22476
22433
22645
22583
22523
22407
22613
22578
22719
22478
22343
22503
22582
22562
22421
22448
22503
22553
9482
11857
9475
6971
4208
10584
17716
3986
993
10581
18616
13611
12435
1592
12669
19384
15444
20442
114
11751
17501
11037
5071
19257
7422
432
5333
20165
16297
11064
14328
13597
6513
12297
20858
7874
4044
14881
8593
20050
22335
18480
11276
11235
18063
20359
1269
21766
9153
21957
18427
18484
15966
7241
15285
21719
19132
18545
18609
4119
21520
16308
15904
4973
839
11477
8388
16918
11606
12179
8577
17137
9517
18421
17025
21603
18369
2862
6896
21126
16973
18261
20394
11877
9006
18209
4518
1732
12954
10935
20072
10445
2562
8085
19214
8696
1683
8195
1022
12135
20018
13191
7274
2296
1794
3011
22640
22500
22516
22638
22546
22460
22516
22652
22651
22412
22511
22648
22335
22594
22469
22585
22577
22713
22577
22554
22593
22452
22575
22625
22498
22496
22465
22457
22600
22471
22609
22577
22393
22550
22435
22720
22330
22518
22641
22417
22636
22460
22538
22492
22497
22641
22391
22714
22567
22659
22472
22490
22700
22663
22586
22383
22624
22527
22362
22702
22529
22454
22507
22620
22441
22371
22399
22556
22593
22505
22691
22550
22434
22377
22650
22583
22618
22598
22573
22219
22603
22486
22471
22611
22779
22434
22460
22468
22598
22739
22531
22541
22481
22514
22558
22585
22471
22504
22564
22607
22429
22618
22608
22607
22404
22553
22395
22464
22495
22752
22323
22431
22441
22624
22363
22575
22578
22430
22453
22396
22464
22578
22621
22694
22467
22433
22397
22581
22381
22473
22448
22418
22465
22537
22487
22616
22412
22632
22670
22683
22528
22572
22476
22537
22558
22512
22534
22583
22677
22623
22567
22422
22633
22542
22471
22666
22667
22430
22595
22322
22483
22626
22517
22481
22350
22468
22565
22583
22382
22687
22457
22493
22523
22553
22549
22470
22731
22539
22389
22533
22542
22594
22618
22522
22524
22453
22341
22452
22471
22571
22497
22515
22406
22606
22438
22559
22673
22522
22530
22665
22409
22553
22557
22451
22556
22547
22666
22246
22247
22597
22417
22292
22656
22523
22350
22454
22634
22415
22549
22538
22473
22549
22590
22538
22628
22585
22318
22490
22673
22484
22610
22612
22611
22644
22672
22626
22671
22604
22577
22464
22655
22516
22609
22417
22522
22468
22491
22423
22669
22482
22557
22424
22579
22560
22462
22371
22679
22488
22469
22468
22671
22524
22426
22266
22572
22553
22555
22539
22641
22657
22534
22531
22295
22439
22656
22554
22411
22713
22601
22556
22625
22731
22788
22477
22507
22511
22635
22370
22699
22676
22625
22607
22499
22611
22626
22426
22382
22471
22502
22533
22410
22623
22585
22543
22429
22481
22294
22547
22576
22615
22516
22521
22424
22461
22491
22482
22581
22581
22455
22367
22533
22392
22572
22439
22544
22539
22587
22453
22538
22647
22337
22552
22472
22523
22702
22519
22561
22493
22472
22508
22609
22329
22613
22425
22504
22488
22525
22540
22534
22543
22551
22459
22540
22525
22595
22632
22545
22795
22484
22560
22517
22569
22574
22484
22349
22615
22613
22559
22516
22458
22700
22469
22623
22445
22522
22423
22435
22588
22518
22636
22468
22422
22527
22407
22570
22450
22458
22527
22687
22562
22602
22592
22628
22456
22630
22400
22741
22644
22507
22580
22557
22563
22256
22521
22460
22634
22583
22549
22489
22713
22484
22437
22656
22482
22580
22549
22374
22699
22585
22496
22556
22513
22434
22300
22469
22489
22540
22570
22642
22468
22479
22196
22562
22550
22516
22638
22363
22575
22468
22593
22593
22452
22378
22572
22455
22469
22485
22568
22567
22480
22581
22496
22716
22368
22456
22518
22684
22530
22689
22619
22456
22525
22469
22583
22592
22629
22656
22489
22469
22451
22632
22747
22512
22586
22468
22465
22562
22528
22423
22515
22342
22487
22410
22661
22481
22643
22483
22485
22605
22403
22566
22460
22445
22463
22431
22430
22507
22581
22472
22633
22466
22619
22590
22600
22559
22542
22519
22439
22537
22541
22639
22582
22554
22533
22479
22556
22530
22550
22639
22454
22560
22693
22490
22518
22619
22445
22521
22608
22553
22537
22416
22657
22592
22567
22680
22571
22505
22509
22433
22509
22602
22262
22477
22471
22559
22400
22534
22594
22540
22391
22447
22583
22574
22614
22465
22318
22540
22654
22546
22704
22498
22528
22528
22556
22670
22544
22470
22669
22592
22721
22526
22533
22495
22547
22436
22319
22409
22599
22486
22606
22696
22581
22482
22276
22520
22413
22434
22562
22592
22559
22562
22587
22405
22633
22646
22403
22432
22431
22639
22517
22521
22653
22489
22512
22659
22708
22486
22598
22654
22472
22533
22447
22545
22532
22378
22335
22614
22497
22387
22369
22627
22480
22561
22546
22536
22574
22618
22361
22649
22599
22499
22453
22547
22302
22491
22613
22500
22575
22639
22642
22589
22606
22370
22731
22559
22430
22705
22529
22467
22541
22626
22294
22719
22631
22646
22509
22619
22546
22613
22566
22543
22536
22675
22490
22511
22717
22543
22537
22546
22454
22461
22513
22488
22582
22559
22399
22351
22621
22509
22478
22550
22620
22648
22494
22629
22723
22357
22482
22595
22692
22420
22379
22556
22557
22662
22522
22653
22475
22764
22520
22455
22539
22671
22440
22501
22583
22557
22477
22350
22588
22680
22595
22520
22466
22441
22466
22593
22510
22558
22474
22466
22574
22498
22528
22603
22413
22549
22450
22518
22639
22522
22549
22398
22529
22412
22559
22547
22512
22573
22610
22404
22353
22478
22491
22648
22544
22430
22681
22651
22473
22525
22485
22377
22342
22655
22584
22572
22534
22507
22463
22604
22329
22546
22478
22427
22546
22498
22599
22418
22624
22644
22537
22481
22621
22529
22315
22521
22409
22522
22428
22494
22543
22500
22726
22479
22365
22455
22398
22586
22657
22543
22416
22499
22479
22432
22539
22498
22537
22438
22552
22505
22361
22401
22428
22478
22569
22374
22588
22349
22536
22624
22454
22670
22469
22391
22433
22465
22561
22491
22304
22667
22456
22445
22526
22726
22505
22593
22734
22461
22514
22648
22488
22606
22509
22562
22420
22533
22552
22658
22628
22475
22373
22535
22456
22540
22604
22479
22486
22539
22489
22517
22518
22415
22550
22385
22632
22518
22609
22444
22439
22572
22576
22477
22572
22400
22564
22585
22493
22590
22590
22646
22484
22594
22505
22511
22576
22739
22590
22674
22681
22534
22527
22432
22531
22535
22424
22563
22529
22416
22515
22618
22569
22660
22501
22681
22626
22705
22484
22461
22539
22754
22593
22558
22541
22583
22638
22438
22677
22541
22478
22467
22530
22521
22667
22589
22486
22432
22469
22540
22479
22373
22578
22358
22334
22671
22567
22639
22606
22478
22394
22586
22608
22429
22520
22585
22499
22522
22574
22531
22744
22578
22570
22554
22561
22481
22304
22528
22762
22509
22426
22458
22483
22392
22688
22500
22567
22623
22508
22429
22829
22622
22654
22559
22414
22430
22584
22351
22714
22764
22538
22615
22455
22605
22428
22400
22486
22291
22470
22283
22289
22552
22531
22564
22584
22386
22634
22547
22407
22539
22523
22575
22410
22474
22769
22513
22454
22676
22579
22436
22716
22371
22393
22438
22386
22548
22621
22561
22435
22415
22549
22419
22592
22541
22457
22548
22486
22437
22652
22427
22486
22582
22336
22569
22352
22587
22598
22407
22417
22543
22341
22421
22696
22651
22550
22506
22444
22393
22579
22420
22387
22431
22509
22492
22634
22560
22598
22564
22307
22618
22530
22444
22453
22699
22615
22454
22519
22690
22383
22706
22556
22383
22545
22662
22370
22495
22574
22615
22344
22602
22521
22538
22666
22673
22628
22502
22527
22587
22471
22578
22539
22556
22605
22543
22440
22438
22766
22420
22531
22404
22445
22596
22644
22639
22441
22479
22381
22590
22531
22680
22541
22594
22439
22606
22396
22471
22562
22556
22703
22534
22424
22509
22570
22460
22491
22539
22659
22567
22488
22431
22589
22666
22492
22456
22418
22543
22446
22558
22379
22514
22536
22651
22347
22653
22495
22615
22569
22675
22422
22491
22359
22514
22473
22416
22526
22522
22652
22605
22367
22553
22595
22527
22652
22433
22516
22443
22583
22692
22323
22703
22541
22430
22432
22571
22489
22609
22333
22631
22597
22480
22474
22369
22506
22443
22535
22680
22637
22677
22524
22487
22502
22596
22463
22725
22517
22532
22616
22486
22551
22596
22514
22565
22520
22488
22412
22519
22707
22692
22420
22576
22582
22443
22587
22612
22378
22619
22591
22616
22596
22550
22524
22339
22524
22526
22403
22467
22598
22470
22676
22727
22489
22607
22515
22394
22561
22677
22397
22575
22381
22490
22599
22535
22522
22601
22607
22624
22575
22567
22549
22561
22468
22632
22568
22532
22574
22465
22601
22694
22626
22661
22680
22570
22535
22468
22634
22507
22691
22393
22422
22453
22538
22581
22561
22378
22606
22554
22434
22648
22662
22466
22643
22491
22613
22580
22546
22556
22429
22516
22458
22557
22560
22423
22555
22538
22684
22547
22545
22592
22471
22560
22576
22475
22358
22476
22512
22587
22544
22403
22564
22412
22439
22427
22517
22441
22481
22419
22544
22450
22545
22718
22402
22500
22476
22508
22566
22618
22446
22649
22571
22601
22451
22577
22539
22434
22542
22545
22539
22796
22557
22475
22466
22581
22485
22551
22449
22351
22352
22664
22514
22313
22348
22518
22693
22581
22579
22425
22503
22537
22624
22523
22453
22718
22421
22394
22544
22459
22629
22456
22613
22572
22560
22570
22393
22338
22660
22557
22510
22435
22415
22296
22448
22463
22521
22486
22596
22694
22488
22647
22633
22599
22364
22567
22472
22710
22568
22588
22610
22604
22557
22654
22418
22376
22448
22501
22566
22535
22517
22701
22515
22570
22630
22607
22347
22655
22504
22791
22328
22703
22619
22724
22534
22457
22540
22584
22601
22518
22407
22681
22434
22653
22491
22643
22471
22405
22454
22535
22634
22556
22547
22540
22481
22548
22423
22362
22552
22364
22472
22491
22340
22630
22558
22514
22580
22670
22663
22549
22435
22511
22445
22515
22547
22639
22504
22683
22575
22492
22583
22402
22487
22572
22548
22487
22470
22598
22536
22391
22554
22427
22485
22533
22505
22354
22284
22460
22328
22550
22651
22542
22587
22556
22555
22538
22597
22739
22462
22567
22442
22493
22603
22376
22383
22482
22605
22660
22492
22506
22565
22490
22667
22453
22641
22528
22603
22373
22385
22518
22538
22590
22430
22372
22484
22533
22728
22495
22635
22433
22469
22402
22520
22607
22410
22508
22728
22587
22424
22462
22480
22560
22469
22407
22397
22467
22504
22578
22486
22739
22568
22558
22398
22675
22591
22452
22539
22550
22551
22562
22525
22686
22591
22436
22512
22576
22468
22435
22558
22566
22477
22558
22558
22505
22413
22446
22379
22581
22528
22458
22691
22345
22558
22449
22541
22497
22373
22350
22475
22674
22645
22502
22611
22532
22494
22664
22632
22690
22495
22706
22557
22657
22545
22535
22431
22582
22506
22479
22548
22465
22631
22448
22544
22524
22429
22580
22656
22529
22494
22530
22325
22432
22513
22530
22465
22564
22416
22537
22467
22470
22468
22553
22491
22403
22560
22670
22490
22562
22548
22579
22908
22622
22580
22620
22594
22431
22426
22880
22559
22560
22639
22482
22581
22362
22486
22364
22590
22391
22532
22531
22480
22518
22606
22576
22644
22482
22532
22696
22508
22614
22485
22598
22500
22609
22498
22599
22652
22469
22624
22382
22629
22708
22537
22487
22615
22580
22424
22396
22653
22477
22736
22571
22610
22501
22557
22512
22493
22646
22419
22450
22445
22458
22476
22573
22603
22591
22477
22633
22648
22413
22317
22341
22513
22436
22423
22527
22647
22460
22591
22624
22637
22499
22588
22471
22585
22446
22515
22417
22516
22498
22815
22550
22782
22559
22592
22502
22305
22508
22474
22418
22479
22443
22465
22635
22465
22608
22640
22345
22615
22505
22553
22266
22641
22381
22541
22367
22634
22463
22425
22431
22503
22494
22529
22484
22551
22561
22418
22686
22546
22610
22572
22440
22510
22491
22462
22470
22636
22450
22409
22386
22557
22466
22370
22614
22475
22628
22528
22410
22455
22544
22405
22562
22698
22571
22562
22599
22600
22447
22700
22394
22447
22449
22496
22563
22579
22504
22581
22376
22595
22504
22285
22696
22467
22471
22450
22572
22746
22480
22554
22426
22361
22659
22546
22559
22454
22560
22557
22642
22614
22508
22499
22635
22541
22603
22482
22488
22469
22524
22574
22737
22537
22351
22614
22669
22547
22667
22522
22337
22506
22540
22460
22544
22572
22471
22584
22389
22377
22731
22475
22749
22484
22463
22425
22700
22361
22369
22583
22358
22549
22666
22354
22548
22429
22456
22550
22520
22676
22711
22547
22393
22497
22590
22455
22459
22506
22477
22529
22656
22542
22581
22292
22494
22468
22541
22645
22496
22494
22623
22407
22554
22403
22443
22762
22581
22472
22539
22500
22550
22477
22590
22588
22404
22445
22464
22432
22458
22523
22601
22485
22631
22570
22748
22457
22599
22486
22449
22465
22521
22423
22505
22687
22469
22660
22559
22519
22427
22489
22411
22313
22537
22364
22328
22598
22578
22356
22527
22648
22554
22656
22400
22533
22591
22484
22448
22623
22581
22490
22513
22461
22634
22572
22551
22714
22626
22421
22507
22638
22521
22333
22427
22455
22519
22627
22545
22470
22397
22635
22593
22405
22602
22705
22613
22567
22704
22343
22577
22695
22472
22524
22489
22514
22526
22644
22413
22403
22492
22380
22580
22473
22599
22638
22428
22526
22481
22386
22454
22705
22486
22641
22598
22446
22544
22569
22508
22399
22571
22448
22536
22481
22546
22708
22608
22616
22596
22245
22492
22413
22512
22692
22448
22566
22535
22625
22465
22466
22621
22418
22474
22459
22633
22772
22444
22635
22480
22624
22690
22542
22680
22548
22464
22596
22383
22483
22681
22479
22673
22576
22467
22630
22422
22444
22503
22551
22361
22620
22605
22661
22648
22530
22586
22714
22572
22566
22674
22574
22689
22513
22582
22508
22582
22501
22341
22576
22363
22440
22755
22720
22376
22712
22585
22712
22609
22514
22552
22702
22686
22609
22581
22511
22661
22595
22465
22524
22584
22385
22537
22395
22605
22461
22505
22623
22628
22551
22617
22688
22493
22639
22603
22456
22520
22529
22743
22548
22391
22635
22549
22542
22496
22340
22791
22543
22602
22535
22505
22689
22672
22519
22569
22662
22528
22500
22451
22448
22509
22615
22489
22381
22373
22447
22592
22463
22582
22561
22335
22496
22632
22562
22638
22529
22627
22451
22485
22589
22641
22329
22525
22575
22540
22695
22473
22460
22632
22684
22495
22565
22602
22620
22535
22408
22420
22596
22506
22566
22534
22672
22625
22630
22388
22583
22468
22478
22550
22531
22534
22581
22627
22537
22648
22573
22460
22437
22425
22423
22578
22398
22456
22503
22437
22271
22524
22531
22672
22534
22556
22491
22477
22586
22479
22478
22487
22702
22487
22539
22423
22584
22532
22517
22311
22295
22581
22551
22344
22600
22224
22536
22621
22452
22677
22543
22517
22594
22438
22539
22732
22604
22482
22383
22599
22462
22625
22519
22473
22652
22450
22337
22323
22636
22585
22409
22667
22507
22401
22619
22520
22649
22687
22633
22465
22611
22472
22600
22553
22455
22545
22436
22645
22478
22476
22510
22520
22504
22421
22622
22380
22230
22655
22256
22523
22401
22542
22629
22505
22516
22605
22549
22602
22458
22518
22331
22564
22636
22619
22480
22529
22573
22706
22648
22642
22661
22487
22410
22454
22646
22541
22545
22689
22631
22496
22533
22740
22505
22470
22602
22823
22589
22588
22378
22755
22541
22528
22329
22463
22529
22681
22691
22662
22558
22503
22516
22551
22578
22528
22565
22497
22652
22490
22404
22604
22608
22482
22546
22373
22525
22502
22427
22398
22543
22518
22482
22633
22629
22549
22441
22497
22643
22468
22757
22601
22471
22554
22441
22655
22672
22496
22519
22650
22650
22538
22341
22592
22322
22401
22595
22449
22574
22613
22579
22611
22525
22609
22609
22682
22314
22684
22640
22578
22438
22209
22542
22553
22544
22378
22552
22458
22581
22620
22743
22481
22687
22576
22523
22606
22599
22533
22530
22595
22401
22572
22463
22561
22454
22487
22622
22473
22681
22411
22448
22457
22648
22471
22531
22344
22449
22459
22462
22439
22572
22486
22604
22689
22461
22648
22578
22521
22549
22625
22296
22534
22611
22577
22517
22687
22580
22440
22413
22493
22541
22616
22413
22374
22492
22453
22346
22597
22538
22611
22525
22686
22726
22646
22595
22533
22496
22226
22585
22376
22587
22452
22598
22489
22600
22404
22559
22474
22562
22693
22423
22377
22414
22580
22607
22571
22639
22476
22461
22567
22445
22609
22553
22593
22805
22484
22483
22518
22535
22621
22539
22675
22505
22591
22396
22667
22580
22717
22528
22634
22409
22403
22491
22419
22576
22496
22623
22394
22602
22441
22322
22618
22578
22538
22583
22558
22581
22505
22757
22633
22510
22519
22433
22619
22552
22655
22392
22516
22593
22601
22455
22379
22582
22489
22698
22714
22528
22557
22526
22711
22402
22405
22514
22598
22459
22559
22487
22532
22487
22602
22593
22495
22463
22427
22526
22552
22556
22504
22290
22532
22411
22460
22592
22470
22345
22518
22685
22543
22333
22481
22349
22339
22398
22558
22550
22488
22553
22482
22580
22568
22334
22500
22597
22652
22620
22523
22407
22520
22562
22481
22487
22544
22414
22510
22667
22424
22498
22305
22391
22536
22222
22607
22428
22302
22405
22494
22637
22676
22574
22434
22445
22652
22416
22418
22572
22565
22540
22483
22253
22624
22388
22424
22441
22430
22358
22591
22587
22625
22490
22404
22486
22586
22437
22583
22619
22646
22438
22612
22567
22443
22473
22465
22624
22348
22484
22626
22495
22519
22585
22607
22720
22542
22457
22693
22757
22591
22669
22513
22591
22379
22471
22525
22543
22584
22664
22485
22552
22500
22703
22593
22471
22349
22523
22465
22732
22352
22580
22491
22403
22571
22667
22697
22637
22731
22508
22561
22533
22675
22647
22509
22423
22694
22443
22581
22420
22525
22542
22423
22476
22466
22572
22486
22573
22566
22369
22422
22555
22571
22652
22469
22467
22368
22684
22551
22628
22600
22587
22669
22418
22696
22519
22425
22436
22356
22466
22591
22289
22476
22517
22476
22590
22561
22545
22439
22500
22602
22465
22469
22596
22490
22589
22621
22582
22508
22520
22635
22522
22437
22641
22454
22715
22412
22499
22535
22475
22534
22541
22682
22572
22458
22570
22550
22612
22431
22473
22454
22444
22457
22533
22462
22623
22659
22564
22428
22605
22704
22444
22594
22549
22362
22609
22518
22584
22568
22565
22415
22685
22708
22419
22621
22515
22545
22754
22584
22478
22615
22428
22437
22510
22607
22648
22604
22767
22433
22348
22359
22456
22343
22699
22593
22431
22278
22611
22522
22708
22470
22711
22567
22630
22394
22360
22550
22573
22531
22651
22635
22577
22631
22414
22341
22562
22455
22639
22563
22634
22454
22421
22539
22619
22436
22413
22613
22403
22458
22483
22714
22351
22577
22671
22467
22552
22715
22606
22583
22407
22297
22362
22617
22388
22656
22463
22304
22342
22320
22516
22563
22408
22532
22470
22492
22412
22349
22422
22480
22530
22445
22634
22532
22505
22444
22543
22523
22537
22625
22624
22567
22569
22492
22602
22550
22524
22521
22484
22504
22673
22494
22560
22698
22442
22778
22585
22515
22525
22445
22474
22600
22605
22442
22585
22322
22443
22367
22538
22570
22474
22461
22514
22545
22683
22555
22501
22485
22442
22650
22591
22438
22377
22358
22543
22621
22624
22605
22579
22379
22565
22515
22437
22518
22527
22473
22497
22506
22671
22425
22524
22440
22432
22485
22597
22555
22540
22445
22347
22460
22577
22458
22392
22430
22502
22499
22646
22580
22455
22686
22549
22374
22592
22569
22573
22490
22639
22482
22684
22514
22364
22424
22528
22593
22555
22555
22415
22468
22358
22505
22516
22709
22548
22552
22544
22566
22595
22459
22596
22422
22599
22493
22649
22434
22476
22470
22396
22573
22501
22592
22565
22490
22189
22617
22721
22492
22642
22502
22523
22418
22573
22678
22715
22557
22524
22682
22325
22517
22554
22578
22470
22357
22483
22546
22476
22414
22468
22480
22481
22493
22520
22733
22548
22602
22687
22590
22544
22516
22476
22408
22479
22432
22450
22530
22517
22550
22500
22429
22522
22494
22675
22532
22647
22529
22441
22445
22536
22302
22621
22503
22445
22638
22545
22376
22576
22458
22284
22576
22437
22306
22475
22532
22532
22569
22566
22537
22336
22289
22505
22541
22438
22557
22540
22309
22273
22408
22635
22405
22436
22669
22381
22469
22729
22740
22461
22759
22418
22593
22521
22537
22374
22625
22490
22498
22493
22324
22631
22446
22588
22460
22433
22389
22395
22445
22559
22597
22472
22505
22529
22430
22490
22423
22429
22486
22428
22573
22296
22496
22569
22410
22305
22400
22452
22396
22476
22349
22608
22661
22565
22537
22553
22462
22548
22407
22409
22682
22629
22355
22616
22530
22405
22596
22521
22556
22530
22579
22437
22519
22299
22468
22470
22502
22428
22390
22404
597
774
760
740
1170
1243
206
1919
722
706
1600
834
1644
1991
41
1721
907
113
1439
1075
1226
1737
1296
1329
809
777
1817
1904
345
1955
461
163
2040
1419
901
1711
1161
969
970
259
791
1244
1896
1332
581
1086
1818
1703
172
1137
231
1709
1541
2009
209
989
1996
1086
876
686
127
1506
1565
1494
63
1813
917
1298
105
90
763
1336
80
1456
1051
715
838
1152
1668
794
1115
436
1320
5
1941
1349
478
1154
19
1035
888
76
794
153
1214
925
587
692
1750
1801
1230
75
1352
62
647
272
1162
1479
669
1101
603
111
215
1015
83
1497
1881
328
1540
633
30
842
1454
609
1839
156
1636
1404
1470
687
1445
1103
1671
874
869
775
1802
1716
286
102
2005
182
1436
1812
1152
1005
1990
871
1744
1655
2019
856
1149
555
364
1431
2031
1439
1934
978
311
1167
979
720
1714
393
1165
1677
1448
590
402
135
177
1569
586
1871
277
1147
1575
1463
1491
247
1601
222
1541
674
281
1930
1295
1601
876
299
447
847
1079
786
1772
1472
880
754
1417
1389
879
1358
1929
164
808
1873
866
529
1727
1944
667
1341
1475
1071
1069
1990
1426
1691
1416
291
1765
1221
265
1373
308
74
331
1472
584
922
1847
168
1846
954
698
322
721
693
1468
711
912
1673
1555
1721
892
1774
2021
1302
312
1128
176
1565
89
1512
1462
1238
1062
761
1821
1133
1658
842
1467
948
420
223
1567
795
114
1399
974
110
1652
254
99
1734
544
29
1964
897
1767
772
1066
1544
213
1924
1881
1501
885
31
1034
1131
2002
744
1550
582
543
1178
1693
1458
42
1627
325
112
1860
1962
1921
1844
331
1407
58
1527
667
1121
1805
721
625
1670
1593
1084
413
217
1552
671
508
800
1635
1575
388
50
750
1890
539
1540
859
1047
938
1463
1876
303
1138
442
1645
1808
1773
1591
1573
616
944
23

