3390
2158
996
3154
2725
2833
3126
2402
1902
1818
608
3610
2770
1121
1286
1925
1013
1037
1563
870
1656
2868
2113
2361
2599
2565
1783
1774
3914
1720
3351
2728
1276
3254
3081
2336
1212
3432
3487
2032
1461
1919
1621
1586
2505
1918
512
2594
3419
147
2140
3614
2505
2059
305
3953
2445
3491
3013
1539
1415
1185
3138
735
2615
3635
1740
3605
3552
3120
1414
2414
1449
3698
1638
4037
3682
2284
2843
3064
2600
1313
1964
1
3395
3180
2596
1534
2695
729
2059
2010
3375
1647
1971
731
1333
1551
1779
2335
2141
3372
1134
2218
1358
2427
2740
2588
3400
3553
355
1570
1
1896
1556
295
3138
2982
2586
2446
2173
2722
419
695
2246
2846
1465
3278
3118
1160
2413
845
1171
1343
2033
2451
3395
1858
2252
2761
2925
3665
3958
2385
3020
3338
1244
3049
2936
3129
2915
1122
2241
2817
2567
1687
655
1650
1024
3145
1975
1045
1456
2652
2038
1840
2758
3888
2697
3336
2085
2448
1946
332
3467
782
2659
4094
915
3909
1721
1909
1326
2025
1480
2678
2000
3237
2922
2063
1406
1781
2330
1519
1956
1916
2165
689
2039
1104
4039
74
661
3665
1821
1710
2853
2802
735
2832
3148
690
2297
1190
2446
1218
2743
1739
2216
3065
4094
322
1863
821
2467
2179
1
1789
4083
3925
1348
3740
4094
2306
3349
1630
2604
1890
2565
1951
495
936
1135
2506
2747
95
1433
1360
60
3188
1386
1172
3100
2012
2763
2525
2747
3639
1693
1876
1029
2518
831
3210
1046
2372
1
1589
2048
3930
2610
3882
3679
3048
3402
2280
759
2932
1296
2241
2750
3243
215
1613
4057
2627
637
3904
542
3034
2887
3662
1497
1
2982
1905
2589
2988
1357
1836
3752
2682
3287
1794
3093
2854
1499
1411
3639
1858
2150
2137
1878
1350
2531
469
1488
186
2619
1731
1849
1435
3212
3320
2819
2244
659
3043
1863
703
3090
185
3031
1631
1813
3635
2064
2153
804
776
2239
1470
1739
1328
2439
2300
1974
1178
1535
839
2877
2471
1584
2703
3257
2343
940
809
1602
437
1962
2548
1
49
2378
1701
3578
2600
2173
2682
1442
353
2251
3094
2009
2123
2990
2986
3213
2133
1794
2269
1148
2072
997
2022
1998
2530
1490
500
2582
1794
1579
994
1832
3249
1
2395
258
169
1092
1744
2179
1361
2524
2273
1562
2811
1524
769
3718
2125
4094
3029
1991
1983
2073
1236
2057
1767
2716
1958
930
1475
1363
2913
822
1085
3089
2133
2668
2565
2503
1165
3903
1259
1680
2568
745
2341
289
1895
959
2451
3159
1083
455
898
2671
3448
1230
2370
1346
2127
3983
2950
1993
3400
1773
2238
2011
471
1141
2656
2134
2519
1598
1278
3253
1046
2839
1648
2096
2446
3032
1607
3325
2345
269
1347
2843
1596
2796
2170
1641
3239
2390
3888
1457
2287
2046
1
4019
474
1276
1822
1985
2015
1656
2024
1
1007
2173
1570
1678
1279
1
2506
1470
1772
3123
1975
1472
1763
1844
1775
801
1589
2118
949
1047
2479
2191
2035
2390
805
3481
1
2887
1795
3540
1484
1748
1228
1749
1783
2239
2101
3657
3932
3024
2512
4094
1371
1358
777
4094
2279
1701
1280
2062
1931
667
3496
1
2397
1052
1324
939
2768
812
1253
2858
766
1840
1743
1056
1652
2865
2662
1755
2668
1129
1674
1741
740
368
3431
3007
3497
2039
1240
2133
3199
335
4094
852
1835
2451
2120
1981
3476
2090
1
2000
1303
1499
2151
1349
2697
1533
621
3389
2258
1420
3416
1424
227
634
4057
921
1331
1384
2477
2362
534
846
2195
1481
1591
2299
3072
3048
1655
2020
3918
1743
2519
1925
1702
2414
2148
1609
75
1
1
583
1632
2796
1712
2526
1059
2546
2051
4004
2864
2566
2017
3498
1656
2103
704
2097
2827
2299
2709
2401
1
2276
607
2495
3606
3103
1581
577
803
2431
1671
2368
1200
390
1303
1830
2889
1156
2525
2038
555
1663
851
1351
1180
1302
1729
2002
2667
2535
3778
168
834
2189
1648
1766
3374
4094
125
2691
1364
2128
3224
2299
3733
2061
2458
1141
2814
3209
2574
4094
2968
1953
2032
1383
2327
1672
2338
143
2568
2371
2137
1446
2955
2554
2006
1203
2743
1042
2598
1040
1072
4094
1519
1635
848
144
277
877
1658
3067
2925
2421
1
890
3591
4094
2907
2120
1750
745
2063
2154
1762
2441
1571
863
3313
2127
2861
2271
2224
1216
2422
1
4094
2872
2663
2745
1547
256
3611
1567
2090
1748
3077
2953
1738
207
1803
2400
2026
1469
3354
2853
2056
2467
1995
2387
197
2763
701
1571
2345
2377
2322
4094
1
2215
2423
3502
1
711
3692
2428
1943
3366
2607
422
1668
1905
1724
2230
161
2816
3103
2373
3994
1919
2948
903
631
1733
2088
1150
2611
739
2169
1440
1067
1947
3377
2215
1890
2739
1922
2639
1290
2948
54
1772
1338
1362
1474
2627
1543
3082
2760
1170
2237
1
1801
3646
2583
3310
1379
2903
2455
1059
1
2719
3115
3565
1841
3184
2631
3102
1579
1156
4094
1997
1896
795
1303
2909
1
2782
473
2733
2154
1516
1646
1435
1283
836
890
1679
3717
2241
3325
2416
1
1569
855
695
2007
2983
2988
697
3732
2942
3923
1579
2379
3011
1
1249
2540
1
2217
2624
1787
3061
1926
1158
2121
2265
2669
1147
2012
2327
1423
2674
1976
2565
1613
2855
2590
2581
2201
1068
2079
2254
1848
2487
2881
4094
2168
2363
1745
1429
2486
1623
3667
765
1065
977
1507
3433
1715
557
2950
176
1248
1271
2678
2377
1897
2416
3721
1405
2563
864
2132
2353
2096
853
2279
1973
1747
989
1856
3270
3424
2060
1089
917
933
301
2490
763
2994
2982
3114
2767
551
3713
474
1969
3009
1528
2219
1910
1938
1127
1551
2352
1542
1068
2321
3514
494
725
2123
2426
1925
3380
2617
3184
1475
3574
3240
1627
606
4094
4094
2625
1473
1547
2392
3435
2156
4094
1462
1
2029
1655
1109
3456
1492
3572
1489
2054
3280
2549
1717
973
2730
2993
766
4065
1680
2288
1801
2065
594
803
4080
2047
3117
1491
1062
2053
1070
1588
916
1558
898
2889
565
1136
2208
2726
3355
3036
1372
1538
933
1577
410
1204
1228
44
2086
3236
2400
2808
2132
2182
1363
4094
4094
1273
2034
1991
2230
1749
2302
2226
2508
1998
2927
1429
2083
1204
3987
2749
2374
3581
813
3578
1795
1500
1602
2575
2854
3194
1709
2283
3708
3890
157
3483
1459
2228
1379
3174
2117
1569
3043
1891
1521
1742
1362
2427
1054
1320
2412
2735
2567
2324
2536
3021
1691
583
2562
2333
1711
2233
2401
2329
1954
2585
1326
81
986
2547
1201
2110
1733
2252
1174
1699
2042
2616
2325
4094
3704
2640
1853
1764
1134
1212
2354
3641
3171
1479
2378
2059
3419
2501
581
3172
2371
1361
2074
1663
3840
692
3828
1936
2763
1807
609
2197
1181
3106
3545
1764
1164
2721
740
1519
1423
4094
2868
1028
1057
1630
2761
1417
3838
3622
1045
2907
3171
1352
1332
1824
2094
2450
1816
1509
1888
1869
1952
4009
4077
1933
1054
1600
266
2823
1754
339
2273
2002
410
4094
2265
1575
1438
417
3360
2603
1758
2132
3846
1569
1948
2593
2195
2061
1812
2734
1345
2519
1922
3017
3221
3108
1552
1039
2581
1312
1199
2215
2310
2027
1158
1796
1930
2376
4094
2081
3040
2110
1947
2134
3034
1769
2842
1967
2304
2178
1507
4094
2034
467
3253
1010
1029
1204
2630
1971
2600
3053
876
4094
1608
3318
3517
4094
3495
2709
3163
2053
1870
3021
2095
4094
3149
651
723
2174
1423
3090
1074
2993
2066
2044
3041
968
1590
1702
2798
2685
1290
625
4094
1
2713
84
2267
2555
3323
1246
848
1165
2454
3368
1658
1821
2963
2809
982
4094
1970
2491
2448
1855
3057
2152
584
3249
1866
2670
1717
1765
2257
2917
2080
2501
2583
2036
2166
3588
2642
802
2804
2581
653
696
2486
2707
302
2507
2635
2107
3312
318
2251
2754
338
3174
1703
2173
2544
2301
1816
1402
1691
906
4094
710
1
2301
1019
3775
1718
3415
2875
645
4094
1524
2155
1815
3282
506
1745
3464
1254
1996
2693
140
1900
3064
3997
851
3490
2781
2181
2131
2886
3194
3860
866
2273
3122
1194
470
1585
3955
1676
1682
1492
3152
2770
1137
2718
3253
1980
3903
1248
1861
316
2322
1392
838
1458
827
2531
289
723
2784
2944
1993
2343
823
3037
1467
3297
1601
3891
1980
1449
1974
428
1679
2304
1852
1694
1930
2065
1785
3032
1837
2792
3208
1596
3933
1396
756
2759
3238
1569
3814
1726
1618
3089
3447
3450
874
2704
1275
1469
1702
510
1105
2457
699
872
1186
4094
3115
2294
2605
1632
1606
1327
2297
2353
3136
1905
2965
3175
841
3387
2098
2096
1303
3130
849
1852
3280
1495
2047
1188
1861
763
2451
2324
3499
2653
2743
1236
2169
2593
2794
1666
744
1
2079
1352
2977
2750
1916
2669
1317
1052
3276
103
2344
4094
3015
2925
984
1
2469
2145
1418
2982
3477
2719
1
3004
1479
2134
4094
1565
1582
3245
1883
1882
3557
2109
1505
1910
2686
2396
1671
1672
1582
1533
574
3327
2419
1907
1775
2338
2715
3165
409
1288
1040
2058
2028
4060
1514
4094
1699
2451
541
758
2118
2762
4094
2099
1284
2856
2072
3416
2324
2403
2984
754
1252
1
1015
2832
935
1635
3481
3391
1
2945
1815
3239
3824
636
2496
1786
1206
1492
1443
2868
2372
607
2659
1564
1037
3211
2662
1637
126
820
2725
1064
2288
1401
3698
1591
904
2796
2006
2174
2879
2772
4094
2375
1617
1720
1748
1129
1787
2735
1450
2357
1392
354
2511
1528
3434
1490
2349
2388
2589
2620
1
2507
3960
58
1917
760
3130
1425
2511
2131
263
1681
2780
1843
1274
2173
1338
1886
2563
1042
2293
1318
3259
53
3564
3860
1471
1931
2480
2452
3153
3882
1137
2788
1230
3118
2022
3113
806
2169
2026
1013
3116
1997
2211
2560
3206
1625
2521
3712
2676
3494
1230
3737
1050
1327
4094
1797
2273
4094
1772
793
3071
1423
1323
2427
1461
2564
3346
642
1934
3234
3285
1893
2448
2485
4094
1271
2382
1347
1621
2109
1162
948
2936
2510
1861
1
1576
1685
2830
2766
1542
3094
682
2153
1891
3421
3001
3955
1140
1408
1966
2915
1568
1615
3015
1144
1546
2550
3518
767
1473
2892
2112
3084
1717
1659
1675
1545
3861
173
2461
2902
2236
1404
1854
1444
1963
1543
2900
2240
1858
1244
1754
719
907
1754
2528
2788
1942
2855
1981
2423
3126
3726
1071
2488
2324
2475
1898
3788
1455
2765
1426
1810
2659
1886
2360
3009
2858
244
3314
2384
3448
1972
1766
28
1393
2459
2889
2608
1454
2252
889
1880
1658
1261
1177
3153
1919
1327
3776
2418
1652
2820
375
1667
1994
2209
1745
1369
827
2396
3023
617
1458
2701
3831
1616
2937
1810
1
1815
910
2239
2276
2156
976
589
4094
1936
1758
1891
2753
1160
2968
2162
1700
584
1049
402
795
1935
3570
3896
982
3539
147
1707
1543
1681
4094
1005
1144
1309
2172
1478
1696
1439
2133
2636
1139
1516
2040
1530
2784
1037
1178
4094
2001
2271
1683
11
2764
3690
1542
3054
271
1341
1873
456
1544
2671
2697
2768
3799
419
814
2877
1010
3010
1373
1550
869
1279
2341
546
2451
2306
1818
4094
1913
2772
935
2682
1245
2457
2128
2782
365
2922
3390
3232
3542
3126
1516
3368
22
1807
1293
2807
4094
2454
2775
3285
2706
2339
1558
2853
1553
4094
4094
2060
948
865
3106
2320
2712
2992
3070
1176
1494
2880
2229
1706
666
2533
2051
3140
558
305
1237
892
769
338
1818
1426
1
2569
574
2048
2494
1928
352
2396
1773
2721
1927
2658
2273
2170
2327
641
1309
1055
1806
2570
1950
2735
2256
1602
1286
2142
1819
1233
1630
1542
3128
2058
682
1144
2815
1807
831
1507
2348
2205
1
1
1094
437
3364
1025
2304
1522
1932
988
2384
1976
2603
2405
1247
1153
703
1655
429
3572
2108
738
2697
468
2443
3298
1642
1289
1975
1215
1611
2232
1
2980
2123
538
4094
3592
3027
1902
1347
1900
2853
1730
2719
661
2697
1941
2220
2958
2598
1864
3040
1139
183
278
2045
3347
1723
1993
2185
2165
1090
1108
1087
4094
2865
1365
2319
2303
1107
3602
3184
1760
3702
3301
846
2317
315
4045
1611
1453
1885
1772
412
2432
2530
2807
1931
2653
464
901
748
3996
1107
2170
3332
1
3479
4094
748
2055
2484
2505
1890
1902
2532
1
2680
3033
2197
874
3785
1766
3591
2166
3035
2972
1369
2882
1275
822
4083
2766
2357
2678
3756
1
760
1778
1826
235
3528
1463
3159
2002
4094
1112
1837
1413
1378
4094
2927
3360
745
1973
1884
2241
1805
1661
1251
1631
1781
1418
2906
1625
2038
2450
3527
1512
1672
1328
1723
2765
2505
2569
2905
1717
1886
3048
4094
2196
2445
2895
2237
3101
2375
1957
3947
2038
2417
2070
2251
2297
1887
2488
3621
1575
2614
2958
2466
2691
4072
1068
897
1507
2660
2646
1
1329
2213
2216
2303
3201
4094
2037
2527
2471
543
1151
1
3508
3488
1032
1010
1677
2085
835
2491
1
2305
1849
2444
2484
2430
1608
2578
3502
2240
2028
3571
2457
3384
2694
3530
2774
1459
2999
1310
2467
1622
1566
2768
1943
2203
2843
1994
2375
2388
3547
1711
1583
2284
445
2514
1619
2533
2216
537
1675
824
2157
1328
3534
2094
1889
1385
2794
1
2535
3115
2944
2716
2771
1963
2435
2257
2080
2841
2895
2514
2752
2692
1926
2307
2030
2758
987
2722
3234
1667
1935
3187
2624
3216
3146
1530
154
1781
1
4094
2018
765
1976
1640
2101
1534
468
462
4014
3577
808
3965
3736
4094
1902
2729
2847
2456
2800
2254
1778
2753
2491
839
2336
1997
2214
3905
1472
1443
1383
1145
2675
640
1530
1461
3268
1175
3093
96
1636
1186
2126
2013
3128
2350
459
720
1255
1792
530
2548
2289
2046
1748
2801
1584
1689
1267
3104
2792
2528
1796
1786
1245
1988
2507
2708
1358
2664
2194
1389
1976
2236
1087
2136
2024
3041
3373
518
3697
2956
2036
2034
735
1719
2585
1433
975
2520
1132
2120
1354
552
2378
913
1619
2384
2554
2594
2889
2957
2269
3275
2115
915
2029
3187
2745
1236
529
4025
1842
3273
1904
2077
1660
2136
1871
1050
2530
1506
3202
671
2658
2826
1256
4094
156
794
1284
384
2202
1407
1761
2555
1552
2072
1370
1849
919
2362
2853
2882
2098
1315
2470
3242
2681
2465
2867
1972
1486
2180
504
2805
1752
983
2440
121
3638
3342
3555
1340
2650
3690
3045
1710
2051
2349
578
858
2638
2122
635
2835
3209
3226
1756
2455
1399
2028
878
2505
4094
2645
1015
1190
2772
2820
1621
1494
1678
1670
1019
2342
2204
2164
1223
2579
2375
1924
2065
2570
1252
3613
1325
2006
2970
848
3049
2567
3819
2353
1331
1491
2548
2781
2566
1155
2041
3792
1894
1281
2431
2325
1382
2225
3060
2064
4094
2886
1508
3142
1470
2131
1253
2553
2415
3603
1787
212
2056
3543
1760
2450
2295
2944
2375
2843
3528
3030
2237
2833
2505
2340
3360
1382
3300
2362
2765
1483
1133
1599
1770
2909
1059
2647
1396
1714
1196
2637
2707
1490
1558
3076
1194
1654
1551
1093
3261
199
2640
2796
2765
3210
1
3805
2328
3007
641
3506
2033
1240
1894
2333
1657
4094
2540
1875
2717
1323
2969
2470
2765
2321
3010
1600
2101
1891
1853
2909
108
2822
257
1
1010
1
1511
3092
3697
3096
880
155
3352
3423
1985
1227
2020
2308
1564
858
3365
2635
1352
1809
1536
1284
2723
3176
2678
3080
2878
798
2708
902
2158
1915
3350
3108
2801
1790
1
1831
2743
1305
1818
1807
1261
2115
3555
1279
818
4094
687
1424
2415
2191
2742
1339
1763
3365
1631
2272
2417
2250
1823
798
3130
1744
929
2482
1715
538
2314
4094
2942
3190
757
2878
1962
1486
2474
1
2676
1258
3005
1730
1990
2602
261
1621
2169
2162
3161
2649
1546
1527
1868
2391
2584
1658
2853
2570
3103
670
2996
2947
1188
2850
1698
1
1853
767
1869
3653
2770
1151
2865
2334
3363
862
1652
2767
2913
1299
1460
4094
2712
2760
1897
690
1473
1056
906
2052
855
2472
1
1
2778
2600
3155
1673
2903
2301
2783
1178
1214
1674
1525
1128
1953
780
1206
1611
2861
3975
285
2519
1451
2143
953
3680
1720
2420
2398
2996
624
3309
2417
2479
2554
2261
2834
2847
2063
3579
3783
2427
1439
1
3672
2723
922
1622
1652
3397
1166
1570
1937
1053
2041
1439
2988
2082
1381
2867
3981
2627
1541
602
1469
2054
2082
1453
1824
1201
1020
2444
1926
1349
1875
3432
2529
1512
1437
1462
1
3164
2509
948
2926
1064
1698
2327
832
3406
1173
530
1266
3010
3650
1396
2825
3387
1394
1886
3986
3306
1566
3115
648
2354
2373
2380
1349
1589
1363
1540
993
2199
500
2447
670
2684
2174
2682
1993
4094
2097
1001
3182
3459
2335
1454
2353
2090
1135
2962
382
4092
1966
1750
2214
2676
1969
2699
1545
339
2017
1
1947
3191
945
1422
4094
19
2131
1517
1784
2628
1906
1342
3643
2396
3442
1665
890
122
489
2121
994
2256
1060
2812
2750
1707
1746
2745
1418
1254
2094
2252
2166
3840
1237
1673
1639
2555
4094
3611
372
2806
2003
1540
3530
1329
1084
2194
1762
2204
2839
3685
1379
3928
596
2403
1387
1551
1742
2563
2429
1
1974
2554
2684
530
2453
2086
1970
2452
568
2011
1
1640
2615
1831
2241
629
2974
2125
2451
2512
1962
3596
3362
841
370
662
1677
407
1882
2654
4094
2056
2401
2436
1852
3887
783
3239
235
1517
1712
2166
2832
1251
2484
2300
2609
2750
710
1515
575
1712
3184
1860
1070
2736
1987
829
2741
982
2384
2313
1232
1224
3367
2986
1665
1870
2382
971
2405
866
1077
2307
1877
1125
837
2541
2553
3183
1885
1828
4094
815
2067
1878
1154
2805
155
1002
1619
3435
1322
2012
1905
2108
1769
2643
2224
2255
2286
1479
2381
2272
3760
2636
2051
439
2870
1939
743
2426
2070
773
3289
731
1082
419
530
3050
1458
1059
781
832
819
2049
1391
2119
1952
2870
2823
1952
953
3469
2368
3049
2255
2490
1569
2651
2831
858
1157
420
1142
3004
1354
2232
2035
2040
1288
1057
2905
2560
1948
1759
2155
3303
2953
2340
1113
1667
1
2854
2406
3592
2247
1178
3972
2760
1278
1521
3138
1411
2907
2802
1963
2669
1659
1438
1459
2679
1244
1580
1740
1480
2107
2943
3256
1592
2228
2385
1284
2340
2780
2040
658
3765
3286
1977
259
2232
1921
1814
2093
2086
295
1868
10556
8873
11037
8880
15322
10223
6119
2330
17400
14891
1044
20880
7734
21415
3141
6501
15275
13825
20435
13571
2691
19345
7473
7382
8958
10065
20842
15961
19457
8447
14070
2350
3448
4477
3636
3799
21337
15467
18404
17584
9795
11875
6089
20905
13286
4298
1175
3394
10867
19894
4366
8482
4332
7826
18138
6922
13309
3808
11128
11014
4487
21405
1315
18913
18359
9153
15064
17300
4667
10589
16117
608
21060
14073
21180
14360
10383
14816
14953
5930
6861
821
105
5840
7865
956
10475
19337
6116
19845
3679
13067
1770
15389
12085
16690
15974
2352
4264
16319
21919
5650
1148
4218
3064
19905
13036
8839
8530
22091
20049
5748
7257
22469
4997
18762
476
16800
5178
3585
11247
2577
12433
4167
14909
70
8010
13346
22500
10866
7454
908
15039
19706
7588
14003
6025
1248
7617
11188
1885
10325
19094
6456
17463
11191
3521
10484
4566
7784
21137
4745
21735
6395
10950
9095
7693
18010
2633
11605
12352
5389
3421
18699
6601
15897
7030
18198
8949
11960
15076
20895
17268
8538
8717
21085
20679
14173
494
11954
3490
6052
20096
20448
5095
1476
14996
550
5933
17854
3793
13752
12295
11943
14579
7582
11511
13844
9675
3403
20816
8370
22498
1385
15547
18534
18997
4449
12895
10409
15771
8239
13633
10509
16643
7495
21090
6145
4922
20477
8924
5668
17736
5692
15956
15628
15413
22446
11086
13900
6430
6650
8907
10578
11440
2151
18338
7996
19432
13400
6049
1237
8865
1622
410
16014
21300
2648
19704
14723
18261
7940
12880
15908
6319
13968
17557
2004
9854
13408
9602
19228
3620
11001
817
290
13719
15684
17629
9977
20401
21375
12027
16002
13206
13445
18385
13990
20177
5876
1491
4780
5199
4761
15733
20864
12917
2751
1024
10536
8939
7543
20786
20978
12447
9444
16563
4678
15525
666
21983
15399
14314
17680
9756
18833
1646
361
14605
12469
18270
6941
6117
4000
22503
16966
1284
20108
820
6008
1203
20276
2434
4838
21371
15511
11190
9984
15735
17897
11442
2418
17144
19284
19943
15707
13090
13813
1603
21566
10233
14562
6917
2445
391
12643
14668
17943
11424
10792
13906
4243
8156
10608
9971
20980
23067
23321
23273
22058
21924
22387
20987
21527
22845
23175
21881
23724
22305
22512
22350
22297
21964
23043
21444
22153
20617
22521
21405
21278
22270
22610
22419
24348
23433
22701
21697
23336
23706
22636
22338
22594
21534
20937
22612
21298
21094
22399
23131
23140
23307
21909
22914
23423
21537
21363
23830
21671
23867
21943
20929
23926
22797
24382
22629
22624
22816
22271
22499
23995
22688
22567
24088
22204
24574
22672
21492
23614
21513
23373
22676
21702
23329
22920
23526
24574
22324
21491
23160
23537
21288
23135
23242
22685
21405
22616
24574
22284
23194
21733
23057
23822
21866
21850
22064
21185
21023
23257
23530
22741
21980
22522
23670
22756
23128
22610
21686
23957
21825
22715
22366
21129
23137
22074
21679
23664
21132
22790
22222
23828
22906
21909
21329
21250
21764
21177
20917
22399
22337
22060
21263
21890
23336
22055
22007
23105
21788
22092
23352
23132
21153
21398
23264
23678
20839
22444
21579
22283
22730
22129
22349
23428
23478
23044
23162
21390
22372
21347
21005
22216
23683
22924
24026
22640
22466
22792
23421
22592
24308
20765
21496
22501
22755
24182
22438
24574
23107
23137
23431
23405
23777
21741
21561
21462
22245
22426
23115
21914
22760
23034
21635
24215
22288
24219
21418
22984
21922
22832
22474
22521
22049
24574
24574
22230
21758
22426
22846
22112
21950
23953
22743
22326
23026
20833
24348
20747
22570
24172
22703
22505
23565
22565
21259
23539
21496
23196
23783
22784
22181
24481
20481
22975
22668
21203
23641
21702
20669
22093
22862
22532
21842
22939
22250
24574
20738
22899
22659
21634
24171
21807
23577
22534
22329
21178
22280
24574
23004
21800
21231
21245
23860
23408
22920
23244
23947
21039
20481
22525
21229
22671
24293
22011
22995
21033
21061
24574
22745
24538
21368
22695
20650
20975
22512
23696
23016
23464
24134
23003
21224
22638
22235
21697
21220
21152
21973
22764
23020
23567
23572
24466
23429
22474
23190
21360
20481
21647
21688
23665
22285
21731
23999
22041
21523
23316
21679
23101
23004
21753
20612
22575
22389
20481
22643
21755
23020
22833
22585
23921
20975
20481
22392
23553
21839
21397
22307
22397
23976
22793
21811
22901
21837
20539
21428
22655
21567
22169
24180
22399
20481
22837
21886
20624
23004
20605
24225
22019
23150
20896
22309
21310
22786
21325
23314
21059
22498
21923
23705
23276
22284
20481
22905
22759
23032
23214
23118
21837
22485
24323
23794
20481
24574
24095
20961
22447
24009
22159
23797
23825
20481
22554
22883
22503
21602
21963
23959
22028
22792
22717
23154
22181
23513
23889
21164
22431
22261
22112
22412
23398
21115
21397
23835
21787
24229
20961
21272
22700
24290
23072
22929
22835
21645
23143
22178
22700
20668
20481
20481
22226
21014
21490
21636
23766
22823
21199
23276
22215
22799
21889
22037
22809
23810
23479
23292
24574
22196
20481
23264
23395
24146
22731
22518
23229
24160
21803
22760
24574
23058
22380
22585
21628
23063
23071
23373
21387
23421
23263
21797
21479
22488
22137
22207
23217
22613
23546
23288
20927
22746
22662
22112
21659
21559
22811
22716
24223
22291
20481
23850
22392
22446
22506
23362
22297
22416
21010
21948
23070
22810
22381
23913
24140
21616
22147
21598
21359
23526
23571
22465
22091
22124
20927
21197
24195
24574
23111
23354
21161
24424
23562
22621
23132
21702
22252
23897
21126
23669
22801
24574
22622
20845
21875
21984
23666
21797
23074
24235
24258
22609
21565
23508
24574
22350
22475
22131
22287
21738
21544
20648
20914
23839
22725
21561
22978
21360
21459
21176
21740
23370
21421
21649
22338
21590
23109
22001
21915
21591
21456
21926
21861
22013
21906
22349
22495
23070
22098
21636
22229
22592
22305
23216
22120
21813
21621
22396
22457
22743
22257
20822
22630
22783
22130
22933
21365
23054
24372
20481
22278
24236
21508
21426
24063
23164
22726
22542
24574
22536
22583
22848
24322
22108
23808
21763
22066
23587
21187
21297
20919
23611
21997
22501
23050
20741
22388
23272
21647
23684
21839
23180
23151
22641
23110
22443
23593
20763
22986
22951
20705
22928
20972
22408
23030
21375
22713
21494
22719
20636
23929
22565
23955
22640
22180
23443
21935
23481
23603
22120
23065
23156
22334
21644
22119
23495
23359
23065
20481
22425
23969
21909
23259
20889
21370
24484
21948
22239
21426
22526
24008
24140
24151
23380
21294
21612
22856
21588
22343
21804
21948
23326
23189
21980
23379
22982
23857
23364
23187
22741
23233
22975
22504
20481
22295
22308
23906
21408
22719
22909
24574
22233
21792
22053
23976
23225
24280
22861
21919
22799
24331
23111
23420
22218
22747
22708
21943
23176
20836
24574
22739
20701
24192
21997
22052
21807
23616
20847
20481
22504
22647
23182
23000
24395
20516
20522
21880
24574
21557
21863
21982
22554
22488
21762
22601
23744
23301
22871
22738
20904
22035
22957
22573
24574
23190
21420
21394
22616
20481
22893
24054
23635
23226
24379
21135
23234
22893
21742
21117
22708
22726
22965
22606
22685
23063
22750
21485
21884
22580
21120
21701
21910
22983
22182
21313
22625
24494
22169
20675
20761
22377
23593
23956
21811
24017
23196
21693
22865
22751
23748
23313
22565
22126
22022
24356
21682
22800
23618
22096
22514
23319
23190
22997
21679
23448
22466
24574
21240
20481
23042
21606
21418
22266
21708
24574
23146
22620
21939
23133
22901
22209
22336
22771
23224
23927
20766
22693
22754
22149
22135
21549
23269
21729
21387
21719
22678
21311
21961
22610
20481
22571
23889
22262
20591
23865
21842
21752
22416
20481
23673
23821
21364
22115
22513
24341
22121
21575
21892
24271
23043
21918
22557
23904
22139
23267
22549
20784
20949
22857
23208
22505
23939
23321
22880
23838
21312
24574
21721
22149
21328
22749
23062
21906
20947
23889
23297
24208
22680
22595
23481
23030
22974
23790
20842
21027
23982
23028
21779
22335
21254
21217
22394
23524
24574
22814
21650
22589
23615
24574
23800
22159
23057
21351
23944
21649
22540
23392
24109
22171
22316
22212
23072
21458
23262
22184
23901
22458
22186
24188
23203
23310
22374
23100
22431
22225
22773
21414
21688
22903
21341
20726
21822
22277
22850
21403
22773
22550
21903
21741
24574
22626
22873
24290
24038
21890
21209
22126
22594
22970
21405
23749
23622
22237
22907
23212
21823
23867
21311
22726
22735
23601
21548
21436
23617
22540
21436
21577
21679
21585
23582
21434
22669
21990
21901
23307
21695
21571
22728
22413
22858
23384
21606
22617
23216
22447
22797
21159
23098
22159
23701
22071
23065
23293
22408
22391
22730
22362
20998
21997
23360
23015
21844
21396
22251
21543
20851
21389
23735
22191
21805
23328
22712
21636
23659
21728
21952
23290
23818
23492
23251
22895
22009
22403
22766
23012
20481
21814
21559
22964
22611
21495
22614
23876
23024
21226
23273
22012
21899
22117
23078
21633
24574
21804
22045
22458
23764
22070
22344
23095
22825
20643
21610
21328
22444
22507
23877
21457
23188
22861
22142
23870
20481
22554
24058
22556
23551
22474
22049
24574
20745
22827
22542
22867
23123
21974
21255
23069
23378
20855
23467
23017
24027
23137
23968
23951
22252
22722
22953
22803
20907
23631
22343
21114
22003
23378
22755
22669
22284
22115
22192
22932
23263
21101
23909
22530
22420
21472
23662
23890
24254
23321
21565
22613
23239
20481
22313
22039
22380
22857
21611
22226
21916
23227
22366
23157
20750
23352
23387
24221
24462
20981
22437
22672
23161
21974
22645
22469
22518
21683
20481
21655
21596
22643
24574
22374
23417
24574
22016
22836
22684
21382
20481
22594
22135
23327
22268
23868
22536
20851
22439
22703
22199
25000
2960
21990
21060
16512
5871
4915
8234
19508
8394
24864
2490
26091
19817
18124
13919
25448
20214
23619
3876
23922
12897
24749
3501
3320
16922
11026
14618
19764
15340
4219
9822
14438
17593
12885
769
17779
6363
7547
15944
5617
19986
21819
22320
7417
675
367
12698
5090
17384
381
18370
11857
5322
23502
17451
15646
4100
6490
17623
20891
23172
364
24533
5326
765
22252
12117
22672
152
13787
13090
2383
8281
5674
234
15031
6602
15698
6029
12571
8296
7196
963
12022
13077
21175
2761
4970
12511
390
13798
26028
6996
11142
7272
24016
9034
1343
4504
26120
4471
22650
10901
24594
1805
24220
12387
1553
4372
2192
22649
18284
26205
2625
20066
13924
22178
12509
9958
21814
17752
25492
20893
8235
6140
7905
1891
18942
22263
25463
22738
26480
26459
26618
27944
25562
25722
28089
27442
26397
27014
26991
27184
25657
27230
26638
25649
25831
27374
25978
27350
25945
25051
25931
27073
26430
27472
24630
25299
26454
26701
25467
26568
26299
26137
27277
24775
27645
26811
27573
25834
28359
27419
25436
26731
26306
26929
26399
27370
26628
27121
24682
27622
26733
27186
24930
27884
26542
26267
26552
25652
24844
27005
27218
26381
27144
27653
26037
25547
26151
27072
27222
25679
26351
25580
28061
27153
25539
24577
25392
27246
24969
25983
26827
24848
26705
26425
27212
26223
25547
25625
26182
26037
26001
27679
26086
26506
26924
26117
26470
27364
27348
27247
25577
27442
26885
25779
27725
28590
24986
25629
25179
26251
25251
27974
25075
26299
27283
24971
25844
27005
27107
25909
27622
27377
25479
25535
25273
26833
26667
27287
26674
26632
26478
26315
25767
27479
27254
27129
25086
27139
25600
28372
25989
26821
25771
26748
27647
27930
25035
26325
26499
26871
28670
25979
27971
27884
26890
26280
27429
26411
26913
26497
26485
25333
24956
26799
24743
26376
26786
27066
27505
26673
27329
26210
26508
24940
27599
28106
27447
26633
28670
26652
27342
26306
28670
28115
28508
25990
27367
25838
25876
27492
27458
25945
26440
26618
26026
27634
28598
26628
28194
26822
25559
25377
26157
28670
25907
26361
26448
26648
28670
26031
27573
27525
26287
25132
25456
25514
27505
27666
26625
26354
25635
26102
27472
26928
25413
26084
26314
27293
26973
25838
26184
27257
25767
27177
26508
27208
24577
26493
26661
25294
26246
27355
26489
27666
25234
28127
27262
27994
27208
26054
25166
26253
26826
26060
26224
27001
27245
27466
25435
28670
27039
25795
25006
26766
26625
27694
25631
25341
25018
27168
27540
26763
24684
26800
25829
26254
26740
26400
26424
26655
26540
26384
26698
28218
27996
26150
25399
27052
27490
25886
24577
26022
26842
28583
26990
25570
25806
26758
27078
25871
26512
26794
25763
24577
25897
25058
26805
26854
26364
26042
26770
26359
25804
26263
27786
27061
26501
27331
27792
26108
26457
27071
26579
27000
26459
25725
28492
27878
26003
26824
27794
24602
27145
26207
25147
25433
26278
26649
25862
28524
26440
26655
25634
24611
26632
26481
28443
27682
26914
26104
25542
27833
26779
26707
27917
28086
28485
26616
25618
25944
26941
27874
26996
26097
27432
27648
26091
25743
25228
25353
26739
26618
26034
26634
27246
26915
26094
25848
26556
26446
26845
27155
27473
27659
26516
27717
26027
25433
27931
27805
26537
27381
25851
27180
25844
26592
26091
27965
26118
27456
25033
26752
27030
26442
26394
27050
27407
25818
26734
27266
25591
24912
26637
26714
26429
25279
27940
25778
26580
27595
27950
27055
26970
27390
26286
25039
25819
26462
27187
26975
26140
26116
25101
24890
24759
27893
26542
28127
26142
27919
26264
25900
26704
27190
26952
25739
27685
27237
26746
26345
25366
26554
25338
25879
26046
24988
27193
25304
26708
26428
28443
26572
26095
25879
27533
27500
26433
26117
25981
26845
27472
25766
27622
24577
26807
27684
27846
25690
26445
27453
27911
27199
25228
28065
28201
27053
28345
25035
27402
26702
26431
27507
26914
26184
26236
26805
25590
27981
26980
25073
26148
28626
27385
26211
27354
27976
24646
25769
27006
25210
26245
26410
26466
26798
25845
26955
26370
26809
28136
26728
27006
26129
26894
24577
25461
26388
27603
27889
26505
26959
26937
28216
26224
25778
26545
25499
26596
26978
27111
24645
28040
27560
27517
26834
27617
25639
27547
27303
26054
26845
27651
26285
26061
26796
26612
26409
27884
25801
27946
27554
28307
26566
28049
26984
28670
25857
27244
26878
26254
27546
26730
26466
26442
26537
28670
26944
24899
26214
28230
27684
27157
26381
26290
26781
26640
27451
27651
27654
27000
27431
25047
27022
26172
26899
27633
25370
25670
27678
28213
27058
27767
24812
27441
26778
26877
28670
25893
26817
27207
26319
28120
25192
26830
26963
27244
25993
25243
27680
28096
25791
27282
24733
26168
26521
26622
24723
26475
26656
27619
28670
27610
27048
27182
25908
25562
26990
26484
25475
27495
26046
27007
26797
25694
25644
27422
27632
25828
25811
25673
26049
25780
28670
25232
26168
27238
25600
26400
27148
27380
26386
25112
26068
25761
27008
26266
26135
28670
24577
25361
26382
26863
28670
26292
25884
27577
27058
27168
27395
24577
26652
25888
24999
25028
26982
26064
25881
25361
26193
26558
25928
26649
27627
26253
26591
27021
26764
25603
27986
25846
28670
26815
28037
27666
25889
27572
26825
27640
26568
26872
26081
27279
25988
27842
26323
26684
27112
27619
28474
24802
26729
26400
26101
28042
26456
24787
25745
25919
26471
26133
26084
25089
27115
27574
27569
26850
25264
25860
27471
28478
27326
25049
26630
25683
25442
25617
26909
25212
25726
27387
27467
27555
25559
25640
26421
26731
26616
26915
27792
17608
17148
9319
5553
24240
22629
17979
538
677
19625
24092
8505
15262
23851
17677
15743
5820
22833
18135
14032
7776
9612
11465
13674
8875
4372
1167
8025
10961
8064
5432
25778
10869
18839
5387
10304
2202
8365
2619
8774
5647
22487
11185
26560
12213
13676
17006
374
19680
14455
682
13033
246
25785
20520
10431
977
20839
21626
15827
1498
25085
565
8366
14097
26213
739
21
2306
17054
4155
26425
11190
4103
3361
25979
15913
26001
10213
7120
3821
15781
21929
1003
28182
26166
26235
26206
27378
27068
26771
26002
27968
26943
26888
27453
27849
26217
27500
26123
25649
26811
25898
25132
26527
24821
25657
26145
26551
25770
26923
25561
26689
24690
27679
25678
27269
27979
26667
27024
26316
26595
27050
27297
26377
28488
27325
27549
27502
27239
26893
26900
27132
26823
27819
27048
27130
25863
26112
27392
27920
25928
27141
25988
27103
25627
26552
26573
28625
27115
27041
27727
26828
26655
27980
25848
26793
27280
26036
26892
26059
27119
25691
25554
26975
27673
28670
26265
26901
27367
25884
26511
26367
26373
26926
26741
26781
26386
27035
25780
27138
26769
26094
27596
26244
27218
25149
25222
27912
26587
26623
25922
24855
24921
25611
25226
26579
26914
26044
26154
26791
25152
27915
27916
27130
26307
28670
26736
27195
26177
26421
26087
26819
27209
26956
26334
26749
26678
24577
25354
26182
26451
27401
25581
27043
26980
27116
26256
26870
27366
26688
25104
26321
26455
25490
26731
26684
26168
26592
25158
26133
28144
27118
25419
26545
26711
26441
28105
25520
25891
26806
27234
27695
26633
27031
24973
26635
27037
25780
28670
27523
26248
27813
27447
27428
26995
26250
25830
25789
26565
25305
26828
27400
25480
24604
26243
24577
25950
27299
27372
25729
26314
26667
25651
28490
25942
28670
25974
25953
24960
25387
26919
26802
26459
26492
28632
26522
26006
26065
26720
27272
27334
26341
26215
26475
27961
26075
27249
25487
28670
26686
26749
26165
25696
26197
27044
28484
26186
25258
24762
27111
25751
25494
26316
26286
26491
27910
26583
26165
27489
25101
27045
27495
28670
25936
27787
25840
26189
26358
26385
26976
25827
25342
27215
26898
25626
24809
26996
27100
26328
25491
26608
24796
25959
27834
25388
26353
27028
27063
27807
25105
27527
26342
26908
27197
26484
27412
26060
27235
28398
28007
27482
27083
24775
27896
25612
25707
27163
28319
26986
26229
24967
26591
25878
26642
25064
27044
26196
24678
24989
25310
27771
28187
27622
26671
27316
26197
27039
26625
25586
27189
27745
26280
26354
28264
27972
27771
27531
25507
25283
27353
27609
25376
26121
25293
24577
25873
26938
27269
28089
27797
26089
26865
27258
27480
25366
26619
26225
27075
26847
26610
25978
28025
26520
26178
26627
26673
27554
28254
25901
25419
26793
25743
27258
27707
27222
27673
26000
26578
25235
25022
26867
27160
26800
27124
27155
25075
27180
26720
26740
27102
26370
27763
27149
27049
25927
27392
27351
26584
25852
26951
27224
25836
26030
26927
25790
27971
28670
26641
25628
26242
27927
26626
27281
27425
25387
25949
27437
25694
26839
26280
27768
25703
25855
26431
26570
27902
26645
25605
25188
25527
25764
24577
26399
25723
25205
26827
24953
26754
26044
26627
27275
26917
27123
25296
25689
26188
26027
26012
27952
25650
25221
25184
28655
24790
28180
25693
25553
27052
26463
25830
27090
28670
28601
27733
27803
26304
24577
26062
26213
28399
26152
27415
28637
26992
26566
26652
26588
26764
26981
27153
26709
25499
25206
28670
28079
27707
24848
24728
26655
27672
25385
28353
26053
25323
25139
28100
25660
27947
26158
26529
26525
26774
25973
27417
28649
28670
27233
26705
27888
26072
26222
26775
27736
26941
27016
26827
26067
26150
27051
25498
27106
26224
26175
28504
26980
25553
24680
24577
26651
24592
26042
27441
26966
26024
27878
26122
26809
27774
27007
27235
26037
26374
26770
25495
27781
26394
26016
26526
25515
26697
27204
25784
27337
25473
27272
24577
27174
26588
27267
26816
27471
26403
25328
25203
25451
27149
26926
26803
25243
27157
26804
28305
25572
27179
27051
27654
26537
25367
25267
25974
26073
28071
27208
27188
24577
28670
24577
26480
26447
28670
26688
24577
24577
27988
27336
28587
27562
27035
27533
25515
25371
25504
25913
25204
25903
26893
28042
27046
25018
24577
26982
26664
26057
25146
26697
25502
25083
24577
25087
25868
25909
26947
25081
27447
26002
26516
26597
26226
27494
25386
26276
27054
26984
26356
26461
26717
26048
28101
27637
26556
27642
27013
27849
27333
26369
28433
27800
27969
27429
25618
27653
25029
24925
25836
26563
26142
27225
26561
26487
25795
26711
27212
28625
26534
24916
27913
25960
26807
26789
28074
27578
28262
27889
25319
26375
27929
24577
26588
28478
26735
27249
26172
26353
26902
27115
26237
27006
25435
25464
27980
25231
25659
25273
26826
25901
27534
27982
26568
26269
25944
25571
25901
27057
25870
27019
25162
27301
27456
26568
24910
28169
26430
25697
26138
26885
26473
27499
28195
25890
25025
26706
25405
27486
26660
28312
26815
24901
26671
28373
26387
25306
26468
27609
27196
25882
27022
24904
26423
26332
26184
26438
27437
26824
28670
26197
27511
24954
27625
26654
27260
28280
24844
26795
28219
26326
26772
27959
25524
27894
26451
27373
25814
27190
25861
26129
25447
26874
27448
26538
27513
26781
25976
27579
26274
28670
26411
27069
26264
26637
27243
26956
27135
27052
26360
25475
26588
27582
28670
27684
26498
27969
24937
27526
27638
26951
26876
26586
25223
26519
26481
25373
27605
26891
26758
26838
27959
27039
28263
26129
26662
28573
25539
28081
26928
26671
27419
25640
25320
25545
27649
25772
27698
28026
26170
25617
27667
28303
27217
26199
26476
26591
26465
27033
26127
26324
26251
26720
25134
27835
26446
25993
25873
25182
25592
26962
28081
26170
27969
26037
26378
26513
27055
25814
26046
26322
26887
26920
27045
26809
25885
27907
25850
24577
24581
24577
27091
25210
27247
28033
27606
26717
27145
26674
28372
27926
24577
26968
27122
27811
28312
27067
26873
26020
25850
26954
26506
26408
26942
26214
28288
27137
28318
28670
25490
27674
27517
27065
28670
24577
26739
25891
24942
27714
28067
26454
26709
25225
24577
28198
27822
25533
27705
27116
25566
26080
26000
28133
27794
28198
28438
27412
26023
27075
27118
26350
27073
25449
27412
26180
25885
26468
26766
24786
28670
27931
28670
27334
27004
26351
26239
26409
27493
26175
26657
27308
27012
25400
27698
26943
26450
26477
26974
26082
26461
26692
25794
26857
27482
25934
26875
24996
26132
27949
24672
27622
26857
26508
26981
27686
25283
27374
24724
27045
27523
27716
28430
27036
28670
25351
27765
26115
25927
27241
26122
26066
26626
25980
25313
25611
27149
25954
27282
28670
26539
26380
26566
26519
26544
25633
26261
26304
26228
25545
28213
27478
27369
25943
25972
27182
26898
26740
27980
25765
26008
27428
25912
28670
26199
27170
26899
27714
27035
25626
25957
27038
26559
28611
27019
26700
25514
27262
27050
27107
26169
25670
25615
27048
28247
27496
25841
28059
26329
27478
25441
27812
25999
26527
24746
27486
26869
26694
28241
26555
26609
24577
26130
27389
26448
26152
25634
27639
26982
27825
28032
26871
27450
26106
27756
26083
26390
26705
25576
26516
25789
27510
25399
25256
26896
26317
27449
26468
27944
27890
26891
27118
25461
27118
27035
27283
26489
26681
25698
26470
26943
27774
27248
26470
24924
25114
26232
25725
27228
26302
27854
26464
26782
28670
28670
28412
25932
26086
26218
27034
27761
26930
26200
27638
25045
27497
28241
26321
27044
28670
27957
26376
26724
26373
25788
27307
27539
25925
27112
25527
26383
26806
26429
26981
27535
24950
26421
25074
27475
28217
28670
25463
26703
27230
25870
27046
25577
24577
26486
25440
24577
25704
27346
26708
26420
25063
26276
25733
27715
26066
25503
24577
27443
25958
26876
26858
26457
25874
24987
25498
27171
27356
26206
24820
28119
26348
25235
27113
25959
28267
26627
27780
26632
25990
25539
26815
25625
26685
27071
27342
26890
27050
26542
27307
26598
27706
27215
26199
27047
25992
27570
27202
25031
27642
27648
28539
26789
27148
26274
26325
27668
26954
26177
26078
27149
25840
27526
27996
26049
26360
26125
25019
27117
26744
27917
26224
27759
25566
26055
26779
26982
25943
27402
28051
25770
25837
26736
27191
25125
27124
27198
26721
28316
28285
27316
27737
25200
26655
27118
28198
26492
25552
26928
27270
27574
28151
26782
26539
27360
26975
27746
26921
26850
25675
27824
27030
25249
25667
26870
25039
25759
26452
25670
25852
26311
24917
27437
26119
27030
27868
26990
26533
28670
25450
26050
25082
27069
26634
27667
26862
25955
26960
27414
27065
26598
26653
24577
28670
24955
26783
28479
26555
24577
26796
26699
25398
26576
27086
26102
26417
25816
26199
26476
28670
26767
28456
27094
25748
27254
27594
25722
25435
27836
26907
26950
25933
26054
27353
28443
27468
27615
26544
24577
25303
26143
26053
27601
27970
26828
26358
26759
25896
26627
26533
26926
26853
25731
28408
25315
27305
25373
27389
26807
26112
27637
26910
26836
25800
27971
27829
25971
28407
27434
27490
28054
26192
25606
26565
26793
26929
25736
27207
26567
27866
26766
26197
27154
26925
27796
25160
25738
25113
25371
25700
27730
27720
28344
25752
26505
25617
25898
27284
27611
26373
25761
27663
27071
26403
25205
27179
28080
27459
25227
26953
27582
25355
26381
27628
26855
27948
27186
27140
25644
25647
26539
26265
27122
26523
26470
26177
26756
26457
24801
25396
26904
24904
27064
26675
25197
26767
28670
25949
27378
27859
24577
26902
26670
26770
26577
25210
27281
26257
25811
27072
26056
27445
26733
27786
26370
26063
26295
25966
25950
26311
26594
27472
26354
27414
25818
26429
26406
27732
24577
27908
25662
24706
26035
28176
28282
26236
25847
26970
26312
26510
27745
26882
26507
26350
25813
26460
26772
24832
25101
26497
26875
28340
26838
26177
26475
24997
26831
28670
26792
26497
28670
28154
26937
27109
26343
28588
26563
28043
25595
27309
24970
26028
24824
26046
26176
27168
28670
27573
26478
28094
26244
26469
26735
26540
26598
28085
25867
27075
27419
27420
26672
26907
27586
28670
27682
24577
26652
25717
27500
27106
26721
25954
27157
26832
26365
25973
26921
27668
27087
27239
27300
24814
26739
26515
26646
26258
26760
27187
24961
24622
24577
26499
27510
28670
27310
26610
28440
26990
25186
25436
25688
26767
25264
27010
26906
27232
27097
26320
27624
27062
26813
27052
26721
27596
25358
26777
28651
26176
26799
25280
27728
27086
26835
27864
25772
25755
26102
26435
27791
28011
25814
25426
26079
26759
27032
28441
25091
26222
26589
25687
26430
25675
26418
25870
26336
26462
27133
26652
25524
27519
27094
27165
27259
24622
27154
25890
25744
27140
26774
27309
27430
27535
26333
27613
24792
26191
27675
24616
26674
24577
27146
25509
26476
25686
27221
26156
25798
28336
25764
28366
27554
26158
27272
26416
26537
27455
25537
28551
26164
26413
27769
26671
26656
27715
27813
26584
28013
26184
26941
28211
25192
24866
27659
27292
24577
24843
27388
28670
26170
26099
27337
28670
27646
26382
26010
26549
27007
26263
27116
25540
27278
25776
27695
26493
27348
27275
27202
26240
27232
25276
25588
27013
26556
27352
26219
27002
25877
27398
25970
27779
24915
27093
26777
26926
26141
26021
26106
27253
25067
27476
27080
26935
27415
26118
26581
27447
26923
28160
28670
26295
27530
26156
25020
25797
26571
26379
26748
27837
27706
27535
26236
27034
28663
27821
27033
27075
24577
25610
28670
25154
26591
25726
28028
26447
26867
25144
28670
28265
26557
28639
27014
26062
28526
26938
26654
27579
25751
28074
26840
27950
28670
27023
27333
28136
26367
25335
27793
27669
25559
26527
26034
26456
26766
27245
26446
28512
27183
26358
26882
25759
26100
25011
25608
27627
27852
26127
24582
27768
27779
26126
24978
26081
26798
27081
27712
24640
26907
26250
27451
27168
27133
24766
26970
27446
26761
26407
27299
25432
26534
27084
26557
26184
26348
27114
27115
28454
26589
26120
26073
27506
27361
26061
28160
26504
28482
26073
26431
24954
27831
26516
26168
28207
27995
26560
25445
28114
25942
28224
26317
26231
26721
25442
25623
27911
26130
24922
26315
26540
27776
27559
27040
27692
26123
26589
27318
24829
27717
26621
25972
27610
28198
27224
26993
26522
26979
26144
26277
27685
26945
27046
27187
27501
26159
26176
27159
27030
24653
26990
25911
27958
26881
25863
25299
26379
25494
25996
28146
26612
26117
27568
25863
27469
27237
26992
26453
26594
28012
26007
25968
28296
27000
26772
26806
27350
27017
25686
24577
27063
26561
26142
25241
28093
28670
26792
27292
25866
24695
25823
27688
25753
26384
24790
26730
28611
25355
26863
27884
27002
26110
25795
25038
28054
27572
28670
26697
27672
28006
28172
27497
25675
26036
25465
26216
25981
27449
26584
28664
26371
25922
27319
28066
26988
26558
24577
26758
27085
24577
26423
26585
26043
26338
24956
25979
27228
26840
26959
27473
28670
24867
27366
26741
26510
26110
26343
25254
26353
27747
24975
27388
27144
25442
26970
26154
25887
26560
26742
25419
28154
25353
26396
26148
25783
28670
27545
26100
26749
26300
27175
27606
25926
26753
26155
26730
26932
25059
27742
27318
28656
24577
27049
26198
26195
28428
25756
25987
27013
27971
27237
27693
28670
26206
27231
25173
25645
26546
27068
25427
28478
27280
26841
26576
27475
25760
25608
26188
27749
26524
25817
26490
26563
28410
26790
25810
24954
26900
28638
27309
27589
26631
25938
25890
28063
25741
26918
26411
25669
27692
27965
27232
24577
28559
26925
25853
25970
26606
26121
24999
27138
27222
27119
25511
28670
26220
26520
26960
27978
26123
26985
24903
26158
26693
26741
26495
24615
26127
24892
28324
26882
24577
27717
26738
27077
27322
26725
27211
27471
26476
25831
25721
26172
25960
25467
28670
27692
26761
26173
26917
26218
27271
26146
26741
28228
28670
27866
27905
26466
26126
27419
26104
27074
24577
26799
26710
26591
26783
26507
25873
27250
25522
27856
25777
27147
26641
24851
26932
27255
26552
27749
25868
28031
25941
25713
28670
26383
26930
26806
26525
26009
27032
25833
28040
27468
25972
25467
27264
26154
27000
26039
26661
26580
26531
25109
26411
25721
26747
25073
27194
27720
27963
26942
25491
25918
26867
25805
26968
28055
27164
28031
26257
25684
26823
27634
27462
26242
26578
27110
27801
26719
27810
26516
26616
27352
27339
27684
25443
24657
28056
27005
25566
25995
28670
26119
27042
26082
26230
26015
27105
26294
27350
26101
24831
26831
27126
26539
26725
25856
26740
25914
26759
26426
26076
26230
26994
26906
26282
27131
27593
27686
27113
27680
26297
26229
26786
26341
26097
27450
25300
25834
26329
25765
26982
27072
26030
27187
28430
27549
26283
27473
28353
25917
27538
26650
25739
26778
27629
26303
25839
24654
27389
27096
25048
27319
24987
27004
26264
26856
25217
26465
26941
25658
26348
27213
26464
24953
26336
26432
27404
27438
28174
26943
24577
25812
27156
28374
27412
27763
26834
26700
25831
26436
26410
26747
25456
25987
28239
26560
26532
25147
28203
26556
25673
26697
25971
26171
27013
26955
25997
27161
27958
26324
26989
24652
26957
25732
28328
27711
26333
27611
26912
28670
27261
27378
25833
26728
26964
26708
26748
27212
24779
26371
24577
27888
26865
28196
26329
27823
27213
27802
26191
28019
27320
26558
25926
25828
27307
28670
26659
26437
26348
26164
28366
26753
25188
28313
26259
26296
28670
26275
25961
27573
26463
26408
26217
24617
27659
27766
26464
25559
27186
26690
26447
25699
25667
26286
25376
25849
27638
25831
27621
25643
25052
25795
26123
28343
27655
25733
25660
26934
24725
26939
26406
26467
27018
25730
26893
27955
27113
26449
27988
28670
24776
25748
24577
27216
26009
25006
25876
27637
26555
26798
26068
26112
26997
25769
24977
26904
27755
26657
27929
27955
26291
26781
25380
25819
26918
26140
26773
25856
26426
26514
25647
26991
25866
26275
25544
25636
26999
27166
25534
26736
27702
26877
26488
26575
25308
26610
26893
25770
27729
26028
26688
27981
26091
27734
25025
28000
26229
27076
28670
26967
27282
25913
26519
27037
26476
27244
27532
26846
28670
26220
27370
27796
25873
24577
27199
26390
26927
27457
27254
26479
27688
28508
28382
25509
27023
25711
25452
26834
26626
26936
27401
26686
26996
27367
28670
26515
27672
27365
24577
26800
28651
25837
27370
26482
26740
27326
25278
27654
26776
27297
26100
27697
27164
26890
28648
26542
27111
27603
26177
26888
27085
27192
26066
27260
24962
26287
28170
27157
25716
27041
26198
26094
27205
26381
26878
26285
25861
26676
28454
26107
25192
27426
26114
27065
26884
28344
28257
26519
27990
27185
25852
27117
25388
26834
26130
27518
26755
25814
26827
26693
26950
26393
26274
26944
24577
26882
25516
27418
27883
25134
27062
24910
26089
28670
25124
26644
26279
26656
28670
26874
26920
25703
26264
25606
25649
26491
26337
28666
27345
25572
25026
27394
26219
26344
27136
27627
25944
27350
27124
27784
27265
26613
28078
27497
25567
27357
26324
26571
27411
26131
28670
25069
27568
26315
27882
25990
25178
26583
25900
28670
25504
27726
26833
26689
26436
27372
27417
26033
25493
26680
26078
27571
25567
26947
25747
25700
26448
27499
25748
24577
25866
25651
25368
26136
25917
24577
27529
28100
27336
24828
27924
27148
28057
26914
27955
27383
27300
27943
26130
26995
26253
27983
27975
26678
26140
25809
24577
27876
26223
27640
27392
27046
25343
26642
24997
26652
26182
26534
26137
26186
24577
26960
27957
27996
27378
27653
25752
27158
27962
26106
26659
26305
26046
26832
25609
27344
26690
25927
25929
26544
25254
27471
28670
25010
25550
27151
26641
26033
26024
28269
26771
27636
27118
25930
26920
26157
25507
25949
27024
26073
25111
26340
27658
26525
26766
28280
27104
26837
26796
25025
28239
27330
27210
27535
25305
25538
27525
26032
26645
25736
27875
26283
27832
26954
26566
26600
27184
26846
26550
27971
26747
25094
26671
25216
26929
27183
26592
28269
26343
26901
25893
26663
27604
27637
27856
27312
26073
27106
26590
26620
26797
27776
26707
27075
26586
27113
24577
26330
26406
26475
27437
27386
26115
24577
27327
26301
25381
26162
27488
27608
26287
10163
4687
60
5938
11706
9144
5467
891
884
3914
5583
3994
5843
9851
5039
1480
3387
14288
9151
11364
7235
888
5132
3697
5060
7522
5750
9286
9881
4996
7028
71
960
5537
10011
2500
2846
6128
4523
7030
6193
4882
13899
2046
2557
5035
3251
9895
712
6190
10099
13596
11663
8223
4857
10031
13808
4782
14030
5781
3075
5567
654
13423
3256
5651
12678
8083
13971
7668
282
1589
2479
12395
5126
8778
434
8737
3648
5513
4238
3263
3288
4518
7987
9214
9149
10043
2110
7273
10331
5215
2260
7589
803
7945
11607
11614
13265
4770
8625
2394
13444
4664
6516
1635
3761
2531
7754
10783
13848
363
13041
13582
10552
7614
13378
7089
946
8097
6373
8859
12729
6349
1822
9911
1254
6669
8408
2261
12163
4453
12578
784
4377
5999
14094
10224
3083
9093
694
13631
4519
8804
469
9256
782
1732
6269
953
3473
3810
10123
4256
4167
7030
9313
11999
12032
7009
10598
8160
4544
10664
7881
6809
7742
10018
2838
9020
2569
10221
13171
5751
1901
13833
170
9451
8167
1874
12247
677
10395
9246
10850
12133
13279
12826
3366
7507
11495
3250
8462
4531
5681
2257
1396
7717
2685
8468
8907
2261
2256
10119
11202
2462
8947
11478
8109
1590
8385
2110
13890
12931
10986
5877
7669
2052
8093
11402
848
12426
12926
1365
12628
10739
2426
4585
3163
3651
5476
6128
8829
6800
9278
10723
4377
3500
13591
6097
6658
6966
8163
12755
13737
4042
12137
8250
4239
880
6860
13175
10171
10484
6780
7446
7721
6097
11375
14083
801
9950
6923
11923
8325
9531
3590
1438
4682
13577
8294
1448
13747
10510
3844
5776
3070
9286
8097
8258
362
6441
457
12619
4395
6701
3177
13223
1161
9212
1651
1672
2998
11084
10273
2954
12534
4419
811
7097
3726
8661
3609
5278
7553
5803
12534
5622
800
13074
13659
15001
13521
13791
14323
16011
16175
14509
13970
13497
14728
15772
14665
14786
14669
15721
14452
13767
14393
14473
15383
12856
13353
15239
14356
15499
15661
14505
15096
13560
13749
14371
15164
13381
14716
12664
14988
14194
14753
15787
15241
14289
13262
14536
14866
14210
14372
13212
15392
14353
15179
13013
15143
12972
13583
15250
12320
14757
14605
13676
14875
12454
13256
16215
12347
14594
13367
14559
14673
16382
15630
15713
16109
15155
14630
15565
13993
13711
14897
14573
14187
14265
14746
14233
14361
13506
15357
15064
13450
13389
12999
13740
15285
15796
13635
14517
14515
12880
14935
13934
14892
13813
15448
14659
13956
12728
14602
15379
14459
14676
13989
13828
15629
13687
15231
13344
13969
15988
14069
12893
15867
13857
13887
14431
12289
13758
14901
15536
13216
15103
15356
14171
13666
15473
14601
13751
14125
12946
14920
14535
16235
14858
12519
16382
14248
14249
12965
13961
13416
14315
16263
14433
14501
13475
13857
15538
13067
15158
14137
15553
15570
15256
14141
14956
14344
13159
15364
15198
13609
15461
14858
15643
15394
13589
15132
15781
14704
14966
13068
13034
14270
14473
16016
12294
14914
14098
14365
13168
14942
12602
14898
15589
13613
12380
14539
14819
15784
15182
13742
14366
14833
13726
13778
14541
13411
15627
13851
15310
16382
15445
15364
14725
14177
13823
14054
13507
15188
14492
14960
14838
15672
16246
13037
16325
14318
14439
14914
14347
14378
16149
13968
13176
14236
14467
15360
13894
15117
15704
15099
15177
13634
14482
14028
14535
14449
12289
14262
13673
14936
12289
14258
14537
12924
13327
14604
14794
13587
13782
14431
15061
15451
16382
13262
13513
14652
14705
15255
13738
14506
15902
15851
14091
15004
14775
14329
15128
15987
15045
13382
13614
14779
15760
16382
13039
14237
15253
13606
14526
13356
13410
15567
14765
16382
14543
14276
15176
14759
14598
12289
13824
15795
15518
14203
13033
14972
12719
15259
14262
12764
14086
13059
12947
14729
14183
14782
15429
13554
13163
13645
14286
15548
13665
14384
14148
16203
14508
15035
13669
13734
14232
14631
14143
14430
12289
14886
12497
13727
14520
14087
14595
15144
15112
14786
15053
13921
15064
14366
13873
14994
15255
13689
14358
14482
16123
13823
14144
14946
16078
15346
15670
16127
14828
13758
14758
12915
13743
13902
13892
14809
15535
13361
16382
16382
13281
13462
13179
13768
14036
13985
12365
14987
13618
13937
16257
15172
13657
13756
13149
14104
14649
14097
14121
14130
13883
13235
14717
15709
13341
15011
16050
14705
12424
14291
15204
14249
14937
14726
15421
14408
14572
13605
14372
13099
15497
13923
13406
13962
13613
14827
15464
13615
13963
14907
13734
13389
13531
14327
15052
14739
13547
13633
13126
15414
14200
13471
15364
15229
14951
12289
13821
13929
14455
15134
15121
13859
16382
15537
14450
16071
15900
14938
12379
15111
15693
13911
15800
15164
14968
14523
15264
14721
15066
13624
13872
14750
14261
14268
14092
12289
16289
12834
15426
14285
14383
14477
15461
16382
15750
15106
14368
13502
15011
14170
12655
15205
15187
14812
13457
14197
14199
12461
13447
16118
13130
13470
13976
12568
13601
15148
13197
13888
13929
12566
13402
12821
12289
14107
14838
13674
15048
13743
14289
13932
14525
14979
13074
15054
14365
13439
12644
15115
14363
16382
14126
16301
13006
12800
12961
15345
14526
12289
13337
12949
14176
13432
13979
16172
14066
12333
13919
14120
15066
13773
14243
14367
16382
13916
14847
14145
14526
13698
13716
15721
12695
15284
13860
15294
15259
13971
13971
15571
14135
14081
14394
15415
15510
12799
15015
13758
16382
13151
14849
13740
13646
12934
14846
14241
13259
14909
13387
16021
14695
14534
14981
15374
13641
13842
14547
13351
14911
14788
15958
14399
14733
14459
14217
15098
13925
15425
15908
13891
14136
14935
14318
15472
13225
14078
14414
15198
13905
14564
14438
15666
14913
12664
14136
15173
13965
16061
14320
12289
13917
14988
14506
15920
13448
14147
16056
13886
14986
14222
13827
13532
14716
15612
13843
13585
16296
12835
13618
14028
14333
12602
15923
13655
13302
13279
13138
13409
14344
14051
15873
15270
14392
14665
14269
13898
13405
12631
12856
13236
13867
14020
12588
14768
14053
13950
15072
13380
15615
14339
15093
13756
13517
13410
13382
13672
14132
16382
13443
15462
13711
16308
15653
14927
13183
14914
12830
13750
12840
14699
13993
14378
13103
12787
14161
13530
13873
15115
12564
16382
13488
16169
13178
14997
14267
12880
12289
16132
15178
15282
15394
13676
15812
14052
14181
16382
14809
15897
15925
15675
15121
14518
14912
13549
12864
13451
13975
13429
14589
14669
16197
15751
14403
13452
15475
14758
14590
15182
13370
12598
13657
15929
13411
15915
13989
13798
13536
14509
14714
14741
13832
13543
15588
15324
15514
14846
15926
16117
12532
15349
15266
13621
16129
12289
15225
13748
14190
13717
14045
15544
14342
14488
15466
15198
13454
14053
13708
13053
14714
15045
14004
14567
13909
14671
12652
15052
16233
15347
14256
13425
15346
14767
16344
12414
14432
13409
16382
12548
13292
14321
15478
12289
12289
14411
14610
13865
13640
14310
15365
15528
12840
13568
14771
12440
16382
15153
14887
12885
15151
13296
14595
15842
15898
14798
13345
14336
14608
13835
12476
13417
14091
12723
14222
13581
15865
16382
13842
12581
13288
14185
13671
12601
13301
12870
13565
13161
13376
14584
15778
14949
14751
14297
15462
15963
14120
13857
14098
13127
15504
15901
14211
15473
15388
13502
14037
14804
13084
12950
13172
15577
14871
14419
14713
14956
12857
15115
13593
16159
13603
14076
15582
13605
14147
13623
15266
16382
16382
14473
13200
14985
15297
12800
15177
13112
14443
13148
13692
14828
15807
14454
14697
14380
12979
13390
14029
16382
13073
14059
14036
14313
14452
14791
13079
16067
13954
14082
15534
12686
12712
13322
14116
15587
13712
14780
15605
14934
13690
13938
16273
15310
14271
12869
15195
15084
15231
13449
13838
15484
15011
13923
13157
13648
13363
12289
13298
13322
14894
14874
13882
14440
14454
13982
13574
14654
13970
15278
15107
14342
13714
16382
14898
13321
15823
12627
14843
14145
15059
14212
13918
14667
15689
14206
13762
14236
14103
14644
13864
15088
13056
12504
12289
13784
13789
14469
14257
14555
13505
15429
16382
13886
16382
14675
16382
15044
15372
13824
12414
14610
14133
14211
12959
12289
14285
14805
13649
13649
15727
13632
13221
13038
14802
14624
16144
14356
12289
14079
14536
15087
14174
13522
16382
14397
13854
13862
13121
14175
14510
12289
14000
15289
13311
13400
14483
14899
14384
14928
15789
14540
15595
14411
14314
14590
14915
14984
15437
14863
12289
13720
13181
13874
14566
14560
15117
14810
13645
14298
13896
14012
13472
14360
13518
12792
13339
15589
13999
13524
15493
15697
13664
12974
14057
15192
14769
15372
13909
13269
14905
14792
12983
13726
13041
14222
14137
14080
15859
15582
13696
16354
14144
14794
15457
13092
14045
15547
14165
13138
13369
14557
13410
14974
15686
14569
14200
14946
14912
14810
14705
12533
12613
15075
13751
15313
15426
14586
14331
12289
15121
12738
14656
14993
14948
14062
12433
15934
13663
13948
14737
12747
13574
14062
14034
14336
12289
14411
14196
14943
12616
15202
14467
13860
15567
14634
14876
14587
14469
15603
13745
14968
15418
15153
14156
14803
13671
15876
15349
13349
16382
14074
14178
13753
7122
9335
3174
5853
670
9276
6461
495
9358
10166
8285
9199
218
2504
6117
4833
6306
4091
7032
8634
8719
6991
6583
927
7592
7222
2378
638
10023
9145
4167
8338
8237
2172
9660
7633
8291
3880
2344
7743
3485
425
3009
3767
9792
8735
4545
7085
2787
2178
3670
7230
2615
449
1516
471
2580
9862
7281
9913
4201
5507
7545
2368
7394
7379
7621
9091
8224
1875
5897
6982
1326
9989
498
2395
4743
3478
211
1381
3738
3458
6306
3686
6758
9490
9718
3559
950
1610
3045
9391
7376
1246
9757
2217
2397
8164
9906
4548
8867
1555
3715
5373
7845
8469
8126
5672
284
9057
7803
7
6407
9441
8963
1830
4361
7283
3380
7572
3738
9195
7613
933
2036
8229
6400
3833
1186
10702
9168
11360
8594
12286
9755
9516
9170
10650
10929
9181
8836
11525
10369
9936
10822
11688
12174
9621
9987
10306
10876
10057
9234
9020
12286
10918
11218
9421
10341
11916
11203
11741
10275
9340
11448
9302
11775
10881
8593
10544
10449
10486
12239
11636
9523
10476
9838
10498
12286
10938
10890
11279
9382
10191
8726
11279
10198
11264
11689
9008
9365
10076
10345
10902
8774
10406
11647
8692
10395
10881
11956
10470
9756
10246
9812
12286
9750
10641
9881
10948
11075
8269
11319
8193
9741
9443
9747
11074
9131
10663
9838
9115
10898
9034
10014
9538
11687
10874
12286
11157
10567
10322
8576
11166
11467
10123
11079
11521
10686
10947
10411
12286
8652
9287
9155
10121
11046
11665
10323
9896
8766
10220
10616
9263
10321
10013
9905
8508
8730
10730
10512
9392
10454
8951
9118
9667
10178
10613
9326
11095
11499
10158
9438
10353
10248
9160
10449
11197
11027
10991
9495
10554
11075
9092
10006
11696
9770
10167
10321
9484
9119
8193
11269
11954
12019
9726
10960
12286
9349
10238
10404
11466
9364
11090
11244
9895
9638
8878
10954
8193
11265
11391
8621
11437
10923
8987
11741
10679
9473
10224
10264
9091
9455
10225
10555
10300
10978
10056
8817
8730
10401
8215
11022
9063
8193
11298
11123
10085
10592
9708
10941
10199
9492
11096
9876
10766
9275
9856
10571
10487
11151
9325
9984
11280
10959
9068
10327
10821
11234
10538
10193
10650
10517
9287
11727
9648
10137
10107
10009
10045
11425
9478
9842
10670
9426
10212
11054
11637
10796
9913
10284
8840
9522
8749
11266
10304
11695
11006
10756
10485
9697
10843
9568
10655
10716
9570
9475
10645
10633
11600
10528
10787
9088
10683
11007
10552
10346
9680
10898
11105
10365
8951
9326
9680
11896
10187
9932
10309
10919
9995
8988
10588
8783
11808
9998
9288
9253
11053
10101
8802
9022
10549
11712
10608
12016
10699
9483
8597
10654
9884
8501
10699
12191
10326
9283
10726
11733
11185
11255
10091
10770
9991
10165
8782
10335
10251
11658
10915
10371
10898
10453
10790
9443
9775
11264
11841
10165
11585
8855
8232
10649
10406
9666
8910
10341
10591
9961
10775
10945
9783
10461
10887
9980
8774
12286
11119
11321
11674
9966
9998
8563
10264
10827
9731
9161
11385
11145
9615
9404
12066
10118
9235
10750
9359
9712
10417
10381
12279
10275
9884
10341
11133
8979
11239
10102
9392
10887
9443
11201
11286
12028
10953
8977
10431
9578
10514
9482
10076
9813
10707
10278
10360
11514
10467
11307
9251
9015
11076
9261
10820
10029
10746
11277
10097
9099
10706
9326
11642
9819
10712
9399
11640
10201
10625
9820
10682
9694
10787
11031
9377
9643
9739
10736
9976
11328
11319
9889
9199
9199
10834
8978
9884
9324
8193
12209
11385
10595
10126
8859
11360
9248
9699
11573
9500
9846
9778
9686
11003
10295
10964
9980
10255
9250
10364
10741
10509
9553
9040
10817
10168
10404
11509
10008
10444
10498
11396
8588
9704
9685
10726
12286
11382
8193
11134
12028
10123
10255
8615
9732
11320
10371
9751
10797
10646
10056
11171
9775
9885
9877
10944
9063
11008
9777
12215
11773
9731
9261
12286
9402
10578
11796
10414
11592
10543
9803
12012
10421
10684
10909
11994
10794
8433
10245
9904
9904
9860
9917
10978
10941
9574
11870
8455
10618
9827
10444
10161
11300
10630
8193
9319
10323
9138
9924
11414
8788
11594
9633
10062
10680
8583
11791
10641
11953
10938
9927
11973
10460
10443
11126
9991
9635
10680
12034
10455
9290
10542
9927
9755
10337
11558
9609
9347
8657
10729
10745
9800
10304
11612
11223
9045
11091
9987
10555
10296
10568
11068
11634
10139
10379
10866
11423
10495
12286
10844
12008
10259
11036
8769
9465
10010
10548
11401
10798
11164
8979
10934
8925
10031
10351
9819
9816
11023
10572
9693
9524
11024
9834
11541
10103
9915
9258
9809
9298
11582
9104
10652
11000
8419
11053
10871
11146
11924
12024
10688
10952
10191
10303
9838
9550
11131
10496
10935
10465
11660
10224
8946
11108
10274
10538
10822
10849
10163
9928
9838
10567
9871
10267
12286
9715
11545
10400
9143
10364
9900
9991
9579
9668
10484
11227
10408
9045
8559
9859
11014
9586
10384
10983
9156
9964
10078
9632
9225
10867
12137
10196
9665
11050
11601
8773
8193
9326
8766
11017
9986
8201
10297
11183
9895
10706
8600
10216
10217
10459
10525
10529
9949
9752
11422
9937
10235
9253
10011
8193
11633
8850
10925
8937
11837
10597
9400
8322
10494
10040
11138
11586
9049
9217
10574
9061
8960
9627
9599
8697
11332
9894
9622
11421
10940
9149
9603
9529
9925
9496
9793
9319
11129
10083
10977
8193
8193
10570
10771
9843
11314
11499
9926
10714
9946
10408
12083
8193
10835
12286
9792
12286
8974
9309
10032
10674
10058
9561
10900
11288
11630
10932
10146
10759
11223
12166
10238
10055
9943
9561
11175
9641
11351
11372
9723
11265
10725
10390
11653
9866
10741
8463
9632
9330
11556
9746
9631
9820
12204
9606
11005
8722
11191
10115
10325
8845
11324
10543
9940
8193
11025
10253
10739
11059
9419
8645
10995
8702
9120
8731
11684
10398
11068
10479
9549
11618
11265
8442
9209
9623
8193
10866
9958
8304
10380
10237
9052
8682
8950
11653
11448
9930
11915
9683
10173
8992
10159
10036
9936
11698
12286
10348
8427
10906
9145
10542
10986
10448
10711
10574
10618
9824
10790
9946
11666
11553
10610
10883
9451
10219
10455
11717
10393
8464
11939
9921
8902
10178
10586
10082
9928
10262
10715
10535
10358
9462
11234
11214
10221
11702
10647
9584
9689
10101
8890
11143
11522
11919
10141
8852
9368
8656
11088
10498
10036
9396
8996
9399
11782
9955
12058
8258
10311
8509
10324
11576
11660
10686
10508
12286
9004
10552
10432
11651
9957
9181
11039
10592
10198
10681
10185
12104
10590
12196
11473
8446
10463
9664
9461
9224
8987
11298
10514
9969
10754
9622
10767
10240
11865
9216
8686
11045
10305
10876
9688
10399
10679
10690
10197
11742
8500
9932
10601
10412
9399
9669
10742
11299
9059
11845
8193
11142
9143
11421
9823
9243
11675
9567
10099
10810
8663
11629
8193
10730
10090
10108
9413
9796
9487
9903
10724
9388
10328
12286
11366
10263
11047
10807
10123
8473
11506
10138
10375
10027
8897
11329
9418
11283
10283
10544
9852
10274
9849
9649
10793
8773
9711
10997
9958
11062
8193
8392
10613
10117
10915
11320
9330
8207
10637
10911
10681
11056
10532
9317
9535
8967
10024
8549
9222
10345
8643
10306
10856
12156
10022
9424
10900
9451
8878
9825
11683
12286
10819
10853
10840
9513
12286
9997
9427
10627
11180
11197
10315
12169
9697
9274
10469
10666
10883
8798
11488
9901
10867
9082
10347
9634
9468
8921
10792
9277
10511
11630
10546
9350
11889
11017
10623
8418
12286
9968
10391
10185
10924
9368
12227
8859
12286
10631
10937
10480
8193
9547
8823
10353
10364
10819
10046
8193
10508
9923
10060
10320
11344
9043
9658
10948
9946
11433
10504
10179
10423
10992
9920
9223
10561
9458
12023
10462
8417
11512
10188
9707
11119
8366
9265
10307
8193
10649
9751
9314
9380
11088
10577
10092
9086
9871
9986
11453
10534
8193
9538
8193
9361
10240
9053
8943
9143
10026
10843
9387
10683
9545
10601
11810
9735
10923
10599
10063
10697
11338
8718
11498
9827
8746
11653
10573
12286
11551
10967
10470
11711
11340
11082
9733
11257
12286
9510
11474
10377
9474
10277
9962
10248
10528
11531
10320
10774
10155
8518
8193
9395
9395
9533
12258
10052
10239
9413
10167
11030
8736
10772
9458
10692
9843
9220
9302
11110
10530
10568
10707
8938
9805
10215
9479
11007
9717
11426
11012
8193
8193
10993
10359
9420
10565
10204
9691
10827
9427
10349
10524
9593
9247
11288
9503
10806
10415
9361
10060
10190
10901
9793
10674
9736
9986
10543
9323
11046
11000
11303
12286
12019
10378
11070
9227
10785
10532
10423
9900
11265
10964
11426
8717
10038
10559
10424
9065
11461
11074
9997
9502
10823
9504
11247
8889
10285
10932
8987
10806
10600
10002
8500
11018
10666
9437
9822
10685
10154
10937
11079
9767
9206
9662
10272
11218
9893
12100
8308
9432
8652
11261
11190
11006
9044
9912
11282
11565
9880
9970
10777
10457
10940
8962
11024
11447
8804
8845
11946
11250
9877
10502
9540
11517
10610
10036
10426
8193
10848
9652
9759
8702
11786
8211
8193
9628
9763
12199
9874
10797
10684
11991
8834
9983
10713
10860
10027
10378
9708
11710
11561
9949
9979
10698
10526
11172
9214
9682
10142
8580
9819
11785
8492
10459
11082
10264
9765
9770
11677
9272
10003
8663
11681
11250
9477
11488
10749
11348
10979
10200
10332
11469
10001
9813
10063
8888
11865
11043
11261
10292
9142
9405
10837
10107
10276
9511
11501
10272
9331
9824
9813
9942
10738
11082
10256
9606
10786
9196
10518
12113
8796
10614
10138
10290
8690
10499
9816
9632
9741
9791
8320
12103
9165
10317
10107
10027
10164
9713
11054
9580
391
5794
4181
1613
1730
3421
374
390
5858
4058
1302
3209
5240
2187
277
190
5824
5729
4891
5695
4021
1364
6067
2576
2315
5780
3295
443
5845
2102
6080
2802
4332
3542
3344
1018
3625
4111
2223
2949
5899
3287
111
5624
2579
5040
2655
2324
5284
2251
2848
2966
3887
1475
4165
4586
6091
5479
751
5950
2017
5663
3421
5198
4439
4265
14
4127
1097
592
4921
4096
3872
1497
424
1052
4367
1050
4971
5222
777
2520
1797
3147
3125
3616
529
1236
1814
5930
1258
6128
5614
2293
5889
291
3380
1844
907
4183
1726
1220
5386
5261
1719
1729
3669
2371
3630
4328
5426
171
1388
4355
3117
4533
1490
5350
5577
3984
5716
5764
1408
928
2112
1999
2791
5556
1116
2018
5651
1269
1274
4131
674
545
4320
1213
4504
4145
8
5145
1568
5085
1233
4351
4320
422
3946
3725
5767
4949
1148
5289
874
2058
6087
1746
3801
4080
4850
6812
5708
6345
4860
5738
6337
6805
7460
5776
5881
4552
6467
7343
6715
5345
7930
8190
6830
4993
5721
5215
5003
7279
5657
5102
6317
7473
5424
8093
6983
5443
4306
6812
6427
7395
7724
7364
5756
5440
6281
6458
6679
6930
4097
5676
5122
5640
4610
5232
7188
6637
5989
6285
6287
7140
5108
5204
8190
6101
5813
5954
7392
5106
5996
4434
6273
6474
5801
6626
4694
6627
5766
6381
6257
6010
7336
4852
4737
4539
6873
5847
5886
5959
7557
4818
4097
5815
5036
6183
7528
7856
8190
8190
7875
6421
6139
5800
5134
5202
5543
4908
6333
5218
7032
6548
6478
6911
4453
7835
4678
6964
6863
8190
5777
6030
7589
6509
5683
5282
4515
6685
5096
6144
5888
5026
6304
4881
5309
6677
4901
6598
7652
6945
5399
5891
6627
6255
7381
6101
6870
7107
5451
6818
6575
4097
6804
6552
5012
5071
7914
5270
6255
7511
6831
4737
4831
7616
8051
5567
6224
5173
4264
6239
7098
5323
4657
6937
6007
6356
4710
7020
4326
5704
6126
5167
7652
7511
5834
6448
6369
7506
5813
6835
7030
5988
5975
5054
5854
7459
6756
7210
5789
6780
5047
5843
7030
5047
6894
5403
7432
6664
5623
5217
7194
8034
5207
8190
7296
6066
6202
6750
4772
6229
6193
7178
6063
5935
5856
6732
5742
5200
6240
5462
6553
4709
5303
6848
7046
5375
5742
7309
7098
5681
6711
6712
6956
6737
6110
4900
5980
5268
6028
4115
6036
5611
6472
7617
7844
6020
6751
6349
7204
7066
6311
5493
4947
6757
5102
7660
5394
5811
6944
7500
6434
7043
6183
6728
5292
6535
4183
6530
6569
6317
7113
5735
6420
5201
6000
4639
6934
7493
6515
5882
6917
7411
7825
5076
7287
5341
8076
6622
6234
6591
6275
8190
6445
6292
6188
5121
7996
6782
6420
8183
4731
6961
7883
6682
7078
5122
6281
5774
5286
5619
5140
6065
6100
6870
5740
5870
4624
6155
7080
5423
7292
5834
7947
5665
5068
6273
4784
6069
5866
5210
6811
6110
7386
5987
5825
4595
6258
6002
7034
8007
5743
5786
6362
4694
7801
5008
6474
4888
6617
5579
6305
6702
4984
5376
6208
5419
7812
7566
7517
7106
5848
6777
6864
6401
7236
5184
5963
6825
7413
7538
6719
4298
5716
5602
6359
6520
7988
5102
4582
7336
5999
5043
5172
6342
7941
5886
4628
5438
6511
6603
7541
4097
7542
7259
5024
7326
5091
5069
6541
7493
6274
6698
4696
5421
7195
7344
6711
5666
7566
6259
6084
7342
6136
7439
5943
4281
6167
5944
5746
6900
7241
7546
5433
6284
5507
4886
5753
5023
6289
6471
8190
5743
7131
8054
5952
6573
8096
7120
7715
6319
8190
5391
7579
7208
4531
5479
5873
7418
7555
7287
5044
6235
6619
4154
6122
6475
5989
8149
6061
6889
6123
7016
5479
8003
7870
5810
6986
7114
7015
6629
5991
7323
5764
7594
8082
7201
7634
4540
5583
4952
6265
4097
6167
5531
6389
6928
6339
6350
5527
7393
4633
6894
5017
4097
5399
6978
6415
6111
5444
7122
6490
4980
7435
6470
4578
5192
7754
6240
5627
6851
5848
6219
5872
5793
4097
7230
7378
6625
7534
6498
4980
7523
5429
6239
6608
7115
6129
4692
6415
6339
6158
4586
5767
6289
7173
7027
7327
6277
4097
5546
4747
7099
5417
7301
4698
8190
5433
5039
5910
4941
6398
5148
5528
7600
6597
6506
5834
8051
4700
5312
6500
6884
4097
5685
7000
6246
4097
6880
7465
5859
6803
7241
5738
6414
8103
5449
5352
4097
8190
4493
6965
6374
6679
6729
6971
5248
6850
7036
5435
5854
6944
4690
6960
4097
5720
5332
6315
4460
4109
6831
5352
4156
7074
7048
7957
5850
6063
7592
5237
7451
5037
7484
6760
7393
6769
6891
6478
7588
5287
6848
7193
7978
6150
7639
7280
6020
6611
5557
6425
5785
6701
7684
4971
5184
5450
5489
4928
7494
6225
6659
5987
6667
6002
5917
6604
6419
7375
5497
6502
6518
6012
7314
7265
5894
5485
7253
6110
6515
6590
6618
5653
7437
6408
6242
7033
6423
5485
5075
6103
7198
8190
6810
7050
5903
4674
6736
6163
6552
5754
5878
7864
7819
4662
5736
6305
6701
6213
5422
5937
6279
5552
4227
7514
6927
5257
7383
5227
5577
7800
5181
5669
6211
4397
7159
7763
6699
4700
7132
4097
8190
5451
6568
5169
5919
7199
6116
6404
7308
7990
5842
6661
5742
6646
5284
4097
6133
7066
5636
6325
5543
5949
5911
7453
4729
5812
4455
6706
4097
5711
6329
6473
5058
5652
6191
4390
7046
6822
6688
6134
5612
5696
5559
5802
6849
6821
5091
7704
5006
5965
6871
6943
5747
5149
6056
7105
5581
4950
5904
5658
6302
5953
6786
5045
6487
6738
6537
5846
4634
4995
5670
7429
5358
7881
7377
6494
6723
5293
7546
5774
7433
6217
6780
4770
6049
5425
4741
4943
7597
5658
7029
6836
6785
6485
18867
6042
2834
19445
15226
8418
10118
16337
720
9727
13162
4371
2626
2371
4714
9596
8462
2529
6811
15672
6428
9243
7747
16029
5088
19493
18580
3532
15993
4163
972
11254
12717
22377
14953
9744
12603
15349
19990
14871
16053
6803
17141
3710
11610
13409
11615
2545
6222
14833
5705
537
4996
20262
19190
18166
18288
5427
6293
14160
8510
8456
13645
21106
5845
9463
11215
13708
2724
6873
21390
2169
6459
19523
9046
2324
5660
2708
4544
1730
21946
4018
2914
18915
5289
14774
7287
4996
15599
18807

