5965
6075
6110
6202
6116
6241
6082
5817
5873
6730
6281
6158
5695
5611
5668
6221
6068
6373
6259
5851
6455
5889
6249
6230
6717
6536
6631
6013
6444
6675
6171
6342
5668
5411
6627
5648
6391
5794
6364
6697
5570
6532
5656
6230
6463
6320
7030
5922
6840
6491
6131
6304
6185
6674
6285
6755
6771
5418
6361
5768
6023
5732
6314
5893
6230
6324
5906
5975
6361
5583
6156
6308
6260
5780
6578
5523
5982
5180
6306
5853
6480
6308
5570
6281
6054
5891
5703
6328
5489
6007
6547
6310
5408
5989
5788
5589
6468
5824
6023
6178
6573
6396
6214
7130
6556
6276
6834
5961
6063
6235
6212
6044
5309
6119
6481
5435
6758
5860
6436
6060
6060
6342
6246
6044
5920
6436
5881
6364
6405
5516
5302
6265
6285
6595
6716
6235
6804
5774
6447
6276
6702
5415
6216
6664
5843
5863
5899
6376
6428
6272
6552
5894
5966
6427
5616
5552
6097
5957
6244
5423
6278
5993
5913
5781
6309
5736
5697
6231
6248
5523
6003
5475
5837
7223
6428
6534
6110
5732
6292
6368
6156
6599
6003
6008
5919
5860
6110
6040
5094
6480
6804
5504
6345
6752
6872
5894
6344
5436
5268
6201
6532
5782
5912
5532
6503
6374
6097
6070
5071
6027
6057
5931
6121
6544
5926
5734
5658
6699
6109
5835
7031
5531
5956
5737
5818
6741
6349
6628
6622
5862
5974
5925
5689
6313
6308
5452
5905
6422
5905
6542
6731
6771
6016
6110
6487
5403
6395
5700
5331
6068
7055
6842
6914
5976
6076
5626
6728
6282
6680
5822
6189
6056
5974
6179
6238
5125
6421
5953
5596
5894
5957
5868
6754
7641
6367
6464
6786
5864
6083
5666
4945
5367
6272
6078
5799
6140
6335
6129
6807
5916
5799
6077
6482
5960
6035
6048
6698
5915
6888
6066
5523
6326
6117
6553
5809
5978
6619
6298
6538
6050
5808
6048
6453
5910
6957
6469
5854
5511
7142
6277
5843
5905
5696
5982
5898
6898
6294
5743
5952
5743
6343
6388
6084
6307
6652
6095
5557
6648
6436
6344
5483
6152
5286
6003
5192
6344
5523
6364
5876
6734
6248
6589
6376
6134
6130
5612
5918
6277
6787
5889
6166
6449
5788
5881
6818
5859
6450
5910
6574
6523
6053
5519
5972
6486
6321
6393
5720
6870
6777
5600
6803
6152
5695
5791
6635
5397
6200
5695
5522
5837
6762
5490
6213
6132
6504
6705
6245
5477
6201
5590
6511
5773
5995
5475
6941
6171
5662
5745
5902
6494
5887
5748
4964
6661
6644
5455
5741
6206
6606
6365
6148
6282
6962
6046
6118
5738
6232
6380
6075
6264
5418
5569
6349
6511
5711
5803
6901
5963
5393
5780
6294
6510
6809
5950
5989
6321
6594
6503
6159
6230
6208
6061
6681
4887
6246
6057
6476
6085
5766
6073
6532
6255
5678
5875
6172
6152
6464
6535
6478
6202
5808
6365
6949
5638
7130
5863
6837
6155
6220
6570
5671
6670
5939
6428
5949
6948
5670
6251
6597
6210
5485
6190
6232
5972
5792
6587
5940
6786
5896
6209
5849
5746
5978
6079
6309
6262
6141
5546
6376
6276
6524
5905
6459
5245
6714
6258
6148
5652
6815
6832
6210
6263
6199
5763
6362
5796
6462
5483
6201
6055
6514
6110
6451
6360
5919
6369
6101
6402
6973
6409
5608
6609
5975
6654
6383
6249
5897
6660
6049
5461
5831
5482
5722
6439
5555
6771
6211
6643
6595
6045
6246
6032
5923
6131
6419
5957
6103
5593
6349
6290
6105
6300
5968
5776
6310
6356
6248
5674
6103
5913
6431
6353
6040
5618
5761
6314
6248
6007
5370
5909
6558
5730
5835
6152
6514
6526
6981
6174
6362
5330
5968
5430
6861
5385
6204
5335
6188
6912
6087
5592
6623
6379
6006
6364
6740
5852
5466
6808
6433
6183
6337
6130
6384
5974
6435
5219
6880
5849
6587
6340
6069
6706
5946
6396
6371
6092
6017
6683
6461
5895
6322
6437
5991
6594
6549
6636
5372
6197
6097
5012
6086
6061
6034
5846
5691
5961
6349
6459
5703
5279
6608
6509
6363
6116
6744
5413
6572
6740
6582
6055
6095
5670
6094
6737
6168
5810
6139
6547
6952
5771
6433
6144
5653
6590
6024
6368
5781
5657
5967
5903
6410
5740
6552
5784
5226
6585
5617
6162
5200
6534
6178
5730
5419
5806
6069
5799
5992
6573
6293
5791
6194
6475
6017
6119
5914
6828
5587
6362
6414
6801
5718
6147
5908
5911
6200
5525
5967
6149
6224
6579
6015
5573
6128
6572
5720
6522
6583
5897
6394
6273
6252
6428
5850
6156
6170
6492
5789
5995
5837
6063
5343
6716
6021
6314
5902
6549
6102
6142
5605
6002
5848
6151
6293
6502
5796
6788
6019
6533
6138
6010
5862
5960
6017
6220
5968
6172
6707
5897
5966
6509
6336
6780
5343
5970
6738
5966
6042
5964
6847
6102
6106
5760
6612
5956
6259
6863
6096
5740
5926
5656
6268
6093
5737
6329
6678
6153
6434
5820
6162
6094
6055
6147
6789
5887
6756
7465
5903
6185
6429
5510
6112
5975
6189
5943
6269
6500
6280
5906
6473
5922
6649
5946
7090
6012
5512
5927
6494
6359
5836
6544
6172
5671
6021
5567
5915
5710
5614
5946
6054
6241
5723
6657
5911
7084
6590
5367
5331
5834
6965
5554
6309
5956
6676
6160
6532
5559
6381
5927
5533
6176
5800
5714
5431
5756
5717
6084
5563
6468
6129
6072
6158
6474
6014
6561
6270
6024
6640
6126
6177
6999
6511
5628
5644
5924
5577
5364
5893
5497
6134
6145
6079
6440
5883
5898
6166
5811
5561
6405
6765
5309
5613
6239
6755
6250
6438
6083
6576
5870
6559
5645
5819
7087
6168
5807
5575
6566
6660
6337
6099
6749
6349
6266
6093
6621
6581
5505
5825
4937
6824
6285
6164
5792
5955
6293
6091
6358
6018
6384
6197
5913
6669
6052
5999
6465
5885
6030
6103
6084
6285
6255
6299
5625
5835
6090
6610
6941
5288
5575
6109
6082
6509
6758
6430
5537
6656
6344
6216
6708
6148
6096
6701
5523
6201
6428
6080
5791
6669
7410
6319
6371
5592
6603
6291
6272
6312
5061
5593
6505
6262
5914
5523
5663
6671
6560
6608
5749
5652
6234
5793
6934
6432
6401
5687
5538
6264
5533
6476
6938
6047
5427
6507
5963
6009
6100
6153
5931
6274
6086
5684
6023
5977
6164
6010
6098
5957
5623
6754
6608
6653
6011
5555
6048
5795
5675
6084
5465
5893
6330
7046
6040
5502
6193
6138
5235
5791
5898
5960
5958
5841
5846
6318
6048
5486
5346
5949
6149
6275
6108
5727
6041
6332
5737
6417
6350
6198
6602
5597
6015
5662
6085
6168
6625
5971
6392
5623
5836
6587
5677
6715
6304
6089
5510
6870
5939
6669
6326
5590
6543
6049
6397
6475
6497
6392
5875
6072
5590
5750
6485
6058
5335
6821
6551
6064
6104
5384
6110
6075
5941
5765
5709
5896
6095
5911
5864
6148
6280
6116
7346
6067
6396
6274
5688
6167
6068
6464
6556
6246
6136
6441
5937
7248
5736
5893
6388
6055
6589
5809
6237
6568
6137
6473
6458
5743
6737
5919
5608
5768
5661
5508
6380
6812
5499
5942
6575
5913
6703
5848
5679
6656
5574
6410
6122
5127
6078
6685
6292
5318
5631
6358
6252
6022
6192
6009
6221
6635
5757
6514
6470
5892
5867
5885
5759
5784
6617
5892
5858
6072
6020
6608
5657
6202
6779
5948
5602
6137
6204
6543
6471
5981
6724
6798
6420
5541
6345
6826
6819
5625
5980
6902
6199
5892
6190
5751
6013
6018
6308
6623
6233
6077
5443
6138
5939
6105
5897
6255
5542
6480
5903
6163
5797
6910
5995
6794
6085
5334
5847
6228
5757
6313
5767
6282
5913
5919
6469
6338
5159
5804
6465
5981
5985
6481
5955
6892
6072
5653
6738
6419
6009
5578
6590
6332
6728
5952
6430
6280
5792
6761
6120
6617
5983
6676
6517
5509
5611
5579
6698
5980
6551
6476
6171
5221
6117
6447
6343
6241
6594
5526
5961
5447
6523
6406
5102
6282
5184
6303
5730
6262
5827
5812
6346
6141
6133
6753
6431
6595
5819
6623
6226
5871
5691
6606
5803
6487
6206
6439
6513
6161
6411
5804
5925
6486
6386
6576
6665
6866
6142
6043
6071
5641
5908
5649
5720
6036
6190
5824
6584
5261
5792
6373
6018
6108
6144
5457
6261
6091
6900
5687
5974
5738
6961
6147
5857
6585
6064
6151
6739
6055
6209
5056
6311
6094
6120
6788
6660
6500
5774
6245
5698
6520
6191
5992
5480
6539
6039
5636
6311
6343
5368
6437
6071
6134
5686
6273
5604
6412
6390
6707
6721
5669
6555
6221
6206
5934
6295
5712
5700
6185
5647
5991
6051
5905
5561
5694
6247
5769
6624
6152
5948
5878
5427
6155
5834
6508
6395
5844
6538
6005
6473
5762
6512
6938
6454
5404
6499
5727
5914
6582
5290
6381
5958
6230
5759
5512
6444
6316
5552
5666
6548
5727
6417
5229
6237
7093
6785
5883
6418
5645
6643
6130
6089
6433
5763
6672
6870
6723
5916
5221
6094
6431
5796
5662
6540
6370
5208
5933
6684
5794
5918
6425
5995
6285
6082
7026
6580
6498
5879
5344
6774
5882
6413
5363
6147
5989
6026
5649
5983
5866
6777
6020
5290
5775
5855
6935
6194
6165
6325
6364
5490
6206
5872
6994
6752
5823
5967
6368
6082
5694
6342
6306
6515
7126
5311
6239
6339
5800
5487
5938
6100
6275
6329
5715
5784
6209
6587
6462
5934
6220
6703
6124
6190
6361
5784
6162
6185
6765
5574
5276
6192
5999
6418
5964
6215
6157
6639
5641
6846
6426
6022
6760
6259
6380
6723
6771
5897
6742
12910
11837
9326
12375
1745
1364
13140
18295
18506
4487
21475
12164
13734
9238
14656
5191
10716
21432
3204
3385
14042
18982
3399
15559
12248
1127
16531
11907
16548
21604
21991
9181
3178
12224
3029
16320
2101
21253
18086
14866
10468
16098
5000
3922
2256
10418
8423
3295
5838
1015
21882
11037
5449
21146
13932
19532
3727
19816
15586
76
14844
20690
367
16384
7233
19334
10089
5995
17009
7977
6681
17412
4415
14758
14018
2322
574
10388
1543
20435
19378
12512
17781
12472
2435
19870
22069
8599
683
20184
14856
20019
12192
19651
18234
3588
382
18239
8389
17079
19590
19024
9200
5462
12760
3580
22356
15996
11882
12620
11934
12038
12121
12270
11186
20006
2172
265
13827
13411
21396
5689
18700
3538
2854
2678
14740
13213
19840
11674
18588
14405
15080
19334
1835
3258
678
16342
5551
9035
14875
15218
16994
540
20086
7507
1027
22237
9960
22485
22517
20126
20983
2766
2231
21686
11243
7292
8478
1957
13702
6986
22225
20088
17306
11221
210
16475
10665
7983
1604
11877
18387
22573
22811
22309
21941
22513
21744
22743
22557
22034
22453
23330
22522
22234
22403
22273
23251
22650
22178
22220
22002
22791
22979
23553
22610
21513
23053
22043
22163
22938
22442
22528
21821
22681
22194
23058
22287
22175
22784
22371
22464
22854
22355
22644
22734
22320
23429
22161
22378
22855
21715
22502
23185
22292
22220
22184
22152
22287
22768
22897
22339
22914
22644
22165
22020
22749
22718
22588
22954
23056
23175
22455
22520
22388
22796
21946
23409
22819
22740
22191
22457
22746
22944
22608
22248
22649
22176
21919
23069
22164
22928
22432
22751
22387
22288
23045
22344
22978
22884
22707
22486
22768
22514
22598
22046
22613
22484
21970
21974
22552
22727
22838
22220
22595
22278
22422
22758
22869
22440
23137
22210
21675
22699
22785
22346
22248
22193
22090
23138
22485
22811
22473
22615
21975
22074
22050
21729
22802
22011
21889
22900
22910
21576
22054
22561
22904
22282
23006
22525
22145
22492
22153
21841
22439
22360
22686
22676
23354
22170
22659
22513
22378
22968
22617
21863
22206
22123
23024
22443
22793
23014
21992
23148
22892
22862
21861
22623
22658
22223
22520
22581
22682
22466
23149
22943
22500
23092
22216
22067
23225
23180
22889
21903
22281
22535
21655
22674
22303
22171
22820
22250
22504
22679
23530
22247
22488
22135
22491
22527
22632
22753
22700
22625
22677
23086
22700
22304
22055
22664
22050
22215
22906
22629
23455
22617
22193
22205
21399
22617
22681
21935
23036
22333
22336
22215
22789
23293
22369
22884
22435
21869
22424
22085
21865
21999
22314
22695
22013
22244
22087
22824
22804
22456
22047
21910
22259
23150
21966
23005
22372
23609
22607
22386
22838
22494
23069
22266
22004
22446
23222
22431
22522
22072
21896
22861
23066
22227
22771
22603
22319
22241
22729
22258
22102
22547
22718
22258
22981
23150
22418
22707
22765
21706
22827
22747
22091
22624
22790
22461
22616
22015
22818
22979
22746
22695
22012
21801
21315
22558
22506
23111
22941
22088
22783
22019
22543
22366
22796
21828
23176
22961
22678
22758
22450
22201
22918
22923
22497
23114
22031
22935
22325
22279
22424
22720
22747
22705
22702
22253
22466
22512
22505
22081
22427
22754
22405
22732
23024
23371
22675
22993
22639
22327
23352
22829
22114
21859
22779
22548
21631
23336
22087
23082
22535
22191
23230
22303
22394
22165
23411
23079
22617
21894
22684
22303
22540
22342
22362
23067
22703
21841
22259
22386
22782
22536
22922
22103
22753
22296
21933
22434
21973
21834
22383
22959
22374
21964
22474
22862
22001
22362
22784
22708
22489
22301
22341
22543
22807
21720
22646
22225
22270
22320
22688
22850
22396
21641
22594
21713
22548
22043
21935
22275
22145
22663
22729
22537
23024
21576
22911
22385
23064
22025
22799
22318
22531
22227
22447
22585
22770
23225
22430
22940
21931
22062
21813
22065
22399
22540
22453
23285
23172
22766
23087
22517
22832
21725
22306
22162
22136
22940
22702
22681
22636
21987
22152
22294
22931
22494
22724
22405
22685
22366
22699
23174
22938
23070
22192
23114
22916
22646
22519
22523
21920
22825
22419
22262
22273
22031
22647
21897
22021
22658
21854
22649
22768
21789
22458
22204
22623
22787
22935
22582
22373
22188
22708
22343
23040
22871
22328
22668
22614
21922
22402
22237
22266
22047
22338
22540
23547
21715
22545
22717
22444
22365
23308
22868
22722
22733
22938
22647
22027
22420
22472
22187
23025
22718
22543
22783
22176
22405
22654
22843
22376
23324
22675
22809
22114
22062
21831
22081
22137
22541
22322
22951
22525
22224
22704
22267
23145
22189
22496
22673
22744
22373
21901
22356
22147
22485
22047
22697
22429
23074
22233
22068
22199
22316
22352
23496
22378
22711
23087
22559
21439
22934
22398
10212
16928
12492
12890
5261
18493
18144
1613
18896
11167
5560
5200
2073
5521
18969
10779
15866
20919
4834
3808
8745
16508
11343
19445
13176
10469
22514
2450
9374
19818
2525
7854
19145
3045
10256
18336
20079
6723
19078
14885
3037
8177
151
8174
99
2475
21020
15113
15475
6484
11046
3859
11866
4558
3665
15217
10483
3437
18047
11606
14208
9765
17092
13156
188
22002
22523
22202
22464
22552
21957
22752
22114
23593
22243
22864
21946
22475
22764
22195
22261
23163
23304
22274
22038
21859
22955
23031
22462
22292
21890
22526
22172
22613
22878
22643
22221
22360
22275
22851
22393
23275
23042
22448
23251
22650
23417
22710
23121
22627
22529
22801
22144
23065
23142
22172
22195
22517
22270
22479
22397
22924
21666
22922
22434
22865
22125
22870
22321
22835
23241
21892
22558
21969
22434
22432
22422
21893
23126
22283
22909
22903
22524
22505
22659
22341
22275
22816
23109
22200
22422
22718
21781
21969
22676
22546
22783
22312
22167
23083
22352
21784
22630
22409
22012
21998
22553
22672
22410
22820
22748
22251
22710
22235
22814
22597
23004
22588
22594
22417
22955
22522
22343
22086
23003
23143
21757
22431
22782
22227
22490
22546
22841
22338
22890
23266
23392
22496
22341
21977
22406
22189
22329
22239
21751
21823
22167
21556
22812
22237
22637
22732
22179
23258
22508
23221
22499
22198
22776
23247
23087
22691
22107
22756
22717
22013
22311
22300
22285
22628
22644
22801
22014
23108
22649
22269
22936
22378
23089
22419
22007
22059
22787
22619
22868
22282
22990
22306
22589
22225
23094
23400
22320
22631
21941
23097
23250
22498
22548
22543
22635
22731
22004
22110
22395
21834
23150
22567
22794
22019
21564
22933
21792
22486
22157
22937
22899
21636
22857
22616
23717
22546
23175
21894
22657
22052
22227
23113
23259
23631
22010
22415
23059
22097
22644
22349
22462
22720
22288
22789
22389
23126
22988
22772
22222
22458
21829
22721
22053
22930
23071
23077
21381
21812
22682
22142
22272
22612
22449
23184
22895
22245
22271
21878
22087
21862
22788
22398
22689
22265
22328
22324
22206
22262
22501
22517
22752
22954
22850
22146
22150
21781
22928
22435
22674
22234
22823
22638
22758
22392
22534
23019
22496
22872
23190
22666
23199
22134
22839
22756
22369
22446
22434
21749
22254
22468
22654
22171
22485
22372
22317
22803
22203
22710
22129
22444
22941
22171
22681
22365
22050
22483
22212
22419
21897
23207
22460
21874
22316
22387
22228
21660
22779
22659
22789
22083
22634
22518
22359
22519
22410
22832
22896
22924
22587
22591
22431
21986
23168
22762
22600
22950
23087
22678
22580
22988
23076
22914
22964
22404
22442
22368
23005
22558
22761
22895
22556
22718
22174
22499
22710
22746
22065
22356
22946
22569
21793
22803
22753
22940
22331
22697
22349
22450
22811
22512
22369
22361
21971
22179
22422
22240
22086
21972
22131
23420
22706
22679
22724
23470
22337
23334
22178
22451
22470
21986
22119
21836
22051
22500
22162
21821
22297
21251
22740
23050
22172
22475
22225
21948
21708
22369
22190
22686
22782
22392
21670
22292
22485
22492
22284
22113
22514
22097
22882
22598
22848
22527
22836
22996
22422
21742
23097
22360
22166
22659
22093
21855
22402
22153
22027
22241
22368
22723
22786
22785
22465
22467
22294
22378
21677
22092
22284
23103
22590
22844
22773
22682
22667
22545
22428
22832
22638
22105
22391
22824
22310
22262
22389
22729
22077
22636
22354
22678
23378
22206
21759
22433
22314
23261
22904
22374
22251
22604
23096
22305
22461
22196
22468
23493
22496
22493
23043
23214
22588
22017
22910
22263
23314
22781
21448
22376
22598
22090
22484
22063
22732
22758
22725
22403
22266
22971
22228
22360
23322
22517
22337
22067
22228
21998
21676
22927
22734
22439
22343
21973
22824
23061
21843
22662
22009
22444
22807
22700
22324
22179
23066
22685
22005
22838
22562
21497
22553
22912
22018
22506
22210
22095
22454
22803
21788
21985
21878
22193
23282
22584
22520
22495
22484
22763
22636
22710
22654
22944
22406
22236
22699
22529
22920
22339
22734
22263
22814
21697
22979
22845
23157
21981
22630
22744
22873
22071
22436
22269
23054
22380
22547
22693
22831
22823
22677
23080
21778
21664
22246
22923
22310
22641
22909
22540
23010
22098
23026
21744
22388
22398
21687
21756
23000
22894
22838
22399
22421
22165
23266
22740
22387
23162
22343
22239
23057
22503
21792
23097
22624
22882
22443
22821
22104
23115
22288
22170
22378
22554
21716
22937
22477
22378
23095
23311
23081
22973
22779
22296
22469
22334
22875
22674
22485
23003
22096
22287
22485
22468
23406
22700
22094
22792
22487
22341
21951
23332
22283
22297
22686
22545
22381
22718
22765
23102
22770
22533
22160
22834
22415
22367
22535
22274
22954
22297
23489
22787
23044
22312
22114
21788
22505
22281
22992
22521
22502
22063
22707
22721
22707
22674
21971
22379
22612
22310
21725
22699
22198
22269
23207
22274
22287
21935
22455
22307
22629
22182
22882
22596
22691
23087
22283
22532
22238
22582
22989
22565
22301
23357
23146
22183
23113
22101
22116
22832
22736
22760
22058
21780
22315
22367
22474
23081
22292
22636
22872
22611
22751
22513
22119
22560
22697
22789
21543
22829
21994
21509
22748
21823
23009
22849
22780
22410
21834
22451
22039
22698
21903
23317
22070
22753
22317
22452
22670
22712
22368
22447
22729
22530
22502
22307
22362
23412
22047
22866
22052
22783
22933
22285
22271
21555
22702
22557
21822
22087
22127
22217
22899
22716
22315
22968
22425
21649
22135
22076
22701
21761
22695
22713
22795
22638
23000
22427
23358
21940
23286
22764
22314
22976
22778
22496
21886
22036
22881
22153
22258
22858
22810
21875
22894
22819
22176
22382
22940
22166
22869
22407
23162
22667
22159
22789
22187
22914
22886
23001
21667
22682
22473
22970
22310
21577
23202
22899
22798
21683
22101
22930
22358
22566
22266
22807
22762
22837
22518
22645
21804
22656
22267
22833
23121
22939
21995
21858
22908
22261
22771
22091
22301
22774
22233
22453
22577
22166
22163
23157
22804
22426
22960
22704
22062
22438
22296
23057
22419
22552
21984
22131
22279
22421
22922
21658
22419
22328
22923
22244
22352
22372
21964
23067
22267
22775
23467
22194
22082
22202
22045
22057
22678
22475
22521
22999
22224
22632
22854
22495
22569
22797
22215
22641
22131
22332
22988
22706
22257
22335
22055
23158
23013
22698
22649
22745
22329
22719
22509
22490
22902
22074
23094
22469
22629
22288
22229
22137
22643
23183
22391
22853
22736
22355
22955
22119
23012
22717
22783
22640
22798
22409
22250
22012
22579
22453
22836
23026
22471
22868
22700
22610
22023
22317
22472
21975
22849
22272
22935
22215
22374
22260
22740
21819
22555
22690
22278
22392
23278
23009
22371
22621
21934
22880
22533
22476
21826
22108
22951
22628
22225
22460
22933
22068
22976
23295
22369
22167
22059
21739
22311
22847
22486
21525
22814
23767
22689
22145
21826
22383
22236
22699
22321
22440
22443
22488
22718
22784
22888
23181
23155
22254
22332
22125
22482
22168
22645
22397
22731
22672
22594
22644
22734
22245
22124
22499
22147
21904
22965
22987
22451
23149
22848
22909
22890
22944
22111
23010
22290
22173
22583
21987
23468
21823
22544
22547
22818
22361
22175
23364
23006
22615
23059
22138
22233
22239
22130
22931
22429
22630
22831
22600
23444
22376
22436
21959
23096
22586
22929
22546
22494
23152
22217
22466
22637
22215
22154
22402
22758
22287
22570
22622
22675
22962
22602
22015
23422
22702
22539
23151
22863
23228
22554
22743
22909
22322
21741
22822
22420
22986
22623
22214
22704
22373
22905
22613
22220
22541
22427
22017
22688
22462
22211
22808
22721
22902
22734
22092
22021
22468
23498
22417
22650
22942
23562
22141
22980
21825
21863
22831
22195
23243
22244
21958
22661
22915
21621
23635
22745
23159
22249
22510
22673
22883
22431
22028
23086
21987
22483
21755
22910
22644
22526
23339
22575
22077
22406
21577
22749
23030
22433
22814
22316
22650
21651
22633
21952
22264
23108
22579
22857
22879
22491
22346
22446
21778
23050
23196
23066
23231
21771
23008
22769
21994
22247
22690
22671
22134
22276
23245
22219
22339
22616
22330
22094
21959
22739
21843
22313
21132
23117
22857
22494
23143
22674
22537
22607
22415
22649
22965
22114
21942
22540
22495
22506
22341
22362
22401
22174
22610
22173
23012
22101
23293
22432
22254
22500
22979
22221
22776
22297
22325
22317
23021
22720
21890
22723
22284
22725
23167
22658
22670
22364
22258
21820
23119
22834
22612
22517
22850
22316
22943
21802
22543
22746
22974
22817
23309
22612
22352
22303
22451
22990
22556
22013
22742
22401
22160
22482
22422
22402
22559
22676
22317
22673
22509
22574
23008
22006
22493
22743
22580
22640
22564
22350
22040
22223
23018
22424
23337
22779
22647
22203
23022
22620
22884
22439
22697
23028
22882
22305
21966
22717
21931
22573
22819
23209
22340
22991
22332
22435
22399
22070
22170
22963
21822
22221
22674
22850
22110
22817
22624
23219
22508
21812
22866
21966
22967
22653
23098
21862
22763
22536
22962
22971
21852
22633
22820
22858
22102
22848
22443
21306
22839
22303
22461
22594
22541
23004
22738
22286
22357
22576
22699
22523
23153
21918
22677
22070
22978
22367
21463
22022
23491
22604
22129
22460
22870
22091
22299
21155
22237
23200
22070
22177
22381
22812
22631
22589
22463
22581
23375
22461
22182
22811
22167
22592
22476
22018
22561
22756
22671
22355
22741
22728
23391
22211
22228
22621
21949
22953
22859
22724
22270
22647
22706
23040
22437
22426
23014
22489
22390
22084
22343
22217
22787
23378
22952
21953
22923
22282
22374
21654
22487
22768
22306
22171
22544
22805
23066
22417
22821
22992
23058
22460
22763
21847
22359
22724
23019
22877
22106
22897
22766
22386
22847
22138
22467
22342
23295
22522
23337
22759
22611
22139
23164
22815
22286
22674
22670
22199
22669
22484
22811
22513
22675
22837
23419
22636
22366
23388
22715
22999
22613
22503
22521
21933
22435
22281
22563
22426
22954
23255
22192
23036
23139
22811
23314
22327
22684
22372
22193
22796
22415
22876
22148
22140
23153
22583
22396
22292
21746
22592
21681
22620
22750
22972
22684
22621
21869
22292
22295
22545
23114
22355
22587
22347
22588
22449
21888
22668
22655
22565
22326
21784
22565
22237
22841
22116
22837
22895
22896
22379
22180
21818
22787
22251
23289
22420
22269
21667
22718
22554
22622
21998
23028
22071
22432
22370
23376
22317
22609
22834
22605
22297
22941
22131
21730
22581
22406
22746
22498
22112
22413
23264
22077
22418
22990
22388
22032
22363
22439
22589
22172
22134
22226
23135
21737
22819
22580
24004
22950
22757
22631
21965
22141
23098
22197
22311
22071
22126
22659
22155
22495
23310
22495
22501
22723
21869
22642
22690
22291
22062
22648
22125
22552
22939
22139
22247
23000
22385
22361
22834
22939
22557
22481
22630
23056
22771
22473
23091
21877
22212
22454
22732
22347
23397
22048
22724
22859
22975
22283
22286
22634
22422
22751
22600
22308
22505
22690
22006
22828
22943
22641
22810
22190
21864
22482
22060
22315
22229
22270
21943
22407
22370
21862
22366
22336
21990
22571
22297
22498
21749
21838
22134
22606
22864
22487
22535
22753
21573
22889
22828
22560
22629
22613
23298
22053
22619
22231
23426
22359
22477
22732
22430
22347
22500
23123
22967
22620
22293
22734
22564
21538
22726
22298
22262
21424
22796
23117
22757
22772
22740
22691
22294
22400
22058
22759
22191
23061
22943
23189
22840
22524
22810
22770
21683
22635
23074
21984
22946
22226
22648
22005
22974
22680
22018
22359
22903
22355
22232
22145
22414
22518
22856
22634
22901
22803
22346
21642
23520
23145
22635
23356
23046
22020
22368
22882
22794
22313
22981
22535
22149
21960
22404
22538
22950
22111
22465
22647
22651
22946
22586
22709
22335
22903
22661
22826
22592
21990
22460
22170
23227
21962
22526
22638
22356
22418
22310
23424
23050
23274
22696
22134
22598
22087
22420
22423
22098
21441
22484
22571
22624
22747
22630
21910
22432
22158
22260
22151
22075
21966
21787
22597
22748
22370
22700
22071
22823
22612
22875
22618
22141
22997
21813
22609
22305
21852
22784
21988
22566
22847
23082
22073
22443
22136
22475
23132
21810
23129
22216
22536
22889
22674
21745
22783
22619
22429
22235
22448
22505
22247
22655
23228
22633
21894
22632
22509
22647
23149
22513
22318
22815
22136
22370
23045
22724
22642
22459
22179
22204
22918
22397
22812
22385
22511
21863
22050
22857
22184
23239
21889
22953
22822
22957
22066
22250
22908
21532
22701
22345
22163
22893
22235
22515
21643
22333
23040
22175
22188
22410
22545
22695
22273
22585
22292
22261
22395
22027
22458
22903
22704
22340
22121
22508
22510
22567
22545
21811
21767
22916
22453
22516
22408
22742
22471
22743
22377
22610
22328
22372
22843
22880
21887
23478
22703
23005
22201
22269
22246
22241
22381
22871
22685
23126
22708
22953
22176
23208
22328
22055
22312
22772
22613
21927
22462
23563
23291
22891
22542
22213
23414
21811
22834
22181
22705
22698
22930
22582
22381
21671
22350
22074
22280
22583
22549
22186
22567
22295
22391
22882
22389
22540
22489
22651
22205
22353
22394
23404
22659
22789
22543
22340
22792
22322
23417
22491
22635
22370
22174
22674
22190
23201
22664
22105
22629
22448
21926
22094
21751
22506
22585
22763
22400
22497
21843
22583
22206
22902
22425
22867
21995
22628
23175
22215
22451
23043
22241
22773
22083
22628
22055
22381
22731
22660
22489
22542
22498
22676
22110
22666
22525
23661
22161
22404
22040
22560
22410
22084
22926
22625
22561
22590
22901
22415
22661
21550
22575
22855
21983
22990
23246
22857
22501
22138
21997
22447
22135
22981
22410
22475
22421
21913
22624
21849
22130
22661
22741
22563
21480
23069
21999
22224
22033
22584
22811
22255
22446
22978
22778
22630
23193
22891
22828
22614
22772
23153
22117
22644
22195
23001
22669
22178
23063
22358
21825
22953
22580
22843
21719
22944
21838
22711
21840
22257
22345
22118
22852
22020
22219
23174
23065
22510
21874
22193
22858
22710
23223
22319
22478
22710
22609
22779
22719
23068
22241
22850
22707
23406
21878
22750
21605
23090
23100
22287
22557
22294
22877
22110
22283
22128
23157
22944
22507
22905
21615
22598
23337
22043
21929
22575
22230
22706
22950
22016
21532
22808
22251
22798
22327
22352
22039
22456
22998
22813
22776
22859
22063
22363
22715
22268
22739
22894
23006
22697
22466
23102
22591
22531
22297
22079
22648
22713
22684
22673
22119
22035
22826
22787
22044
22660
23174
22788
22947
22668
22634
22709
23195
22692
22706
22794
22223
22616
23041
22771
22003
22895
22365
22528
21011
22663
22808
22809
21738
23093
22264
22148
21951
23649
22803
22718
22844
23218
22376
21784
22958
22385
21815
22693
22486
22914
22693
22340
22497
16663
2236
5492
17726
4431
15175
21624
18450
16518
6511
16051
20858
18402
18472
15358
19829
14008
5532
21761
14868
5322
20439
3028
11059
19875
14188
3755
3546
13897
4608
18635
22306
7411
20495
7526
9656
3656
1278
19261
13798
13144
317
10004
12623
10958
2793
12786
15735
12992
11489
21231
20582
9464
10999
13208
19460
19298
15999
658
13562
721
4215
6484
10906
12472
22017
932
4695
14396
17497
16699
1249
4933
16804
8801
11395
17428
2760
8974
8783
896
8843
6300
8399
18921
11326
6350
16218
20307
6769
528
14049
2067
8403
5270
20491
12817
3438
21605
18154
14682
8976
14781
17032
15764
5843
5280
14784
2305
11598
19299
6828
12993
19387
22269
8472
573
21934
9053
8208
8478
7591
21208
20840
12721
5192
16129
5364
4962
18946
5528
15698
19869
8823
16810
8089
13396
8055
21457
15757
17636
320
18456
5962
18553
20904
9310
13781
11558
13880
13561
19147
19152
17206
12205
18237
4574
2093
19725
17022
17767
2156
20945
4452
6775
11781
12119
16094
8867
22201
4228
5089
4989
1342
7228
18343
2037
4284
2988
18275
20655
22184
6798
15069
205
4857
13929
21153
14
3745
3318
15907
4883
4465
21322
8268
13350
20523
19342
13323
1242
22381
4714
19966
16512
7384
4294
19313
1761
12122
4337
10286
9058
7588
3028
588
15792
19455
10820
17433
4536
12615
21172
9242
13096
8551
13824
4111
7215
3772
6380
10166
21843
18550
5381
7900
21799
15703
13821
19728
9258
19173
128
8591
7945
12110
5331
17059
13181
3960
15571
22690
22363
21827
22444
22165
23090
21459
22429
22205
22635
21683
22633
23362
22140
22982
22564
22178
21946
22571
22966
22255
22717
22945
22569
22291
22745
22248
22061
23286
21584
22781
23103
23335
22200
22810
22872
22901
22191
22394
22470
22453
22736
22174
22033
21924
22738
22223
22300
22949
22624
22707
22208
22468
22630
22585
23553
23344
21908
22078
22468
22570
22771
22617
22279
22576
21989
22073
22763
22588
22718
22146
22612
22659
21851
22544
21929
23341
22877
22674
22244
22604
22025
23106
22696
22772
21969
21939
22491
22822
23385
22863
23025
23072
22312
22949
22016
22947
22987
22065
22302
22886
21640
22360
23107
22846
23043
22628
22788
22423
22367
22050
22877
22157
22832
22765
22256
22550
23270
21937
22067
22279
23107
21891
21690
22860
23209
21534
21990
22549
22455
22875
22414
22068
22243
22432
23000
22669
22109
22975
22198
22636
22600
23479
22335
22650
23301
22595
23035
21797
22225
22580
22230
22421
22703
22163
22850
22510
22318
22689
22500
22403
22315
22642
22340
22827
22739
22144
22460
23010
22066
22117
22794
22144
22404
22941
22447
22429
22930
22137
22295
22832
22419
23083
22696
22085
22833
22644
21886
23391
22190
22838
22806
22734
22410
22173
22004
22669
22370
22283
22708
22576
22408
22161
22402
22321
21999
22008
21999
21818
22086
22821
23067
22319
22092
22231
22509
22357
22349
21905
22287
22493
22266
21876
23576
22557
22693
22755
22833
23039
22942
22155
22882
22478
22881
23067
22508
22606
22445
22552
23435
22718
22568
22173
22080
22367
22569
22714
21959
22452
22470
22573
22980
22964
22700
23076
22939
22595
22951
22336
22666
22784
22954
23139
22497
22062
21928
22151
22633
22831
22651
22160
22640
22234
23183
21976
23196
22882
22465
22600
22385
23235
22072
22993
22319
23097
22120
22326
22985
23297
23226
21964
22459
22954
22342
22401
22694
22728
22610
23250
22185
22939
22354
22894
22756
22196
22181
22181
22021
22583
22834
23030
22499
22908
22832
23158
22199
22844
22551
22696
23100
22484
22377
22230
22720
21841
22358
22194
22886
22285
22195
22866
22770
22787
21923
21899
22839
22605
21758
22072
22040
22214
22575
22871
22646
22889
22121
22433
21521
22242
22433
23336
21770
23309
22987
22125
23453
22335
22484
23257
22483
23007
22746
22223
23053
22322
22701
22929
21827
22214
22621
23042
22550
22415
22608
22154
22344
22232
23471
22425
22855
22093
22725
22243
22048
22884
23502
22957
22196
22062
21909
22376
22569
22230
21981
22783
21966
22242
22433
22523
22337
22937
22185
22581
23390
22614
22915
22790
22636
22494
22921
22727
22266
22834
21711
22488
22700
22351
22706
21553
22769
22442
21669
22400
21962
22438
22909
22134
23026
22824
22538
23030
23047
22907
22496
22405
22359
22248
21807
23102
22210
22829
22357
23374
22086
23273
22231
22793
23188
21970
22958
22757
21960
22636
23174
23456
21986
21647
22649
23087
22446
22362
22812
22376
22201
22201
21960
22031
22105
22679
22522
22256
21914
22522
22531
22436
22095
22553
22733
22390
22163
22189
22411
22287
22716
23247
22932
21906
22472
22374
22708
22160
22666
22600
21967
22613
22393
22644
22648
21677
22325
21847
22794
21677
22683
21761
22813
22296
22824
21984
22321
22581
22088
22105
23038
22040
21765
22730
22444
22796
22640
22236
22518
21718
22525
22182
21963
22126
22604
22138
22951
22110
22212
22593
22644
22295
22469
22804
22439
22701
22615
22651
22852
23034
22648
22068
22473
22761
22517
22597
23005
22295
23156
22348
22036
22336
22425
22181
22512
22450
22125
21998
22999
22436
22514
22206
22682
22627
22014
23522
22384
22683
22290
22433
22518
22714
22798
22875
22329
22368
22612
23128
22598
22616
23106
22484
23088
22435
22735
22201
22970
22676
22725
21958
23547
22602
21380
22333
22421
22953
23093
22182
22409
22952
22831
22627
22549
23108
22408
22874
22773
22096
23039
22473
22471
22320
21849
22740
22139
23057
22362
22761
22974
22973
22515
22492
22362
22843
22789
21466
22303
22532
22575
22987
22737
22572
22479
22794
22336
22799
22000
23161
22462
21988
21964
22626
22217
22349
22750
8584
963
8648
13170
11855
1485
1058
9880
11898
7718
5313
2310
10025
13319
13227
13769
9376
3034
13749
5340
12093
7238
10107
5534
5301
3057
3809
7147
3681
13160
10462
6897
1084
13664
882
6169
13243
8126
1821
2279
11163
5885
2981
4763
11863
7522
12806
11088
6554
11286
714
2845
3681
14054
13797
6306
4934
4451
12738
14320
5973
6132
9698
4390
3481
11985
3026
693
8722
7032
186
13946
14017
14261
14188
14320
15039
14867
14871
14910
14477
13675
14145
13679
14192
14525
14626
14889
15001
14135
14451
14327
13849
13219
13950
14432
13997
14737
14179
14304
13976
14406
13911
14093
14652
14505
13800
14002
14684
13600
14262
14603
14084
15197
14321
14500
14697
14231
15093
13929
14527
14277
14721
14179
15119
14032
14733
14971
14357
13587
14791
14037
13445
14581
15223
14173
14750
14262
14792
14218
14349
13860
14278
14557
13954
14784
14069
13906
14849
14533
14653
14522
13948
14168
13921
14233
13655
14381
14726
14263
14677
14160
14393
14240
14638
14715
14530
13782
14360
14951
13907
14170
13843
14689
14929
14584
14281
14326
14557
14183
14091
14296
14333
13810
14619
14816
14209
14143
13864
13886
14559
14080
14587
13963
14287
14538
14970
13734
14484
13890
14415
14376
13880
15168
15245
14516
14149
14971
13749
14618
14215
14034
14611
14368
13964
14390
14694
13982
13970
14098
14796
13800
14831
14655
14563
14829
14993
14711
14628
13981
15284
13983
13767
14155
14585
14516
14208
14576
14213
15188
14211
14897
14502
14230
14180
14559
14591
13570
14758
14334
14793
13776
13871
14085
14505
14280
14836
14829
13856
14529
13908
14214
14450
13729
14264
14035
14690
14558
14303
14614
14528
14655
14226
14099
13888
14167
14449
14447
13866
14381
14115
14364
14488
14422
14635
14241
13961
14260
14327
14343
14431
14737
14250
14658
14484
15217
14845
14432
14259
14055
14225
14079
14845
13792
14525
14810
14345
14411
14419
13641
14587
14828
14077
14382
14012
15052
15274
13920
14667
14240
13483
14914
14156
14267
14956
14007
14530
14107
14858
15048
14305
14293
14880
14393
14927
14466
13668
14096
15219
14524
14522
14075
14490
15215
14451
14197
15100
14906
14962
13939
14432
14596
14662
14617
14061
14225
13969
14242
14712
14659
14982
13802
14303
13862
14587
14114
14165
14018
14522
14646
14643
14546
14561
14631
14543
14392
14956
14230
13893
14590
14140
14077
13870
14079
14302
14420
13836
14152
14431
14823
13911
14302
14139
14695
13387
14806
13786
14430
14043
14516
14621
13807
14872
14445
14098
14350
14244
14527
13849
14478
13968
13650
13707
14283
14359
14172
14591
14021
14623
13897
14562
14424
14103
14416
14420
14563
14044
13896
14739
14574
13884
13584
14612
14013
14106
14180
14853
14562
14524
13998
14420
13844
14338
14415
14649
13655
13806
14104
14522
14753
14198
14714
14409
14276
14326
14121
14214
13975
14405
13709
14114
14539
14139
14959
14214
14131
14484
14289
14367
14159
14153
14073
14170
14312
14086
14619
13905
14652
14117
14523
14645
13687
14494
13780
14716
14124
13989
14088
14729
14335
14389
14305
13853
14336
13915
14883
14318
14120
14208
14426
14445
14990
14351
14627
13657
14313
13978
13954
13896
14112
13548
13706
14666
14092
13917
14758
14862
14247
14786
14354
14907
14090
13798
14476
14177
13835
14202
14394
14774
14689
14026
13909
14492
13900
14328
14694
14334
13806
14380
14683
14540
13781
14259
14146
14772
14421
13656
15338
13759
13525
14472
13968
13778
15426
14873
14131
14547
14038
14673
14775
14679
14153
14084
14159
14420
14454
14411
14079
13485
13841
14746
14535
14963
13894
14057
15051
14657
13812
15077
14012
14364
14187
14473
14009
14072
14572
14101
14674
13941
13836
14321
14154
13972
14875
14562
14271
14641
14912
14844
14845
14603
14355
14171
13910
13855
14291
14062
14812
14443
14642
14270
14090
14028
15477
14754
14234
14250
14112
14558
14589
14021
14538
14443
14104
14657
15060
14589
14371
13778
14678
14621
14255
14102
15035
14420
14614
14264
14634
14186
14514
14573
14921
14271
14733
14039
14126
14676
14436
14278
13127
14471
14321
13763
14763
14630
14960
14577
14344
14109
13704
13506
14545
14033
14483
15008
14651
14298
14373
14115
14501
13945
14321
14735
14258
14206
13940
14191
14049
14301
14522
14553
14441
13894
14586
14705
14295
14496
14449
14055
13885
14239
13462
14358
14453
14121
14356
14694
14788
13757
14882
14134
14632
13881
14558
13968
15049
14306
14291
14159
14692
14499
14047
15474
14719
14081
13907
14071
14035
14547
13922
14495
14813
14399
14766
14513
14510
14524
14085
14106
14109
14719
14723
14472
14578
13375
14033
14356
14352
14059
14392
14456
14449
14338
14174
14282
14407
14712
14773
14161
14894
14236
14779
14094
13612
14482
13982
14321
14310
14925
13898
14358
14411
14758
13820
14671
14461
14888
14189
14879
14012
14427
14506
14257
15103
14668
14311
13624
14225
14752
14933
14506
13867
14107
13898
13892
15082
14224
14219
13970
14509
14286
13813
13764
14082
15026
14468
13563
14287
14553
14048
14301
13843
14649
14299
14140
15031
14822
14894
14889
13444
14473
13977
14786
14912
14355
14360
13798
14453
14279
14441
14856
14422
14431
14938
14573
14384
14122
14205
13765
14008
14465
14254
13594
14063
13448
14316
13607
14242
14279
13865
14824
14172
14370
14440
13735
14156
13959
13875
14551
14759
13695
13806
13836
14311
13960
14130
13559
14710
13835
13866
14752
14968
14401
14189
14617
14367
14277
14015
14513
15307
13961
15070
14674
14648
14742
13812
14583
14248
14080
14498
14414
13805
13813
14885
14539
14047
13835
14770
14593
14392
14448
14224
14405
13879
14335
14856
14534
14156
14839
14366
13925
13937
14037
15163
14322
15246
13147
14476
14494
14749
14572
14694
14282
14686
14191
13776
14801
14244
14523
14141
14632
14429
13983
14069
14977
13951
14181
13539
13570
14342
14378
14478
15192
14596
14931
14384
14174
14451
14430
14340
14181
14679
14165
14396
14423
14945
14086
13902
14890
13879
14533
14120
13955
14023
14834
13456
14943
14435
14220
14858
14071
14503
14083
15631
14759
14430
14555
14866
14380
13955
13879
14414
14447
13866
14126
15080
14362
14588
14052
14411
14367
14464
14479
14255
14142
14761
14016
14952
14612
13954
14373
14360
14514
13911
15018
14876
14868
14595
14476
14429
14279
14108
15118
14296
14542
14275
14390
13704
14218
14403
14913
14440
13618
14272
13597
14662
14405
14275
14473
14356
14434
14372
14857
13642
14723
14579
13922
14360
14164
14030
13274
14665
14845
14385
14306
13744
14624
13811
13877
14011
14151
15229
14058
14868
15061
14434
14537
14201
14396
14282
14143
14602
14315
14480
13712
14569
14971
13829
14395
14831
13714
14714
14355
14109
13904
13991
14065
14530
13973
14227
14683
14496
14271
14409
13881
14484
14335
14189
14446
13892
14274
14071
13935
14898
14574
14439
14400
13762
14800
13755
14111
14190
14348
14925
14289
14258
14202
14629
14474
13400
13934
14688
14238
14058
14945
14648
13632
13766
14002
14004
13878
14822
14843
14125
14424
14933
13830
14258
14554
14713
14503
14126
15217
14314
14427
14840
13825
14342
15212
14552
14587
14162
14225
14082
14520
14452
14458
14298
14644
13187
14159
14141
14186
14309
14478
14455
14204
14079
14599
14398
14629
14247
13918
13507
14824
14455
14196
14796
14078
14358
14715
14167
14495
14241
14539
14222
13811
14762
14774
14282
13820
14159
14399
14219
14436
14315
14267
14462
14036
14659
14873
13001
14190
14671
14248
13917
14876
14266
14834
13710
13752
14154
14475
14151
14274
14246
14703
14820
14360
14073
14148
14145
13729
14123
14258
13773
14804
14565
15044
14404
14573
14912
14279
14551
14572
13784
14732
14482
13608
14635
13774
13972
14183
14423
14157
13582
14522
14517
14563
14391
14600
14912
14846
14310
14566
14339
14099
14499
14313
14350
14311
14431
14515
14197
14388
14047
13967
14809
14300
14431
14431
14683
14072
14092
14761
14836
14481
14124
14566
14273
14112
14459
14239
14680
14463
14159
14407
14280
14162
14216
14195
14234
14026
14074
14685
13782
14358
13799
13932
14281
14142
13861
13867
14098
14107
14117
14093
15012
14173
14459
14735
14726
14213
14199
14545
15528
13894
14924
14682
14505
14294
15240
14982
14304
14338
14132
14357
12973
14036
14285
14463
13328
14503
14010
14823
14386
14483
14390
13670
14777
14970
14012
14989
13897
14583
14132
14511
14968
13954
14327
14495
14116
14815
13739
14144
14570
14681
14703
13974
14887
13952
14705
13811
14633
13938
14901
13778
14494
14018
14724
14588
14852
14343
14633
13697
14340
14086
13902
14354
14647
15011
13938
13945
14119
14220
14785
13786
14464
14145
14366
14655
15194
14506
14064
14669
14855
14079
14408
14254
14642
14559
14227
14502
14315
15208
14819
15161
14334
14672
14173
14240
14600
13970
14795
14161
14038
14515
13848
14435
14746
14737
13461
14666
14600
14630
14738
13989
14554
14025
14052
14014
13956
13289
14450
14410
14371
14955
14161
14161
14276
15114
14304
14030
13391
14043
14136
14217
13823
14653
14311
14814
14291
14480
13910
13390
14328
15073
14061
14716
14582
14372
14893
14833
14014
14537
14576
14127
14200
13894
14265
14124
14458
14391
14043
14278
14932
14712
14649
14323
13960
14824
13839
14211
14810
14646
14226
14495
14499
14262
14026
14265
13975
14265
14498
14551
14424
14762
14966
14779
14132
14429
14514
14669
13815
14167
14099
13986
14823
14667
14808
13994
14176
14811
14616
14189
14862
14291
14026
14036
14382
15057
14456
14353
13786
14926
14359
14056
14376
14054
13683
14171
13932
14784
14614
14455
15006
14402
14177
13942
14754
14609
14364
13819
14800
13992
13566
13915
14789
14563
14697
14946
14774
14415
14379
14278
14093
14544
14113
14276
14063
14138
14778
14932
14167
14612
13775
13817
15306
14558
13690
14190
14148
14187
14213
14328
14641
14734
14300
13924
14419
14670
14470
14444
14459
13399
14694
14274
14081
14245
14133
14499
14465
14664
14480
13905
14332
14713
14587
14131
14602
14528
14161
14439
13973
14155
14523
15151
13594
14528
14739
13819
14517
14090
14587
14684
13815
14223
14340
14775
14132
14443
13998
14570
14472
14250
15104
14571
14455
14563
14844
14363
14019
15619
13939
13946
14536
14160
14599
14426
14913
13543
14652
13875
14170
13952
14580
14628
14334
14457
14826
14431
14462
14555
14674
13692
14973
13993
14761
13696
13367
14693
14325
14120
13740
13870
14070
13879
14138
13512
14097
14359
14627
14749
13363
14087
14181
14526
14337
13722
14618
14520
14530
14459
14022
14497
14621
15061
14531
14484
14853
14000
14024
14111
14215
13925
14946
14033
14544
14438
14145
14225
14034
14154
14695
13979
14098
14525
14151
14490
14620
14509
14193
13948
14570
14392
13863
14277
13562
13915
14174
14133
14529
14241
14958
13620
14341
14986
14891
14540
14762
14590
13789
14116
14237
14502
14218
13881
14102
13601
14512
13943
14629
14461
14087
14256
14603
14637
14210
13695
13458
14659
13847
13719
14232
14326
14412
14139
13187
13592
13531
13749
14343
14683
14267
14355
15260
14295
15334
14272
14487
14529
14076
14087
14289
14111
14604
14165
14554
14266
13455
14479
14155
14583
14504
14336
13286
14396
14794
14318
13606
14462
13787
13982
14018
14606
13937
14390
13811
14518
13585
14651
14008
14634
14257
14936
14046
14393
13850
14645
14195
14032
14499
14451
14515
14316
14829
14445
14747
14484
14774
14384
14466
14134
15069
13718
13931
14359
14063
15129
14744
14234
14379
14725
14947
14222
13764
14584
14562
14397
14103
14849
14516
14932
14214
14191
13719
14117
14340
14503
14316
14056
14302
14500
15206
14009
13942
14125
13781
14079
14457
14386
13345
14341
14680
14404
14156
14731
13592
14910
13927
14395
14108
14107
14010
14378
14094
14008
14810
13627
14761
13636
13647
13969
14261
13804
14066
14340
13669
14349
14195
14397
13712
13742
14264
15500
14371
14195
14064
14329
14232
14278
14282
15006
13213
13603
14402
14404
14375
13586
13591
14492
14250
14145
13890
13860
14308
13662
14454
14581
14387
14898
14842
13751
13881
14643
14472
14470
13892
13674
14127
14801
14679
14389
14620
13538
14819
14329
15094
14698
14437
14597
14721
13909
14011
14385
14205
14571
14368
13374
13963
14459
14527
14041
15132
14005
14288
14500
14143
14668
14852
14524
14983
14447
14422
14674
14265
14528
13726
13958
14114
13867
14754
13995
14876
14394
14872
14055
14441
14412
13478
14920
14608
14451
13626
14780
14712
14788
13883
14619
14711
14620
13911
14339
15416
14590
13743
14258
14321
14445
14257
13915
14220
14690
14840
14807
15286
13924
14199
14865
14052
14872
14407
13734
14255
14131
13777
14009
14039
14649
14870
15164
14585
14013
14553
14134
14448
14769
14365
14491
15051
14522
14025
14202
14597
14414
14537
14568
14328
15280
14699
14412
14503
14070
15142
14557
14681
14181
14323
13871
14601
14751
14272
14476
14724
14207
14586
14980
13840
14405
14587
14617
14655
14277
14490
14628
14357
15280
14493
14441
14037
14476
13526
14374
14050
13954
14247
14541
13982
14392
14562
14317
14239
14708
14423
14229
13895
13295
14776
13743
14262
13958
14006
14269
15137
14230
14705
14512
14881
13844
15057
14599
14607
14396
14783
14690
14322
14662
14105
14175
14596
14903
14824
14397
15434
13618
14864
14076
13957
14711
14447
13821
14403
14354
13935
14488
14532
15121
13814
15158
14344
13982
14076
14671
13550
14837
14909
14909
13482
14721
14351
14245
13753
14645
14781
13990
14207
14720
14333
14018
14254
14682
13867
14383
14618
14503
14640
14374
14001
14028
14427
14381
14279
13950
14182
14158
14763
15028
13964
13473
14865
13979
14565
14438
14174
14686
14744
14281
14411
14217
14102
14986
14069
13858
13660
14293
14600
14845
14496
14221
14817
14020
13943
14479
14321
14641
14113
13922
14444
14718
14636
13273
14667
14351
14455
14146
14178
14394
14143
14239
13350
14214
14052
14915
15003
14898
14015
14415
14541
14439
14370
14668
14583
14854
13630
14580
14032
14347
14140
14393
13808
14152
14182
13798
13977
14470
14283
14675
14308
13755
14078
14531
14165
14590
13988
14317
14195
14215
13938
14577
14499
14521
14313
14089
14182
14329
14169
14766
14570
14583
14450
14736
15099
14889
13760
13173
14276
14418
13501
14017
14170
14507
14456
14243
14175
14453
14329
13304
13869
14663
14421
14802
14491
14529
14212
14410
14090
13756
13347
14538
14599
14585
14227
14207
14943
13984
14558
14339
15162
14661
14300
14620
13836
14045
14254
14862
14712
14707
14485
14331
15038
14569
14153
14164
14069
14056
14850
14994
14604
14452
14000
14240
14714
15080
14266
14908
14532
14667
14247
15168
14395
14905
14675
13491
14498
14600
14320
14074
14955
14046
14001
15078
14057
14660
14110
14141
14119
13921
14425
14558
14435
13909
15128
14339
14106
13893
13812
14696
14300
14024
14209
14489
14623
15370
14632
14795
14591
14053
14211
14639
13603
14118
14130
14120
14483
15039
13620
13841
14390
14759
14771
14882
13828
14932
14367
14377
14587
14299
14138
14386
14242
14444
14442
14449
15130
14595
13517
14952
14154
14197
14640
15253
14103
14340
14495
13991
14390
14312
14045
13313
14355
14221
14528
13835
14475
14266
14619
14174
13839
14300
13950
14560
13658
14626
13497
14050
13864
14540
14002
14681
14102
14462
14777
15306
14617
14334
13921
14291
14176
14720
13916
14667
14039
14338
14103
14581
14136
14104
14399
13911
14394
14984
14031
13963
14015
13629
14520
14859
13819
14471
14232
14443
13797
14159
14349
13940
14856
13960
14194
14091
13699
14937
14621
13803
14215
13697
13839
14086
14774
14109
14739
14797
14703
13887
15291
14950
14987
13654
13659
14834
13849
14146
14622
14529
14563
14112
14215
14345
14082
14689
13917
13412
14870
14327
13859
13635
14134
15425
14717
14532
14019
14393
14374
13769
14352
14321
14880
14466
13991
14123
13882
14438
14476
14629
14769
14449
14293
14555
14408
14570
14733
14368
13273
14152
14421
14418
14186
14198
13663
14297
14038
14717
14317
14599
14717
14381
14556
14425
14142
15124
14351
13948
14163
14427
14744
14538
13906
14599
14311
15057
14323
14752
14029
13727
14259
14362
14295
14771
14359
14298
14731
13836
14235
14273
14216
14311
14046
13461
14598
14941
14092
14909
14449
14381
14067
14575
14126
14930
14588
13823
14299
14294
14836
13948
14674
13864
14476
14508
14283
14167
13946
14393
14289
14707
14658
14154
14592
14677
14030
15034
13574
14684
14359
14426
14282
15242
14434
14450
13796
14711
14249
14505
14718
13924
14928
13953
14486
14637
14785
14401
14766
14936
14133
14864
14211
14486
14947
14070
14230
14148
14944
14015
14971
14429
14127
14716
14869
14868
14219
14065
14351
14189
14259
14140
15024
13771
14641
13843
13988
14114
14028
14910
14345
14163
13644
14258
14622
14279
14212
14112
14104
14404
14567
13499
14261
14264
14198
14178
14075
14013
14015
13835
14287
14068
14205
14306
14635
14268
14171
13858
14247
14265
14404
14381
13831
14483
14441
14854
14274
13945
13875
13535
14877
15014
14354
14466
14191
14721
14696
14193
14128
14157
14604
14025
14133
13994
15162
14408
14268
13882
13377
13918
14323
13900
13963
14750
14216
14514
14481
13955
14021
14549
14472
14498
14163
14496
13963
14908
14117
14922
14063
13633
14169
14543
14672
14109
13706
13151
14078
14311
14199
13795
14197
14370
15119
14878
14411
14520
14387
14100
14147
14201
13667
13781
14612
14723
13964
14551
14399
13484
14439
14137
14484
14258
13955
13886
15278
14607
14890
14477
13739
14887
13333
14390
14677
14488
14064
14058
14390
14897
14011
14274
13980
14401
13945
13791
15010
14532
14938
13425
14291
14016
15082
14252
14986
14493
13532
14126
14597
13663
14372
13785
14125
14873
14750
13817
14661
14186
13572
14279
14249
14039
14183
14474
14373
14393
14197
13265
14986
14212
13987
13664
14189
14069
14565
14111
14216
13654
14209
14032
14085
14306
14057
15302
14436
14347
13691
14269
14414
14257
14122
14623
14303
14218
13918
14417
14133
14791
14220
15167
14811
14368
14663
13551
13638
14002
14198
14435
14316
13848
14140
14280
13886
14210
14307
13915
13968
14137
14135
14763
13983
14810
14443
13811
14209
14196
15199
14527
14344
14544
14357
14359
14426
14924
14796
15062
15133
14423
14861
14155
14660
14204
14445
14329
13819
14701
14181
14330
14434
14457
14493
14209
14410
14509
14237
13389
13900
14411
14422
14894
14309
14491
14683
14476
14708
14100
14150
14271
14720
13871
14107
13872
14403
14444
14469
14994
14164
14417
13751
14357
14267
15386
13676
14631
13783
14195
14336
14390
14151
14246
14903
14669
13864
14265
14527
14545
14006
14293
14551
14376
13999
13774
15041
13628
14319
14235
13853
14620
14437
13974
14603
14333
14635
13784
13970
13700
14073
13767
13865
13785
14224
14399
14105
15017
14224
14132
14520
13932
14846
14553
14389
14322
14328
13904
14448
14028
14541
14252
14749
14181
14520
14615
13879
14461
15057
14009
14264
14439
14564
14200
13756
14161
14270
14542
15095
14994
14244
13694
14384
14667
14084
13998
15173
15204
14688
14182
14370
13973
14790
14008
14323
15020
14487
14414
14377
13772
13745
14489
14078
14271
14656
14560
14350
14057
14450
14436
14656
13865
14471
14683
14210
14517
14864
14128
14309
14406
14242
14171
14470
13994
14535
14118
14512
14288
13844
13816
14403
14033
14291
14074
14696
14355
14329
13888
13934
14042
14108
13947
13259
14316
13835
14533
14540
14531
13834
14313
13827
14374
13781
14223
14199
14293
14279
14960
14397
14361
14047
14894
14177
14207
14632
14058
14931
14119
14429
14421
15015
14083
14343
14620
14734
14690
14680
14768
15128
14355
14025
14325
14403
14770
14432
13760
14284
14657
14454
13754
15026
14378
14227
13728
14124
13926
14823
13716
13767
14323
14277
14106
14940
13904
15177
14578
14044
14060
14590
14958
14717
14547
13718
13695
6253
18305
1191
4628
11988
14600
3478
3437
12058
11680
2037
9438
17389
3073
16984
8139
11307
21642
20107
10620
14391
9577
12825
10431
1147
14629
10962
13025
12810
12690
3834
7504
12190
4615
13653
14763
17050
8923
15895
21256
2768
3384
7806
15343
18468
22472
9403
8686
19788
17106
19965
21155
6800
10475
10106
8335
18627
2092
6744
3112
1563
13234
3900
20024
13856
22494
10664
15410
2020
14372
3946
8734
18314
10864
11994
17900
18499
14494
7416
8727
9816
8309
19981
2382
1203
1697
12280
14305
17535
206
3991
2720
5880
8023
11020
19297
21234
18046
9096
3836
19746
4636
21224
9202
2280
22262
21303
20974
14885
11153
18532
2473
22071
16582
6372
4990
18796
6652
7392
15135
9566
8026
15066
10123
20585
11535
950
8464
4536
17549
18808
15829
19246
5363
10588
12295
5395
15206
9218
16977
27
19696
1994
16896
13215
12642
16108
5205
14113
4642
12003
11027
12773
6185
756
8665
6459
16913
7064
20634
11658
13975
14968
18371
5497
20067
11094
12145
9937
21211
9919
12545
12578
13396
5031
4195
8765
14003
17861
8540
2303
18057
4446
18618
131
3338
19472
6157
5255
8147
13961
29
8731
9752
22447
10821
11946
1084
4019
2384
14096
9461
12338
22426
12107
18194
3156
8603
8959
20229
22230
10279
20606
8919
633
19479
14041
5944
14117
13337
2988
19179
5700
11459
1748
112
2360
2889
281
1628
4847
17678
555
15267
1315
2834
16999
19863
9942
14003
20007
9127
7345
2792
838
19444
3964
4042
10427
15357
20760
4443
21986
10880
3583
1053
13950
21198
20592
10861
19760
10877
22127
18791
19669
7409
4172
7686
5143
21817
20028
15611
7596
4301
12329
4568
7594
22105
16475
10278
1781
7326
20231
292
11476
3764
7524
14282
10209
1423
17365
10119
22405
12657
18248
5326
21761
2534
7267
7205
2863
16704
14930
16693
6095
15196
13196
2690
11653
13798
15984
4617
22285
4874
13488
2559
17202
7693
9217
5772
22036
13747
22235
14681
15517
10253
7696
20783
2069
6268
6834
14878
21649
19339
11482
9417
423
11252
16011
4142
22888
22908
22799
22864
22750
21580
22490
22370
22517
22669
22906
22465
22942
22389
22954
22695
22278
23111
21966
22447
22653
22518
22127
22393
22321
22404
22089
22079
22705
22262
21871
22539
23115
22867
22019
22372
22349
22247
22099
22757
21807
22196
22808
22784
22678
22381
22264
22243
22887
22841
22167
22330
22371
22988
22594
22247
23162
22421
22097
22050
23061
22556
21995
21915
23025
22934
22395
22111
22260
23003
23553
22242
22363
22073
22643
23100
21923
22798
22566
22169
22367
22963
21972
22522
21875
22757
22469
21907
22224
22116
23051
22053
22299
22434
22790
22471
22344
22495
22545
22555
22771
23030
22308
22224
21858
22380
22214
22954
22679
22515
23053
22854
22703
22870
22638
22150
22996
22253
22759
23226
22368
22950
23339
22614
22536
22320
22850
22736
22440
22995
22002
22427
22545
22792
22295
22902
22752
22983
23066
22620
22355
22986
22331
22514
22898
22254
22924
22205
22814
21931
21657
22258
22452
22009
22709
22009
22764
21876
22100
22754
22297
22907
22543
22423
22866
22476
22480
22677
23073
22659
22891
22707
23188
21904
22787
22207
22386
22344
22863
21803
21667
22700
22771
21756
22244
22833
22228
22159
22771
22446
21852
22585
21897
23077
21774
22410
22433
22084
22657
22163
23065
21727
21979
22293
22998
21810
22607
22957
22385
22430
22319
22788
23217
22388
22180
23068
22537
22326
23143
23023
22425
21816
22105
22148
22981
23334
22682
22762
22143
23332
22143
22729
22374
22760
21974
22081
22736
23084
22223
21989
22712
22187
22539
22349
22925
22525
22444
22493
23080
22562
21798
22118
22329
22840
22563
22271
22725
22104
22680
22355
22468
21940
22432
22311
22468
22444
22038
22693
22994
22480
22102
22133
22905
22645
22552
22697
22365
22523
22854
22306
22418
22225
22382
22333
22204
21902
21621
22560
22195
22852
22232
22619
22317
22403
22747
22630
22788
22935
23111
22929
21618
21931
23406
22429
22343
22345
22321
23087
22679
22842
22300
22031
22664
22508
22705
22593
22206
22761
22478
22823
21704
22630
22716
22948
23140
22497
23169
21745
22446
22663
22507
22235
22341
22338
22294
22470
22418
23018
22137
22248
22301
21821
22074
21872
22697
22331
22905
22916
22912
22664
22921
21951
22936
22611
22657
22336
22552
22718
21962
22675
22891
22135
22449
22142
22423
23391
22401
22475
23360
22099
22755
22029
22053
22282
22620
22955
23207
22589
22382
22100
22322
23192
21613
21819
22149
21721
23122
22976
22340
23210
22713
22526
23096
22927
22430
22419
22273
23508
21670
23164
22501
23849
22605
22769
22159
21732
22087
22249
22789
21818
23561
22378
21936
22150
23353
22387
22574
22375
22558
22276
22560
22492
22851
22743
22925
22675
22295
22869
22348
22523
21517
21975
22362
22569
22508
22419
22995
22696
22495
22394
21879
23388
22234
22776
22557
22526
22502
22441
21925
22414
21850
22017
22470
22261
21991
22720
22486
22723
22555
22628
22736
22465
23183
22300
22922
22440
22522
22628
22407
22928
22251
23157
23147
22364
23194
22436
23160
22638
22790
22436
22138
22122
22299
22465
22231
22820
22874
22367
22744
22527
22341
21587
22631
22285
22892
22740
22583
23038
22128
22506
23056
22972
22780
22733
23178
23226
21869
22387
22087
22859
22461
22412
22687
22610
23067
21636
22443
22362
23126
22648
22039
22906
22656
22601
22657
22771
22183
23228
23388
22913
22882
22451
22469
22542
22106
22540
22506
22817
22142
22510
22677
22447
22232
22666
22951
23022
22767
22821
22831
22713
23351
21464
21871
22763
22300
22479
22043
22452
22283
22610
22204
22608
22759
22974
22994
22439
22477
22500
22490
22846
22875
22433
22176
22065
22914
22045
23039
22717
23032
22592
22865
22303
22842
22293
22415
22755
23082
22499
22539
22891
22919
22892
22587
22648
22468
22346
22293
22640
22243
22591
22898
22882
22804
22540
22379
22329
22759
23015
22583
23454
22623
22185
22385
22913
22504
21621
22687
21666
21688
22666
22765
22235
22404
22841
21979
22114
22441
21851
23208
22437
23157
22517
21885
23352
22550
22570
22457
22527
22655
22769
22604
23162
22801
22637
22355
22473
22255
21152
22324
22503
22722
22593
22482
22776
22297
22464
22238
22372
22595
22204
21914
21981
21446
22051
22155
22798
22259
21998
22412
22415
22680
22825
22985
22733
22095
23536
22565
22541
22363
23155
22170
22488
22755
22693
22229
23177
21596
22810
22301
23102
22943
22298
22217
22023
22437
22207
21412
22579
22253
21503
22179
22603
22036
22052
21830
21892
22485
21898
22790
22459
22984
21974
23301
22740
22407
22131
22871
22178
23293
22906
22834
22453
21561
22582
22177
22205
22175
22206
21851
22891
22880
22759
22696
22690
22113
22037
22617
22551
21716
22000
22725
22743
22383
22471
22121
13562
4089
9856
16521
18903
23709
30211
1427
17209
12783
22418
7873
7776
26761
26224
18843
19439
21957
13811
22534
5551
109
20088
6583
27897
24699
27145
21628
1595
13407
5878
1640
11677
2850
27979
2816
20813
18097
23026
15097
19046
3906
14768
10514
22292
2351
8471
24549
13010
26447
16154
3048
30611
6392
16471
15446
21513
5791
7299
14011
12792
26765
12853
6938
16736
14246
28368
11368
17057
17253
19669
13734
21391
18729
24921
18512
27389
7067
24813
11230
19002
15997
17449
30857
31200
29894
30370
30091
30474
31293
30455
30258
30698
30725
31564
30556
31151
30495
31080
30574
30521
30501
30848
30444
30525
30936
30678
30512
30524
30278
29851
30662
30927
29935
30533
30549
31065
31357
31705
30987
30639
30571
30505
29721
31050
31032
30118
30535
30445
30566
30868
31086
30855
30795
30313
31006
30400
31006
29999
30802
30512
31666
30253
30412
31465
30295
30616
30599
31403
30195
30818
30217
30835
31609
29785
31213
30316
30999
30685
31213
30795
31041
30427
30598
31101
30719
30593
30386
30706
30577
30836
30351
30916
31002
30168
30307
31008
31252
30159
31147
30921
30631
31361
30477
30312
31090
30763
30984
30572
30465
31023
30680
29990
30816
30725
31366
30531
31252
30428
30871
29424
30613
31027
31103
30700
30863
31074
29470
30497
30294
30793
30606
31170
30552
30208
30297
30824
30840
31345
31237
30280
30854
30802
31197
31081
30649
30762
30351
30980
31552
30538
30315
30662
30748
31107
30240
30518
31702
30815
29831
30757
31286
30013
30607
30205
31007
31081
30733
30743
30296
30924
30706
31292
30779
30979
30228
30341
30709
30946
31036
30793
30855
30292
30258
31037
30384
30520
30008
30832
29968
30790
31034
31066
30500
30894
31013
30489
30331
30812
31542
30212
31466
30946
30764
30725
30998
31555
31087
31145
30389
31240
30845
30678
30267
31023
30547
31118
30981
30517
31406
31081
31001
30667
30663
30892
31305
31153
30290
30778
31199
30218
31195
31381
31357
30121
30861
30295
30776
31123
31635
30371
30629
30527
30930
30593
31458
30981
30485
31128
30979
30466
30600
30828
30799
30871
31056
30294
30659
30679
31399
31060
30546
30027
30297
30856
29892
30803
30679
30785
31144
31104
30985
30833
30840
30599
30513
30262
30819
30083
30249
30690
31305
30607
31191
31308
30416
30651
30690
31247
30836
31056
30192
30836
30208
30521
30168
30525
31039
31170
31072
30745
30040
30526
30862
30256
31280
31129
30312
29895
30912
30342
30536
29952
30651
31013
31011
30538
30907
30831
30808
31021
31029
30761
30397
30700
30592
30673
30984
31387
30483
31207
30988
30320
31058
30242
31514
30827
29929
29901
30133
31383
31048
30416
30936
30986
30892
30744
30233
30731
31091
30692
30086
30563
30253
30155
31377
30693
30439
31443
30393
30430
30655
30581
30633
30591
31491
30601
31283
30580
30993
31097
30819
30289
30227
30791
30854
30805
29976
31050
31034
30080
31066
30059
30127
30538
30903
29911
30226
30924
30268
31587
30510
30708
30986
30967
30576
31389
30237
30866
30510
31406
30812
30908
30438
31425
30283
30515
31188
30712
30937
29703
30885
31089
30916
30308
30120
30169
30856
30823
30777
30961
30415
30641
30692
30410
30560
30541
30917
30530
30601
30568
30164
30847
30833
30695
30854
30753
30647
30359
30960
30740
30837
30985
30989
30558
30306
30743
30974
30460
31191
31303
30912
30191
30361
30629
30467
30762
31160
30790
30308
30541
30999
30931
31201
30847
30725
30712
31602
31043
30369
30514
30961
30818
30843
30492
30180
31256
30557
30403
31314
30686
31114
30789
30525
30577
30307
31047
30082
30828
31331
31223
30616
30729
30229
31033
31310
31074
30599
30663
30900
31068
30740
30180
30723
30303
31435
30529
30554
30779
30588
30320
30557
30877
30665
30469
30501
31174
30389
31273
30792
31192
30780
30401
30011
31136
30731
31090
31559
29991
31402
30651
30789
30452
30423
30828
30909
30977
30363
30549
30598
30272
31117
30404
30872
30824
30685
31065
30876
30918
30346
30365
31374
30583
30821
30940
31038
30343
30717
31513
30338
30473
30347
30165
30992
31233
30796
30862
30000
31635
30607
31147
30164
30170
30559
30704
30449
30514
31031
30150
30848
31619
30542
30333
30611
30743
30568
30956
31178
30755
30205
31053
31088
31074
29915
31454
30705
30524
30823
31167
31556
30114
30885
30367
30189
30545
31052
31002
30524
31301
30673
30560
30151
31109
30491
30809
30784
30769
31137
31227
30347
31594
30701
30772
30804
30588
31022
30666
30782
30694
31101
31323
30217
30462
30697
30964
30550
31236
30310
30726
31179
30394
30616
31153
31363
30424
30564
31186
31167
31651
31137
31013
30160
31173
30674
30311
30631
30498
30850
30557
30861
30576
30691
30190
30372
29798
30769
30710
30907
30523
30421
31492
30808
30783
30952
31244
30862
30618
30027
31071
30118
30828
30346
30859
30459
30125
30672
30865
29972
30644
30885
30462
30899
30214
30259
31559
30045
30515
30473
31115
30217
30978
30637
31100
30537
31339
30245
30737
30010
30978
29976
30842
31534
31338
30468
31331
30543
30810
30167
30035
31001
30358
30712
31266
31271
30520
30990
31267
30626
30727
30592
30074
30927
30339
30166
31203
30505
29969
30269
30482
31208
30629
30545
30502
30280
31065
30588
30899
31161
30130
30615
31027
31357
30381
30583
31114
31451
30595
30381
31209
30313
30292
31027
31081
30743
30265
30406
30753
30538
30707
30590
30515
30905
31499
30930
31403
30153
31178
31212
30800
31217
30802
31112
30537
30766
30311
29944
30685
30570
30874
30796
31270
31603
30965
31269
30791
30252
30549
31147
31632
30411
29976
29837
30614
30334
31091
30856
31031
30445
30584
31422
30607
31426
30871
31217
31331
30155
30879
31162
30982
30500
31073
30420
30201
29557
31176
30792
30694
30149
31367
30570
30669
30653
29988
30893
30844
30629
30637
31113
30533
29930
30180
31004
30795
30601
30775
31000
30566
30235
31176
30860
29940
31410
30629
31704
31208
31022
29629
30770
30976
30834
30233
30584
30831
30671
30307
31262
30998
30391
30956
30665
31191
30535
30782
30293
30888
30659
31126
29444
30524
30364
30927
30472
31066
31030
30628
30562
31199
30421
30861
30567
30841
30979
30677
31299
30814
30880
30805
30923
30243
30526
30683
30231
30893
30949
30331
30688
31207
30956
31038
31072
31304
30618
31299
30126
31047
31048
30453
31071
30990
30406
30647
30858
30485
30204
30891
30815
30778
30833
30600
31364
30589
29954
30674
30728
30469
31042
30898
30048
31196
29991
30625
30527
30868
30171
30836
30282
30503
30416
29715
30375
30414
29985
30550
30743
30514
31220
30258
30639
31104
30586
30547
30675
30553
30226
30860
30157
30780
30710
30068
31115
30848
30998
30643
30577
30746
30896
30171
30337
30214
30574
30681
30843
31157
30116
30846
30763
30271
30752
30884
30568
30432
31173
31009
30913
30540
30710
31204
30942
30894
31383
30850
30830
30555
31086
30898
31283
30668
30433
31369
30540
30527
30858
31370
30377
30725
30609
31058
30854
30058
30689
30742
30053
30828
30851
31015
30618
30805
30556
30295
30663
30553
29910
30874
31000
30674
30676
30559
30705
30077
30190
30710
30340
30383
30719
30324
31533
31036
31074
30191
30074
30861
30366
30803
30735
31098
30775
31137
30776
31518
30466
30836
31489
30587
30106
30712
31366
31216
30717
30567
29694
31326
30490
30132
30759
30406
30148
29988
30462
30745
31529
30865
30362
30886
31036
30584
30408
30865
30683
30216
30019
30949
30869
30178
30749
30468
30065
30822
30605
30690
30951
30532
30220
30825
30544
30940
30366
30616
30934
30299
30747
30622
30633
31164
30306
30956
30690
30522
31001
30095
30389
31421
31200
30558
31088
30425
31787
30489
30938
31091
30872
30820
30936
29918
30840
31718
30463
31163
30837
30869
30154
31413
31117
30583
30750
30709
31145
30617
30662
31578
29663
30346
30528
30702
30819
30674
30402
30166
31068
31136
30091
31376
30797
31265
30979
30452
31271
30512
30679
30867
30806
30369
30813
30417
30644
30704
30993
30586
31403
30768
30885
30671
31109
30685
31055
30675
30985
30626
30146
30622
30510
31558
31193
30297
30474
30269
30070
31283
30543
31518
31007
30883
30690
30234
30626
30615
31319
31164
30746
30657
30092
30892
30159
30434
30826
30654
30134
31081
31453
30714
30216
30903
31004
30941
31257
29683
31332
31529
30802
30822
30763
30977
31089
30801
30930
30515
30617
30527
30994
30113
30918
30159
30878
31596
31296
30835
30916
31209
30502
30655
30831
30618
30466
29949
30683
30668
30856
30909
30768
30660
30314
31008
31085
30659
31511
31032
31058
29887
31137
29961
30110
30753
30456
30844
31452
31410
31415
31088
30676
31082
30566
30735
31404
31330
30885
29785
30668
30245
30708
30654
30360
30854
31331
31138
30752
30408
30912
31315
30561
30575
30923
30668
31859
30887
30677
30762
30489
30315
30970
30679
30744
30014
30980
30870
30700
30623
30133
30176
30979
30643
31687
30802
30912
30990
30101
31350
31312
30353
31022
30486
30831
30728
30581
30537
30876
30303
30606
31182
30688
31515
30305
30169
30979
30465
30162
31156
31084
30822
30704
31546
31377
30498
29986
30390
31008
29821
31447
30854
30862
31601
31394
30521
31090
31216
31120
31093
30957
30782
30171
31135
31299
30302
31028
30952
30876
30589
30954
30941
30981
31077
30544
30574
30915
30510
30835
31122
31033
30551
29870
30437
30316
30808
31342
30147
31045
30640
30487
30228
30660
30452
31563
31025
30261
30470
31184
31145
30620
30380
30856
30725
31130
31522
31190
30629
30460
30938
31161
31040
30504
30651
30076
30600
31142
30831
31246
30314
30971
30631
30870
31248
29981
30044
30919
30378
30201
30786
31008
30984
30408
30391
31207
31138
30324
31264
30260
31451
31147
31040
30673
30435
31144
30441
29880
30227
30830
31670
30863
30646
30440
31170
31052
30848
30930
30204
30540
30606
31446
31192
30376
30882
30934
30869
31014
30312
30634
30866
30768
30045
31385
31429
30499
30315
30979
30715
30269
30398
30721
30558
31060
31424
30745
31098
31157
30961
29751
30425
30651
30724
30240
30779
30123
31189
31392
30872
30456
30453
30842
29960
30552
30436
30314
29902
30333
30992
30379
30552
30859
30286
30397
31073
30879
31196
30257
31644
30335
31145
30903
30664
30771
30840
31015
30731
30470
31121
31106
30563
30316
30901
30239
31546
30741
30317
30963
30811
30896
30846
30460
31009
30699
31108
30646
30683
30946
30902
31134
30817
30702
30638
31033
29974
29972
30699
30790
30601
30912
31034
30485
30078
31054
30675
30566
30191
31097
30476
29930
30396
30575
30643
30602
30383
30469
31351
30925
30215
30376
30508
30435
30026
30767
31112
30349
30410
30655
31330
30646
30708
31313
30506
31009
30320
30775
30923
30695
30651
30894
31257
30822
30645
31305
30767
31019
30924
30413
29818
30275
31258
30964
30268
31146
31119
30538
30700
30692
30796
30653
31081
31062
31247
31354
31371
30395
31958
29811
31060
29888
30566
30586
31215
31225
30602
30887
30615
30484
30548
30356
30203
31095
30854
30618
31407
30561
30355
30698
30879
30701
30394
30246
30718
30310
31343
30562
31172
31556
30064
30611
31067
30694
30741
31037
30565
30497
30157
30788
30389
30154
31239
30286
31245
30401
31151
30126
31450
31132
30594
31316
30736
29978
30817
30499
30828
31068
30437
30330
29464
30013
31344
30757
30619
30326
31568
30684
30549
30498
30302
30500
30684
30308
31017
30542
30501
30542
30249
30585
30931
31017
31267
30589
30701
31368
30901
30689
30604
30542
31267
31964
31169
30569
30589
31064
30334
30805
30285
30543
30170
30434
31457
30513
30940
30943
30298
30664
30605
30780
30290
29705
31104
30035
31058
30489
31354
30855
30007
31093
31127
30441
31297
30644
30145
30457
31073
30544
30115
30401
30756
30496
30813
30910
30810
31181
30244
30864
30796
31127
30857
30318
31307
30753
30721
30877
31471
30751
30879
30594
30553
30683
30946
30552
31089
30959
31224
30530
30711
30359
30575
30203
30800
30464
30308
30824
30504
30840
31127
30581
31167
30924
29867
30825
30638
30769
30294
30629
30327
31327
31085
31063
29986
31073
30257
30607
30914
30462
30551
29427
31104
30412
30289
30336
30535
30772
30125
30602
31136
30546
30325
30576
30779
30600
30557
30327
31171
30273
31033
31097
30299
30916
31356
30578
30201
30553
30308
30926
30643
30596
30940
30793
30258
30799
31025
31045
31215
30936
30855
31042
30122
30901
30196
30813
31061
30616
30438
31079
31055
31848
30913
30876
30940
30673
30946
30214
30700
31226
31149
31390
30909
31369
31025
31405
30436
30973
31439
31237
30578
30673
31111
30119
31011
30377
30609
31033
30336
30968
31371
30458
31040
30860
30753
31051
31312
30237
30722
30473
30660
30416
31029
30275
31183
30966
30392
31199
29957
31460
30580
30829
30739
30713
30918
30692
30553
30344
30754
31029
31142
30078
30727
31204
30857
30592
31295
31846
31093
30789
30156
30788
30242
31565
30532
30378
30149
30795
30827
31257
31252
30775
30981
30595
30897
29982
30576
31094
30121
30667
30967
30959
30905
31026
30535
30755
30378
31149
30859
31154
30387
31155
30775
30419
30787
30623
30683
30196
30331
30652
30464
30380
30353
30046
30620
30110
31327
30125
30548
31176
30243
30540
30774
30579
30625
30483
30237
31860
30028
30950
31144
30522
30976
30749
30238
30855
30084
30363
30633
31126
30110
30884
31317
30308
30142
30872
30138
31589
30652
29919
30817
31092
30731
30654
30411
30523
30459
30751
30872
30684
31163
30580
31185
30706
31206
31104
29404
30454
30245
30144
30837
30314
31207
30435
31271
30730
31317
31326
31339
30900
30317
30571
30857
31133
30583
30287
30630
30982
31096
30727
30585
30881
30454
30778
31143
30602
30298
30445
31347
30561
30739
30936
31229
30798
30606
30467
31085
30937
31236
30094
30931
30791
30489
30748
30279
30636
30335
30654
30468
30724
31084
30432
30791
30443
30025
30938
31398
29587
31047
30948
31105
30426
30574
30209
30189
31407
30807
30173
31359
30220
30768
30906
30665
30901
30075
31059
30437
30694
30285
30873
31142
30179
31702
30637
30715
30825
31162
30627
30527
30099
31630
30184
30330
30849
30937
31001
31212
30669
30555
30493
30278
30371
30205
31031
30725
30864
29964
30850
30615
31149
30676
30885
30709
30122
30749
30393
30343
30441
30302
30438
30662
30792
30051
31027
31118
30565
30172
30816
30991
31062
30943
29970
30997
30694
30745
30460
30342
29497
30629
30754
30215
30970
31195
30693
30889
29840
31230
31363
31016
30802
30902
30829
30805
31020
30742
30762
30758
31250
30693
31457
30227
30560
30285
30507
30649
31188
30907
31155
30564
31127
30818
30601
30784
30700
30906
31021
30956
30663
30816
30823
30955
30938
30359
29990
30209
30272
30742
30680
30327
30831
30672
30870
30911
31098
30092
30752
31383
30827
30485
30651
30008
30990
30597
30625
30964
30512
30010
30966
30479
30681
30998
30271
30587
31324
31030
31013
30926
30760
30911
30511
30800
31124
30467
30857
30421
30601
30336
30447
30546
30032
30755
31335
30816
31220
29966
30424
31119
30684
29833
30674
30693
30658
30642
30452
30674
29902
30531
30784
31220
30609
30706
30630
30924
31088
30603
30803
30159
30593
30752
30874
30863
31141
30559
31405
30439
31192
31483
31119
31564
30714
31244
30646
31038
30756
30229
30906
31026
30820
31492
30639
31990
31073
30737
30588
30722
30385
29972
30951
31020
30586
30618
31276
30462
30188
30851
30791
29771
31054
31273
31247
30866
31064
30843
31282
31164
31178
31102
30406
30348
30898
30874
30048
30962
30532
30766
30808
31295
30837
30512
31440
31172
30699
30347
30180
30758
30526
30513
30170
30980
30263
30937
30683
31156
30420
30550
30399
30812
30734
30634
30724
30203
31016
30585
30611
30492
31452
31352
30659
30946
30903
31239
30778
30164
30866
30788
30722
30735
31441
30472
30446
30879
30933
31130
30825
30807
31184
31144
30032
30771
30627
30824
30736
30885
30872
30081
30891
31063
30909
31316
30491
31007
31062
30053
30533
30719
30294
31036
30721
30949
30781
30928
30535
30326
30535
30304
30454
30166
30899
30331
30712
30692
30737
31394
31207
30667
31278
30578
31493
29811
30763
30579
29883
30387
30788
31167
30197
29604
31138
30431
30781
30540
31013
30165
30912
30817
30568
30322
30198
31364
30929
30145
30121
30638
30348
30612
30807
31398
31348
31194
30147
31204
30953
31010
29918
30638
29777
30934
30424
30438
30727
31148
31364
30976
31549
30023
30874
30877
30169
31406
30219
30896
30245
30850
30418
30412
31679
31674
30898
30556
31184
30217
30182
31293
30646
31005
30847
30794
30509
30979
31082
30736
30674
30844
30858
30275
30392
30160
31275
30928
30205
30711
30199
30960
30391
31047
30921
31131
30623
30508
30430
30839
30439
30951
30885
30679
30819
30024
31433
31678
30241
29741
30331
31245
31345
30139
30525
31355
30802
30969
30540
29981
30648
30729
31048
31033
30493
30575
30708
31020
30525
31011
30369
31051
30907
30912
31301
30852
31287
31272
30280
30645
30697
31718
30491
30548
30657
30867
30506
30921
30669
31195
30928
31575
30551
30492
31224
32044
30492
30485
30224
30468
30371
30961
30508
30915
30364
30186
30495
30021
30138
31295
31521
30585
30561
30898
31253
30517
30635
30259
30453
30438
30357
30678
30586
30488
30383
30719
31669
30870
30835
30564
30885
30346
31280
29858
31096
30736
30354
30253
30554
31525
31013
30937
30708
30696
30595
30230
30935
30528
30861
30999
30229
30478
31825
31022
30416
30736
31233
31063
29762
30344
30211
30524
30883
30715
30927
30929
31535
30603
30303
30344
30464
30699
31425
30451
31035
30581
30749
30991
30866
30753
31093
30760
30029
30581
30637
30414
30876
30362
31196
31003
30602
30572
30593
31075
30534
30859
31228
30664
31181
30714
30606
30494
30591
30639
30576
31589
31214
30417
30740
30570
30627
31148
2774
9231
9321
205
1152
3770
3554
7736
2113
8097
4499
8970
3750
7128
9122
7434
2576
5285
3164
861
7848
10131
6915
9090
5253
6688
139
5446
6224
3836
1255
4142
7674
6010
8933
3157
6556
4063
9939
3238
2781
4023
7144
8678
7029
5900
2218
8934
3023
2126
3832
8401
9717
5850
8499
170
8003
1567
2938
7556
5953
10074
4267
434
5454
3814
386
3345
900
7786
3129
9641
8003
285
184
3151
10215
5359
9656
4225
5965
4096
3809
9085
4443
2652
8923
2943
6830
2902
836
4882
3278
580
1795
5685
3622
10061
5675
1775
9764
6581
915
2504
6590
1124
5638
2484
4133
10056
6273
1289
9315
5933
9220
1679
1391
6518
3558
9365
4457
6786
7819
9787
6384
3575
7274
6289
8527
5489
8133
9876
7738
4257
8490
8502
5347
1578
1070
1359
1821
6512
9033
1667
4080
253
9622
6405
3994
8733
7253
1568
3386
6232
8613
5724
9215
9214
5349
177
3657
7310
3706
699
7072
1181
5810
2072
5834
8600
1036
6134
4719
2015
4246
8794
4103
7585
9978
3636
8723
2217
716
735
1742
2150
2279
5697
9386
4276
6344
3652
8003
9746
6112
5868
4833
2426
7809
1267
9761
6950
942
3437
6315
6334
7045
6232
6799
997
5221
871
9530
8072
8536
2663
9110
2607
6482
4954
9861
10128
3613
6719
8695
1420
9752
1166
4564
1708
4844
9244
737
3931
1679
1908
2906
1389
3874
634
2852
6073
6253
4066
2782
7744
1157
468
5481
2342
10027
9547
3756
4191
4413
8122
8692
1331
1575
791
7074
7031
1381
7765
7321
9000
2095
713
6827
2780
978
6639
8497
8837
9454
4020
3785
912
2896
1244
560
5794
2327
572
9465
3870
1098
4200
3925
4957
1513
8861
3146
1875
2167
1487
1336
7935
6206
3036
2463
10499
10121
10151
10222
10508
10588
10398
9572
10009
10788
10017
9971
10482
10832
10309
10826
10649
9830
10503
10884
9921
10151
10119
10132
10088
10185
9587
10491
9813
10302
10124
9605
9703
9894
10542
9762
9286
10980
10448
10707
10165
9637
10254
10015
9533
10977
10720
10481
10761
9706
10174
10748
10226
10114
10060
10294
9901
10260
10274
9899
10188
9895
10630
10620
10419
10311
10413
10922
10227
9963
10014
10098
10251
10057
10713
10115
9372
10229
9955
10996
10602
10423
10466
10935
10171
9418
9490
10329
10430
10613
10473
9377
10150
9658
10510
9817
10111
10624
10516
10320
10147
9695
9900
10522
11018
10365
10929
10029
10365
9525
10300
9708
9746
10382
9791
10798
10338
9782
10358
10234
10443
10982
10994
9487
9826
10201
10000
9459
9888
10385
10524
10365
10415
9922
9007
10796
10670
9316
11174
10453
10195
10784
10811
10612
10648
10681
10413
9662
11144
9900
10029
10124
10382
10247
10475
10098
10654
10041
10406
10146
10333
10541
10849
9921
10318
9870
10979
9993
10462
10036
9568
10098
10222
10160
10482
9965
10425
10220
9882
10241
9783
10005
10407
10315
10272
10543
9854
9201
10494
10514
10128
10491
10657
10135
10487
9892
10318
11303
10451
10338
9733
9936
10233
10245
10783
9798
10755
10407
10194
10857
10899
10263
10708
10737
10805
9864
10237
10476
10062
9794
10284
9342
10853
10061
9915
10251
9722
9889
10638
10350
10477
10230
10141
9470
10269
10211
10180
10086
10324
9906
10308
10219
9911
9631
9736
10392
9956
10324
9924
10044
9750
10257
10976
10762
10865
9998
9918
10279
10116
10420
10293
10347
10279
9744
10662
10220
10548
10677
10153
10449
10348
9954
10670
9975
9935
10102
10337
10856
9810
10562
10869
10066
10583
10129
10200
10296
10449
9850
10146
10073
10138
9520
10306
10563
10301
9839
10091
10011
10341
9330
9854
10723
10228
10197
11036
10445
10232
10929
10897
10490
10785
9893
10192
10238
10714
9883
9929
10253
10361
10104
10019
9803
10454
9470
10317
10518
10154
9901
10260
11010
10600
11083
11022
9967
10220
10881
9780
10760
10507
10789
10025
10206
11060
10828
9972
10032
10308
10500
10267
9970
10524
10294
10343
10624
10930
10236
10172
10109
10476
10650
10628
10857
10621
10038
10361
10645
10484
10673
10845
9779
9882
10037
10568
10759
10464
10241
10296
10079
9870
10584
10614
9365
9860
10476
10865
10592
10576
9794
9660
9881
9744
11156
10128
10149
10072
9801
10545
9761
9874
11383
10287
10007
11005
10340
9999
10185
10310
10403
10136
10267
10509
10104
9867
10137
11237
9763
9765
10351
10537
11070
10475
10439
9570
10777
9644
9580
9866
9752
9695
9844
10380
9873
9996
10454
9941
11100
10756
11020
10969
10065
9268
10715
10269
11116
10693
9986
10442
11378
9559
10025
10301
10197
10026
9550
10423
10552
10365
10553
9728
10403
10050
10173
10078
10591
10495
10331
10061
10209
10606
9873
10448
10117
9912
10506
10542
9659
10220
9722
9846
10198
10722
9916
10132
9976
9922
10131
10175
9434
9825
10043
10185
10849
10582
10496
10362
10043
10765
10159
9761
9806
10632
10636
9695
10362
9909
9872
9999
9838
9814
10028
10930
10363
10246
9948
10676
10565
10293
10621
10224
9795
10204
9831
10526
10822
10338
10985
10175
9923
10438
10192
10606
10073
10015
10546
10467
10592
10910
10348
10088
10831
10186
10307
10681
10439
10154
11046
10330
10505
9967
10487
10005
9234
9662
10694
9547
9838
9896
10157
9433
10359
9829
10551
10362
10300
10577
9912
10331
10067
10157
10162
10490
9979
9676
9396
10554
10231
10743
9988
9948
9441
10268
10067
10066
10166
9834
9888
10666
10581
10052
10482
10441
10279
10491
9959
9599
10376
9932
10268
9965
9888
10067
10845
10143
9616
9359
10057
10509
10520
10714
10594
9882
9954
10628
10037
10700
10366
10185
10277
10202
9997
9918
10537
10418
10368
10244
10759
9574
11030
10131
10440
9684
9785
10218
10084
9850
9904
10109
9882
9780
9994
10349
10564
9890
10490
9462
11039
10323
9835
10180
10009
10098
10444
9683
11186
9799
10216
10000
10179
10267
10946
10297
10270
10601
10037
10325
10583
9514
10325
10626
9559
10094
10320
10371
10303
10195
10485
10018
10642
10161
9973
10261
9739
10599
10266
10296
10589
10028
10379
10199
10080
9987
10352
10129
10108
10282
9690
10366
10481
10205
10014
9151
10461
10785
10016
10200
10400
10073
10356
10158
9644
10260
10520
9689
9790
10173
9783
10243
10289
9987
9985
10270
10396
10459
10275
10523
10153
10099
10079
10440
9980
9716
9647
9919
10089
10672
10456
10190
9713
9956
9879
10407
11061
10615
10052
10256
10114
10359
10094
10482
10433
10523
10654
10935
10170
9592
9792
10321
10543
10833
10009
10110
9770
10006
9456
10405
9866
9816
10581
10262
10719
10652
10434
9542
9932
10241
10278
10131
10198
10670
10990
10609
10335
10497
9819
11297
9853
11104
10477
10083
10334
9557
9854
10809
10372
10190
9869
9941
10072
10922
10654
10123
10286
10133
10921
10732
10318
11077
10455
10451
9429
9969
10649
10141
10204
10192
10594
10105
9351
10930
9687
10355
9948
10048
9993
10461
9453
10348
10450
10755
9897
10787
11078
9836
9876
10281
10311
10566
9683
10717
9408
10459
10555
9570
10313
10532
10433
9938
10810
10411
10611
9850
10326
11216
10214
10109
10256
10182
10539
10460
10245
9542
9465
9399
9930
9956
10288
10250
10133
10496
10979
10450
9301
10108
10295
10818
10293
9915
9890
10349
9738
10558
10424
10958
9659
9590
10410
9137
9984
9445
10096
10777
9934
10230
10822
10287
10148
10541
10607
10194
9944
10466
9757
10731
10089
10641
10313
10508
10716
10484
10031
10509
9891
9656
10009
10621
10376
9556
10599
10328
10088
10946
10230
10357
10534
9938
10404
10174
10980
9150
10385
10645
9795
10450
10859
10366
10761
10307
9978
9488
10743
9927
9906
10478
10546
9938
9364
10157
9599
10432
9879
10069
10157
10745
10435
10273
9870
9547
10273
10135
10122
10536
10243
10573
9490
10544
10436
10287
9695
10232
9831
9635
10494
10019
10396
10025
10505
10526
9392
10151
9848
10335
11197
10323
9892
10609
9820
10088
10431
9639
10682
10512
9949
10478
9900
9845
10281
9646
10544
10065
10734
10541
10857
9572
10420
10166
10591
10483
10007
9795
9820
10392
10197
10420
10453
9793
9759
10270
9759
10851
10660
10374
9259
10657
9866
9984
10329
9654
9543
10931
10493
10332
10023
10619
10725
10495
10765
10395
10594
10126
10248
10306
10444
10118
9561
10237
10568
10502
9745
10567
10693
10750
10763
10823
10502
10595
10407
10360
10003
9568
10398
10338
10719
10083
10594
10587
10622
9698
11027
10859
10687
10002
10638
10274
9935
10081
10327
10296
10209
10247
10227
10335
10281
10273
10979
9979
10697
10494
9786
9982
10449
11010
10112
10165
9909
10531
9676
10210
10253
10475
10412
10377
10143
10517
9908
9620
10283
10220
10619
11255
10610
9893
10313
10641
9717
10249
9853
10524
10043
10332
10537
10474
10148
10243
10016
9891
10568
10057
10008
9897
10926
10081
10365
10421
10606
10137
10244
10953
10330
10394
9965
9913
10283
10787
10844
9890
10252
10346
10673
10101
10424
10792
10342
10089
10006
9975
10163
10352
10359
10307
9886
10171
9350
10862
9590
11049
10603
10156
10065
9729
9550
10679
10873
10320
10150
9986
10401
10382
10110
10299
10131
10312
9945
10235
10674
10430
10050
11095
10152
10098
10915
9722
10668
9742
10034
9889
10105
9992
10173
11053
9686
11130
10729
10314
9809
10856
9709
10113
10234
10366
10425
10461
10808
10248
10832
10434
10904
9939
10089
10452
11086
9776
10056
9965
10089
10007
10188
10242
10355
9343
9903
10196
10294
10098
10249
10653
10163
10515
10415
9791
10226
10096
9939
9903
9834
9932
10697
10158
9681
10226
11326
10574
10061
9461
9983
10298
10652
10485
11303
10361
9951
10185
10474
10438
10005
10198
10243
10209
10464
9655
10010
9995
10047
9868
10269
10539
10266
10348
9968
10337
10224
9900
9911
10111
10578
9714
10069
10196
10149
9812
9813
10836
9423
1067
729
1970
1586
1206
1070
255
734
1441
374
105
506
1236
1163
1792
803
236
626
863
217
222
766
481
1040
1609
1731
353
1829
1004
259
858
597
701
941
1479
1752
1053
2003
1357
196
1818
90
1677
1382
688
2016
1934
1724
1913
285
1455
1774
1984
351
747
567
1514
1292
142
1974
14
1307
1652
1038
695
858
1562
93
1280
43
1311
269
529
1752
1350
1457
1742
1101
2025
1942
1209
164
608
1483
1945
59
1685
1420
1183
1122
2045
1124
1262
1091
206
333
1666
1294
2014
1166
1998
483
1636
317
199
724
1930
970
1812
1975
1703
435
1629
138
1630
1485
54
1640
714
1871
485
104
1336
1604
97
1346
1460
1807
478
978
1543
1037
2030
1340
1471
761
1376
1326
1028
1821
1938
450
918

