11411
11159
8193
11748
11489
8620
10723
10377
9139
11542
9705
9932
11021
9083
9425
9126
9622
9817
11148
11182
12286
8324
11342
8598
11929
9371
8934
9963
9506
10209
11727
10200
10151
11483
10700
9076
10222
10396
10232
12107
8774
9990
8386
11285
10911
9975
10942
9927
11402
9782
9869
9475
9338
8193
9933
10337
10184
9376
12286
8835
11193
12286
12286
8857
9696
12286
9637
10728
11079
8193
9257
11637
8878
9159
11998
11542
11933
11356
12286
11231
10732
12286
11929
12016
12260
8193
12286
9594
8193
9656
8482
9944
8261
11843
9984
9553
10787
8193
9022
9643
8193
12191
11413
9954
10016
9242
9570
9470
11311
11672
11042
10955
10493
9065
10873
9831
9339
10274
8463
8193
10567
10642
9441
12286
9682
10901
10819
10490
10273
9829
9641
10009
8867
12286
11912
9617
9133
10228
10078
11955
9892
9621
11560
8193
12205
11822
8601
9793
9429
9937
9453
9732
9267
10005
9133
10007
8193
9494
11175
11446
8985
8515
11116
11782
11476
9756
11566
10469
11482
10276
9335
11392
12286
9838
9240
11034
11711
10745
9591
11093
9884
9704
8654
10519
8779
8193
8193
10059
11700
9763
9306
10215
11307
9569
11438
9890
11950
8193
10017
12286
11087
10530
8193
10172
9859
10384
8401
11788
10764
9594
8973
10853
11384
10120
8719
10747
10343
10613
8193
9021
9450
10636
11025
9936
11935
11863
10133
12286
9131
10390
8193
11180
10090
12286
10268
11453
10150
9032
8819
12286
12109
9940
9968
8642
11872
9550
10238
10947
9227
10195
10209
8193
8193
12286
8966
11978
8193
9989
9924
11843
10093
9173
9152
9915
9510
10861
12286
11244
9575
8193
10964
10916
10413
10035
10350
8496
10531
10205
11014
10162
9593
11050
9446
10168
9475
9191
10963
9824
10802
11773
9115
9567
10481
10605
11673
12019
9632
12286
12286
11075
10775
11102
8619
11498
8972
9212
10895
9281
11330
8667
10972
9207
10250
8196
9502
9974
10997
8543
12031
8193
8440
10653
10342
11550
9380
10536
8193
10829
8633
11185
10686
10482
11762
12286
8222
10244
11116
10836
10229
9226
10626
12241
12096
11169
10368
10311
8793
11043
10847
10155
8193
9695
9933
11136
9969
11632
8193
8888
8193
10177
12115
12173
8193
10238
8193
9722
10186
10367
10513
12286
11116
9478
10808
10442
9953
10120
10000
9977
8193
8342
10604
10652
12286
10051
10788
10162
9072
12286
11433
12286
12004
11857
8299
8193
11222
11843
8977
8835
11179
9077
10764
8193
11277
9982
10573
12037
9418
10441
8686
8354
10589
8193
8580
10074
9314
9910
10647
10492
10445
10228
9880
12266
11602
8461
10404
9696
9682
11637
9865
10565
10022
11400
9301
8277
10454
10956
9775
8940
8897
10845
11122
11225
8193
11072
9516
9320
8752
10394
11753
11968
8193
11489
10674
10739
8193
12238
8939
9532
10579
11545
10873
8193
9691
11728
9634
9954
9931
9598
9498
12286
9617
11183
12160
8193
10738
9953
11700
12248
9391
8779
10583
8614
9811
8635
11339
11476
9497
10762
9121
10711
12286
10741
10578
10107
9282
10372
10071
8537
9891
9119
8578
10401
10409
8358
9273
11252
11131
8708
11298
9035
11647
9950
11200
10699
9368
10364
8276
10384
10720
11497
10707
9526
10133
10889
12286
14368
12920
8571
4601
11410
5414
6447
1723
8038
12952
10208
17742
14109
4987
9713
14886
2095
3960
8785
10336
1694
9980
2796
11650
3512
7564
11746
3721
10372
7374
15261
9383
16918
5915
17428
1835
3852
9449
11007
17053
2038
3225
10819
14154
5456
12666
1368
8573
9403
4873
3820
4995
14873
16358
5379
17246
4428
7555
19924
20478
17256
16950
20478
17814
17652
17474
16621
17645
19265
16385
17305
18146
18311
18467
19410
17169
19654
16942
18278
17733
18349
18310
18646
17390
19110
17853
20372
16589
19454
19858
18511
16901
18016
19774
18209
17398
19579
18981
16817
18539
17935
18086
19832
17690
20478
16385
18138
16649
19554
16385
16887
20105
19661
18061
20215
18460
17478
17504
18134
18912
18450
20478
19017
17805
17490
17150
19020
19516
18187
19959
19290
19230
19764
19668
17643
18887
20326
18803
18802
18844
18259
16876
18694
20242
18299
16385
16532
18699
19689
17964
17339
19615
18268
18919
19124
16464
18476
18593
17681
19026
19830
19152
18334
19844
19225
19655
18025
17964
16559
18058
20478
19078
16385
17004
18550
16385
18716
18668
18181
17417
18268
18703
17948
18296
18756
20478
20395
19399
17838
16951
17819
18841
20376
19271
17636
17359
18415
16385
16951
19642
18535
19009
20200
16620
16385
18524
18309
16590
16385
19460
16944
17875
19867
16921
18648
17708
18850
20478
18374
20478
19263
16665
20401
18503
19005
16801
18553
18896
20163
19144
19631
16403
20478
17925
19545
19265
20478
20280
20478
16597
20180
18005
17501
19139
18747
20198
16385
19849
20136
19191
17151
19482
18307
18686
19474
18569
17873
19729
18069
17686
18567
18682
18226
19906
19027
18192
17342
16416
19014
18023
20478
17698
19298
19157
18980
16434
19178
17767
18673
18608
17850
19797
17181
19965
19396
17109
18865
16385
19814
17673
18164
16771
18865
18270
19967
17021
20478
17397
18876
17865
19579
20478
16701
16385
17513
16557
19125
17994
16955
16871
18359
18254
17387
20116
19915
17505
18337
20146
19445
17368
19491
17965
20226
20117
17182
19752
17639
20026
18876
17978
17064
20478
18704
19223
19624
19400
18285
18751
18404
18528
18060
17938
17621
18112
19997
17823
18932
16385
19649
19252
17555
20056
16995
18460
17320
19493
19168
20478
18292
16936
20401
16385
20334
17830
17768
20478
16648
18618
18024
16578
16906
19648
18245
17661
19060
17826
16589
17091
17137
18595
16385
16992
19348
17909
16385
18571
18401
19638
20130
20349
17742
17964
18047
20478
18755
17172
16977
20429
19610
18391
17161
18728
17434
19177
20126
18449
19124
18477
18129
16385
19559
17866
18528
19268
19289
19065
18077
17499
18962
19042
17451
16385
18653
18874
17355
17433
17951
17914
18172
17873
19141
18660
20478
19115
17511
18507
16939
17212
19121
18959
17831
18913
17404
18735
16844
18146
16564
17714
17462
17818
16385
19807
17621
17831
17782
16759
18927
18027
17251
20478
18339
17660
17862
17202
18634
16849
18271
19494
19299
18923
16423
19011
17735
19728
17213
17494
18091
16670
19901
16385
19121
18639
18333
17847
17122
20060
20478
19239
18523
19818
19896
19512
16385
18327
18621
20271
20478
20274
17777
19601
19019
19624
17096
18557
19679
16577
20122
19512
19267
17619
19027
19938
19201
17227
19231
18801
18914
19657
18020
20085
19200
17869
17381
19528
18384
16385
20400
18406
16385
16727
20478
18664
18018
18982
19067
17778
16385
17979
20478
16519
16837
17975
20478
20478
18298
19020
18246
19588
20478
16439
18241
17364
17036
19637
17130
18795
17618
16400
20478
17634
17782
19158
19424
18722
20085
18509
20276
19164
20110
19275
18727
20478
18072
17542
16838
19199
16452
16385
20478
17658
16385
18866
19148
18760
16385
18637
20478
16992
18824
19320
18494
19796
20109
20478
17977
18227
19538
17934
19333
17665
17322
16585
18942
19000
20442
18908
17399
17505
17443
18224
17663
17621
18247
17524
17978
17459
17080
17916
17700
16782
16874
17345
19321
17184
17273
19064
20022
18312
19251
18121
18231
19625
17869
18055
18643
20478
19107
19576
17003
20478
17118
18113
18814
18835
18732
20478
16385
17730
19759
18854
18718
16385
19476
17478
19625
18660
19241
19984
17629
17213
19681
17507
16385
19304
18681
18870
20312
18188
17708
16385
16385
18803
17432
19346
20379
18866
17842
16819
18125
18937
18411
18098
19686
19421
16385
18430
19391
19388
17689
17882
20344
17868
18807
18596
17348
20242
19985
16649
16936
19117
20478
18590
18968
17704
20478
18468
18243
16385
17487
18151
17333
17643
16902
17746
16385
17837
18126
16395
20462
18314
19046
16958
19517
19724
19131
19288
20478
18363
18963
16952
17863
16438
16834
18232
19363
18285
17211
19101
18346
20478
16385
19806
18285
17805
18798
17476
20478
19133
18199
17535
17454
16694
19484
19372
18255
20192
19796
17587
19982
17803
17883
17641
20478
19687
18597
20383
16385
19118
18549
18790
18984
17877
18661
20478
19337
19005
16966
18105
18915
20478
19089
18262
17361
19641
19378
17649
16841
16385
20381
19753
20158
18416
18554
17958
17544
19073
17183
16385
16667
18457
17699
18043
17959
18373
19051
19849
17475
17897
17754
17423
17987
20251
18145
19266
17307
20226
20478
18092
18799
18257
17034
18422
16743
17156
20178
16385
18879
17374
19752
18426
19703
18073
18341
17297
20158
16503
18989
18042
19736
16704
17073
16385
19551
18700
18992
18124
17454
19712
16977
20478
16837
20478
19653
16889
20332
17907
18024
16396
18836
16980
19324
17775
16781
20478
20016
19281
19318
16385
19937
19426
18924
19131
18921
17324
18118
18469
20478
19291
19678
17783
18368
17598
18753
18240
17882
19905
18975
19313
17726
19084
18260
17003
20071
18035
17474
19914
16398
18658
19072
20478
19151
18767
18861
19007
17760
18116
18913
20364
18433
16385
18616
20478
18414
18324
18385
18153
18715
17214
17080
16660
18202
18557
16437
17979
19133
17615
16385
16385
18486
17541
16505
19996
19401
16503
18979
18929
16525
18174
19924
20478
16645
17596
18373
19425
16893
17504
17070
19707
17659
17376
17512
19497
19257
18507
18013
18094
16636
20431
16684
18431
18425
16626
20032
18279
17235
20478
19409
20209
18651
16815
17712
19569
20478
18471
19017
18205
18784
17042
16805
18084
16618
18667
19961
17671
18140
17614
18926
18231
18185
20327
18914
19000
19835
18257
19133
18367
19641
19069
18829
18386
18894
19830
18560
16931
17794
17962
18201
18627
17565
17277
16888
16661
17648
19596
17091
18448
16473
19480
20478
19896
17161
19915
17987
20205
20478
17716
19041
20478
18102
16739
17001
19332
19887
18701
17415
17218
19916
20057
18333
19220
16900
19048
18540
17202
18268
18388
18247
16497
20478
20478
18061
19479
20478
18808
17137
18180
18933
20456
16903
18978
20046
19004
25310
26625
25628
26242
17669
22424
26589
10014
21551
22120
28818
19085
16407
16171
14541
7145
26886
11208
27970
4869
28072
25949
12585
14832
17441
12812
22625
2124
2531
3061
23910
13497
26713
5999
13364
592
28720
20975
21031
13820
20060
30436
21763
12456
9376
21218
25939
2647
11693
6672
5990
8973
3639
21541
9638
6124
20544
26650
17683
19211
26685
6043
19409
10423
3457
21975
15406
15937
23508
23353
16286
23251
18900
22342
16646
25993
23138
25491
10504
11904
16587
24900
11607
29709
27657
16280
4969
4165
24845
27731
20518
15570
29494
25032
10882
7443
2324
14478
11480
5824
26334
11890
7743
27293
11326
14910
28418
11820
11189
11030
24340
29648
28673
28673
32096
31936
30356
28673
32766
30986
29703
31089
28852
28673
30416
29925
29841
28673
30686
29582
30484
30242
30252
31605
32066
32171
31773
30567
31672
29684
31535
29569
31400
31054
29645
31532
30303
29942
30736
28907
30890
29256
31481
29707
30417
30915
31011
31834
31552
29975
30131
28673
31284
31503
30936
30927
30176
30828
28673
29768
32190
32341
30608
29060
31538
30652
31249
31671
31407
30702
31134
31185
31442
30656
29135
29640
29836
29355
30588
30375
30823
32051
30704
30851
28673
31698
32474
31656
30584
31123
29876
29722
31177
31730
32518
32736
29925
28673
31954
28673
30397
29843
31270
32451
32766
30605
30120
31160
32104
29915
29166
31635
28673
29982
31785
30636
28673
30575
31796
31764
29455
30406
30371
29450
30307
32766
30496
32766
31520
31277
29873
31867
31300
31460
28673
31388
29967
32766
30550
30062
28673
32581
30368
28697
32081
32766
31883
29193
28673
31383
32148
32766
30589
29223
31233
29497
29859
30868
30431
30281
28673
29653
31895
30995
31088
31418
28875
29843
32766
30436
30034
31405
28843
30017
32434
31271
30929
30603
31579
29304
31353
31379
28673
30423
32259
30774
31343
31553
30994
29273
32766
31248
32434
30137
31823
30671
31991
28743
28673
31049
31781
32766
32151
30800
29425
28730
30390
31891
29521
29889
29114
32766
30619
30302
30287
29651
29986
28673
31603
31460
31558
30395
28686
32193
32720
30766
31585
29965
32766
31155
30734
32533
31571
30977
29953
31690
28673
30777
32766
32042
29137
31019
30857
29514
32766
29736
29934
31410
30803
30699
31290
28673
31269
30636
29264
31192
32128
31774
32033
31318
28673
32766
29648
31832
31405
32519
31927
28673
28673
31694
32067
29637
29284
31692
32147
32766
30136
29681
28673
32025
30525
30289
30972
30310
31737
31202
30029
29495
31192
30233
30022
29210
31259
32663
28673
31370
30121
29437
29115
30206
31133
32162
30001
30718
29231
31019
30443
32766
29570
30416
29660
32271
31165
32766
30771
29345
28673
32766
31287
29661
29483
30181
29015
31191
30141
32498
31391
29766
30936
32430
31227
31174
30474
31249
31487
29599
31596
30890
29809
29277
31506
29313
31685
31071
30808
29712
30225
30883
31479
29642
28673
30845
31653
28864
32766
31531
29493
31696
31330
31416
31085
30993
30240
31014
30446
29957
30000
31706
32571
29492
31224
32713
28873
30967
32095
31661
30226
30717
32766
31962
32766
32766
30809
31580
29838
29281
30812
29427
29907
32766
31525
30585
30547
29878
32766
30910
28860
30772
32766
32092
31291
30006
29831
30785
29093
31263
29905
30227
30814
31503
31408
32766
30023
30706
29654
29644
28673
29348
31634
32113
31728
28673
29868
29539
30593
29140
30914
31865
30602
32617
32072
32022
31041
31784
30212
32024
32067
30030
30657
30266
29329
30875
30925
32401
32595
32766
30113
29674
30838
32766
28673
29694
30092
30383
30874
32111
32536
29745
29564
31248
32766
31451
31357
28729
30086
30228
30168
31450
32509
30272
29863
28673
29515
29151
30569
32359
30604
30868
30603
31394
31272
30972
29759
29922
29815
32326
28673
31821
30117
32489
29593
30025
30789
32279
29650
30388
31828
30160
32766
31003
30973
30616
31625
30720
30854
29245
29538
31095
32469
31371
30744
29676
31408
30291
32766
31308
30683
28673
30254
29644
32573
28673
30073
32065
32248
30862
30603
31788
30770
30699
31649
28673
28673
31347
30285
31120
32654
28673
29028
31329
29579
32348
29101
30487
30974
31514
32370
30525
29785
32766
30583
29685
32204
32500
30380
28749
29962
30418
29775
32766
32766
28673
31012
29199
32261
29788
29986
30513
31377
29336
31048
30505
31143
30490
30091
29538
31958
32384
28892
31850
32263
31937
31009
31032
30072
29174
28869
29676
30351
30891
30129
31576
30111
30440
32766
30010
29397
30030
30140
31565
30489
32083
30599
28949
30214
31429
30158
29709
32620
31192
28673
32766
30773
30740
29462
28758
28825
29509
30021
30405
29797
28673
28673
30195
31248
30031
30547
32766
31057
31199
30216
31603
30140
29646
30018
29970
31546
32766
32766
31811
30973
29143
30545
30851
29732
32766
29620
30208
30225
31740
29528
29271
32109
29673
31532
28677
31234
30541
31950
30721
32161
31217
30261
31691
30726
31750
28788
29466
32766
30227
30988
29755
31159
32766
31550
31123
30948
31662
30646
31993
31093
31491
29771
30007
30730
31452
29223
32619
29759
30753
30722
32382
30196
32273
30741
31907
28673
30045
30921
31070
32268
31177
32766
29936
32766
30034
29420
30226
31121
32114
30904
29533
32246
30959
28673
29738
30085
29873
31310
32412
29470
31479
31260
30262
30781
30546
32766
30346
31248
31887
30262
28673
30495
31527
32013
32766
29675
30993
30291
30238
30904
32723
29224
30618
31571
31846
29848
28673
30694
31480
29241
32140
29158
31046
28673
29194
28911
28673
31805
30582
32249
31159
32088
30231
28673
32766
31496
28673
32000
28673
30300
31944
29284
31338
31883
30332
31628
30212
30460
30350
28673
32293
31783
30980
31838
30103
29847
30248
32565
32224
32608
30546
30827
29071
32383
32766
31546
31808
30809
28673
31791
29774
31836
30412
30455
30837
29338
31755
31080
29932
30300
30090
31202
28673
32599
31563
32766
28907
29517
32192
30387
30631
29985
30156
30435
30634
32031
31100
30782
32766
29302
30718
30450
30432
32474
29820
32191
30113
30478
30372
31489
28673
29472
30936
30526
28945
30814
30030
29318
31786
29285
28728
31406
30808
29447
29823
29688
32011
29373
32766
29764
30549
28916
30976
28673
32766
29166
31207
31226
31084
30970
30409
31094
29065
32418
32766
30705
30956
31237
32766
30987
30177
31818
30934
32345
31497
32176
30773
30243
30137
31998
31542
29959
31818
29804
30734
28673
29386
30277
32766
30942
30215
30265
30634
29588
31924
30817
32369
32766
30372
29189
28673
29441
28673
31867
31245
31963
30960
31383
30586
31405
31524
30955
30206
29744
29635
30366
32067
31727
32034
32766
29698
29633
30254
30812
28673
32766
31101
29097
30378
31208
30154
28673
28673
29180
30412
31324
29096
31734
29158
32766
32510
30425
30472
32230
32262
31270
31283
28673
32536
32016
28673
30736
30820
29628
32590
32257
31047
29693
30225
28943
29467
31042
29127
30974
32766
29577
30327
31556
29427
30622
29814
30139
30375
31287
29103
31365
31741
29180
32386
29560
28673
30534
30236
30318
28673
30165
32695
30298
30711
32766
31671
30599
29513
30737
31432
32090
29139
29518
32766
31175
29981
30351
31226
30182
30620
29713
30636
31685
30199
29197
31459
31011
29779
32766
28673
29801
30986
31896
31116
28673
29506
29237
28673
32766
31159
32766
32265
31264
31977
30631
28828
32766
30812
29104
31917
29836
29633
29917
29598
29943
32165
31479
31192
30872
30624
31195
29857
30375
32550
30775
29953
31014
31235
31527
30249
29881
30574
28673
31660
31724
32635
30225
30398
30907
31104
30470
29802
30892
32766
29342
29161
30377
32600
30927
30642
30051
29518
30275
29479
30104
30269
31154
32214
30028
29159
31392
32317
30202
32030
31463
28673
32291
32031
30848
29851
29031
30996
32318
30315
30029
30292
30116
30749
31146
31899
31739
32301
31152
32341
30244
28673
30926
31594
30054
30832
29276
30636
28673
30912
28673
28999
30541
31806
30323
29112
31051
30306
30333
31451
29698
31026
31157
32030
31067
32156
31010
31159
30711
29773
30284
31202
31089
29964
29455
30258
29688
31671
29613
30114
31373
29840
30166
29556
29645
30623
32766
31647
32766
30526
31345
28727
30557
32766
31280
30301
30850
30031
30323
30723
32766
29534
31822
32311
31400
31962
29878
28673
30397
30179
28673
31596
29552
29338
30801
31549
32067
31108
31684
28673
31977
31718
30748
32139
31366
31599
32720
31058
29499
31184
32766
31097
30252
31353
29715
31862
30758
31664
29644
31561
31187
29181
31533
28841
31361
28673
30704
32766
29743
30006
30713
30172
31860
30815
30984
29134
30059
29922
30692
29972
31007
31206
29124
28673
28673
29680
30171
31317
28829
32053
30000
31387
28673
28918
31131
30936
32766
31934
31430
30555
29252
29553
30801
30007
31130
32512
32766
29219
31135
30488
31168
31782
29963
28673
29801
28673
30567
31847
28704
31963
29423
31792
31706
32649
30628
30651
30252
28673
32350
31870
32322
32037
30036
32221
31436
31499
29705
31921
32135
29562
30006
28673
31925
29036
30746
31976
31914
30286
31994
32766
30393
31063
30146
29796
30571
28673
31190
28673
31259
29630
30657
29584
31414
31966
30179
29610
29902
30165
32225
31917
32345
32766
30771
28688
31087
32766
29486
30216
30709
32219
30962
29078
29413
29749
28936
30043
30424
30896
32538
32766
30654
29993
31503
29646
28673
32766
31962
28673
32037
28673
31296
30858
31444
29674
30299
32766
29914
29544
28673
30242
28673
31896
30050
29914
31742
30330
31477
31565
32766
32347
29853
31038
28805
28673
29684
29900
28673
30312
32602
28942
30269
30418
32086
31092
30752
30547
30797
30807
31276
29004
31957
29665
31037
30300
29688
28673
32516
29087
31048
30911
30179
29563
29609
29644
30331
30479
29951
28673
30778
31512
29730
31583
30912
32719
31796
29870
30640
30333
30800
31051
31859
29748
31005
31455
30664
30257
28899
30864
32296
31886
31607
29590
28722
30798
31310
30479
30803
31209
31187
30291
28673
29315
29058
32622
32766
31753
31393
30750
29177
32607
29591
28692
31333
31719
32766
30336
32377
29742
28673
31231
30866
29370
29462
31886
30967
28673
30482
29964
31536
32766
30801
30485
31057
32516
31395
30307
30778
30851
30126
32729
31421
31235
32766
32501
31189
30637
29492
32559
32636
28938
30524
28673
29891
30796
32075
32115
29128
31932
30186
30054
32398
32766
31583
29540
28766
31110
29592
30481
28901
28673
31239
28673
29195
31125
29997
30261
31260
30308
32157
30124
31930
30640
30010
29267
29588
29298
31726
29192
31516
32173
29143
29542
31977
31258
30652
31175
30355
31168
31269
28673
28889
30077
30876
29371
31660
29509
31840
29399
30861
30857
30376
31291
28673
30476
30560
30725
30682
29794
30433
29561
29659
29821
32621
30191
32391
30275
31852
29243
29812
30893
29291
31813
30613
32290
3819
4482
1938
2563
3049
4725
438
2214
2750
2313
1441
5887
3802
2249
1877
2526
3021
1625
4858
4535
1607
3958
1664
3101
86
3768
4498
3726
4913
2156
1071
5994
2834
848
5638
2739
2379
3551
1545
3026
2309
4061
952
3261
834
2414
4333
4778
5732
3638
3100
1343
5631
807
3117
249
2857
1671
440
6064
3085
991
533
2029
6121
2663
493
505
3190
5469
3244
3365
4085
3616
644
3278
448
5036
7
4313
4987
2454
4296
3274
5770
5218
1529
2868
1192
5441
2315
744
3557
3112
5217
3473
3942
2190
4347
1424
5818
5538
2117
3167
3555
5235
5408
1973
6092
499
4443
3287
2645
3550
1398
2246
1502
1747
3438
4236
6075
4618
3877
2732
5413
3915
4633
1658
2793
1160
733
5987
1328
4252
2191
3984
1855
3597
5120
2261
5252
2776
1954
2408
1722
3985
2139
4231
4060
4275
5117
5650
5637
627
6060
2330
2212
2258
4395
5690
2925
2175
1984
2740
3868
2044
5510
4844
9
5478
2529
1790
181
5919
1423
2294
8076
4399
8190
6490
6916
7061
5308
7915
6800
4465
6456
6262
6188
4119
7426
4663
6205
6326
8190
6531
7215
6257
5880
5901
7119
5829
5899
6009
5668
6202
5404
5036
5933
7676
4097
8190
8091
5774
4974
7489
8190
6662
5048
8190
7536
6777
7765
6278
6008
7965
5941
6059
6547
6928
4097
4576
6588
4248
8051
4665
5908
6599
6378
6156
6640
6152
7143
7231
7808
5736
5669
5745
7971
5972
5336
5864
7639
6067
5073
6959
4877
4531
4867
6490
6619
4097
7625
6076
6541
6675
5388
4421
4612
7656
6363
6601
7649
6067
7536
7001
6419
6880
6038
5749
6520
4234
6160
5107
6713
6485
8190
8190
8049
5696
5979
5896
5560
6996
6633
6851
5564
5632
8135
6409
6680
7161
6119
7263
6748
6620
7337
4539
5469
4097
5491
5527
6085
8190
7322
5863
6743
4097
7237
7473
5770
7787
6731
4097
7155
6652
4792
5016
6795
5055
7074
6689
6995
4208
6353
6454
6486
4097
6970
4606
6867
6586
8190
4097
5013
7247
5354
5963
6364
5259
6213
5810
6057
6919
6931
5747
5953
5762
6946
6316
6098
7424
7847
6216
6110
6088
6260
6819
5568
5570
8190
7400
6652
8012
5026
6099
6620
8190
4909
4176
4097
6933
5148
7810
6396
6538
7317
5798
6454
5779
4153
6094
5880
5873
5012
6252
5762
8151
4568
6034
7158
4619
6154
7229
7853
4754
7501
6843
5838
6337
4097
4634
4097
4829
7169
6799
6780
5431
7019
5851
7996
8190
5060
7497
5222
7762
6062
6394
6580
6840
7196
5271
6641
5666
8190
7654
6298
4552
5492
6759
4749
5622
4097
4097
6811
6352
5773
5935
7377
5016
6293
5547
5369
8000
6831
7474
5726
5323
4702
8190
6600
5059
5741
6512
6256
8184
5873
7536
5863
7782
6836
8190
5803
8190
4960
5243
8190
5264
6945
5752
4097
6473
5794
7863
5093
6912
8190
6346
8190
7907
7719
7215
8190
5318
6777
6192
5577
5345
7280
4977
4917
6764
4611
7224
6724
7829
6598
5117
4243
5705
4962
6167
4097
4097
5386
6538
6131
7414
7365
4097
5482
5856
6099
7244
5697
6972
4544
6228
5277
5896
8190
5496
5543
4926
7604
5137
8051
7168
6655
5409
8190
5782
7142
5759
7663
5315
4097
5308
7003
7646
6706
8190
4308
4097
7807
6665
8106
7828
4181
5509
5178
4807
5125
5225
7214
5606
5699
4854
6693
6148
7170
6685
5520
5539
4707
6183
4097
5471
6690
7231
6294
4431
4097
7316
4301
7633
4977
6763
5224
7038
5928
5751
6118
5227
6214
6267
5977
7208
4119
5683
8190
6500
6562
6962
5536
6580
7454
5398
4600
4097
8172
7025
7243
7054
6104
8187
6284
7348
6963
4555
7025
5059
6049
5982
6354
8055
6047
5809
4097
5403
4485
6383
6896
6196
4956
5643
6649
6626
5614
4097
4097
6022
7474
5238
8190
7172
6154
7546
5985
5500
5190
7831
6106
6826
8190
5750
4772
8190
7802
4353
4871
7795
6369
6713
4097
7825
5181
5461
4748
6998
4835
6935
4097
4509
4097
6844
4379
5251
5331
6818
6251
6355
6426
5713
4906
7651
7313
7418
4097
5069
6544
5522
6603
6317
7797
7337
7390
7510
5960
7865
6166
6370
5742
5628
6043
7666
7623
6813
6526
4856
5273
4885
7283
7203
6295
7378
5467
7305
5226
4881
4944
5445
6819
5446
4656
8190
4309
6031
4349
6657
7600
4767
8190
6427
6865
7272
7213
4097
5746
6196
6657
7728
5177
6137
6572
6455
6491
7202
5282
5259
7701
6210
5194
5627
5658
6064
5876
7280
5944
5028
5239
6685
5643
6936
5389
4847
6110
5829
5186
4720
4697
5352
5949
5186
7092
6782
8190
5782
5360
6082
7483
4097
8190
4097
6714
6393
6910
8190
5159
7170
6740
4682
6206
4215
6377
6336
6067
7837
6845
4097
5879
5440
6354
7317
7315
7755
4097
4586
7257
7525
6765
6064
8190
5925
6957
5538
6768
5762
6300
8024
4799
5934
6393
4997
4876
6952
6858
6129
6368
5595
5441
6086
4097
6515
4997
7329
6691
4120
7543
7207
7278
6166
6061
6748
8190
7169
5990
7164
4572
7495
7268
5666
8022
6060
5470
7078
6078
8190
7471
6164
6913
7352
5260
4703
7130
6488
4759
7236
6018
6163
19228
17794
1448
23219
4781
20429
15507
4050
2333
10541
18193
14932
9292
15949
18630
15608
11239
20909
21212
14789
6559
22811
707
10363
17589
19360
2350
10758
15070
17316
10871
19325
14194
4728
306
12938
23533
11665
13062
4686
14847
1407
13541
5398
9633
10489
21997
2345
13713
482
5754
21847
2303
12256
20299
21526
23594
25592
22204
1474
17931
5461
26334
11915
25503
1770
20190
22129
12208
2944
26195
12457
6022
6608
16482
10336
24303
25898
25379
26938
25920
28669
27702
26744
26167
25207
26513
27252
27397
27296
26348
26306
26752
27953
25372
24577
26541
25444
28670
26127
28670
26169
27200
27791
26265
26850
27182
28041
28670
27861
26395
27955
25143
26533
28670
26750
25697
24577
27076
25570
27633
26468
28670
26427
25230
26750
24577
28197
26225
27207
27598
26973
24865
28146
27168
24577
25735
25102
26142
28282
26603
24577
27182
24577
27924
28670
26694
26868
25770
27012
24596
25680
25554
24577
26449
26258
24577
25731
26963
27150
26600
27308
26033
25615
27788
28033
28008
24585
27497
24577
25145
25648
27430
26669
28372
27367
25950
25831
25674
28470
27283
28162
25900
27238
26759
26631
27180
26114
28443
25932
25068
25882
27497
27412
25410
26225
28512
25844
26890
28059
28670
27095
25764
25414
25526
27455
27295
28670
27567
27359
25974
24577
26140
26472
25101
25819
27194
27365
26689
28070
27332
26875
25814
27149
25318
27119
25212
27116
26693
24577
26869
28578
28552
25192
27427
26296
25256
26587
25221
26617
26328
26295
27926
28670
27645
24577
26112
27732
27589
27819
26318
28140
25537
27852
27484
27259
26570
25613
25890
27089
26219
26203
26489
27235
27298
27090
27915
28670
26255
28670
25475
26192
28044
26262
26688
26416
27016
25143
27085
25212
24577
26638
27468
28623
27583
25256
26986
27169
25895
27263
27444
27789
26556
26107
26303
25976
24577
26744
27503
28057
28670
26434
24577
28670
28670
28209
24637
25378
24577
25743
25336
26844
25930
24577
26603
27322
25328
27853
24947
27424
26045
28670
27181
26719
24827
26427
28053
25681
25188
28240
26932
26271
26345
26321
25731
28066
28578
27875
28670
27193
28670
27835
27447
26759
24577
26686
28373
26922
27067
27899
27094
25841
26280
26346
27043
28441
24734
25135
27128
27064
26905
26348
26834
26026
25798
25473
26225
26508
24748
25445
28399
26679
27430
28258
26359
26214
25457
26510
24577
25807
28670
25685
25824
26340
27344
28670
28670
27452
27563
26843
25048
26929
26782
25974
26217
28454
26042
26714
25664
25172
26915
25404
27394
24577
24714
28043
25746
27697
27190
26017
26852
27018
26332
26568
24992
26337
26819
27190
27384
26562
26219
25569
26073
25368
25016
25784
25771
27499
28000
26356
26533
28014
27292
24827
27720
26304
28585
24648
27512
25292
26049
27968
26581
26589
26145
25670
28335
27064
25061
27020
28608
26842
26453
26964
27065
24577
26384
24783
25005
27533
24577
25372
26004
26963
25114
27672
24745
25604
28012
24577
28670
26011
26788
26750
28670
28670
26583
25155
25626
26138
26821
26142
26476
24969
26168
25287
25380
28541
24577
28384
28362
26156
27684
27276
24577
27092
27672
24577
26392
27961
27503
28670
26114
27895
26559
27478
28085
27566
26783
26535
28023
28111
27282
26841
25857
24754
27102
26183
24577
26157
28370
26820
27686
26675
28477
26756
27225
24892
28487
27626
28670
26503
25274
26342
24577
27916
26985
27813
28670
25296
27161
26521
25456
26809
27270
27058
26733
28376
27644
27557
28670
27058
24577
25404
25897
27076
27768
27660
27212
24577
26514
24957
26540
25660
27007
25952
27927
27729
28670
27527
27288
28670
27024
26539
27642
25247
24577
26552
26981
24924
27403
27522
25904
28041
26154
26600
24578
26550
25112
26699
27092
26622
25384
28670
27746
25264
27763
25134
25017
24947
28670
28235
27430
25358
28670
28131
26129
25960
26859
25960
28670
25906
26439
28670
28670
28670
25947
27431
28236
25346
25591
25619
27498
26230
28670
26870
27429
27372
26424
27441
28670
25357
25675
26590
25765
27360
26371
24686
25811
28135
25299
27045
27521
26255
24577
26438
24580
27768
27320
26310
25320
28423
24577
27074
26773
25255
26593
27055
28288
26315
26743
26601
26507
24771
24577
25763
26753
26850
25573
27806
27125
24962
25199
27063
28171
24577
28670
26944
25242
26706
28670
24577
27303
26089
26809
27940
25853
27432
28381
26994
28670
26335
27886
28411
28670
25232
27576
25473
25983
26014
25766
27549
28670
27210
24950
24577
27230
27936
27535
26472
25170
26244
26270
27733
25779
27047
28670
25886
24577
27609
26477
25363
26125
26412
26823
26760
25154
28670
25767
27617
26110
25767
26920
26724
28566
26181
26162
27238
27182
26130
26430
27742
28393
27030
26342
24577
27226
25055
26706
24972
26734
28042
26077
24577
27705
26934
25887
25471
27271
27406
27455
27122
26574
25288
26932
24932
28670
27033
28056
27607
26899
24904
27052
24811
26276
25911
26872
24780
25661
26001
26601
25573
25473
27229
25524
27733
25472
25297
24907
26598
28045
26160
27775
27329
28670
26368
28352
27513
28482
26176
26587
25685
26140
26687
28228
27357
28670
27514
26995
27691
25519
26703
27701
25787
28024
26165
28073
27294
27498
27648
26705
27513
27626
28440
25599
27386
26524
26870
27967
28251
26418
26683
28670
24768
28670
28670
24577
27778
26688
28670
26966
27254
26270
26102
24577
26509
28149
27925
25869
26434
24577
26402
25996
26151
26773
28634
27567
26259
28075
27112
25313
24845
24764
25115
28025
25408
27564
24577
28246
24577
28030
28109
26829
28670
28339
24577
27658
26529
28021
24577
26172
27547
25059
27004
27155
26574
25762
26516
27088
26642
26000
28670
25944
25243
26706
26434
25700
27554
26006
25123
26456
25346
24577
27273
27670
27105
26750
27007
27108
28095
27526
24577
28670
26775
26861
26893
24577
27049
27096
25903
26966
24732
27760
24875
25439
28296
24577
26456
26842
27742
28431
28670
25470
26111
24690
24650
27684
28670
25621
24577
25521
26973
26924
25518
27664
27513
27376
25126
24834
28670
27411
24701
25960
26826
24577
27357
26288
27274
28512
28283
24674
24956
26377
25981
25472
28524
25945
26714
26490
26323
27595
26174
25879
26149
26863
26253
26923
24577
26155
26225
28381
27420
27801
28670
26934
27200
25992
27391
26477
27443
28077
27073
26649
24577
26130
27526
27106
27086
26482
26736
26421
28670
26042
26273
27514
26884
26919
27342
26588
25781
27054
28670
24577
28358
27474
24577
28631
26902
27666
28306
24970
26171
25631
26449
26708
26924
26146
25894
26730
27416
26272
26337
28670
27270
25605
27692
25803
27331
27460
27309
26640
24577
27764
24577
24577
27814
27355
25657
27739
26868
24577
25980
26731
26183
24577
26434
27448
26594
25022
25686
24577
26797
25509
27574
26338
25933
26401
28551
26475
24577
26330
26114
27838
25980
24577
27577
26292
28670
25469
26702
25345
28474
26568
26323
25123
27268
25018
27826
26560
26126
27844
25373
26161
28201
25305
27197
26307
25848
25204
28616
24577
24577
25802
27869
28467
25247
28368
27143
28445
27255
28670
25531
27152
24848
25062
26140
26050
27610
26211
26112
27273
28670
27246
24577
26549
26861
24577
27605
26628
26689
26707
26634
27754
26395
25627
27109
26067
28670
26567
28496
27509
26947
26092
25791
26579
27557
27642
24577
27752
26627
28670
26355
28577
27003
28670
24577
26003
27603
24577
27186
26557
24577
25344
26695
26303
25169
27811
27384
27379
25317
26134
28079
26937
25265
26076
24577
27195
26846
26914
27212
26539
28237
24577
26165
26672
26875
27185
26270
25336
27728
27702
24577
25244
26243
24960
26728
27426
26590
25701
27369
28389
27293
27380
25616
27524
27162
27224
28670
26041
27731
28670
26864
25849
24577
28670
26814
24577
27874
27451
26688
26732
28670
25108
27969
27932
26779
28670
26389
27367
27365
27345
27679
26113
28070
28042
24577
27323
28302
26930
27709
27201
24577
27098
26398
27669
25893
26814
26496
27901
26729
27277
27619
25758
26206
25486
26246
26712
24577
26526
27151
27141
24677
24577
24577
28192
26058
27091
27454
26518
26914
27616
25736
24859
26876
26495
25031
26059
25644
27721
27549
25533
26660
27234
27376
26389
28120
24577
26096
27792
26259
26695
27012
26138
27716
25982
26720
24577
26018
26388
26032
27720
28569
26136
28670
26670
24577
28602
28670
26336
27817
27212
25387
27759
25985
26907
26024
28670
25312
27812
26986
24577
25631
28114
26078
26225
26389
27503
28670
24577
26038
26380
25273
27919
25657
25357
27530
24962
26321
27831
27986
28039
27212
28670
27830
28122
25920
24577
27999
24577
28670
24898
26682
28261
27533
25594
25813
26186
25127
26781
25211
26772
27635
25749
25841
26014
26533
27725
27550
24577
26271
24577
24638
26494
25373
27107
26022
26987
25554
25096
25704
25961
25701
28501
25948
26218
25794
26250
26653
27425
26486
28670
26427
27453
28670
28670
25904
26442
25790
26672
27161
27780
26096
27065
25403
26612
27272
27182
26576
26315
27660
28371
25248
27904
27377
27931
27880
26027
26567
27142
25867
27885
24891
27961
27045
27580
24577
24577
26837
25862
28158
27341
26194
27926
28346
25517
26551
25894
26862
27567
24577
26217
25022
28313
28322
26146
25930
27374
25398
25576
26587
24577
26350
26009
26372
28343
26015
24784
25371
27859
26220
26194
27364
27827
26161
27902
27729
27368
27009
26751
24577
28448
25979
26882
26930
25980
28599
26511
25676
25826
26372
26719
25844
25246
26902
24820
28658
25445
25345
26198
26117
24577
26226
25052
26790
27735
27596
25809
28670
26138
25398
27234
26188
28518
25861
26092
25366
28670
26641
25017
27863
25022
26517
25753
25739
26144
26434
25240
27997
25791
28122
24992
24577
27148
26664
27879
27010
28554
27066
26879
27892
24900
25813
27091
25462
25385
27331
27121
24727
25409
28670
24834
27003
28592
24738
24577
28670
26347
24625
27149
24577
26327
5026
6707
20164
7741
8110
10040
14161
9519
8335
21203
23638
24538
18549
3396
24131
25686
17202
7914
9305
4544
12529
23101
17043
8079
17710
4806
1776
18675
21094
12547
11593
12543
5426
24435
6631
20507
1703
3389
21050
13862
15139
7967
6078
2522
12091
17310
15656
16551
18922
12055
15533
22118
1964
24023
5356
14789
7187
3445
9061
9039
11509
13308
13629
17029
18718
7648
25467
7975
21068
12526
1050
3170
15185
22915
25160
25209
6781
23640
21533
4417
22169
2568
5008
10767
146
12955
26019
2076
24420
6475
4055
10344
26445
3854
23693
15237
22586
23606
8784
4832
10363
18399
12531
12118
25632
11687
8455
15558
13419
21972
21021
15691
24672
20561
17005
14762
3696
12672
13811
2774
20577
13108
22000
6987
9741
19907
7939
409
22348
294
20297
1284
26254
2342
19480
386
13017
25407
1997
14726
10362
9096
18081
20929
22417
13124
15164
24229
23063
18529
21036
1648
5671
20827
19903
7952
24054
2515
9050
9530
5083
173
8094
21548
25752
26774
27629
28670
27031
28044
26481
25303
27301
28448
28337
27938
25438
26392
25392
27049
26442
26332
25272
27983
25596
26030
25467
27965
24577
25244
25306
25454
24577
24577
26262
26338
27727
27807
25476
24577
26689
26670
28670
26357
24644
25898
25467
28110
26244
27679
24577
27636
25633
25719
26382
26293
28066
26368
27710
26242
25429
27170
28670
26515
26404
26293
26264
26554
26630
26571
26798
28595
26935
24577
27723
26489
28670
25767
27112
26721
27893
27292
25782
28150
27926
26688
26948
26084
25531
28347
26274
26411
28670
28043
26368
26027
26264
27645
28670
27201
27441
26748
25574
27082
25807
25536
27742
24577
28484
26529
26681
26767
25044
27416
28670
27826
28526
27563
28542
26802
26311
26941
24985
25895
27775
26195
25191
27597
27529
26107
25652
25875
27045
28026
24577
25615
27230
26533
26456
26730
25937
25930
26241
25447
25565
27043
26422
26772
28670
24837
26987
27996
26970
27392
27108
26061
28329
28095
25232
26095
26291
26632
25368
27315
27759
27320
28670
24925
26981
25987
25612
27356
25313
26859
25745
27300
27433
27242
26058
28670
26243
25745
24914
25936
25968
27075
28670
25916
28280
27175
28025
26487
26360
26069
26639
25626
26856
28670
25794
26679
27108
27091
28670
28017
26319
26858
26774
26610
26538
27819
27055
25502
26923
25506
27511
26174
24706
27719
25840
25984
26445
25972
26873
26642
26022
27842
24990
26048
26948
26523
27126
25532
26324
27301
24577
24577
28670
27267
26375
24846
25566
27741
26422
28670
27645
26026
26420
26258
25599
25820
27242
27783
26202
25352
26700
26991
25399
26791
24577
28433
27924
26065
26632
24971
26472
27169
26198
27888
26360
24963
26334
26170
27226
26570
25988
28159
24724
27933
25952
28134
25329
27889
26577
26074
28036
27952
27264
26300
25388
27680
24577
28670
26325
25766
26259
24577
26734
24577
26063
25993
26980
28002
26402
24881
28534
28670
26436
24577
25112
24899
25677
26821
27938
24577
26583
25248
24847
26935
25232
27642
24577
26192
24883
26388
26781
27177
26957
28551
26645
25259
27621
26013
28473
25500
27436
28670
27655
28424
24577
25337
24577
24577
27458
28108
26627
26973
24577
26826
25882
27565
27792
26439
27613
24677
26251
26763
24750
28670
26212
24883
26626
25210
28670
24972
26215
26661
26807
24577
25614
25771
26522
26830
24577
24577
25708
26544
28670
28670
28670
26768
26936
27838
26015
25199
27468
27041
27843
26037
26851
24577
28334
24648
26282
24577
28416
26765
25507
28357
27527
27200
25826
27527
27279
27320
27718
27500
27730
26903
28670
27542
25804
27685
27377
26937
27590
25804
25964
28487
24577
27835
28559
26835
26610
26730
26938
26612
28670
26015
27473
25906
25347
25449
27842
27272
27633
26929
27969
25565
24577
25487
25865
28362
25567
26015
24878
26658
24577
24577
25373
27143
26668
25029
26327
24815
28616
27654
26236
25866
25676
27099
27076
25045
26761
24719
26129
25685
27160
27955
27665
28275
24577
26300
26030
26436
26538
25872
26083
25964
26907
26451
28651
25525
24577
25406
28670
27747
25453
25586
25109
28670
26551
26677
28628
24577
27913
25804
26921
24607
25763
27049
28670
28363
27399
28670
25764
27274
24889
26701
24577
28329
28050
25494
27984
27923
25205
28670
26455
27874
28560
27085
28670
24883
25255
28670
26715
27956
26161
26867
26735
26830
25262
26105
28165
28370
25393
28670
25780
24577
28441
26672
24898
24977
27032
26648
26458
24916
27139
27664
28018
27446
27559
27001
27937
26648
25781
27495
25412
24982
26785
24577
25005
26778
25949
24785
25193
25121
28670
28200
28561
26144
27620
27715
25987
27974
27607
27925
26549
25014
25199
27761
28010
25839
26189
27303
27052
24577
26787
26863
27304
28224
26084
27098
25984
26576
26164
27097
25254
25561
27503
28670
27481
28209
25600
25878
25546
26204
26633
25298
26147
26920
26940
28670
27379
26900
27402
27643
25713
28670
25511
26161
25432
27061
24987
27246
27643
27012
24779
24695
26193
24577
25840
28454
27844
28144
27439
26453
27098
27134
28078
27475
28670
26962
27380
24577
27545
26867
25639
26241
24810
25961
28670
26481
26287
24577
26829
28497
24737
25918
28033
27478
25458
27670
27537
25757
25784
26435
26634
24577
26491
25764
25566
28670
26245
27266
27176
25792
25867
28069
24577
28670
28067
27748
26481
27012
27227
25959
27194
26357
26625
24864
25804
27321
24577
26447
26299
26794
28378
28670
27596
25412
27700
26191
24577
26013
27781
26630
24625
28152
28575
28670
24594
25405
26510
24698
28204
28670
28056
27168
28645
26479
26711
25536
26427
26194
24577
27558
26865
24577
26555
26560
26036
27107
27032
25891
26331
24577
26908
27391
26546
26431
25404
25218
27209
25808
24628
27167
28166
27551
27501
27532
24658
24913
26893
26341
28471
24577
25172
28357
26834
25264
26059
27729
25292
25544
26965
26097
25810
25340
25686
24577
25551
24960
25384
28374
25664
25163
26159
25376
25848
26903
28258
25084
26353
26729
25666
26533
26396
27793
24610
26586
25143
24577
25591
26390
25129
26786
24802
24577
25926
26249
26586
26636
28484
26855
26810
26851
25835
26424
27483
26357
24577
27849
26789
25235
26816
27152
26754
26194
27378
24577
26969
26093
28054
27479
26066
27745
25538
25170
26662
26471
24577
28400
25207
27858
28591
26899
24577
27657
27462
26676
26479
26443
26950
26151
26619
26723
25625
25527
25196
27827
28258
25794
26692
26132
26491
26928
26555
28046
25308
26037
25972
28670
26617
25137
26226
26983
27394
25768
24984
28670
27001
25229
28670
26121
28670
24577
26768
24764
28004
26131
25979
28015
27796
27488
24577
27128
27311
27761
26445
26828
25605
25863
26501
25174
24577
25278
26374
26963
27886
25478
28670
26021
27917
28670
27151
28125
25736
25654
25768
28034
27505
24663
25291
27243
28667
27443
27961
26914
27461
25913
27380
27234
26161
25395
25987
24916
25987
28007
28670
25406
26465
24763
27212
27939
26707
26933
28044
27940
25237
26496
28670
28130
27228
27188
26777
26423
25538
26519
27902
27329
28049
24577
28126
26491
26983
26747
26769
28241
26983
27199
26437
25954
26130
27480
25971
27764
27297
24577
24577
26215
26649
27170
27060
27738
28670
24577
26228
26435
25125
24577
27007
25522
25654
25584
26945
28050
26225
26309
27340
26464
27502
28670
27275
27959
25556
27933
25279
27159
25252
26259
27605
26632
24577
26881
26734
27322
27178
25851
26794
26857
26985
25483
28110
24577
26101
24781
26069
26076
26267
26872
28060
26326
26046
26243
26706
25142
27174
25714
27411
27621
28670
26319
27397
25857
28345
26703
27320
25582
27553
28315
28432
27135
25910
27027
25540
26566
25716
26235
26368
24985
28449
27451
27386
25679
24577
26817
27759
28670
28128
25635
28151
24890
26332
27489
27234
26537
26129
28670
27861
26106
26488
25402
26717
25956
25311
28670
26832
26536
27149
26056
24577
25717
24577
26152
28670
26283
26290
26933
26510
25479
27462
27292
27322
28006
26852
26975
26418
27082
28485
26837
26358
24577
26246
28670
26029
26679
24577
26554
26693
27365
26990
26420
25365
26982
24577
28176
24577
26743
28117
28474
25719
28670
25140
28670
26756
27124
27842
27154
27330
26084
25015
27231
25841
24577
28158
26542
25489
26214
27568
24577
26591
24577
28194
28670
28670
27259
24577
25713
25520
28343
26956
26205
28670
26552
27074
26307
25686
26018
25588
26829
27804
24577
26146
24577
25787
27208
26067
25656
27980
26917
26226
27715
27145
28544
26243
25169
26713
28670
26296
28068
25828
24702
24577
27368
27143
26143
25827
25984
26679
25267
24577
28670
26118
26026
25415
25917
26459
28670
24983
26940
25205
25651
24577
28451
28001
28321
27587
26635
25591
26162
28305
27384
26490
28127
24677
25083
27011
27901
24577
26110
27788
26923
26762
28580
27604
27229
28568
26756
26860
28225
26489
26891
25902
28670
27307
27618
25574
24577
25810
25560
26336
28670
25718
28670
28670
26255
25448
27760
25926
27319
24577
26144
28165
27823
25779
27478
26741
27917
25429
25771
25065
25121
24883
27814
27173
27805
27782
26510
26278
27189
26194
28670
28495
25520
28670
26685
27131
26256
26261
26979
28670
24577
27044
28670
25944
25210
26266
28670
24577
24946
26148
26291
26151
26497
26882
27918
25609
25448
27074
25883
27585
26229
24802
28670
28670
24577
28500
25603
26405
26312
28107
24971
27396
28154
25220
27513
27644
25487
27008
26493
26308
26845
27668
28670
26110
26277
25385
26702
27251
27452
27724
25924
25475
26127
28670
27669
26103
27212
26979
26250
24748
1295
115
1060
1412
125
1317
1037
940
32
383
990
1525
1840
107
934
1656
1244
762
859
1951
393
882
1794
677
437
1446
258
1660
1359
931
1413
1792
316
1290
857
1512
1463
2036
1439
581
1621
1998
1725
1435
1248
133
324
1865
59
792
1195
1934
1218
1646
854
7
1793
1122
509
895
593
1646
146
988
302
823
1977
1280
1174
1608
0
164
1946
701
190
1276
110
193
2016
713
1708
226
1675
1958
1987
1121
14
131
326
1246
457
761
517
647
1311
154
878
391
1600
1518
483
1154
871
1154
118
1487
447
623
1642
1129
8
1322
1655
1852
78
1592
1956
1715
1685
647
451
1084
121
1054
986
833
1495
1182
82
2039
61
1721
785
1808
1068
1409
1777
1942
1891
1230
402
1545
471
1450
1826
1669
1032
1763
1714
1628
1138
1848
2268
2351
2115
2474
2826
113
1544
1
3657
233
1
3906
2082
1
1540
2031
2936
2516
1921
1391
755
3771
1444
3036
2495
1662
1153
2215
3709
349
3624
680
1275
2680
4094
1519
497
2717
4094
2425
4094
3891
1252
503
735
1500
3195
1516
4094
1948
2614
292
3943
2659
2383
1542
1921
1320
272
3182
2564
1992
925
3142
3770
485
2378
2633
4094
1825
1
3796
3832
645
1500
3090
3491
4094
1196
2050
1528
3104
1872
1
621
2942
1802
3858
2058
2096
1023
675
1
1855
3154
1
4021
4094
1907
1017
2619
320
1753
4094
3236
1026
1047
1252
2296
1209
2427
2661
1141
294
3737
386
2692
1924
1444
416
1068
1124
1952
2778
1
431
700
1479
1847
1040
3323
1
3228
3265
682
1299
2255
2012
2080
1410
1319
2855
2700
2083
1
2100
1186
2872
4094
2009
1934
1896
1614
3303
4094
1527
2784
2627
1996
4083
791
2077
1868
1339
1
1770
112
2964
286
3926
621
2474
2296
106
3886
2945
2335
970
2296
1
1517
631
4094
1508
4094
4094
2505
1696
2851
3120
1650
1560
173
2447
1840
1357
806
2157
1
2127
4094
2857
2839
2869
1225
1
2507
3011
3116
925
1
3446
4094
2447
1095
1717
1517
4094
985
3838
2466
2065
622
1
1746
4050
1248
1568
550
1
1963
1664
2049
1722
1878
748
2475
1014
1501
4094
4094
1944
1024
1986
1
3198
2546
149
3011
965
3376
3876
2016
209
1510
2471
2084
1389
4094
1854
461
2810
1677
3566
3136
36
731
456
2254
2454
3897
2607
2140
497
2365
1891
1
1582
2469
2146
2136
337
599
1
4094
1036
3844
1405
4094
2132
1
3253
1119
2742
1802
2618
4094
1821
2362
1
4094
180
4094
1421
235
2838
1
413
688
1621
2102
2187
2952
74
1204
2037
1289
1270
1887
1703
2754
94
1964
2565
1
201
1357
2535
3073
3499
587
1257
1
2607
984
2464
2132
3015
97
3802
1094
3035
2991
1487
1845
1037
4094
2414
2341
3949
556
4094
1744
1
2078
4032
2705
1591
1
382
1
2437
1176
4094
1480
1182
4094
405
2327
724
462
1
892
2541
882
3649
1
3509
1131
981
3535
1281
888
2141
1941
2270
1
2127
2711
1
2615
1696
1917
2474
3406
203
1251
418
3699
3692
1170
2151
2652
2684
153
1835
2692
2966
1989
1106
1534
2335
1
193
1647
1181
3494
1075
4094
1570
3145
2826
1824
2738
1552
3283
1069
554
2099
3526
1069
2088
4094
1266
2114
2326
1950
1632
1651
2890
1902
2491
473
3573
2519
134
3599
2602
2578
3224
3091
1998
699
1220
2737
1607
3524
1070
3029
1752
248
2046
2744
3239
1409
2384
2617
1
1195
776
4094
1636
1895
4094
3847
3231
756
3318
2905
3274
3062
2590
2338
2339
1
1813
2498
343
1346
3742
313
845
1
2794
1482
1115
1933
2669
3650
3043
3590
1358
2970
4094
2220
2922
2997
139
3802
4094
2499
3213
1804
568
4094
1703
704
3864
1747
1792
1
1731
970
1712
1298
1
44
849
3294
3870
1764
319
468
3454
4094
1192
1834
2911
2601
839
827
3280
2214
1305
2301
1
1862
1214
3134
1945
2060
1
3766
539
1031
356
81
2485
1632
2251
2691
1162
1314
1861
3262
2317
606
3670
2512
3585
4094
1794
3581
2223
1
3151
2479
1
735
214
939
3081
1951
3305
3660
2333
1816
1
1
1372
2619
3366
1798
2530
1873
2327
933
1669
1493
1570
1885
1829
2816
2039
1113
2617
3290
1215
2260
3710
1761
1486
1262
2512
2863
479
3511
3506
2732
2174
1289
3327
4094
2248
1410
693
1
571
1071
3831
3325
2877
2551
4094
3895
1733
1
2580
1536
2288
2143
1931
1423
197
3108
359
1111
2901
1026
2481
1
2810
1633
1
1491
1691
2651
1786
688
2396
2618
3306
2901
3165
2852
1
570
2345
2836
3950
4094
2199
2048
1703
2005
1800
1988
1
1230
1724
1317
2732
1179
1539
1
1070
1075
1705
2949
1474
1553
1
1448
479
3746
840
2058
1740
683
2862
4094
3201
3462
1714
1713
2654
1352
2456
173
2018
1529
1719
2879
3699
3872
2421
4094
1
380
2350
1318
3761
103
3192
4094
1133
854
609
1761
1892
600
1986
1591
220
1922
2489
2438
1865
2579
3683
2191
3172
1
2691
2058
1
1252
1259
3138
1750
2019
2967
1365
2019
2143
3405
1
1200
2042
2016
1768
1
3222
3154
1710
1351
2697
2110
662
2475
4094
1537
1960
3516
1616
4056
1891
4094
1470
2873
19
2412
2946
4094
8
4094
3051
1
2425
173
4094
1276
1166
2473
2903
2384
1609
3294
1616
4094
4
2615
2834
128
2058
3546
2678
4094
1542
2786
2378
1
2463
1329
3124
2449
2586
4094
3436
59
556
2188
2741
2220
2429
2207
1899
2297
1875
4094
1168
3209
1809
1385
1
1828
911
4094
1538
1629
1
1886
1442
986
2721
1761
1327
1634
2612
1725
106
1
2988
1415
2684
2337
2979
1748
558
3691
2190
1309
3205
1508
436
2321
300
3731
1548
3465
1500
2071
1365
4094
2180
1306
3142
4094
425
3447
1179
563
735
1089
1966
2348
2508
1992
2407
1392
1965
3907
809
2430
910
867
659
2184
2125
4094
4094
2446
1976
4094
2860
944
2108
1919
445
2242
353
2107
2452
664
820
2842
2062
3957
2075
559
2690
2794
775
1244
2119
3465
648
4094
1826
2338
2084
2727
1523
1768
97
4094
3680
1603
919
1063
1
1426
703
3990
2278
2346
2298
4094
1381
985
2239
1049
1963
1758
2227
2568
3810
2468
3254
185
1833
1
2922
533
3089
818
4094
2039
4094
1041
2412
2876
1411
1169
605
2169
2398
4094
1580
1935
1970
3407
1
2515
2666
610
1124
2219
1
2501
3205
1104
4094
1191
2575
3200
1654
1
1
927
4094
1607
2788
599
1451
2297
1229
2087
931
1183
271
850
2112
3099
1682
1781
899
2570
3064
2090
2968
1410
1172
3691
1
4094
1801
1265
4094
2273
1690
3375
138
716
2286
2446
842
2417
2452
2769
2587
2156
2747
2666
3383
1225
1559
4094
3143
1373
1101
3131
1566
1081
4094
2645
2265
847
1927
492
1398
2980
4094
1293
2660
1234
21
1828
955
2978
2793
1408
2394
2688
3466
2556
1699
1720
4094
2009
2188
2680
3904
2217
3801
2263
1860
2009
2826
2412
2920
2318
1
1193
1371
3742
1477
3731
191
3402
1684
1
3716
1158
976
4094
2638
3120
3122
204
333
1
3202
2700
1138
2380
1197
514
392
505
3985
3716
1290
1858
3092
2540
4094
4094
2906
1472
355
2974
371
2278
2319
1829
4094
1
1020
519
1824
2724
1593
2312
2355
1656
1130
1009
296
3093
1661
2338
3480
4094
4094
1532
4023
1384
3638
3310
1136
1312
130
4094
3631
593
2142
144
4094
1067
2917
4094
1134
1847
1
1644
1735
2649
1878
1
123
791
2631
3862
4094
1078
1537
727
730
1008
599
1815
2472
4093
599
2323
787
693
1892
2412
4094
1293
2774
1212
2359
1406
1633
2961
1809
2504
1152
1
1
2240
3129
4094
1142
215
17
1340
1273
1393
1209
582
942
1476
3187
880
1985
1890
2203
1713
1
2431
4094
1353
3564
1654
2590
1166
3962
3328
2955
1
2924
2601
1
370
3302
512
2720
988
2644
881
2149
1105
1915
2170
311
3183
3229
1879
1319
1
2499
4094
1
1405
2600
3496
283
3877
3325
522
1210
1752
2002
721
4
2628
4025
3993
3137
2798
1836
2250
2554
3868
950
1102
4094
1678
2891
3472
1261
987
2029
2589
2147
4094
1
1715
1807
1468
1755
2735
1784
1920
4094
1479
1626
1
2312
1187
4094
4094
1174
199
1313
2568
2120
1
3137
1973
1097
2371
4094
1160
2260
562
1
2488
777
2661
129
711
1
1
2473
2484
1604
305
3684
3943
2019
1515
1021
3185
4094
2628
605
2209
1
2645
1
1
2828
1168
411
701
1665
1776
1980
2305
1847
1264
1292
265
4094
2671
1587
1500
0
1738
3984
1169
1429
2569
3195
1814
966
3461
3643
3122
1203
2088
3326
2038
2659
2993
386
1
3042
3615
2921
1
3615
62
2905
1867
2167
1527
2745
1662
135
637
2006
3977
1089
2011
1228
2872
1017
3059
899
378
4094
1705
4094
1962
2636
2696
2679
3403
1655
1997
1191
1484
1341
2810
1984
2065
3334
1661
1121
234
3144
2286
3074
462
2901
2544
1506
983
2908
1242
2299
1036
766
2397
4094
1452
1
1853
336
1003
2785
666
3030
3453
3181
3291
2090
3466
1041
2374
2608
3638
394
2233
396
1190
3712
1707
1828
3476
2821
1823
1
1390
460
1634
1559
1147
501
1514
3567
3206
1365
1715
293
2251
2047
4094
3384
937
886
3783
2285
4094
946
3083
1006
1944
2095
1326
846
1678
889
1477
1900
2946
495
3079
2697
2282
32
3584
4094
2017
2461
1762
3865
4094
2977
1574
3091
3363
3285
1960
2762
1524
2291
2897
1
2530
3945
1399
3541
952
1999
2914
2373
1315
3636
1490
1275
2874
424
528
1596
3111
1412
2547
1
2507
2144
3585
1484
1624
1927
995
3385
2525
2341
2415
2177
2142
598
3669
707
1776
496
3766
1537
1682
3778
1142
1982
2653
4094
987
2684
2513
3796
3289
2528
3939
3443
4094
1079
2545
3004
2983
2008
1755
2409
1
188
1741
1626
1687
2133
4025
1
1006
2946
1560
2013
2778
2310
1
2311
599
3611
1987
2740
2492
2283
70
929
3032
1272
4094
3884
644
2394
2349
2979
103
3186
1604
1081
1545
1236
1743
3756
2961
1
4094
1628
1
414
2253
585
1967
1884
4094
2993
2568
1188
2779
2737
1
4094
3584
1
2290
1
3473
2450
4094
2082
1101
597
1384
1694
3964
1640
2927
3986
2056
3763
4094
1421
265
665
3231
2085
2362
4094
3276
2857
2827
1134
2530
2089
2797
2803
1875
771
2835
1990
827
3501
822
2042
1
2833
142
2193
488
3868
2083
1677
1392
2662
4094
4077
1388
1872
1850
2277
1231
1227
2629
2860
1131
3257
1988
2811
2019
3915
1496
1344
2002
2223
3461
2216
3768
3477
2133
3223
1807
2069
1702
1
1968
3008
3039
2084
248
759
1571
1434
1202
4094
811
4094
3688
4094
1
3907
1753
3268
3111
3468
2547
3766
1
2595
2405
1800
4094
2687
3409
1891
847
3185
1752
4094
1868
2402
3502
2196
1719
2218
2350
2498
459
1
1060
2122
1799
1923
333
2591
1605
1859
2615
2060
2094
2095
2361
1
1836
3207
1
2396
73
1589
1365
1
2470
2278
3253
3209
211
4094
1637
3827
2942
3838
2071
1485
3088
1929
1882
3141
2598
2674
3199
1351
1765
2146
1463
1
63
4094
3346
1
1075
2052
723
2803
3776
1
2089
2411
4094
2333
2684
2528
2008
2313
384
926
2978
3116
1
2089
2840
3188
1424
777
3008
1647
3024
686
2271
3790
1578
1994
1525
1763
2801
3792
2129
3444
3519
2768
1439
1
2491
4094
2906
2670
4094
4094
1344
667
2353
1638
853
1080
1823
1745
2462
2243
602
3490
2686
700
3379
2771
1236
1
2352
3213
2189
1045
1265
608
3052
1815
3663
1345
4094
4094
238
1
2355
2549
2135
1
1857
1856
2657
1470
3179
375
1302
867
436
1153
124
359
2698
1
4094
1
1181
4094
686
368
4094
2787
2610
3099
3116
680
1010
1325
4094
2748
1439
3130
4094
2494
4094
2226
1972
1817
2361
476
2480
2209
3669
1689
1045
3083
3761
2045
2382
1242
812
2672
2011
2608
3529
2654
2885
4094
2051
2601
2034
2134
3345
1
1
1550
1131
3161
4094
1986
2088
2711
3222
123
4016
932
2945
1049
554
1105
2167
2820
1851
1043
2820
1152
3457
2622
1492
1045
2462
2923
860
2180
3132
1098
3268
3221
2933
1163
2597
2096
2447
2399
2896
2293
1761
3211
1861
4094
3668
1932
2962
2849
1690
814
3536
104
4094
1029
2669
1937
2134
2001
95
1015
1213
1212
2122
2590
3245
3290
1
2562
554
1830
796
3711
2581
1966
2042
1331
474
1010
2520
2189
3741
3439
2413
1
2559
361
354
1831
1
3772
1248
2253
3667
2261
2542
4094
1734
2872
2351
635
902
1120
1
2388
4094
1848
2364
3320
1484
795
2045
2556
273
597
2772
1734
425
4094
4094
2597
2321
1
4094
1820
2218
4094
4094
2375
2086
1621
2355
3163
1380
4094
1
2032
1034
1
3208
1
2299
379
2535
1362
353
1122
873
1088
1
1295
3307
2086
1508
438
3887
1309
2964
668
2014
2926
1857
3452
1040
856
1301
4054
4017
4023
4094
2193
1552
3084
2559
3479
3153
3326
1797
2956
1771
520
2269
3005
2557
1
2267
1438
2027
2198
1420
1644
4094
536
1475
4094
4094
2062
2305
1893
3397
2701
1524
2609
1096
1601
3400
2980
3736
3161
2200
906
2843
1
538
1120
190
2447
594
2884
1442
4094
43
574
1
1524
2777
990
2342
3512
3921
1826
1242
1749
1667
1025
2192
1
1697
1399
1328
353
2132
1999
4094
2772
754
796
3094
39
1
1128
3945
1553
809
3202
1171
3008
520
2667
4094
2037
778
2488
2551
686
1010
1981
4094
552
3096
2176
1722
3243
2999
2823
1
180
641
1206
2263
1681
3467
2067
1038
652
2265
530
607
1
4094
2435
2267
3387
3568
1
952
1754
2466
3377
1130
1262
3204
1009
1274
2252
1
2042
1696
3046
1681
2687
4094
1880
1632
1447
997
1937
1835
2574
946
3044
4094
2430
4094
1225
2825
826
1296
3102
1
2966
2864
2164
1130
3133
4094
198
2277
2679
3270
1445
976
1184
2368
556
2837
2842
2697
701
973
1983
2076
1037
1833
3439
1383
4094
3196
1381
1061
944
718
1319
2517
3269
2494
1757
2187
1
1519
1292
1315
1
3781
1449
993
1291
4071
1546
4094
730
1208
2280
1775
1
565
452
3187
1013
3378
3692
351
616
2571
1113
2314
1
4094
1479
2139
3602
4094
1658
937
4094
1882
1296
2803
1412
4094
3655
4094
2095
1
1705
2094
514
1921
1
2384
2031
1400
1141
3378
3038
1
2768
1879
1959
1
3480
2093
972
2466
2454
4094
3107
2536
2162
3255
335
3781
3497
3010
3012
2975
771
2274
2882
2329
1264
757
968
3882
1635
2046
3883
2522
2178
2511
4094
2742
1963
442
2676
2716
2619
1491
981
2131
2409
1679
4094
1052
2085
2087
1012
1050
3435
1942
1
806
2657
1380
2405
3554
1044
3932
2276
462
239
1498
560
1868
1
811
427
657
2287
2114
669
4094
1452
2758
2418
227
839
1904
3975
131
3273
3727
2027
3658
228
4094
3728
3730
1647
3811
3837
2725
1148
4094
1025
110
1
2132
1516
2383
2592
4065
3721
2827
4094
3162
1187
2140
415
4094
1408
585
1543
2604
2401
3187
387
2007
2107
1770
2225
866
1
1698
1001
1927
1859
1533
2333
1413
1014
2269
1372
2284
2500
2295
899
2565
4094
1241
1381
2422
2620
1026
1
3636
2520
883
1074
1961
1764
1
1462
3855
513
1127
1
1737
2312
63
1162
1603
2260
2364
1363
2523
2692
1438
2798
3872
3345
2596
1485
3034
1103
4052
3272
2028
2873
3616
1586
3051
1476
3116
1622
1145
2876
549
363
1183
668
2456
2489
1
3032
2013
1593
1
2834
1330
3048
3732
2333
1943
4094
2406
3386
1506
3314
3689
6
2942
2133
4094
3540
1467
3770
1480
3843
1958
2802
468
1
3177
349
1
2600
2490
1205
677
1
2517
3521
1659
1939
1323
926
1802
3560
3187
2535
1891
469
114
2311
1542
2788
2036
1603
2090
935
1
3219
151
1205
2937
2278
3147
4094
1246
1
3780
1527
1
3276
1852
2384
1657
2982
3167
1664
1
1719
728
2540
2217
1229
2898
583
2764
663
1153
2548
4094
686
2563
3411
1075
1833
308
2072
2904
2411
3332
1655
1
3820
1
2730
1548
3131
2317
2320
3263
1136
3308
1977
3561
2359
727
132
1
1515
2229
2324
2563
3219
2687
1846
3144
220
3049
1127
2499
1956
2314
2903
2466
2265
3862
2508
1926
1720
1814
373
1330
119
2689
122
1972
1704
3629
641
4094
3559
1201
2239
1133
2770
3151
3919
1298
1688
1
750
2933
142
1983
3409
1
3788
3760
1160
1
1485
45
2381
2106
2323
3012
2458
2834
2861
2185
1105
3010
3995
1643
578
1313
2122
2534
4090
2121
1350
2352
3711
655
3928
1334
2165
2922
2969
1730
3648
2535
636
2784
1892
817
1528
3711
322
3363
1593
1852
2339
3535
4094
3993
1571
1
1471
933
1
3867
2428
4025
4094
1733
2353
1
2086
2444
2426
3650
685
1863
945
2430
2477
2124
1
3094
4094
811
694
1704
1579
1957
2462
1910
3753
920
3329
4094
1101
4010
4002
1401
524
2316
2271
3457
636
1288
2160
1355
1813
1816
2481
2667
3434
1
3281
1151
1938
2504
3193
3730
1
1962
2601
2179
2878
1180
2283
2494
2069
3069
2822
853
1393
3376
3420
3217
2593
2410
1291
1393
916
2219
1909
1613
3256
2493
1598
2779
1
1972
2232
1383
3627
4094
2022
268
22
2862
1269
1625
3208
1795
1273
2566
340
980
121
1285
1661
2512
3226
1465
3078
1350
2074
2059
952
2916
1153
4094
2584
1750
1726
3020
4094
2262
2456
1920
855
798
3973
2093
1150
1807
4094
2256
2546
1452
1562
2982
1462
3206
2458
3773
4094
590
998
2719
1229
1963
3452
2590
1534
1745
1
2157
848
2225
3276
1
1624
3417
4094
2312
1964
3010
4094
1129
2287
1457
1677
2955
2986
966
1088
1070
1507
4094
2926
3564
1
2373
1
2270
3722
1
1371
1264
859
2247
3336
1681
1816
3068
867
2873
4094
1318
2388
1445
2565
3081
3113
2583
1
1
3573
1506
1443
458
3287
4094
2494
3192
1686
2345
2587
4094
1935
463
2004
2643
2743
2822
2750
2286
1947
2080
1450
4094
1
2351
1
1845
3095
2508
1
2458
2028
326
3127
674
3514
1532
2905
943
3776
832
1281
1216
1238
3982
2751
2939
3327
893
1668
4094
3168
1556
4072
729
532
885
1786
3222
195
2952
2502
3722
3062
50
857
1699
1500
932
3029
4094
2573
3641
3812
2635
1688
501
669
1970
4094
4094
3255
2994
2288
2517
2867
1537
381
1971
1436
1492
2302
2649
766
3141
1780
1266
1969
2160
947
1273
4094
1660
2610
2896
2889
2969
2614
970
2777
709
460
4094
3252
3228
436
2256
3173
2136
1651
3288
640
4094
2922
2751
2164
4094
1987
1
1289
1225
3216
1398
2064
1
700
3050
1092
2195
3380
3339
1940
3001
4094
2721
650
1642
3078
3413
1626
3622
4094
1598
4094
1269
2076
3812
4094
3625
3668
1
1356
1766
3471
3379
1139
4093
1607
2820
1
1754
2967
3708
2139
1608
2133
2033
406
4094
3314
2616
2530
2671
3056
1132
2255
4094
2259
162
2722
4094
2989
337
2581
1695
3439
2612
1577
1190
3368
2851
3476
2084
3689
1371
1284
1790
2057
76
1157
2325
3456
1
1
1646
3430
1
2598
3547
1
3880
2154
1480
580
223
2207
3304
381
1544
201
4094
1928
2510
2141
3624
1940
189
336
1794
2205
3728
377
572
3205
2320
2273
619
3088
2050
4094
2738
3489
3919
4094
1677
301
2735
7283
9055
9472
5774
8502
1904
2202
1048
5849
7248
2302
6576
7311
792
9760
7597
6511
3284
6198
9605
4568
4304
10148
8267
6365
3792
3065
1923
917
8733
1611
8438
731
8080
3486
503
1007
5688
6882
5035
8374
2919
3992
8833
2939
6103
2947
3429
9940
7812
5385
7358
76
404
8432
2558
9741
3413
4455
9725
5831
3335
2089
4860
512
1987
7983
6634
453
7524
9130
4287
5423
8278
5296
8779
887
5112
5032
3378
966
1336
2960
50
6429
781
279
7449
10193
6149
7162
1445
1089
4890
5554
5744
6262
6792
7352
6902
164
6334
2011
10105
6357
7263
5440
3921
2064
4699
6150
4981
2804
9799
4313
1023
1756
7057
6108
2369
7160
1
6307
4091
557
4933
6165
7010
268
8837
9988
4793
1199
1366
4916
8123
3757
2777
4047
3265
5499
5272
5973
5592
1828
151
7373
7522
6098
96
1644
9235
9939
8295
3676
153
9757
9846
8
1812
10024
6449
4096
5290
9339
8771
8496
8061
1436
8197
4071
6566
5264
9201
5967
6955
3993
3713
8955
3771
4633
6564
4851
6355
9899
4870
55
1258
8993
8086
958
414
1078
1290
6902
8179
1420
6022
8551
3748
3375
1757
3761
2621
1873
6799
5109
6439
8069
5933
8574
9342
2027
8153
483
5007
1899
6473
9582
5162
2201
5889
3117
6554
2410
3575
4672
8856
2021
2968
4604
1837
10039
3208
1143
1327
2246
6266
452
6348
9329
9513
4380
3378
6727
4377
1750
432
9176
8884
4634
274
958
1765
1491
8899
2251
1871
9996
3047
8320
1609
748
3563
5244
4405
6691
2976
2881
1385
6133
7324
2907
3166
6504
1800
9304
5871
6374
2699
10151
6022
3987
4869
2409
323
1871
5904
3581
4708
1133
3314
8190
9531
7282
7732
3173
9639
5863
4925
6136
3381
9250
890
6851
3849
8241
8701
741
8232
230
6310
4467
9452
4048
7176
2039
6386
3920
3842
4299
614
524
8401
7606
7825
1261
7682
2491
4649
5938
7173
10197
2643
4607
1739
3687
9604
6970
6748
6175
2241
1909
7385
7810
7901
10184
5386
8804
7973
2812
7412
9049
4120
6343
3473
5365
391
6861
6203
9056
3543
5344
6800
4091
8674
9493
8193
10770
9514
9509
8965
9089
9177
9229
9969
8629
8193
11238
10548
12286
8193
10051
8287
11112
8193
9814
8750
8559
11530
10451
10078
9853
9271
11073
10552
9499
9730
9504
11123
12286
9064
11600
12020
12286
10018
9848
11189
9495
10204
11765
9413
9186
10842
10822
10846
8463
9969
11089
11329
10053
10632
9655
9302
12286
8581
10249
10495
11768
11385
8357
8193
10123
10003
8899
10267
11160
11934
11385
9094
10116
10838
10086
9330
12286
11965
9164
8532
10737
11416
10356
8829
10643
11665
9085
8861
8375
11157
11246
9634
12286
9710
9510
9629
9898
10784
9011
11189
9291
10317
10506
12286
9330
10507
11189
10223
8653
9893
9954
8941
10372
11562
8193
8302
12286
8439
8306
11021
10373
10863
9037
9882
12219
11221
11995
10155
9877
9415
11295
9296
11340
10666
8193
11345
12286
8695
12286
11389
10273
11460
10766
8193
10144
11509
9653
8233
10837
9950
9695
10519
9496
10526
8197
12163
9794
9774
9631
10886
10222
9338
11694
8193
10382
12286
9006
9527
11854
11418
9089
9652
9855
10386
10842
10318
9018
9799
10428
8643
9326
10848
10062
10871
11307
11099
11771
9832
8367
9444
8991
11230
9524
10637
8193
11588
8193
10955
9858
8948
10727
9942
10027
8719
10663
11162
9475
9266
10111
9180
11563
9765
9657
10421
11125
11248
11810
11373
10617
8895
9279
8535
8193
10026
9999
9514
10985
11034
12286
11209
8193
8776
10082
9742
11325
8887
11890
8193
8193
10080
8735
8611
12286
10869
10020
9328
10931
10696
11620
8991
9620
11160
8193
12286
11319
10348
9695
12286
10874
10680
8269
10060
8193
11469
8891
11111
9342
10905
11060
12162
10675
12286
8862
11002
9272
10465
11325
8193
10680
10940
9716
9738
10330
9727
11647
10444
10452
10920
10731
9691
10224
10693
9304
12028
11877
9547
11364
12286
10711
10931
12193
9882
9364
9055
10812
8248
9756
11673
12286
8193
10412
10229
12286
10629
11340
8193
10512
10741
11658
9198
12286
9251
10104
8696
10513
10925
9292
10744
11729
11945
8193
11636
8599
11632
10459
11049
11390
11390
10722
9340
10990
9434
11450
10253
9609
8244
10780
11234
9314
8745
10834
9857
10035
9734
11610
10377
9585
11033
9922
11879
8193
11591
10351
9686
11282
9110
11382
8193
10152
10700
9849
10169
10930
10113
8483
10928
11730
11876
12286
10513
9051
9056
10935
9552
10196
8193
9593
10762
8682
11063
10276
9311
8305
11674
10289
9723
11158
10741
8193
8193
8193
9794
10364
8193
9812
11127
12286
10224
12070
11505
10798
12286
9393
9708
8243
8193
9316
10125
8193
8193
12155
11532
11133
10853
10174
8193
11844
10758
9720
8193
11639
11998
10162
12129
10165
11652
8953
10515
8819
9297
11123
10080
10469
10766
12286
9780
10507
8193
10561
11096
9830
9885
10140
10686
8193
9414
11110
12286
10245
10111
8968
9294
10154
11421
12286
12286
11718
9673
9145
10708
11620
8694
9432
8662
9632
9841
12286
11061
8883
12286
11228
10195
10889
9604
12286
11259
8193
9679
9807
8193
8193
9910
9596
8193
11147
11129
10130
9773
9427
10323
10099
11668
10977
9814
11817
10978
8385
9266
11539
10695
11367
8311
9165
11192
8193
10727
10412
10804
9560
9562
9045
8300
11753
9085
8978
10583
9019
9342
8193
11583
10249
9867
12286
12286
11805
8346
11910
11791
8193
8738
9429
11351
8638
11684
11426
11369
9157
10201
10910
11488
9832
9317
11088
8411
10263
11197
12106
9970
9756
8738
9677
12286
9029
11188
10916
11428
9106
10233
9157
10704
11557
10772
8456
10058
12116
8998
9872
9509
9747
10038
10418
11999
10899
9980
11680
8539
9242
8275
10474
9965
10242
11513
10556
11575
9257
9031
10496
10459
11425
11856
9315
11645
11340
11742
10650
9942
8193
12286
10527
8643
9367
9344
10000
12286
8843
8193
11483
10355
10138
11205
12286
8839
10543
9909
9137
10011
11385
11373
10310
8574
9020
9926
11245
10131
12286
9108
8193
11605
9414
8530
10014
11198
12024
11991
10045
11449
9572
9013
8986
8953
11071
10554
11073
10399
11286
10936
11879
9696
10063
10993
9730
10099
8672
11143
8598
9234
11382
10556
10247
11603
11187
12092
10634
10889
10220
11631
10937
12129
8193
10391
11977
8808
9930
10536
10288
8291
11300
8836
12286
8957
10343
10392
10865
8193
8864
8193
10383
10266
8193
9615
8760
11486
10127
12286
9088
10013
12286
8193
8205
9623
11839
8936
12286
10058
12068
9729
8193
10862
10732
10854
9440
9699
12286
10170
11649
11607
9050
11286
11083
8193
9379
10673
9662
10020
10938
12286
9459
10609
11856
9472
9145
10463
8632
11685
9477
10660
9762
8574
12065
8800
8193
9892
8442
10629
11948
11872
11562
10847
9607
10840
12286
11117
10004
12008
10401
8813
9518
9689
11046
8208
12286
9355
11286
12266
11652
9107
9165
10066
10436
8291
9656
10273
12138
12286
12286
9408
8193
11903
10615
8466
9264
9237
9783
11239
10939
8193
11860
9932
10110
10842
11832
10684
11501
11734
12265
10708
12163
11350
11037
11094
11498
8736
10438
10866
10790
10289
11981
8350
12131
9913
11889
8890
10323
10984
12286
11002
11739
11310
9050
10544
12286
11708
12286
11480
12250
9464
10209
10461
10895
9644
12286
10472
9625
9894
11542
12208
9394
8996
11302
11553
10087
9370
12286
12227
10666
10531
10190
10007
10973
9621
10342
9250
8193
9570
11460
11244
12017
9177
11333
8339
8433
10323
10839
12161
10826
11230
10832
10366
10731
10794
10195
9090
10869
10809
11659
8641
8193
9653
8929
10537
9432
10193
9793
8193
11005
9977
10828
8665
9106
11336
9911
11120
9881
8193
10983
8995
11684
9841
10295
9967
10200
9251
12286
10378
11458
10450
10567
9820
10027
9887
10591
9996
11317
11645
9676
10971
9685
9785
9243
9374
8582
8193
10443
10602
11652
12071
8971
12286
9763
11878
12286
10526
9768
10275
9441
10142
10447
10264
10027
9276
10223
11291
8266
10868
8243
10316
9717
11302
11137
9000
10637
10517
12191
12155
10799
11654
9595
8672
10921
10256
8822
10533
10737
9129
9621
12136
9353
9187
10128
11503
11248
10414
8193
10155
11527
10169
10812
10598
9633
11411
9722
12254
9405
8193
8893
11886
10587
8193
9631
10741
12286
9429
8212
9404
9226
12286
10883
9869
11816
11249
8193
10957
10632
12286
11135
8536
10977
8435
10064
8782
9312
11243
11250
10820
11190
12036
12205
11564
12286
8556
10868
10220
10131
11253
12286
10196
8434
9620
9561
11903
10159
11456
9779
12286
8916
9282
10199
12286
9745
11965
12062
11045
9756
11722
9613
10598
8454
8196
10555
9566
10711
10403
12286
11941
9317
10503
11603
10525
9628
11942
9574
11009
9997
9253
9662
10742
8193
9622
10829
11607
11400
10007
10488
10677
8476
8569
11391
8356
10309
12092
11699
9705
11349
11062
9847
10148
10548
8193
10095
9732
11194
10042
9475
9731
10002
10711
9501
9751
10511
11136
8928
9072
10170
9812
10932
9299
10131
10723
10163
11680
10775
10103
11846
11580
11360
12286
11169
12286
9970
9290
10948
10857
10714
10549
9470
12076
10545
8269
10650
11292
9407
12286
11173
10489
9022
8193
9072
8560
9004
10217
8243
9213
9152
12063
9417
9521
10119
8193
8576
8193
11363
8423
12117
9229
12286
8238
10162
8193
11201
10107
10338
10016
9921
12286
9884
10776
10336
10805
10577
9233
10249
10152
8648
9180
8255
11933
8996
9999
9144
10411
9427
10642
10986
9098
8208
9658
9338
11681
12286
10883
11719
10735
10031
10917
11598
11252
8742
11405
9228
8193
10273
10273
11256
12021
8559
8193
9649
11766
9778
9873
10024
10829
10154
11588
10638
10011
12286
12137
12286
10221
11655
10047
10981
11680
11510
10705
10207
11055
10053
9754
9961
10369
8251
9421
10302
8582
8193
11643
10584
9703
10131
9156
9792
12286
9500
9613
8193
11832
10617
11374
10151
11397
10494
10679
12286
8686
10966
10763
10229
9730
9130
10583
10894
12286
8366
9099
9591
11224
9792
8583
10809
9261
8193
12045
9879
9379
11740
10467
10293
10916
10702
12286
9037
9403
10498
10211
9752
10242
10983
8806
8193
10348
9699
10416
8492
11322
10104
9489
11742
10981
8193
11878
8771
10556
11975
8397
9879
9310
10384
11853
9329
8193
11079
8193
11198
9657
10592
8226
11836
9307
10275
11628
9885
10192
9860
9056
11342
11514
8193
11683
8367
8193
10360
12286
9915
11409
8544
10821
9567
8747
8193
10838
10396
12286
9618
8766
8764
12286
9737
9146
12286
12286
10496
9754
9775
10898
8193
8311
10432
11885
11458
8900
10920
10502
11891
10834
10887
9419
10307
10779
10061
10605
10455
8417
9367
9707
9381
12286
9966
10839
8938
9212
8699
10597
10435
11639
9086
10232
10187
9278
12249
8826
10462
11160
8705
8613
10219
10863
10498
11556
12286
8193
11273
12286
9859
9681
11432
9479
10265
10165
9481
11834
9800
9553
12286
12286
12121
11548
11037
12286
9799
10748
10515
10873
9548
11201
10793
9114
10899
10163
9871
10773
10757
12286
8838
10202
10379
11129
9334
8193
10597
10830
9966
10617
8867
11130
10274
11133
12286
11857
9330
9133
9941
12286
11548
11480
9192
11644
9651
8193
10546
9662
10313
11661
11646
11751
10141
9697
9694
11644
8632
9392
9001
10016
9797
9268
11449
8193
9752
8987
9270
9869
8931
12214
9491
11948
9441
9953
10372
12033
10409
11388
9677
12286
10914
11325
9035
11341
11191
10012
9147
10751
11788
9930
12286
8596
8193
10616
11348
9474
12205
9077
9755
10655
10384
12286
11515
9500
9438
9882
9316
12286
9228
10386
9592
10530
10838
12286
8353
11129
11002
8934
9617
8193
8837
11702
12286
9024
10022
9611
9952
11829
12166
11046
11834
10971
11457
9879
8891
8716
10160
11582
9701
10806
11627
9076
11771
9392
11382
10044
12286
8193
8193
9725
10945
10045
8966
11271
10398
8750
11898
11999
10192
10735
8193
9472
9737
9209
10526
8193
10213
10796
11821
8458
11616
11845
8193
11000
9882
8988
10714
9490
11261
10113
10445
11821
8980
11016
10818
9022
9880
10118
8616
11477
11594
12127
10716
9173
9205
8948
12286
12195
9686
10539
10726
9852
10501
12286
12286
10451
11626
12103
9033
10386
10128
9956
8193
8610
10167
11416
9830
11729
11636
9882
12286
8385
10399
10558
10726
12286
12286
8372
10822
12286
8713
10415
8193
9771
9622
11943
10761
9390
9085
10958
12174
12286
8258
11363
8701
12286
8610
10758
8858
9903
8193
11457
11278
10942
9462
10316
9894
10307
11479
9753
12286
10530
9716
10320
11581
8193
9876
8193
10235
10350
8791
11840
10763
11712
12039
8512
12286
9347
9490
11676
9921
10588
10447
8815
12132
11434
9421
10097
9749
11740
11591
8193
12286
11956
12286
10621
12286
8193
11295
9940
12286
11277
11840
8374
8711
8604
10203
11168
10616
10907
10550
9827
8871
8834
11109
9788
10687
10755
9605
8731
10963
10875
11384
11125
12286
9629
9948
9965
10732
9943
10885
10143
10021
10435
10690
11502
11445
11693
10708
10152
10279
10795
10239
12286
8578
11725
10517
12286
10099
8193
9973
9247
9815
8435
10397
10886
10206
8809
10834
12285
10192
8193
9317
10833
10885
8773
8193
10711
8193
9013
11752
11579
12286
10946
11973
8446
8945
9746
9475
10042
11326
12094
8988
10461
10264
10930
10402
8193
10586
9170
11494
11350
9447
12171
10330
8260
8798
10360
10089
9613
11935
12286
9613
11899
10343
8996
10039
8457
8988
12286
9555
10590
10597
10838
10181
8636
10438
8193
12286
8449
11193
8193
10925
12286
8605
11613
9267
10870
8193
10141
9725
12038
11259
9998
12286
8193
12286
10822
9996
11088
10108
8219
12251
11711
8925
9402
10912
9137
9442
8674
12286
10261
12286
10960
12119
9524
9035
9365
11542
12286
10983
12286
10129
10878
12286
8193
9357
10656
12286
10575
11460
11928
9038
8193
8551
8193
8837
10533
9843
12286
9620
11774
8519
11624
8672
9422
12286
11921
9432
12286
10830
9217
10495
8907
8301
10041
9856
11039
9336
8923
9767
8730
11098
11317
8501
11760
9503
10378
11598
9486
9172
11360
9701
12286
11122
9738
9763
9122
11651
10180
11786
9861
11252
8704
10465
11377
11658
10003
11425
11649
9592
9677
9965
8913
8435
8746
11775
9625
10853
8981
9757
11948
9468
9302
8512
12286
11559
9549
11261
10840
9055
11561
8793
11081
8715
9323
8371
14746
3174
1903
13390
15047
18393
5176
11875
13166
12347
4420
16511
12029
5403
11545
20771
22127
8913
18793
2223
21475
3082
10440
15342
2710
16559
5393
18575
12113
13753
772
16514
18883
15847
6050
7345
18962
14724
7524
21866
766
18135
17851
14174
22200
1158
2191
22451
12883
16271
20947
14945
10653
11294
4159
22374
392
6006
6819
8655
4195
18733
6592
16311
19725
6672
20642
21239
11433
19810
22117
16771
6432
16943
15788
4091
19858
19041
11119
14086
17195
4297
15845
19650
8760
2818
2673
6320
8315
16145
10561
4751
6061
16606
43
17080
11775
8765
21366
5228
22249
4641
18072
16423
14928
21204
8276
4542
4369
20162
19041
19560
5305
18619
1971
4997
17750
1454
4402
1880
14503
19919
6576
4796
13966
20852
5221
9466
3384
1227
21131
6853
1340
17861
4605
2430
2713
3595
3055
21528
18593
10394
13314
14113
7467
12871
1571
5925
17816
21433
21919
11176
7508
20656
18918
19793
16060
3695
9915
2434
14413
10406
8226
8545
1800
20138
12619
20904
17615
21158
7622
5059
16556
3534
8947
12887
19131
10314
14843
3735
3588
598
18081
14646
19000
9868
6544
15490
3124
4852
6174
13700
9127
372
1755
20298
13041
78
18517
14941
2248
7737
21015
22008
1315
11939
5297
1565
21749
13491
20632
17812
10626
2277
10643
9584
4753
16673
8178
20840
23546
23349
22089
23410
23355
24287
23043
21975
24117
21504
21432
20481
24380
23374
24496
20915
23089
23652
21816
21188
23465
21632
23562
21964
22264
22191
23591
23838
21578
22867
20971
22505
23654
22639
21819
22328
21629
24574
23035
22112
21763
24574
20879
23496
20481
23402
23099
24574
22802
22890
22405
23239
21570
20961
21129
23233
22247
22554
22516
23380
22857
22048
21696
21168
20906
22134
22984
21062
22815
20994
24075
22716
23707
22366
21423
24256
22582
24425
23099
23903
23666
24516
24137
21453
23989
22685
22797
22549
20930
23670
23682
21582
20735
22546
21272
21990
22563
23265
21478
21081
24316
22941
22173
22020
20616
22162
22900
23087
23163
21668
22388
22520
20481
24441
23125
22195
23479
22857
22761
22632
24052
21942
22862
23295
21762
22418
23028
24279
21462
23843
22130
22445
22188
23165
20827
20923
20481
22608
22407
24574
20481
22601
22818
22790
22313
24077
22440
23049
24574
22612
22750
24453
21230
21977
23237
24293
22893
23684
21590
21503
24574
22035
23883
22542
21153
23454
22796
22494
23910
22927
22667
22456
24528
22451
23223
21684
22707
23248
21739
24519
22578
22837
21481
20881
23987
23211
23365
24051
24506
22484
21973
21768
24574
24574
21493
20718
21206
23798
21474
20877
23665
23150
22022
21600
22034
24403
24574
20843
23191
23173
21787
20867
22915
21864
23470
24305
20484
24176
24161
23826
20977
22260
21829
23107
23543
23090
22699
22193
22770
23200
21777
23142
20481
21923
23264
22695
22597
21822
23642
20481
21961
22240
22334
21955
22700
22348
22012
22071
22253
22446
22883
23345
23298
21948
24574
20481
23186
20787
23811
20481
22941
20842
23568
23290
22655
22018
23422
22315
24574
22980
23381
21884
22422
24574
23645
22151
23715
20481
20481
22637
21413
21787
22044
23102
24422
21646
22791
22203
23469
21832
22683
24392
24574
23948
22016
24447
22319
24432
22915
23713
21046
21670
22643
20754
22145
21353
22518
21705
23735
21527
21037
23503
22892
22930
20481
21575
23573
24574
23691
22729
24574
23623
23021
23107
22313
21902
22925
22957
22940
24007
21416
23653
23704
21554
22935
23741
21791
22509
21891
21482
23099
24574
22451
24574
23676
22994
23544
22881
22197
23967
24322
23407
23490
21678
23769
22330
21581
22264
23092
21999
21660
22643
24574
20510
23413
23475
23605
24574
21884
24574
22646
21621
22503
23563
20481
22087
22697
21953
20481
20680
22152
21098
21942
21312
23314
24574
20814
22392
24574
22114
23710
22587
24574
23500
21516
23896
22779
22725
22252
22200
22136
23322
24574
20481
22909
23621
22250
22877
24019
23029
21126
20748
20797
21967
23487
24574
22407
22906
20481
22278
24531
21790
24151
24574
21384
21202
22737
21459
21122
20976
21576
22274
20887
21952
22049
24574
23273
21497
24574
21200
22548
22621
21590
22298
24497
22695
21812
24313
20481
21837
22476
24574
24119
22512
21790
23595
21964
21929
22808
22136
23979
23225
24574
21275
23951
22753
24574
20929
21271
20481
22372
21633
22032
23383
22684
23064
21747
23800
24574
23471
23393
24249
22203
24386
22371
23787
22448
22677
23414
22114
21578
22551
22038
23045
24213
21668
23167
22386
20481
23246
20966
22212
23015
22263
23447
23775
21100
24482
21686
22607
21177
22150
22920
22562
20481
23431
20793
24348
20804
22936
21530
24033
24574
22416
20481
22582
20481
22110
24574
22012
20481
22852
20481
23985
24114
22109
22746
21629
22406
21895
21722
22653
22835
20927
24574
21239
23069
23974
21714
24574
21989
24574
24149
22452
22889
21376
22659
21966
21268
23423
22943
21826
23588
21222
23704
21970
20775
23392
22641
22107
22695
21526
21769
22253
22793
22290
20735
22933
21719
21971
22221
22797
24574
23141
21954
22856
21390
21623
24499
22393
22350
21658
21020
21716
21900
22339
22197
24031
24036
21567
22251
21059
21672
24574
23720
23051
23647
20481
23083
21825
24574
22105
21619
21654
21946
21968
22694
24258
22710
21316
21272
24430
21413
22310
23310
23087
22748
22467
24574
21648
20506
21753
22640
20481
23638
22357
20580
21276
22363
22028
23649
23630
24358
21571
20902
24574
23005
24247
21786
22632
22281
21022
20481
22442
20481
22137
22796
22666
24261
21098
24574
21744
20570
22659
23717
21518
22164
21317
21178
24574
20775
21720
21587
24153
21719
22147
22512
24574
22472
21712
22290
23807
20660
22250
22524
23514
20481
23518
20795
22741
22963
20960
20979
20719
22445
20588
22282
21830
21957
23409
23557
23194
24567
20905
23963
22369
24574
21980
20481
20481
21011
22150
21760
24203
23387
24498
21986
24476
22916
21507
24574
22804
20481
21771
24574
21642
24574
22330
20481
21213
24176
22868
21892
23240
22177
24574
20481
23598
23536
24352
23694
23832
23884
23875
22738
22280
21913
20481
21630
22544
20963
22315
21804
21104
23672
24027
21678
23846
21731
22060
22226
24252
24011
23599
23256
24533
24574
21520
22475
20759
21120
23474
23523
22942
22846
23376
21855
22695
24574
23579
21493
21268
23452
20481
24574
22632
24574
21638
22666
22850
23093
24048
23299
21787
24098
23049
23873
24226
22526
21066
24303
23593
24574
23492
21657
21104
22063
22463
21673
23770
23338
23984
20481
24574
23038
24060
22505
21719
23119
24574
22892
22870
21759
21283
24484
21628
23919
22091
23475
23010
24345
21164
21544
23526
22022
22060
23210
23298
22107
22971
20866
20481
22244
24350
23312
22846
21591
23759
22678
21557
23334
20481
23397
22108
22556
22097
24279
22766
22577
21772
24045
23097
23996
20937
23035
22503
23771
24574
23434
22361
20481
22675
22298
21030
22041
23249
23557
22364
23624
21717
20481
24574
20797
21840
24574
20741
23128
23389
22280
20619
24574
23998
21673
22522
22248
22684
22298
21793
24574
23030
20733
24413
23082
22275
23083
22801
23210
22431
24202
20511
24574
21623
23464
21644
21842
20877
23334
23117
20944
23800
24574
22225
22861
23273
23140
22083
23467
21581
21931
24574
24574
21653
23026
23527
22362
23287
22077
24482
22817
23643
21741
20481
20481
23117
24574
23022
22402
23402
23033
22894
23519
21787
22797
21759
22755
23133
23601
22084
23196
23658
21323
21155
22356
23741
20614
23931
20481
22983
23607
20481
21721
23116
20481
21896
24574
24423
21247
23887
20481
23010
22485
20672
21777
24574
22635
23964
22148
23643
21530
22601
24369
21773
24204
22512
24574
22235
20481
23082
22043
24574
24028
22878
24413
21454
21500
22693
20648
22939
21812
24051
22428
21389
21797
23922
23454
24574
23861
22635
23749
22905
23166
21911
20607
21934
23592
24140
22454
20481
22833
21795
21319
22322
23212
22893
23963
23129
21235
22094
20481
20920
20946
24267
22402
23698
24574
22427
23013
21044
21778
20863
20650
22790
23336
23317
24574
22774
23856
22176
21948
20481
20481
23832
23679
22203
24062
23761
23375
21889
23024
22332
23659
21165
21402
24574
22542
23780
23917
24329
23750
24574
23577
22454
20827
23004
23216
20998
21974
23719
20481
22799
24086
21413
21134
23334
20481
21120
22270
24574
23824
21743
20700
21905
22988
22366
24055
23852
21991
24574
21965
21489
22316
22581
20874
23119
23788
23435
23387
21524
23147
23340
22766
24167
21835
24407
22495
20683
23631
24323
24154
21914
21258
23814
22864
23413
22525
21138
21062
24444
23359
24277
23116
22340
23139
21085
21157
21771
22841
23427
22523
21970
24413
23101
23449
20481
22526
22122
21283
20481
20907
20481
24130
22956
22145
23770
20768
22908
20949
22236
22724
24177
20481
22650
21769
22984
23344
23603
22789
21426
22869
20948
21125
22646
23336
20481
24196
23332
21192
22165
20481
20481
22434
24557
21436
20709
24134
22406
22811
23457
22687
21465
20581
23623
22270
21359
24233
24193
21542
23596
20539
23214
23689
23798
23223
23614
23623
21963
21202
22721
23365
24574
21957
24574
22619
24231
23658
24136
24574
22988
22544
23578
22566
23683
21572
22509
20683
24019
22676
22852
21587
20654
20979
22740
22176
23016
22623
21528
22842
22865
23604
22501
22218
23960
23961
24056
23526
23413
20481
20672
23561
21881
21099
24574
21954
23307
21674
24574
23316
20582
21508
23863
22564
21457
22277
21778
23350
22403
22854
21898
21238
22521
21753
21341
23656
21138
24574
22170
20481
22414
22961
21158
24431
21702
21684
22366
24574
21554
22288
24574
22960
23295
22017
24574
21740
21516
21739
21982
22999
20911
23867
20982
23365
23342
24443
23902
20481
24088
22436
21493
21626
23624
21283
23933
23267
20481
21953
21705
22754
21780
23482
20481
22355
21532
23343
23925
20481
23035
23104
21768
22376
23305
21593
24574
22910
21546
23080
22792
20762
23038
23681
24427
20481
23270
22361
22174
23002
24525
20767
23958
23451
21650
22535
20481
22664
20481
24420
23622
22107
24574
20481
20481
23915
20966
23707
22735
21281
22120
20481
23108
22385
21731
22635
22831
22738
22286
22859
20481
22312
24574
23844
23196
22360
22297
22461
22569
23255
22684
20868
22418
22560
21907
20799
24209
22619
22056
21714
21361
21410
21437
23780
22455
22586
23160
23105
23338
20481
24227
22182
24574
21311
21869
23017
23638
24529
22109
24051
24097
21687
22763
23220
23016
24574
24574
23952
23477
22434
22927
21879
21614
24574
24148
22457
24574
22075
22203
23772
22546
23097
22835
24018
20949
21745
21982
22944
22345
22847
24532
22353
22641
22963
22154
24080
20481
22170
20766
24574
22444
23853
23198
21589
20700
22367
23495
24157
20492
22598
22673
24574
21059
24131
22613
22379
23398
21776
20481
20481
23468
21309
23484
22514
21323
24209
21847
23445
22920
21590
22938
22406
23287
23162
22676
21403
24574
22336
21033
21025
23358
20516
21217
23702
22564
24237
22255
20481
20481
23243
20784
20481
24574
21716
21722
22260
21413
23566
22751
24574
22562
21345
24574
24067
22928
22730
23202
24156
24018
22204
23621
24574
23523
23148
20481
21981
22407
23125
21967
24574
23795
23870
22917
21501
24339
23949
20909
20676
21002
23425
21450
22551
23109
22300
23265
23042
22850
22493
22591
21949
22509
21321
21122
23053
22062
23552
23544
21544
22510
21621
22672
22574
23127
20481
22549
24574
22234
23054
24574
20481
23808
23020
22407
23173
23723
24574
21123
23997
20776
22084
22067
23194
22121
23419
22843
22216
21944
21735
21852
21638
21718
21099
21864
23287
22483
23826
22309
24574
23179
20541
22158
24574
23135
24112
22493
20481
23734
20481
24320
22660
22170
24232
23578
20643
22775
22003
23141
22473
20481
21267
21790
21757
21598
22962
23086
20481
24574
21253
22248
22664
24243
21575
22074
23375
23221
24096
22418
21194
20481
22401
20953
22347
21118
24069
23753
23037
21880
21045
22097
22399
22538
21123
22618
20481
21122
22912
21950
22310
22156
22272
21345
22728
20768
24282
22792
22135
22092
20991
23097
21747
21796
23145
20566
20891
21033
22822
23388
24540
23160
23529
24118
21238
21276
23255
24574
23228
23712
23039
23814
22098
21866
22330
21089
21487
23046
23594
23145
21698
24574
21204
23415
20821
22207
23596
23464
21693
23968
22311
22434
23718
21382
22373
21024
23840
21535
20625
23149
23621
24549
23510
24574
23440
24151
22603
20481
23788
20481
24172
23252
24253
21194
21917
22072
22042
20481
22351
21810
21890
22191
21141
22164
22799
20481
23104
22363
24060
22531
22031
20481
24020
23327
23083
20765
22341
21645
22235
23657
21125
21168
21649
22076
23212
23389
22109
20481
22651
22005
22473
22798
24574
23507
24574
24057
20943
21260
23372
23376
23812
24574
21207
23403
24574
23402
21668
24045
22701
20942
22587
22935
21690
21923
23152
21524
21595
23628
21294
22866
22453
23619
23398
22207
22376
22156
22071
21254
21698
23668
20621
22175
22554
20819
22649
22145
24574
22204
22351
23615
24565
22359
20481
21391
21865
21903
23135
21583
20984
24137
21320
20868
21583
20766
23574
22091
21883
24574
21914
24574
21703
23585
22739
23059
21055
20481
23358
23682
21923
22480
24574
22515
22246
21437
21964
22926
23427
24574
24476
23832
21636
22373
23128
22281
22214
23899
23617
22237
21403
23335
22834
23070
22268
23857
22850
24523
22241
23046
23067
23830
23266
23455
24036
22581
24574
22675
20867
21894
23644
21014
21851
20481
22830
20893
20481
23413
23147
22783
24461
22488
22974
21409
21233
23107
22820
21836
23125
21479
21602
22002
22641
23810
22506
20481
20481
22556
20918
24434
22342
21821
23670
21765
22420
22160
22218
23279
22308
22506
24574
22958
22790
24574
21770
20481
20815
23617
21574
20929
21562
21338
23086
22015
22147
23551
20481
23148
23594
22923
22183
22268
20481
24574
20481
23411
22083
22253
22431
22222
20845
23073
21326
21250
20481
21323
21446
21051
21928
24159
22396
21135
21549
23583
23294
21012
21958
23449
22129
22870
23554
22665
23907
20481
24296
21221
22951
20571
22304
23383
24470
21665
21913
22259
22425
22943
23940
22980
22454
21923
22454
23359
22841
24565
21412
22991
24574
22395
20481
21878
20973
21879
21599
23361
21584
22034
22452
24574
21858
22422
20591
22462
22549
24574
22306
21459
22329
23571
20481
23417
21470
21281
22242
23829
21572
24028
24574
20795
20972
24574
22717
22838
21567
22608
22897
23316
24574
23440
22812
24045
22973
21123
21489
22102
23642
22328
23749
21200
21746
22346
21489
22498
20736
22290
23927
22385
23599
22687
21675
24574
21507
23137
23802
22763
23592
22935
23389
21403
24380
21522
21769
24574
24574
21971
23208
21748
22209
20481
23339
23228
22872
20701
22560
20827
21165
21253
21820
22450
23254
22879
22089
24299
24416
21102
21231
20653
21560
22217
23701
22032
23163
23686
23114
21604
22106
22616
21636
21414
24574
21061
22432
20481
21528
22361
22595
23702
23367
23289
22850
23586
20899
23557
22822
21182
21518
21092
23981
20481
24574
24471
24448
23959
21068
22833
24122
22084
23054
24574
22097
23712
23053
22714
22928
23119
22754
24257
24574
22903
24574
24574
22028
21111
23293
21283
22930
23077
20481
22336
22035
21819
22234
22139
20859
22944
20481
24424
24356
22962
23698
22236
22159
23126
22792
23004
20481
22656
20481
20671
24023
24574
22832
21826
23924
22596
24574
20932
21104
21581
24574
21301
22321
21750
22111
24335
23166
22302
22500
23820
21433
21212
22474
23115
24461
24008
21708
24574
24340
20864
23818
22383
23489
23510
23646
22066
24574
23544
21527
23588
23920
22511
22928
22484
20958
23867
22715
21780
21012
22866
24419
24004
22729
22531
22741
22745
22889
22644
21623
22331
22289
21830
23592
21342
22298
22524
22430
21701
23794
22470
23646
21452
21987
20481
23444
24547
24050
22691
20793
22030
20481
24492
23580
21676
22923
20693
21894
21522
23142
21954
21204
23487
21456
21074
20481
24402
20481
23661
23590
23447
24574
22045
23039
24574
22493
21804
22742
20597
22002
22414
21022
22662
20481
21482
24003
23399
22985
21275
22419
20481
24344
23376
22813
22089
21543
22357
22219
23098
24033
23858
20510
20481
22356
24574
22832
21958
21686
23310
20481
20815
21851
20481
24380
21902
24041
22679
24574
22155
21681
23228
21784
23900
21106
22900
22584
24525
23913
23260
22104
24574
20958
21441
22363
20915
23138
22891
20481
22680
21727
22240
20481
21210
20978
24389
20866
21313
23998
21160
20481
24561
20481
22996
23079
22881
22900
20481
22600
21295
22726
23073
22165
22797
21591
21948
21186
23329
22040
22960
23774
24395
22768
21973
22517
23839
22706
22753
23455
23965
23375
20901
22541
24376
23453
20657
24574
20481
24574
21694
21841
22418
21181
24318
24078
20481
22027
22024
22837
22030
22867
23264
23789
24341
23660
23307
24053
23520
22978
23713
24096
23521
23250
21955
22435
21911
21158
22996
24250
21795
24574
22647
22776
23776
22078
21305
21858
22539
24574
23318
22288
23715
22279
23640
21192
24407
24068
23286
21440
21827
22686
20481
21538
23183
24574
22816
21906
22309
23445
20481
24574
21927
22007
22191
23524
20925
20481
21529
22157
22944
21605
22712
22501
23543
22126
21076
22907
23429
24250
21630
21256
23347
20725
24574
22670
21308
20481
24574
24574
21964
22638
23265
22052
23886
20582
23734
22532
23501
22794
21726
23313
22295
20481
22038
22842
22212
23634
22083
22730
21492
20588
20481
21835
23300
23240
22207
22559
20481
22173
22489
22373
22945
21561
23417
20828
20906
23429
20520
23279
22819
24387
22236
21786
20481
24574
21561
21962
23336
21157
22427
23993
23082
21221
24082
21728
20481
22089
22263
22125
23698
21007
22993
21716
21199
22310
21647
24574
23672
22903
22392
22425
21899
24574
20481
22175
21678
24570
21808
22209
22831
22242
21807
22524
24574
20943
20481
22328
24574
23252
21183
23737
24343
23344
20982
23707
20481
20481
23733
23440
20513
22321
24574
23446
23171
22243
22960
22289
24574
22449
21945
22617
22069
20481
23607
22717
24574
24574
21415
22920
20593
22716
23694
22088
22597
20493
23936
21435
21234
21168
20847
24574
21283
23609
23031
22005
23031
22159
21525
21194
22030
21548
20481
22624
24574
21284
21188
24244
20615
23227
23169
23158
22005
24574
22731
22371
20481
24316
22752
20481
23697
24574
23620
23392
20881
23692
23390
22502
22765
22713
21591
20960
21160
21641
21259
23799
22632
21660
22336
23089
23789
22901
22230
24574
23249
22314
22212
22740
20957
23248
23929
22121
22864
23438
23655
21082
22420
22197
22071
24205
22357
24057
24057
20481
23494
20837
20481
24574
20481
22972
20999
21177
20874
21860
23711
20923
22610
23876
22166
24479
22322
23569
22177
23542
21398
22024
20481
21584
21483
21038
22757
23383
22204
21896
22302
20812
20481
22670
20998
21045
24184
22946
22117
23254
22385
21587
22209
20481
23960
20481
23318
22305
23496
24501
22235
22867
21634
22440
20859
20538
21623
22451
24574
23116
24574
21074
21975
23626
20881
22566
23160
20652
24574
23490
21396
20481
22762
23618
21827
22250
24023
21312
22097
22217
22910
23702
23199
23801
23102
22933
21161
21974
20481
21476
23220
22463
23565
22184
20481
22203
22627
22788
22183
23900
23834
20639
21719
21540
24496
20661
22248
22549
24237
24179
21803
23286
20481
20481
21077
22898
20481
22522
22916
21522
21697
20481
24423
23378
23932
21567
24500
22136
24443
21797
23092
22542
22041
22452
21532
24574
22473
22188
23964
23399
22871
22622
20992
24574
22917
22133
22020
21355
22515
21609
21261
22305
21910
23937
23456
24083
22272
23734
23741
23296
23593
20481
22444
23997
22062
24151
24495
22357
22366
23834
20481
22933
21795
21100
24574
21696
24168
20584
24183
22364
21865
20481
23506
24244
21599
23170
22543
20937
23098
22470
22090
20740
21869
22419
22984
22813
20481
23846
22942
22839
23025
22184
24574
21989
20701
20627
21506
21769
21451
20801
22102
22400
23771
21802
24574
21544
23610
23454
21371
22938
20987
20997
22164
21722
21728
23803
23348
22873
23487
21301
21068
21069
20507
21369
22124
22403
23019
21841
23017
23293
21092
24574
20606
23982
22654
22645
23183
23256
22837
20481
20877
24359
20481
22178
23823
23872
20655
21248
21884
21060
22813
23835
21407
22688
24574
21316
21246
22578
24421
22194
24574
21643
22122
23251
21824
22346
21336
21432
22499
22061
22277
23352
20924
22785
22955
24074
22958
23711
21542
22166
22710
22509
24574
23740
21705
22716
23698
23279
22195
21566
22538
21234
23715
20481
21644
23017
22666
23562
22988
20481
23126
24117
22739
24574
21638
23812
22240
22051
20481
20481
23138
22494
22009
24434
24574
23598
22802
23684
21256
22910
21713
21957
23205
22235
20961
24574
21719
22758
24246
22238
24412
23679
23619
22266
24574
24574
20745
23741
22515
21341
24323
20832
22545
24223
21304
21846
20623
23115
22698
24425
21410
22983
20481
21671
22590
21982
22147
23931
24415
22099
23064
23737
21331
22681
21911
22944
24170
22907
21460
21728
21031
20621
21958
21949
20814
21531
22538
20481
21726
21830
22649
21930
22594
24143
24574
21353
24167
22437
22274
24365
20748
21190
24301
23889
22195
24574
22618
22953
24307
24207
22831
21955
22373
23113
22923
24574
20704
21040
22758
22316
23211
24200
23412
21402
22320
23824
20801
21983
21117
23835
22170
22888
21171
21623
21951
23586
21504
24574
24574
21926
22450
23411
22737
22571
22923
20481
23249
23494
24488
21257
23763
22776
22895
23099
21149
21190
22622
22371
22589
21337
22933
24312
24349
21399
22375
20481
23926
24276
22482
21473
24574
22307
23338
22002
21983
24069
23238
22733
22016
24574
21917
20907
24504
20551
22091
22826
20703
21017
20481
23944
22969
22750
22836
21940
22708
23493
22182
21990
22387
24029
22764
22696
22489
22799
23940
23716
22504
23649
22347
23522
22552
23236
24574
23251
22530
20934
24319
24574
21791
20821
22125
23148
21686
23131
20481
23675
23190
23897
22333
23083
24441
21600
22362
22564
20481
22949
23834
22544
22616
21502
21283
24015
21407
21644
20992
23274
23631
21379
22102
23242
24574
24281
20552
21799
22379
23570
22914
22543
23814
23009
22642
24371
22698
22246
24574
24574
22559
23178
21425
22983
23372
22897
23126
23083
20596
20481
23654
21708
23003
22692
21384
23560
24574
22508
22906
21669
21581
20481
23305
22993
22816
21304
24351
23618
22688
21813
20969
23678
20775
22514
20760
23748
22294
21652
20481
20526
22083
23488
23858
24084
23434
21317
21333
23207
23466
20993
23480
22805
24574
21980
23088
20951
24574
23082
22052
22337
22046
23378
24166
23088
20481
23693
22114
21472
22419
20481
23553
22660
20481
22123
20637
23011
23417
23329
23754
22443
22295
23515
23469
20481
21821
22169
22041
21066
20687
22749
22562
21767
22059
22743
23003
24574
22478
22349
21467
22036
23694
23749
22976
22312
24574
23616
22968
21089
23523
22511
20715
24360
22895
20623
21431
22873
20481
21884
24574
21653
23588
23047
22144
22267
22329
22967
24574
21745
22513
22071
23784
22201
22219
24574
23832
21483
22106
21735
23646
22903
24391
20882
21845
20481
22311
23334
21850
20993
23317
22911
22663
23881
21201
20716
22367
22827
22216
22835
22890
21588
20481
21422
23220
24087
23568
21670
23350
23722
22629
21687
23787
22808
23169
22590
22667
23295
23474
22811
22781
24574
23227
21672
24134
21701
21320
23536
20481
23680
22173
23604
22871
23366
23564
21604
24351
21061
23491
23220
20717
23558
22817
21865
23277
24574
24574
22712
21871
22076
23709
22642
22698
24574
23655
23250
21234
22323
23440
23184
22591
21584
23218
22512
22982
24255
23271
21898
21082
21743
20900
21924
24000
22979
23303
23630
23272
20865
23889
20887
23764
20578
22235
21997
23895
21783
20675
21955
23449
23921
24574
23350
21816
21448
21483
21503
23036
23200
21151
21144
23226
23087
22700
23373
22720
22578
20718
23032
20481
23547
22146
21377
22716
22397
23680
24409
23510
24230
23084
24574
22727
20481
24045
21868
21909
22721
23040
20481
22120
20481
20481
21446
21758
21658
22562
21421
23806
22136
23489
23104
20481
23689
22684
24574
22396
21677
23243
23910
23556
22266
22795
22891
22691
22787
21908
22336
23297
22388
22885
22109
24574
21529
22732
20481
20783
24427
857
5033
880
8874
3080
2699
4047
990
1158
3814
3679
13
4536
5019
6031
5993
1316
2380
9318
967
5152
8100
9929
3638
4060
6455
5387
10079
1248
693
8066
2449
2749
284
6407
2426
1383
4127
5261
7207
9790
2456
6199
9955
5978
9791
9091
4079
10207
7062
4222
4298
4441
2846
7138
8890
6186
5319
3773
6746
5660
1332
7096
3509
4336
4136
4046
5164
5573
8151
4331
8611
3186
9226
9170
7268
6098
9962
6831
1895
9053
6144
6919
4475
8057
4671
10035
7043
5101
3415
9664
3875
9656
4233
7854
2483
1664
6131
2218
2876
1488
1579
9332
4722
739
8318
7899
1080
3129
4229
224
9399
9177
8040
6730
9467
4711
1785
4076
138
4939
9472
8962
7624
5884
463
9410
6587
639
3445
4774
8143
1414
3167
8593
9813
1520
3949
7344
3424
389
3864
6654
6552
7529
5627
5682
8684
9713
6988
7006
1128
3558
5826
3881
9022
5903
9254
10114
4326
3167
4880
9422
1004
3285
2133
8241
1806
2990
1518
8413
8160
5408
8379
444
587
7180
9167
6794
5349
4629
20
1557
4582
6712
805
1939
1121
572
95
2297
1483
802
3831
9565
9890
7042
5514
3591
1165
4274
5096
5179
1166
3533
4781
9191
8776
828
7837
1779
7112
4352
1162
8526
350
6997
7419
6423
7966
280
9042
2869
5313
3444
9615
7178
5087
2008
3641
2407
4335
6114
2456
9940
3589
7570
9553
3658
3499
9
712
5808
8027
9338
1170
5918
1009
4358
4992
2521
6736
4754
4979
9904
6757
7921
1525
2598
10100
9044
3880
4459
589
10163
3979
1514
3571
6642
612
1400
4553
3185
4746
6651
8347
4870
2752
5659
7546
5615
8215
9894
1122
8126
1629
6935
9917
6453
8863
2069
3767
9092
2285
605
1261
4715
6096
2208
761
6933
1929
6146
9731
3133
4710
7085
6460
9305
3020
7261
440
8058
8912
7503
7835
2339
3171
1957
8886
8942
8126
4724
3650
6715
9995
5328
7441
8226
8020
6160
6830
1446
1894
8818
3964
582
4292
4998
4523
3694
7773
7999
8945
8783
4858
8024
5469
7277
6474
957
2234
9873
8353
5443
9809
5757
6983
3050
6816
8100
3729
9746
2444
1351
9435
4424
4688
5158
3808
4236
9512
3085
9581
5121
5865
6279
460
1376
5749
8257
6512
5776
5077
9522
7838
6646
4820
6232
159
3615
9645
6244
7276
6540
7450
3071
396
4808
1611

