30381
30107
31629
30497
31176
30894
30628
30254
31237
30988
30252
30824
30531
30171
30409
30816
30439
30242
30386
30775
30578
31043
30795
30682
30505
30540
30897
30258
29910
30129
30776
30378
31212
30082
30546
30008
30602
30457
29954
30429
31058
30855
30639
30386
29655
31019
31023
30544
30415
30426
30544
31596
30618
31584
30561
30730
30749
31520
30405
31305
30472
30309
30218
31045
31076
30328
30545
30092
31177
31538
30596
31233
30589
30428
29956
30680
31055
31106
30710
30961
30437
31134
31230
31008
30555
30462
30933
31589
30683
30601
30869
30725
30855
30442
31651
31327
30167
31239
30511
30677
30560
30744
29773
30003
30557
30993
30919
30525
30432
30143
30058
30710
30714
30177
30885
30789
30770
30282
30688
30375
29786
30431
30874
29690
30429
30574
30171
30905
30875
31376
30305
30513
31192
31299
30446
30252
30166
30129
30831
30518
30003
30440
30848
30983
31101
31027
31088
30854
30659
30897
30229
30912
30335
30698
30584
31014
31079
31245
31507
30977
30544
30105
29884
31076
31053
30937
30551
30382
30623
30445
30507
30748
29927
30309
30121
31237
29996
30024
29869
30844
30960
30685
30706
30298
30923
30777
30815
31045
30018
30665
31036
30544
30705
30436
30716
30767
30373
30603
31086
31132
30653
30970
31067
31477
30816
31173
31461
30455
30590
31150
30852
31124
30942
30175
30646
30020
30440
30658
31159
30293
31107
30392
30538
30314
30756
30930
30565
30341
30831
31146
30767
30210
30627
30271
30791
30663
29875
31694
30732
30890
31412
31163
30370
30694
30894
30971
30978
29964
31020
31390
31151
30654
30386
30694
30929
30928
30177
31162
31455
30890
30807
31130
31032
30680
30572
30772
31257
30706
30439
30158
30696
30340
30553
30545
30846
30850
30185
30980
30803
30976
30473
30526
30833
30761
30641
30752
30646
30522
30477
30637
30733
31464
30585
30176
31223
31588
30710
30623
30517
30358
30861
30268
30817
31786
30641
30293
30027
31101
31236
30729
30750
31208
31427
30571
29946
30368
29968
30391
30326
30707
31212
30432
30281
30647
32162
30800
30123
30757
31162
29906
30611
31119
30445
30885
30747
30553
30592
31560
30068
31228
29951
31333
30494
30958
31491
30285
30750
30832
31306
30771
30256
30980
31007
31212
30291
30510
30941
31540
30478
30428
31254
30236
30771
29633
30288
30749
31741
30969
31058
30378
31046
30676
30876
31198
31438
30586
30484
30541
30579
30394
30495
31026
30782
30738
30819
30610
30856
30460
30339
30175
31372
30891
30136
30759
30659
30770
30263
30791
31590
30739
30468
30551
30951
30973
30455
30720
30904
30238
30951
30802
31409
30221
31249
30172
30991
31291
30089
30455
30758
30963
29921
31284
30469
31529
30615
30910
30918
30655
30944
31292
31094
30618
30727
30385
30149
30909
30952
31006
31093
30895
31048
31138
30522
31024
30983
30412
30764
30905
31015
31002
30638
31135
30742
30539
31448
31090
29954
31741
31076
30005
30312
30938
30923
30702
30540
30458
30518
30293
30524
30728
31276
30732
30839
30795
30887
30045
30960
30898
31006
30392
30648
31310
30311
30315
30384
30571
30805
31050
30770
30692
30769
30339
30770
30412
30908
31188
30903
4551
17365
28366
168
19625
18586
3176
8132
23937
14873
29834
17952
24916
19868
28086
23242
20454
28570
16832
17200
11414
2937
20907
29078
28288
21366
2027
26537
27399
16449
9489
27663
20491
29978
2001
14708
15656
3487
15127
16485
6304
8064
29661
29788
2208
9311
24500
18097
30537
24004
21468
16374
1102
11867
177
31252
30386
30986
30458
30374
31179
31030
31108
30675
30088
30810
30794
30137
31249
30447
30854
31461
30226
30566
31247
30312
30835
30084
30779
30688
30942
30585
30590
30437
29828
30091
30602
30613
30565
30538
30979
31296
30680
30323
30573
30545
30259
31399
30864
30390
31329
30832
30924
31260
30455
31210
30065
30565
31185
30820
30404
30459
30724
30984
30785
31260
30539
31044
31267
31651
30903
30814
29931
30650
30351
30630
31147
30772
30250
30934
30643
31379
30009
31326
31681
30598
31076
30268
31256
30840
30692
30455
31339
30769
30843
30750
31176
30578
31091
30398
30537
30159
30707
30955
30823
31185
30077
30333
31024
30815
30352
30666
30465
31209
29847
30626
30993
31349
30422
30541
30971
31126
31516
30393
30269
30911
30087
30308
31222
30818
31108
31527
31355
30390
30700
29899
29991
30644
31088
31121
30167
30768
31033
30759
30563
30202
30309
30705
29917
31305
30636
31123
30388
30495
30611
30264
30515
30417
31459
30832
31083
31113
30189
30502
30509
29804
30655
31131
30663
31572
30305
30870
31278
29964
31003
31286
31053
30428
30178
30527
30680
31345
29718
30649
30494
30862
29734
30431
31123
31497
31016
30720
30619
30452
30569
30715
30989
30369
31040
30879
30270
30463
30837
30306
30883
30422
31166
30960
31643
31111
31037
30386
30526
30736
31326
31675
30957
30611
30991
30516
30811
30671
30964
31141
30606
30715
30577
30527
31184
31653
30501
30761
30294
31295
30823
30898
30949
31395
30683
31321
30533
29732
31111
31152
30732
31233
30624
29888
31452
30087
30885
30407
30784
30963
30543
31607
30813
30288
30198
31381
30627
31903
30677
31250
30572
30125
31048
30900
30784
30740
30703
31154
31409
30345
31246
30285
31124
30729
30713
30722
31286
31463
30650
30060
30033
30382
31386
30359
31058
30947
30267
30701
30709
30760
30416
30570
30332
30611
30948
30921
30839
30961
30844
31095
30733
30363
30675
31283
30917
30233
31069
31082
31328
30127
31269
31012
31485
30769
30797
30393
30945
30760
30698
30456
31179
30151
31230
30577
30954
30624
30110
31016
30782
31098
30934
31213
30926
30968
30800
30468
30583
31636
30807
31096
30801
30341
31112
30544
30875
30925
30982
31020
30457
30450
31189
31357
30801
30167
29818
30784
30887
30503
30618
31125
30907
31410
30625
30843
30817
30981
30841
30348
30597
30637
30766
30620
30499
30412
30868
30002
30546
30473
31290
31504
30227
30773
30655
31129
30542
30875
30626
30197
30256
30705
30639
30805
31537
30683
30454
30406
30732
30439
30424
30664
30699
30133
30857
30148
31527
30732
30361
31356
31471
31422
31169
31241
30589
30942
30830
30653
31226
30447
31299
30732
31141
31021
30782
29922
30212
30662
30649
30156
30441
30996
30510
30752
30767
30698
30811
30860
31206
30612
31278
30677
31014
30533
30080
30616
30623
30984
31090
30425
30500
30739
30215
31048
30640
30663
30782
31220
30735
30370
30631
30549
30481
30642
30964
30316
30761
30854
30634
31344
31047
30420
31380
30604
30609
30984
30560
30839
30969
30744
30917
30524
30747
30500
30324
30407
30107
31153
30369
31443
30319
31365
31243
30460
30535
30568
31455
29915
30613
30688
31171
31125
31060
30447
30700
29978
30355
30569
30700
30408
31015
30907
30436
30788
31243
30675
30910
30562
30910
30655
30900
31036
31156
30673
31104
30662
30824
31066
30613
30507
30803
30986
30494
30354
31632
30408
30443
30981
31304
30320
30281
30908
30939
30725
31115
31163
30586
30679
30864
30579
31081
31173
30403
31081
30765
31040
30267
30828
31292
30625
30890
30870
30205
30482
29926
30652
30847
31188
30217
31137
30546
31808
31129
30901
30478
30324
30777
30970
30931
30899
31539
30696
30713
30710
30671
30611
30666
30047
30364
31122
30250
30230
30210
30493
30615
29942
30563
30429
29958
30852
30945
30774
30970
30816
30397
30791
30728
30607
30275
30578
31081
30732
30752
30620
31355
30674
30788
30959
31402
31276
31172
30415
31298
30771
31133
30690
30495
30201
30775
30701
31014
30293
30411
30566
30073
30059
29868
30424
30277
30880
30821
30772
30795
29973
30751
31051
30563
30746
31139
31222
30742
30380
30754
30405
30198
31330
30205
30550
30113
31040
30901
30504
30766
30857
30994
31171
30685
30921
30571
31073
30383
30418
30705
31399
30726
30936
30044
30598
30908
31023
30572
30484
30953
30377
30610
30951
30856
30403
30822
30768
30157
30791
30707
31244
30445
31257
30116
30237
30790
30533
30992
30774
30928
30625
30943
30747
30459
30781
31517
30784
30744
30783
30411
30944
30811
30984
30985
30809
30913
31103
30384
30267
31230
31110
31397
31215
30221
31563
29975
31255
30354
30733
30398
31631
30656
30998
30285
30746
30704
31327
30760
30226
30363
31108
29976
30604
30572
30975
31706
30067
30343
31262
30063
30524
30661
30528
30541
30949
30851
30263
30845
30665
30275
30381
30566
31049
29903
30475
31078
31540
31180
30361
30782
30701
31088
31198
30820
30396
30558
30356
30735
31065
31312
31512
31054
31167
30516
30540
30847
30686
30554
30230
31052
31172
30805
30226
31357
30945
30308
30604
30852
30066
31260
31148
30298
31385
30420
30383
31225
30760
30881
31078
31011
30679
30138
30718
30906
31216
31246
31147
30437
30729
30354
30385
31229
31114
30994
30940
31122
30408
30948
31462
30319
30891
30555
29989
29927
30685
30813
30468
30425
30559
31032
30870
30506
30087
30695
31377
30667
30968
30833
30576
30686
29855
31327
31374
30702
30212
30856
30583
30425
30455
30721
30683
30644
30228
30362
30648
30592
30358
30710
30603
30115
29915
30439
30709
31028
31110
30521
31233
30344
30683
30965
31143
31749
30711
30577
30466
31118
29970
30769
29990
30672
30747
30153
30597
30949
30602
30598
30588
30607
31207
30405
30473
30464
30200
30533
30576
31182
30669
30457
30987
30627
30546
29712
30493
30774
30964
30693
30143
30082
30804
30819
30419
30722
30447
30076
30510
30545
30328
30889
30293
30998
30239
30558
30855
31407
31124
30382
30427
30275
31238
30821
30361
31142
30399
30606
30557
30276
30573
30518
30648
30916
32101
29998
30177
30441
30794
30725
30782
29887
29965
30763
30406
30418
30219
31468
30603
30405
30583
30892
30733
30702
30880
30272
31098
30745
30314
30558
30984
31102
31179
31637
29885
30767
30258
30504
30689
31431
30980
31388
30841
31002
30971
30368
30366
30256
30882
31130
29941
31042
30714
30739
29782
30591
31152
31177
30611
30989
30906
30246
30512
31334
30631
30657
30726
30690
30120
30767
30204
30091
30294
31345
30818
31158
31562
31267
30433
30734
30914
30911
30813
30650
30593
30923
30491
31354
30545
30725
30604
31218
30850
30328
30734
30371
31032
30171
30282
30627
30750
31097
30848
30980
29883
30599
30842
30896
29749
31419
30542
30476
31491
31004
30870
30275
30453
30839
30822
30641
30488
30739
30777
30551
30632
31137
31487
30271
30547
30879
30888
30830
30712
30784
30102
30565
30724
31145
30126
30010
30160
32106
30238
30505
30633
31275
30478
30709
30270
31294
30671
31221
30479
30426
30563
31291
30741
30571
30773
31621
30732
30596
30801
31059
30346
30566
30365
31297
30631
30911
30797
30308
30992
30392
30349
29962
30520
30630
30088
30722
30438
31219
30869
31560
30433
30564
30708
30636
30562
30627
30606
30465
30189
31361
30766
30702
30237
30588
30678
31006
30503
30413
30570
30402
31071
30620
30991
30986
29673
30969
31357
30368
30343
30408
31123
30746
30764
31192
30427
30592
30256
31549
31352
30465
30982
31531
30604
30768
30158
30579
29974
30858
30662
30351
31146
30984
31166
31614
30497
30618
30289
30506
30478
31067
30523
31383
30139
30845
30529
30840
30185
30253
31195
30469
31692
30413
30979
30957
30760
30567
30741
30610
30594
31362
31110
30860
30981
30274
30551
31048
30491
30954
30378
30521
30980
30653
31128
30736
29541
30555
30790
30224
30172
31333
30767
30468
30702
30654
30548
30414
30666
30517
30924
30879
30174
30133
31394
30933
30512
30662
30537
31430
30866
31130
30384
31394
30686
30360
30520
30737
30815
31166
30450
30080
30286
31321
31265
30238
30759
30162
30369
30812
29844
31576
30823
30309
31026
31323
31179
31466
30748
30744
30652
30663
31306
31257
31602
30974
30897
31246
30674
30179
30366
30922
30466
30717
31159
30610
30835
31262
30080
31215
30999
30500
31188
31111
30983
31417
30095
30262
30676
30468
31149
30735
30863
29931
31025
30513
30937
30806
31418
30471
30015
31192
30476
30627
30813
31193
31395
31150
30683
30266
29734
30977
30018
30163
30880
31128
30715
31192
30570
31186
30182
31166
31254
31387
30795
30371
30630
30949
30346
30844
31105
31752
30085
30424
30476
31219
31016
30450
30495
30365
30699
31242
30608
30290
30696
30349
30433
30585
30557
30820
30726
30928
30629
30307
30644
31084
30318
30533
31045
30583
30757
30504
29580
31066
30832
30239
30890
31542
31134
30969
30676
30821
30958
29893
30612
30024
31483
30585
30933
31247
30495
30467
30924
30535
30565
31142
30688
30280
31311
30263
30680
30755
31088
30837
30702
30927
30914
30706
30497
30317
30701
30413
30634
30899
30174
31064
31397
30291
30521
30429
30779
29982
31000
30074
30454
31638
30210
31393
30541
30607
30900
30723
31500
30964
30507
30970
30476
31017
30067
30349
22398
24480
11086
249
10602
16487
24066
16326
10000
18819
20593
131
5429
17885
407
24982
7741
18716
1249
29680
22944
951
12692
15084
27539
3906
7627
26825
29521
8094
8368
21248
14059
9441
9386
20359
8358
30083
19336
16658
17773
28040
387
20762
16613
3103
2018
446
28251
7014
29144
24996
24960
6200
8052
14096
26867
1659
4297
20944
15650
531
4327
27713
25003
16217
13566
15289
4883
11989
2929
10173
10993
7403
7455
10373
12098
22561
22219
27870
2220
9341
28796
3403
5298
17595
915
17188
8380
17003
6126
2913
566
28510
26547
15133
23625
11813
2590
2938
21583
7496
27389
16004
4866
13096
24043
12006
13220
8603
30371
5477
21349
17497
3460
11158
19372
29089
5488
2671
23765
1876
10446
5294
14303
6696
12481
15830
18658
30107
18997
21792
5397
16795
5442
20050
24744
27713
28372
4062
21230
14876
22614
10665
17138
55
29814
14289
23957
17850
6140
4014
7152
19755
24279
29082
12128
28915
12770
30644
30680
31120
31084
30584
30391
30934
30538
31043
30907
30225
30131
30643
30826
30502
30171
30071
30305
31272
30365
30745
31283
30925
30354
30514
31186
30772
30907
30780
31315
30557
30075
30823
30797
30866
30180
30839
31079
30701
30501
30364
30178
29991
30378
30904
30028
30686
30680
30444
30507
30669
31363
31262
30733
30909
30345
31020
30756
31049
30840
30805
30474
30798
30587
30436
30911
30724
30354
30473
31039
31564
31137
30942
30679
30420
30141
31645
30934
30635
30725
30483
30712
31758
30878
30451
30848
30354
30640
30818
31056
30170
30841
30988
31426
31502
30965
30587
30937
30759
30279
30218
30304
29653
30613
31324
31454
30911
31171
31188
30873
30760
30933
30431
30699
30661
31275
30972
31198
29642
30069
31541
30868
30209
31035
30285
30641
30682
30431
30317
30448
30513
30969
30440
30369
30306
30332
30689
30803
30263
30698
30840
30250
31088
30632
31178
30653
30501
30440
31191
30864
31131
29980
31016
30912
30837
31187
30443
30868
31310
30545
30729
32031
31802
30791
30762
30887
30812
30280
31429
31293
30634
30478
30662
31163
31020
31413
30376
29984
30789
30554
30888
30659
30862
30728
30700
30975
29880
30973
31206
29993
31190
30422
31207
31159
31377
30985
30712
30814
30761
30169
30842
30789
30655
30778
31556
30965
30265
30885
30658
30230
30336
30612
30816
30663
31515
31123
29905
30744
30842
29881
30857
30752
30408
30432
30621
30940
30327
30416
30689
30395
31186
31197
30493
30241
31320
31367
30368
30013
30668
30854
30582
30704
30957
30616
30348
30576
30692
30476
30708
30880
30862
30710
31824
30427
31135
30463
30197
31000
30840
31125
29871
30453
30775
30559
30981
30732
30204
30583
30443
30065
30663
30819
31628
31062
30750
31118
30675
30516
31998
30452
29970
30974
30031
30309
30636
31182
30213
31458
30893
31205
30919
31083
30798
31304
31168
30002
31421
30696
30901
30739
30972
31408
30454
30623
31351
31256
30946
31017
30994
31261
30680
30778
31355
29933
31230
30729
30886
30951
31244
30629
30554
30040
30973
31015
30872
30728
30105
30799
30912
30362
30807
30928
30736
30633
30118
31044
31142
31105
30964
30494
30556
31026
30982
30943
30770
31213
30393
30823
30600
30065
30364
30823
31089
30949
29964
30892
30498
30439
30382
30671
31024
30843
30519
30741
30881
31220
30155
30839
31148
30302
30505
30990
30843
31094
31350
31158
31148
30569
30511
30347
29483
30723
31041
30971
30456
31441
31055
31089
30813
30666
31005
31045
31279
30083
30150
30536
30173
30570
30706
30658
30265
31191
30790
29553
31079
30455
30352
31643
30789
31164
30015
30862
30682
30498
30625
30636
30483
30292
30544
30522
30692
31277
30157
31122
30725
30865
30402
31013
30810
30578
30454
30897
30596
30682
30977
30654
30963
31463
30423
30869
30644
30857
30962
31699
31384
30399
30498
30695
30542
30612
30780
29937
30539
30565
30615
30904
31443
30010
30597
30135
30599
30545
30654
31652
30257
30830
30652
30477
30940
30473
30828
30243
30422
31122
30809
30923
30556
30580
29906
31093
30548
31855
31312
30519
31032
29772
31090
30312
30551
30585
31138
30275
30528
31007
30056
30858
30042
31111
30895
30235
30394
30592
30606
30473
30676
30798
31052
31303
30270
30772
30889
29950
30187
30870
30986
30377
30454
30265
30798
31233
31195
30712
30590
30726
30909
31001
31004
30594
30500
30946
30559
30046
30689
30452
31013
31254
30981
30931
30782
30922
31072
30707
30861
30685
30612
31640
30637
30742
30082
31095
30376
31118
30993
31049
30574
30555
31094
31291
31083
30416
30390
30622
31253
30930
30208
30663
29892
31460
30693
30678
30079
30466
31354
30996
30902
31285
30335
29864
30532
30896
30605
30808
30708
30441
31162
31356
31354
30920
30434
30930
30278
30759
30576
30438
31453
30465
30450
30233
30455
30110
31223
31516
30376
31149
30878
30754
30811
31396
30564
30427
30512
31149
30386
30782
30282
30618
31137
31127
30871
30889
30449
30629
30471
30694
30805
31232
31405
30991
30418
31757
30727
30455
30859
31139
30665
30985
30378
30908
30545
30597
30654
30713
30961
30848
30894
30092
30370
31009
31083
30680
30956
30762
30588
30811
30908
30586
30719
30260
30608
30609
30595
30849
30380
30353
30653
30045
30655
30473
30669
30858
31063
29987
30747
30868
31189
31063
31079
30762
31176
30500
30846
30148
31027
29877
30840
30251
31467
30930
30933
30797
30695
29962
31492
30822
31714
30545
31114
30424
30251
30353
30417
31030
31385
30515
30380
30172
30051
30888
30106
30878
29891
31129
30662
30682
30965
31105
30723
30443
30628
30460
31238
31246
30761
30445
30219
30700
31787
31108
31009
31126
30349
30621
30487
31035
31133
30628
30531
30566
30937
30359
31428
30658
30689
30902
30827
31015
30733
30774
30532
30426
31087
30911
30050
30666
30395
30804
30443
30417
31267
29925
30316
31047
30838
31215
30457
31291
30227
31385
30863
30840
30672
30948
30629
30874
30640
30865
30537
30667
30827
30995
30922
30712
31696
30156
30061
31005
30556
30644
30189
30871
30276
31164
30742
31234
30497
30579
30395
30731
30846
30178
31335
30563
30636
30680
30525
30129
30597
31143
31173
31289
30279
30560
30681
30627
30641
30662
30962
30864
31647
30594
30363
31027
30575
30448
30440
30983
30940
31061
30185
31360
29842
30787
30895
30289
31461
30930
30775
30278
30695
31069
31292
30196
30740
30709
29986
30639
31067
30142
30938
30615
30427
29890
31099
30114
31364
31292
30399
30953
30753
30942
30718
30194
31423
30649
30970
30651
31010
30928
29801
30872
30847
30819
30803
30565
30370
31393
30977
29517
30609
30814
30435
30376
30626
31242
31315
30520
30668
31532
30884
30819
30950
30782
31145
30720
30086
30188
30636
30620
30685
30116
30878
30414
30982
30625
30914
31147
31010
30812
30588
30486
30727
30198
30749
31670
31065
30516
30330
30871
30551
29835
30049
30919
30439
30615
30650
30679
30286
29798
30147
30973
30940
30187
30890
30504
30996
30159
30622
30845
30439
30800
30756
30946
30148
31464
30701
30358
30928
30514
30001
30417
30191
30454
31035
30958
30199
30922
31062
31275
30618
31448
30594
30924
31127
30135
30860
31061
30942
30955
29895
30979
30979
30980
30575
30951
30764
31110
30698
31137
30969
30359
30414
30169
30960
30880
30595
30553
30540
29856
31000
30989
30713
30844
30423
30242
30796
30912
30884
31190
30302
30116
30979
30600
30389
30899
30612
31061
30572
30789
31429
30911
30969
31332
30470
30912
31510
30559
30745
30804
30308
30170
30278
31062
30341
29548
30599
30523
31291
30509
30862
31049
30679
30817
31070
30401
30476
31305
31257
31211
30784
30571
30244
30751
30682
30556
30680
30145
30825
30357
30819
31019
30891
30715
30144
30480
31165
31242
30126
30879
29911
30830
29765
31011
31203
30921
30601
31189
31064
31712
30107
30947
30988
30735
30028
30685
30114
30631
30713
30016
31531
30169
30163
31463
30581
30258
29984
30608
30062
30846
30743
30227
30654
30357
30463
30929
30315
30405
30431
29973
30973
30698
30702
31083
30266
30942
30471
30666
30749
30672
30855
30833
30784
30809
30461
31734
29788
31303
30455
31028
30933
30826
30166
30824
30776
31092
30319
30577
30316
31244
31119
31697
31177
30206
30902
30728
30834
30456
30602
31142
29881
30742
30147
31656
32002
31655
30652
31344
31154
31227
31335
30665
31290
30118
30312
29870
31042
30858
30946
30640
30952
31101
31264
31181
30524
30495
30849
30094
30650
30705
31438
31098
30333
30408
30617
30006
31074
30798
31120
30888
30697
30873
31229
30429
30954
30680
30919
30342
30309
31117
30279
30957
30303
30912
30809
30728
30222
30677
30057
30353
30280
31095
30276
30577
31145
30450
30392
30857
30414
30533
30719
31342
30763
31024
31188
30483
30421
31313
30872
30554
30773
30683
31136
31482
31116
30224
31190
30474
30772
31148
30771
30877
30881
30952
30948
30487
30687
30448
31379
30657
30110
31366
30325
31655
30863
30756
30710
30987
30487
30343
30761
31082
30194
30947
30885
30710
30676
30792
30571
30039
30181
30379
31108
31424
30798
31334
30578
29985
31391
30997
30946
30727
30891
30914
30423
30815
30480
30567
30476
30781
30974
31008
31081
30938
30535
30257
29941
31326
30767
30490
30454
30413
30235
30465
30384
30767
30882
30814
30557
30036
30732
31289
31649
30183
30298
30644
31713
30800
30641
31345
30541
31034
29929
30741
31030
31041
30910
30548
29891
30760
30268
30707
30947
30929
30192
30391
30579
30356
30365
31570
30455
31867
30872
30728
30402
29816
30971
31021
31379
30418
31007
30430
30192
30422
30229
30639
31343
30577
30945
30765
30662
30307
30756
30210
30584
31031
30615
30428
30236
30180
30689
30515
30345
30809
30915
30753
31274
30539
30431
30676
30373
30274
30510
30461
30949
30696
30446
30494
30677
30442
30248
30840
31001
31021
30357
29937
30972
30758
31174
31088
31004
30312
30792
30674
30719
30773
31157
30299
30626
31268
30257
30900
30444
31018
30907
30668
30558
31433
29940
30506
30681
30456
30574
31006
31308
30932
30545
31484
30685
30831
31078
31252
31484
30005
30996
30047
30706
31063
30847
30214
31071
30954
30325
30557
30013
30627
30323
30558
31226
31165
30211
30041
31119
30768
30714
30544
30572
30510
30663
30242
31123
31017
31328
30575
30171
30547
30863
30450
31837
30326
30513
31041
30629
31028
30762
30716
30838
30712
30437
30209
30802
30544
30468
30703
30592
30154
31189
30493
30336
29879
30603
30680
30059
30925
30832
30607
30971
30735
30725
30741
30526
30542
30792
31044
30535
31547
31114
31437
30832
30350
31022
30417
30632
31114
30638
30749
30253
30693
30720
31193
31767
30508
30512
30134
29960
30478
30737
30434
30724
30983
30803
31080
30948
31003
29687
30825
30989
31064
30944
30686
29895
31443
31265
30852
30056
31104
31191
30850
30109
30645
30655
31428
30683
31035
31077
30491
30859
30956
30324
30953
30768
30864
30704
31129
30897
31444
30764
30481
30321
31188
31085
30878
31257
31274
30259
30190
31033
30891
30885
30173
31025
30513
30484
29868
30224
30575
30263
31545
31056
30966
30366
30892
30143
30675
31109
30677
30410
31056
31012
30448
31016
14765
4582
2205
5598
23708
6613
4519
12288
29925
28175
23254
26799
11183
15478
10361
7522
25658
399
22727
5707
5377
23051
22683
10078
23174
6602
26469
29368
21729
9467
11046
963
7524
13803
29542
4668
29545
29643
1256
12926
5142
22258
20975
14264
17179
25123
19218
29340
19920
23790
24109
30606
27630
21918
18835
28675
18221
12341
19950
20373
19939
3479
5893
10939
12228
3179
8523
16314
26004
8213
13800
11366
21532
15096
13686
26025
21280
20101
3782
9512
30662
19251
653
4231
9472
1890
28974
1371
3870
13191
10525
2041
5740
29688
26344
17614
12576
16446
24931
13373
19821
18664
4973
23002
8881
29699
4088
19004
25339
2335
22898
4922
2193
4202
3951
9230
29057
4292
4772
6129
3420
17384
26899
3196
7525
3135
4200
11611
6591
28882
26474
2085
21384
5188
24535
28666
3761
1493
10675
2965
27880
25715
23342
19084
20341
5584
5391
2179
30398
22479
27343
7769
29665
9809
5190
15906
1923
16336
3552
28692
6800
4793
13397
25472
5886
5382
14693
10031
10481
30023
1671
22818
3988
28180
18700
16033
31211
30788
30394
30561
30628
31122
30729
30685
31095
31559
30611
31031
30214
31132
31034
31082
31125
31301
30282
30202
31153
31275
31201
31192
31169
30996
30684
30895
30751
30551
30578
30156
30276
30674
31282
30261
30309
31182
30762
31157
31175
30812
30638
29969
30396
30744
30800
31190
30788
30958
30730
30795
30688
30526
30010
30489
30812
30633
30206
30013
31368
31185
31399
30365
30782
30482
30389
30628
30942
30362
30486
30912
30571
30579
30554
30192
30942
30112
30695
30115
30794
31014
30887
30759
30618
30782
31179
30990
30683
30454
30685
30870
30685
30018
30904
30021
31024
30569
30280
30329
30773
30563
30088
30611
30836
30518
30556
31108
30820
30279
31093
30364
30565
30447
30781
31105
30087
30622
29962
31440
31260
30844
30743
30988
29741
30737
31424
30941
31109
31067
30332
30555
30726
30195
30270
30444
30985
30508
31012
30583
30611
31033
30973
30450
31104
30070
30476
30800
30628
31462
30431
30834
30403
30062
30034
30425
30945
30435
30708
31121
31549
31589
30540
31184
30945
30822
30256
30336
31187
29973
30472
31503
30164
31187
30291
31358
30332
30459
30670
30645
30178
30877
30875
31215
31507
30781
30489
30358
30650
30958
30879
30568
31227
30435
30844
30473
30841
30796
30236
30629
31132
30560
31164
29885
30869
30476
30823
30575
30741
30690
30414
31065
30524
30808
30381
30688
30523
30257
30676
30978
31428
30808
30488
31145
31035
30927
30022
30458
30938
30641
30148
30682
30738
31093
30775
30286
31278
31185
31695
31599
29741
30278
30699
30759
30227
31300
31512
30523
30654
30426
30713
30983
30684
30810
30295
31049
30958
30989
31265
30659
30786
30785
31474
31076
30789
30480
30658
30564
31152
30833
31187
30732
30575
31555
30579
30557
30845
31011
31052
30345
30826
30491
30236
30615
30699
30720
30015
31012
31450
31373
30861
30917
30121
30440
31319
30658
30374
30357
30074
30791
31063
30614
30431
30893
30454
30128
31386
30494
31575
31330
30738
30683
30035
30743
30657
30837
30406
31563
30979
30491
31300
31289
30992
29726
30652
30474
31836
30869
31010
30739
31066
31025
31106
30646
30214
31073
30995
30215
30924
30900
30819
31041
31324
30361
30632
31423
30375
30638
30630
30740
31175
31334
30932
30979
29885
30788
30511
31268
30200
30532
31080
30278
30712
30899
30087
31108
31695
30786
30745
30437
31800
30457
31148
30964
31001
30669
30565
30425
31186
30044
30973
30951
30783
30630
30920
30609
31032
30899
30723
30905
30506
30297
30613
30827
30987
30424
29914
31080
30952
30520
30213
31102
30311
30292
30413
30908
30556
29822
30925
30932
31038
30741
31197
31152
30577
30560
30591
30980
31109
30825
30745
30799
30389
30733
31001
30769
31094
30515
30611
31159
30665
30472
30795
30331
30200
30277
30633
30863
30603
30904
31561
30691
31365
30699
30563
30593
30580
30254
29740
30814
30272
30811
30732
31782
30665
30465
30878
30923
30767
30761
31362
30695
31377
30418
30341
30284
31085
30629
30496
31114
31029
30171
31239
30793
30130
31044
30162
31092
31634
30762
30367
31056
30867
30726
31292
31024
31642
30649
30652
31236
30433
30993
30031
30671
30692
31408
30720
31342
30249
30217
30691
31325
30577
30855
31323
30682
30581
30351
30903
31606
30256
30859
30312
31073
31047
30392
31612
31153
30045
30961
30487
30767
30306
30657
30757
31184
30643
30959
30653
30642
30675
30373
30402
30641
30851
31027
30348
31301
30757
29958
30167
30435
30421
31302
30546
30127
30775
30899
31235
30972
30627
30178
30880
30521
30772
30741
30377
29995
29884
30932
30801
30626
30546
30816
31051
30980
30926
30910
29659
31391
30964
30524
30857
30782
30432
30099
30771
30566
30441
30262
29878
30857
30963
30351
30930
30930
31142
30693
31231
30235
30102
30790
30994
29978
30720
31160
31463
30854
30869
30543
30827
30340
31368
30738
30639
30477
31427
31480
31380
31060
30608
30329
30626
30344
30222
30642
30305
30222
30998
31045
30311
31601
31379
30389
30755
30713
30264
30931
29861
30776
30910
30278
31261
30406
31109
31062
30761
30110
31493
30036
30099
30386
30332
30891
31064
31041
30808
30168
31363
30974
30759
29381
29800
30860
30949
30478
31243
31139
31965
29923
30161
31107
31011
30670
30439
30329
30606
30560
30962
30940
31374
31405
30809
30479
30673
30348
30670
31383
30191
31107
30694
30879
30425
30500
30809
30806
30212
32310
30711
30176
30203
30700
30624
30256
31045
30900
30386
31163
31220
30493
30617
30736
30901
31182
30593
30634
30792
30900
30374
30434
30211
29788
30118
30644
30950
31007
30767
30436
31330
30882
30272
30852
31136
30411
31006
31899
31174
30795
30674
30698
30606
30677
31098
31119
30773
30418
30766
30611
30597
30909
30345
31672
30479
30281
30844
31144
30076
31286
30779
30462
30959
30350
30510
30916
29936
30439
31230
30931
30763
30133
30451
30706
30247
31158
30655
30546
30562
30290
30957
30789
30443
30369
30689
30934
30685
30580
31101
30277
30314
30973
30473
30831
30829
30577
30901
30684
30634
30584
31237
31387
30837
30470
30488
30799
30376
30803
30151
30679
31227
30219
30414
30950
30631
30070
31452
30604
31277
30155
30040
30700
30881
31224
30601
30994
30651
30248
30311
29840
30658
30446
30762
30663
29770
31244
30278
30577
30492
30471
30930
30063
30928
30626
30997
31351
29449
30655
30505
30080
31328
30280
30086
30559
31349
30320
30705
30788
31317
31131
31444
30819
31048
30317
29898
30164
29633
30739
30672
30909
31682
30976
30753
30706
30490
30678
30309
30750
30902
30700
30756
30380
30213
30596
31015
30859
30353
30404
31214
30858
30450
30496
30544
30432
30498
30637
30970
30422
30992
31173
30393
30303
31423
30860
30846
30536
30667
30985
30432
30334
30846
30420
30204
30504
30557
30285
30527
30273
30786
31141
30760
29964
31298
31029
30838
30380
31199
30655
30731
31417
30401
30525
30863
31030
30814
30352
31162
30678
30520
30781
31031
30660
30573
31215
31747
30508
30608
30568
30736
30570
29809
31008
30455
30445
30386
30461
30706
30474
30775
30352
30988
31833
30668
30675
30899
30757
30326
30686
31250
30067
30256
31218
30545
30953
30122
30429
30579
30819
30008
30159
30769
30438
30994
30772
30626
30806
30873
31264
31109
30494
30339
30842
30913
30267
30097
30298
30820
30658
31328
31253
30007
30176
31483
30423
30119
30488
30016
30501
30712
30734
30976
30752
30414
30055
30756
30432
31784
29610
30718
31100
30299
30153
29987
30422
30898
30623
30531
30595
30734
30841
31081
31112
30410
30762
30120
30741
30894
30652
31038
30403
30722
30447
31182
30580
30515
30454
30004
30571
29908
30206
30532
30369
30339
31249
30689
30691
30472
30707
31128
30546
31113
30426
30336
31131
30182
31308
31157
30129
30501
30507
30629
30338
31003
29517
32079
31272
30122
31155
30382
30662
29997
30563
30523
31031
30490
30847
30922
31311
31113
31167
31129
30649
31463
30286
30851
31493
30281
31360
30786
30772
30825
30911
30884
30611
30584
30189
31336
30560
31279
30674
30565
31002
30913
30299
30347
29710
30850
30993
30502
31046
31163
30712
31357
30683
30831
30373
30562
30626
30418
30995
30729
30774
30878
30346
30845
30491
30602
30311
30652
30306
31279
31179
30296
31321
31254
30722
31068
31030
30698
31002
31262
30806
30502
30683
30811
30728
31136
30847
30691
30361
31189
31263
31433
30902
30874
30638
31286
31171
30229
30968
30394
31298
30244
30955
30609
31097
30452
30697
30340
30293
30721
30893
30024
30855
30734
30776
30373
30925
31069
30630
30469
30885
30967
29979
31404
31036
31117
31160
31227
30018
30622
30352
30519
31358
30668
30624
31240
31315
30889
30590
30396
31292
30960
30231
30498
30676
31175
30468
31627
30262
31275
31037
31269
30238
31279
30429
30645
30972
30366
31141
30997
30474
30300
30931
31090
31062
30134
30773
30294
30535
30806
30592
30118
30287
31293
30041
30681
30576
30849
30886
30737
31595
30446
30926
30645
30885
30992
30400
30665
30858
31170
30172
30451
30961
30479
30813
30767
30332
30470
30801
30355
30861
31000
30908
30499
30426
30807
30695
30603
31086
30392
30161
31175
30344
31326
30765
30303
31507
30368
30465
31445
30491
30944
30726
30361
30197
30928
30865
30547
30735
30679
30621
30836
31429
31546
30503
30758
30154
30406
30886
30967
29665
30905
30424
30486
30109
30677
30409
30507
31316
31131
30247
30987
31614
30560
30744
30876
30662
30389
31170
30725
29950
30541
30660
31541
30674
31733
31034
31175
30770
30832
30294
31081
30849
30521
30515
31286
30191
29779
30330
31463
30118
31061
30502
31247
30654
31548
30443
30358
30692
30974
30330
29887
30353
30761
30862
30387
30595
30887
30671
30479
30559
30995
30422
31277
30719
30546
31015
30448
31130
30903
29842
31194
31078
31004
30960
30737
29950
30915
31386
31121
31365
31590
30851
30730
29901
30875
30119
30630
30052
30955
31037
30408
31483
30693
30764
31004
30782
30299
30819
31462
30813
31284
30740
30786
31450
30282
30968
31314
30744
30359
30319
30915
30641
30290
30606
30803
31457
31023
31252
30048
31087
30455
31119
30565
29643
30261
31160
30881
30959
30464
31270
30981
31054
30943
30859
30151
31079
30525
30424
30349
30174
30194
31250
30333
31122
30820
30872
30767
30196
30353
30980
31115
30272
31018
31964
30845
30887
30668
30447
31732
30233
30343
30633
30502
30610
30234
30427
31194
31095
30962
30492
31085
30973
30324
30277
30894
30151
30400
30836
31041
30389
31027
30767
30639
29997
30649
31604
30167
30727
30401
29803
30092
30572
31176
31547
30721
30392
30782
31293
30132
31404
30727
30963
30914
30557
30997
30379
30615
30659
30610
30582
30797
30188
30585
30905
30507
30941
31251
31025
30689
30265
29898
30411
31063
30542
30613
30322
30487
31085
29824
30306
30585
30308
31045
31000
30274
30345
30645
30919
30360
30012
31018
30294
31038
30067
30918
30767
30900
30596
31137
30119
30980
29972
30550
30166
31393
30843
30880
30420
30671
30991
30645
30863
30855
30219
30743
30161
30396
30559
31357
31168
30549
30058
30854
31650
30912
30472
30556
30850
30947
30975
30700
30069
30701
31530
30884
29688
31264
29992
30850
31071
31067
30765
30573
30175
29970
30645
30803
30088
30874
30609
30456
2940
8134
7067
8628
8001
4134
6005
651
7453
5434
479
9725
1088
1022
7581
3165
1330
5674
6366
8742
3714
2239
1617
1952
3987
1403
2017
6782
3406
7272
7119
2622
9481
6549
6229
5731
9604
9369
4175
76
2236
7866
4368
901
5967
8902
9636
2805
8649
1582
6751
5612
1753
1547
2178
10233
9657
6799
740
3917
2134
8915
2371
3577
2494
9280
3683
5706
571
5094
8549
3451
1663
7721
6748
7676
8668
9255
9728
5041
604
9571
7443
9430
4337
6986
10042
625
7516
694
8651
8886
6669
1117
3384
1810
6369
615
6643
7518
2444
2885
910
9199
7195
3852
5492
4036
8566
7834
6909
10232
9227
1529
1177
8374
10072
1857
9926
3122
6041
5166
3122
10126
10197
6728
199
1456
822
4216
3040
6769
8710
7632
3826
7132
6070
224
4544
7773
2616
9067
2245
4778
2698
9798
2592
249
1576
3654
1067
7506
1403
3370
6549
2797
758
7467
1713
7368
8575
3666
6451
485
6463
1348
10144
4330
8360
8270
3506
10163
9107
715
9698
3623
5863
5333
10385
10740
10270
10640
10388
9614
10267
10544
9664
10218
9316
11160
10267
11110
9239
10496
10068
9690
10115
9853
10205
10406
10074
9900
10031
10414
10295
10348
10658
10348
10042
10392
10149
9534
10351
10062
9965
10662
10948
9837
9479
10275
9589
10112
10191
9942
10437
10229
10243
10330
10354
10574
10032
10122
10526
9792
10110
9568
9045
10525
10280
10529
9159
10133
10020
10365
10416
9491
10749
10406
10220
10781
9407
9950
9948
10031
10669
9340
10408
10318
9873
10253
10728
9950
10002
10599
10053
9907
10230
10621
10393
10355
10373
10059
9672
9931
10968
10976
9925
10069
10285
9856
10105
10398
9947
10277
10324
9890
10900
10261
10571
9653
10589
10149
10006
10221
10354
10431
9816
10713
9872
9931
10613
9873
9935
9815
9968
9975
9907
10389
9985
10250
9810
10120
10019
9439
10582
9577
11097
9826
9299
10139
10199
10273
9828
10462
9917
10508
10669
11149
10120
10777
10555
9934
9758
10211
10250
10563
10456
9977
10109
10188
10338
10599
10173
9585
10279
10431
9340
10620
9633
10414
9922
10096
9514
10045
10529
10524
10833
10669
9726
10075
9236
11155
9364
10451
10388
9995
10888
10662
10231
10174
9845
10260
10746
10698
10399
9342
10338
9703
10606
9750
9854
10174
10365
10716
9763
9968
9885
10595
10289
10152
10447
10148
9348
10236
10921
10009
9662
10374
10622
10408
10267
10286
9940
10073
10365
9762
9670
9540
10401
9734
10522
10685
10386
10025
10558
9940
10395
10166
10772
9908
10156
10260
10600
9515
10003
10330
9998
10186
10628
10161
10934
9009
10284
9653
10654
10933
9814
10364
10483
11110
10073
9767
9722
10532
10598
9799
10624
10504
9790
10054
9835
10237
9359
9807
9949
9811
10340
10573
10087
10532
9519
10182
10038
10386
9932
10642
10605
9852
10312
10325
10176
9860
10029
10314
10496
9346
10118
10641
10303
10492
10200
10020
9887
9900
10074
10687
10088
9767
9829
10489
9286
10382
9201
10165
9438
9886
10310
10587
10587
10568
10333
9632
10131
10454
10263
10264
10345
10242
10429
10851
10415
10556
10486
10205
10452
10551
10816
10659
10584
10110
9928
10341
10886
10660
10391
10825
10208
10321
10188
9880
10535
10034
10605
10667
9928
10026
10485
10659
9811
10469
10245
10418
9877
10050
9631
10793
9909
11154
8985
10735
10657
10180
10765
10386
10295
10782
10615
10333
9823
9941
9800
10574
10529
10542
10405
9830
10208
11230
10160
10132
9898
9829
9966
9782
9900
9977
9933
10023
10240
10334
10243
10447
10459
10318
10420
11031
10315
9637
9768
10659
9989
10498
9981
10109
9773
9678
10473
9557
10320
10712
10110
9968
10198
9851
10307
10343
10499
11161
10571
9883
10739
9719
10560
9228
9679
10596
10634
10060
10438
10247
10779
10799
10545
10155
10594
10583
10942
9873
9993
10010
10605
10057
10437
10158
9714
9494
10146
10693
10555
10550
10168
10208
10487
10305
10773
10801
10569
9523
10478
10040
10795
10460
10576
10349
10394
9601
10130
10509
10059
10279
10138
9571
10355
10147
10134
9417
10141
10510
10896
10212
10427
11064
10647
10361
9497
10087
10117
10919
10719
10203
10615
10711
10836
10194
10032
9819
10357
10571
10263
10165
10338
9640
10559
10564
9397
10676
10258
10193
10804
9809
10450
9831
9882
9797
10212
10555
10036
10361
10225
10713
9967
9873
10115
10255
10118
9999
10717
10100
10437
9818
10424
10989
10982
10095
10135
10477
10093
10464
9978
10510
9461
9039
10294
10152
9851
10056
9724
10780
10055
10609
10528
10408
10839
9776
10431
10062
10153
9888
9817
10436
10312
10045
10655
10062
10226
10692
10653
10285
10203
10328
9592
10154
10752
10429
10157
10178
10811
10689
10179
10621
10501
10110
10761
10019
11013
10360
9428
10665
9997
9632
10667
10416
10147
10334
10281
10249
10228
9961
10215
10080
10185
10027
10080
10340
10705
10070
10025
10026
10738
9803
10224
10079
10078
10430
10031
10164
10171
10549
10988
10500
10012
10646
10834
10560
10242
10729
10403
10568
10871
10076
10521
10089
10005
10120
10022
9813
10746
10237
10036
10507
10199
9803
9977
10423
10232
10574
10543
10049
11308
10171
10813
9775
10841
10130
10266
10121
11002
10369
10647
9984
10377
10871
10196
10306
10301
10641
10080
10233
10791
9733
10755
10382
9952
10380
10245
9991
10286
10097
10374
9680
9917
10100
10359
10395
10306
10215
9923
9769
9613
10745
10618
9974
10744
10164
10294
10484
10115
10561
9743
9564
9952
10695
10252
10490
10119
9656
11032
10293
9615
10420
9612
9976
10591
10382
10385
10190
10149
10644
10078
10300
10095
10522
10515
10346
9965
10497
10240
10138
10353
10719
10466
9837
10158
9697
8929
9768
10715
10352
10879
9856
10512
10871
10238
9961
10859
10340
10197
10495
9973
10242
9911
10873
11282
10413
9972
10700
9831
10359
11123
9667
10341
25190
17230
11537
20506
18466
17227
11861
29132
23322
18943
8461
11373
3185
15897
26559
11285
5389
27021
27933
29814
11398
11173
2512
23098
16575
8598
23029
30858
8257
15893
27644
14538
4378
18380
16721
30314
2051
24664
19670
9351
33941
7235
14741
25987
17048
13641
29517
5796
22059
20160
17675
27005
9137
11664
16568
17994
5373
5717
32856
10126
34710
30351
24257
20961
19600
8791
22731
5612
19282
12073
2753
18217
12988
27107
20162
28203
29994
26358
25517
15314
12919
24338
2764
28204
5801
23691
34270
34988
34985
34875
34466
34486
34422
34538
34741
34813
34685
34847
34251
35086
34818
34317
34808
35334
35010
34696
34865
34389
34488
35011
34007
35288
34757
35318
35083
35030
34741
34467
35081
35432
34388
34635
34753
34832
34435
34767
35028
34722
34862
35317
34615
35587
35063
34977
34963
34276
35146
34152
34619
35403
35824
35310
34338
34298
34609
34055
34796
33955
34433
35242
34584
34346
34930
35006
35623
34819
34895
34396
34661
34870
35196
34337
34152
35052
34801
34801
34369
34898
34541
34380
34250
34953
34482
35145
34336
34911
34510
35072
35032
34701
34523
34941
34825
35185
34810
34597
35193
34700
35344
34424
34252
34451
34579
34735
34638
35210
35267
34414
34681
35173
34543
34327
34714
34590
34460
34666
34681
35579
34804
35359
35608
34556
34901
35018
34763
34696
34958
34763
34761
34197
34387
35576
35217
34904
35046
34816
34672
34316
35177
35050
35205
35048
34989
34944
34457
34622
35170
35726
34528
34150
35253
35013
34619
35366
34276
34071
34809
34511
34482
34548
34661
35045
34647
36005
34356
34011
34511
35488
34991
34184
35199
34956
34751
34383
35708
35248
34623
35083
34771
34061
34460
34376
35657
34305
34411
34514
34932
34239
34873
34956
35036
34629
35058
34059
34592
34817
34811
34497
34786
36036
34167
34937
35281
35098
34738
34900
35229
34450
33851
34561
34580
35084
34246
34362
34945
34527
34271
34658
35016
34435
35110
34486
34159
34949
35224
35236
34344
35606
34165
35145
35377
34827
34565
34956
35150
34780
34693
35136
35065
35074
35376
34787
34709
35231
34950
35066
35822
34966
35306
34703
35327
34357
34158
35323
34862
34614
35870
34861
34711
34139
35299
34340
34026
34851
34886
35525
34540
34347
35121
34365
34500
34944
34750
34885
34775
35231
34581
34862
34635
34961
35259
35410
34835
35091
34946
35284
34821
34039
35150
34467
34945
34661
35236
35260
34697
33799
35001
34856
34640
34766
34951
35019
35320
35181
35167
34599
35114
35022
34427
34836
35286
34613
33989
34777
34985
34325
34722
34148
35171
34941
34820
35244
34293
34450
35058
34422
35022
34863
35650
35245
34297
35232
35585
35031
35327
35132
34797
35001
34216
34708
34659
34673
34605
35022
34739
34484
35214
35148
35379
34459
35303
34318
35077
35088
35018
34959
35177
35228
34681
35363
35100
34519
35230
34743
34988
35191
34889
34874
35052
34522
34349
34265
34758
34890
34822
34608
35045
35041
34492
35125
34545
34420
35027
35033
33929
35364
34651
34742
34500
35079
34736
34356
35107
34519
34364
34614
34732
34758
34662
35206
34681
34668
35124
34770
34827
34795
34577
35217
35057
34700
34238
35002
34249
35073
35289
34516
35146
34089
35215
35050
34786
35092
34778
34787
34808
35086
34882
34218
34952
34190
35088
35382
34522
34841
34197
35264
34845
34976
34468
34836
34481
34407
34410
34767
34979
34900
34945
34898
34809
34446
34456
34277
35130
34457
34817
34607
35353
35449
34717
34687
34245
34456
34293
35179
34832
34388
34367
34875
34804
34837
34365
34846
35143
34711
34919
35096
35185
34656
34395
34998
35329
35084
34290
35380
34700
34571
34871
35092
35095
34396
34718
35318
35161
34135
34232
34665
34720
34777
35237
34483
34549
34906
34768
34833
34328
33611
34805
35348
34732
35130
34438
34713
34388
34816
34845
35266
35051
34722
35470
35190
34707
34774
34675
34791
35852
35122
34666
34719
34606
35495
35670
34703
34389
35081
34476
34384
34839
34438
35188
34441
35753
35178
34860
35035
34275
34711
33933
35241
34441
34730
34964
34683
34374
35615
34668
34703
34757
34335
34674
34732
34646
34040
34830
34942
34751
35071
34615
34648
34426
34757
34503
35015
35654
35051
34609
35295
34717
34632
34507
35316
35582
34695
34441
35508
34581
34109
35046
35296
34734
34239
34287
34897
35310
34826
34534
34724
35527
34749
35543
34401
34626
34627
34596
35341
34841
34955
35242
34529
35017
35320
34239
35206
34486
34777
34511
34978
35151
34952
34654
34339
34423
35359
34971
34733
35152
35089
35293
35149
34781
34766
34428
34940
34685
35223
35295
34637
34575
34951
34847
34641
35091
35202
34993
35013
34426
34096
34558
33793
34815
34370
34916
35138
34597
34767
35065
35417
34283
34830
34971
34726
34831
35004
35067
34093
34476
34560
34543
34756
34365
35000
33897
34729
34797
35457
34921
34643
35132
34547
35004
34463
34648
34986
35043
34333
34654
34427
34550
34916
34837
34619
34663
34350
34329
35122
35810
34618
34379
34863
34569
34962
34839
34328
34932
34198
34675
34596
34998
34865
34666
34395
34375
34555
35138
35201
34970
34745
35362
35176
34528
34995
35025
34869
35017
35212
35296
35098
34383
35368
34901
34524
34966
34023
35417
34775
34416
35120
35101
35889
35050
35274
34271
35040
34933
35501
34992
34277
35409
34856
34986
34692
34963
34595
35179
34437
34416
35291
34272
35116
34781
34578
35127
35373
34672
34798
34941
34425
34556
34947
35132
34608
34920
34665
34905
34334
34910
34888
34695
35054
34882
34888
34674
35313
35060
34957
35017
34639
35337
34409
35094
34605
34868
34787
35488
35709
34148
34625
35623
34678
35025
34332
34465
34043
34791
34959
34966
34303
34842
35215
34843
35426
34351
34180
35073
34073
34999
34419
35095
35066
34982
35042
35113
34594
34577
34487
35178
34619
34271
35184
34709
34853
34700
34031
34896
34834
34625
34501
34882
35164
35359
34562
35363
34104
34837
34808
35185
34679
34707
34559
34422
35086
34579
35807
34915
34935
34722
34470
34040
34329
35056
34878
34963
34781
34476
35338
34845
33624
34878
35487
35034
34649
34977
33952
35118
35113
35001
34341
34650
34851
34265
34726
35337
34901
35118
34651
34624
34531
34985
34998
35434
35016
35356
35190
34289
34948
35179
35382
34464
35313
35392
34845
34589
35216
34573
34515
34348
34798
34223
35118
34768
35066
34661
34584
34703
34864
34487
35193
35466
34466
34484
34582
34749
34448
34916
34480
34920
34566
34943
34765
34565
34189
34371
35272
34981
34307
34312
35097
35214
34381
34771
34377
35070
35467
34076
34788
34504
34935
34484
34767
35303
34801
34875
34832
34750
35744
34625
35113
34455
34346
34041
34838
34805
35570
34996
34538
34261
35198
35275
34735
35090
34691
35054
34814
35133
35362
34496
34131
34858
34255
35255
34934
34705
34194
34714
34815
34757
35607
35272
35153
34152
34692
35478
34921
34467
34741
35075
34160
34774
35122
34671
35140
34450
34491
34046
35570
35103
34353
35422
34345
34496
35526
35192
34010
35240
34443
34857
34879
35091
34720
33819
35085
34089
34477
35002
34810
35288
34153
35016
34797
35239
35417
34527
34616
34867
34649
34053
34388
34358
34970
34923
34759
35628
35463
34646
34747
34871
34483
35129
34284
35204
35166
34401
34864
35327
34909
34431
34794
34491
34262
35147
35260
34385
34644
34267
35186
35003
35147
34652
34854
34704
34770
33897
34845
34323
34366
35727
34319
34554
34539
34934
35346
33950
34570
34841
34830
35169
34812
34455
34793
34631
34549
34744
34967
35084
34670
34451
34970
34835
35335
35636
34326
34592
35081
35516
35456
34691
35130
34850
34913
35037
35372
34828
35347
33970
34964
34848
34217
34868
34653
34714
34886
35048
34658
34595
34667
34476
34615
35235
34754
34637
34547
34816
35450
35047
34711
33740
34102
34667
35106
35115
34745
34884
35361
34507
34738
35410
34932
34457
34611
34226
34716
35585
34975
34240
34198
35113
34790
34758
35080
34594
35224
34394
35043
33906
34731
34923
35034
35191
35157
34598
35111
35211
34378
34790
35059
34488
34744
34241
34922
34550
34417
35649
34709
34839
34467
34555
34942
35246
34752
34937
34471
34644
35003
33978
35311
33651
34867
34917
35343
34365
34081
34915
34372
35546
34821
35038
34642
34710
34701
35003
35223
34404
34179
34379
34852
34825
34820
35033
35212
34695
34511
34477
35241
34818
35250
33855
35028
34925
34642
34306
35032
35163
34746
35111
35388
35789
34037
35306
35797
34786
35402
35179
34861
35543
34923
35060
35495
35012
34439
34722
34644
34424
34991
34174
35012
35281
35134
34481
34942
34533
34101
35440
35640
34409
33897
34491
34850
34824
34160
35038
34609
34498
34821
35035
33680
35029
34748
34591
34751
34789
34978
33992
34851
34542
34637
34851
35096
34463
35038
34551
34767
34660
34330
35254
34474
34955
33998
34610
34295
34573
35258
34551
34695
34927
34835
34711
35047
34073
35125
34631
34305
35240
35133
34583
35042
34889
35002
34451
35142
35004
34340
34941
34342
34519
34952
34888
34739
35123
34080
35087
34982
34399
34882
35338
34781
35273
34109
34403
34937
34591
35221
34210
34620
34190
35055
34710
35336
34401
34961
35147
34780
34897
34740
34522
35415
34780
34661
34637
35048
35152
34510
35061
33856
34626
34673
34822
34156
35243
34449
34963
34692
34496
34910
35409
35144
34844
35317
35431
35316
34360
35320
34366
34901
35120
34720
34198
34669
33970
33634
35262
34917
35113
34901
34429
34877
34976
35054
35065
35273
34404
33985
34924
35408
34360
35090
34389
33822
34638
34857
34474
34615
34724
34974
35062
35867
34813
35350
35125
34841
34905
34948
35352
35278
34504
35051
34678
34922
34525
34960
34091
34587
35042
33901
34544
35735
34180
34669
35495
34820
35326
35657
34470
34022
35610
35408
35056
34980
34569
34627
34934
35056
34345
34802
34613
34965
35680
34643
34719
34371
34562
34751
34936
34765
35049
35069
34535
34363
34774
35089
35444
34757
34345
34700
35023
35761
34946
34826
35572
35312
34374
35004
34614
34782
35782
35107
34737
33928
35108
34815
35252
35306
35004
34583
34191
34610
34569
34390
33859
34830
34640
35408
34310
34966
35131
34937
35587
34980
34296
35273
34838
34505
35430
34800
35446
34777
34291
34829
35200
35422
34353
34034
35351
34467
34948
34688
34795
35100
34688
34362
34680
34866
34525
35162
34984
35156
34990
34723
35026
35188
34431
34911
34568
35664
34306
34754
34846
34634
34256
35469
34498
35446
35657
34471
33842
35240
35260
34720
34550
35451
34939
34479
34569
34672
34856
35423
34854
34700
34430
34822
34776
34662
34052
35242
35505
35369
34930
35182
35209
34927
34420
35165
35393
34544
34306
34938
35298
34964
34330
34875
35097
35358
34239
35572
35051
35496
35240
34467
35107
34745
34678
34361
34527
34870
34531
34542
35017
34914
34828
34346
35098
34834
34884
35631
34299
35222
35113
33864
35239
34288
34419
35105
35367
34274
35518
35252
34204
34567
34437
34859
35017
34451
34362
34690
34572
35118
34171
34605
35259
35443
34649
35350
34752
35010
34444
34465
34530
34866
34825
35031
34362
34580
34450
34930
35510
35243
34971
34284
34202
34611
35444
34752
35103
34662
34576
34433
34788
34489
35507
35114
35115
34439
35039
34478
34942
34490
35184
34362
35361
34783
35164
35163
34800
34983
34189
34958
34957
34861
34621
34788
34909
34051
35079
34305
34352
34912
35152
34274
34702
34793
34735
35210
34575
34360
34360
34469
35253
34505
35848
34231
34244
34217
34767
35249
35041
35190
34631
34765
35013
34851
35016
35430
34757
35219
34741
34040
34589
34867
35556
35171
34882
35218
34966
34939
34806
34910
34819
34605
35318
35149
35003
34322
34662
34754
34184
34983
34294
34768
35064
34588
34585
35341
34544
34925
34873
34338
34073
34877
34447
35145
34642
34373
34965
35173
34874
34432
34730
34711
34919
34637
34220
35613
34222
34763
34799
35039
34898
34305
33747
35393
34549
34484
34395
34441
35040
35174
35103
35727
34694
34715
35211
34863
35080
34423
35037
34744
34530
34795
35167
35405
34573
34543
34583
34899
35473
34938
35025
34700
35059
35075
35171
34774
34805
34525
35065
34802
34500
33998
34511
34619
35141
34258
34832
34606
34650
35101
34721
35182
34022
34793
34835
35015
34575
35564
35094
34595
34690
34567
34703
34813
34469
35545
34589
34666
35240
35263
34599
34675
35415
35148
34408
34793
33930
34672
35234
34350
34791
34566
34588
35083
34695
34892
34447
35410
34652
34672
34729
34400
35375
35825
34474
34834
34424
34660
35162
34770
34673
35181
34050
35201
34614
34521
34497
34594
34432
35022
34710
35342
35045
35274
34635
35189
35524
35387
34994
35289
34480
34413
34694
35063
34425
34643
34884
34679
34625
34852
34672
35038
34155
34712
34749
34735
35390
34171
34842
34712
35127
35187
34909
34528
35308
34732
34761
34957
35146
34747
34481
34312
34889
34103
34684
34919
34583
35311
34049
34870
34588
35174
34538
34884
34262
34797
34987
34642
34029
35601
35327
34449
34846
6256
1229
5207
2211
8712
9114
5337
1633
1264
7690
2430
1717
4568
7661
3816
7629
6778
7985
802
9398
6314
9336
6824
418
3260
10023
7128
7292
5339
8123
2119
4547
5476
2934
964
6845
1316
8301
876
5989
3158
4480
7297
125
7107
9849
6581
4002
5929
567
7595
9196
1169
4920
8234
9377
4001
1351
448
7330
8410
6462
4294
1623
3700
1041
2083
130
9664
3498
6623
9949
8643
10059
3418
9438
6192
2554
3898
5136
6796
9430
5616
6642
1815
7381
8604
5740
5639
6403
3522
438
2123
887
1160
732
9083
747
72
9830
922
6890
678
8387
6684
2387
6261
1545
5163
8736
5971
6202
2755
6556
612
4670
4312
5122
4690
5971
1897
2373
8536
4611
3441
3683
5281
9349
7936
3205
8309
5882
8286
5134
167
4776
7029
6197
6345
6859
8162
1850
1124
426
9305
4816
2597
8412
10228
2782
10129
9331
3807
6104
3823
3148
9609
5795
5014
5087
2923
8334
2163
4944
1910
7520
9754
9310
680
1340
3203
2662
2085
6801
3935
3681
2263
2330
7406
2277
7893
8273
6221
5196
4155
3838
1505
9316
5065
5903
8983
8872
3241
9973
1596
7560
2331
9839
7569
565
2542
6928
4630
7215
6716
3694
6063
9160
3458
3476
8580
10074
6754
8418
1013
5534
9891
10450
10597
10151
9674
9677
10457
10130
10687
10572
10606
10417
10012
10362
10036
10464
10507
10150
10568
10174
10152
9885
10712
9821
9792
10200
10609
9620
10716
9620
9638
9827
10707
9821
10222
9849
10240
10375
10465
10077
11059
11113
10385
9348
9938
10628
9847
10457
10294
10727
10321
10457
9702
10432
9989
10194
9495
10023
10570
10845
9466
9855
9975
9495
10228
10403
9783
10366
9373
9477
10813
10418
10291
10521
10552
10737
10836
9592
9785
10142
10101
10798
9948
10429
9933
9906
10342
10290
10166
10524
10044
10561
10975
10843
10658
10403
10567
10562
10522
9947
10478
9927
10146
9863
10319
10396
10237
9719
9817
10163
9997
10263
10603
10245
10256
10623
10626
10359
10317
9847
10373
9559
9690
10516
10529
10574
9982
10119
10366
9466
10329
9647
10936
9454
10763
10994
10142
10052
10228
10408
10487
10767
10750
10493
10371
10276
9669
10125
10046
9568
10493
10703
11055
10331
9831
10634
10789
9042
10708
10383
9865
10529
10850
9393
10198
10056
10348
10011
10533
10703
11147
9793
10187
10511
10838
9974
10325
10074
9508
10353
9771
10433
10378
10934
10788
9961
10485
10378
10311
10675
9912
10876
9830
10358
9951
10709
10156
9922
9326
10576
10205
10624
9611
9467
10164
10622
10903
10300
10323
10022
10077
10148
10675
10039
9779
9814
10489
10054
10329
10571
9820
10129
10207
10080
10456
9948
10412
10324
10245
10598
9821
10472
9681
10471
10472
9529
10337
9719
9930
10334
10426
10277
10283
11132
10171
10080
10454
10136
11010
10252
10361
10063
10385
10588
9912
10628
10369
9750
10300
9891
9919
10037
9076
9620
10267
10106
10047
10318
9520
9918
10775
10092
9728
10429
10638
10406
10379
11261
10427
10623
10023
10104
10036
9791
9861
10848
10944
9982
10598
10625
10475
10691
10693
10143
10780
10128
10147
10884
10405
10116
9971
9765
10710
10091
10167
10172
10820
10604
10208
9609
10678
10690
10182
10020
9237
10068
10302
10408
10316
9865
10264
10373
10031
10073
10036
10383
10907
10218
10019
10490
10145
10193
10002
10291
9788
10557
10293
10382
10314
10361
10041
10836
11017
10329
10298
9564
10210
10192
10181
10707
9830
10268
10649
9994
10472
11159
11091
9983
10655
10240
10728
10708
10729
9581
9805
11409
9525
10131
11271
10111
10535
10305
10097
9741
10449
10037
10302
10416
9667
9742
11121
9875
10235
10395
10375
9989
10412
10644
9937
10303
9934
10513
10383
9615
9663
10093
10164
10682
10103
10369
10689
9605
9952
10390
9745
10698
10771
10260
9657
10623
10673
10145
10364
9738
10400
10123
9855
10480
9737
9904
10324
10026
10507
10118
10090
10345
10484
10263
10155
11008
10209
10265
10049
10671
10425
10934
10405
9997
10384
10401
10164
9894
11288
10582
10456
10542
10454
9828
9750
9768
10218
9869
10416
9987
10108
10703
10757
9505
10314
9895
10124
10930
10748
11158
10424
10248
9002
10546
11001
9951
10937
10553
11191
9859
9853
10436
10711
10251
9873
10915
10204
10313
9747
10527
9837
9671
9914
9955
10045
10848
9886
9461
10196
10581
10057
10669
10570
10700
10864
10573
9938
10272
10257
10106
10336
10257
10123
10310
9960
10965
9876
10150
10324
11077
10635
10999
10173
10132
9898
10371
9950
9780
10715
10512
10151
10574
10321
10590
10015
10199
10043
11114
9596
9670
10265
10223
10712
10326
10330
10613
10968
9767
10422
10230
9862
10556
10436
9681
10432
10546
10532
9448
10425
10299
10096
10474
10160
11126
9969
10819
10140
10812
9685
10341
10486
10432
10613
9992
10138
10140
10277
10613
9337
10227
10942
10494
10167
10242
10568
10010
10253
10160
10589
9624
9990
9733
10037
10787
10376
9894
10369
10333
10534
10121
9821
9948
10591
10079
10376
10025
9508
10282
10530
10378
10329
10450
10868
10023
10363
10318
10125
9920
10098
10212
9707
9776
9516
10161
10096
10132
10187
10744
10018
10492
9252
9897
11075
10602
10021
10051
9582
10364
10005
9974
10227
9929
10889
10475
10474
10481
10798
10703
9867
10925
10651
10223
9899
10129
10038
10334
10145
9691
10450
11050
9633
10624
10659
10075
10244
9779
10797
9910
10920
9909
9590
10829
10629
10180
10117
9595
10252
9997
11066
10017
9837
10305
9973
9915
9857
10525
10133
9278
9444
10848
9755
9761
9969
9852
10543
10580
10423
10001
10452
10221
10080
10261
10348
11168
8858
10872
10664
10644
10281
10247
10404
9879
10599
10153
10014
10055
10449
9942
10232
10371
10758
9757
10211
10570
9808
10362
10067
9712
9295
10546
10106
10182
10011
10896
10155
10893
10160
9555
10779
10497
10028
10605
10468
9765
10313
9993
10049
9849
10548
11083
10214
10220
10658
9953
10665
10056
10754
9599
10169
9969
10626
10296
10344
10735
10265
10186
11023
9645
10288
10691
10107
10361
10508
11073
10991
9876
9908
10286
9929
10570
9693
10301
10328
9105
10318
9480
9560
9951
10864
10307
9572
10054
10131
10016
10183
10381
10191
10534
10129
9777
10277
9650
10311
10389
10253
10854
10512
9874
10064
10530
9878
9621
10535
10628
9724
10272
10452
10055
10349
10233
10168
10274
11110
10358
10200
10809
9586
10444
10161
10464
9760
10777
11121
10338
10492
9995
10384
10096
10168
10064
10233
10544
9989
10052
10076
9610
9778
10505
9999
10442
10137
10921
9775
11178
11027
10272
10718
9781
10595
10177
10270
10825
10757
10725
9991
10166
10292
10215
10103
10697
10484
9272
10466
10157
10624
9812
10202
10113
9946
10462
10571
10658
10302
10808
9985
10581
10234
10153
10884
10393
9622
10521
9599
10404
10671
10128
9546
9900
10065
10388
10400
10268
9978
9451
10125
10392
10773
9845
10273
9967
9738
9961
10005
10302
10135
9896
10463
9839
9824
10576
10405
10516
10251
10293
10379
10216
10250
10769
9917
10058
10088
9800
9926
10312
10857
10202
10434
9643
9811
10117
10566
10484
10143
10249
10507
10581
10215
9948
10275
10309
10633
9706
10119
9502
10502
10439
10081
10545
10218
10647
10101
10655
10661
10103
10300
11104
10182
10685
9797
10511
10194
11640
9545
10910
10953
10606
10652
10051
10693
9554
9688
10481
9990
10188
10764
10704
9922
9818
10674
10484
9595
11024
10013
10579
9438
10890
9912
10259
9751
10081
9731
10047
10215
10477
10397
10677
10170
10899
10278
10282
9972
10553
10131
10288
10327
10154
9322
9794
9855
10209
10200
10851
10629
10461
10033
10431
9856
9836
9959
10032
10517
10231
9853
10178
10539
9746
10181
10831
10300
10583
10190
9682
10395
9310
10614
9977
10516
10354
11369
10356
10564
9670
10307
9872
10192
10165
9418
11000
10401
10597
10021
10834
9885
9969
9959
10162
10387
9841
10529
10375
11118
10554
9762
9940
9791
10213
10302
9983
10204
9856
10197
10832
10235
10168
9663
10103
9777
10592
9809
10624
11044
9770
10409
9576
9334
9791
10657
9950
10091
10194
10819
10114
9839
10324
10005
10929
10216
10665
9276
10591
10246
10304
10119
10241
10017
9926
10465
10088
10169
10622
9672
10007
10403
9556
10748
10326
9901
10180
10358
10427
10296
10115
10241
9893
9899
10601
10258
10098
10076
9792
10996
10662
10523
9315
10299
10292
10172
9782
9787
10484
10341
10324
10328
10327
9921
9703
10249
10054
10035
10686
10250
9901
9609
10215
10157
9789
10284
10076
10687
10577
10501
9431
9931
9922
10545
10199
9781
10499
9864
10814
9517
10805
10391
9754
10786
10064
10396
10047
10384
10385
9713
10098
9720
10214
10480
10289
10485
9700
10551
9130
10066
10366
10217
9855
10162
10666
10522
9916
10058
10136
9870
10023
10242
10026
10458
9577
10543
9342
10612
10034
10112
10202
9710
10134
9680
10719
9756
10700
10477
10397
10287
10293
10461
9957
10579
9994
10448
10261
9824
9788
10061
10384
9941
10594
10077
10701
10145
10591
10928
10445
10412
10243
9821
10738
10000
9746
10605
10416
10210
10339
9670
10292
10341
10407
10270
10140
10302
9790
10505
10229
10190
9571
9384
9667
10453
10270
10339
9895
9644
10412
10116
11168
10379
9555
10166
10351
10764
10328
10016
10974
9845
10641
10791
10343
10350
10444
10292
9827
10411
10804
10343
10222
9722
10483
10128
10652
9612
10611
10339
10420
10418
10149
10404
9609
10601
10780
10922
9573
9779
10549
9814
10138
9597
10511
10278
10182
9873
10034
10589
9759
10189
9961
9656
10336
9907
10523
10011
10389
10566
9956
9880
9964
9753
10851
10293
9952
10175
9694
9812
9985
10186
9886
10315
10280
10728
10633
10266
10694
11036
10552
10465
9965
9921
10279
9834
10408
10904
10698
10028
9974
9610
10427
10435
10421
10245
9890
10271
10006
10310
10520
9617
10217
9542
10919
10905
10599
9786
10116
10366
10694
9812
9907
10119
10037
10740
10448
9874
10242
10127
10702
10392
10556
10460
10428
10307
10075
10328
10609
10231
10341
9927
10474
9749
10490
9839
9628
10623
10124
10818
10697
11035
10837
10224
9965
10489
10067
8700
10298
10597
10187
10517
10494
9525
10456
10357
10008
10138
10343
11147
9942
10210
9967
10318
10708
10083
10311
9972
10776
9895
9385
10744
11052
10336
9840
9491
10523
10529
10528
10034
10698
9636
10322
10868
10399
10205
10155
9509
9812
9885
10294
10002
10429
10400
10114
10857
11164
9439
10307
9980
9527
10599
9649
9678
10076
10376
10257
10679
10262
10050
10216
10301
10614
10144
10163
10701
10190
10281
10362
9887
9952
10706
10337
9987
9612
9903
10661
10140
10087
10356
10259
9854
10642
9866
9776
9764
10305
1830
1378
397
1117
1446
1658
833
1283
383
1596
811
1110
124
139
1288
1298
818
1310
659
1915
1307
1285
1660
897
582
1780
17
165
1272
488
1260
89
862
518
835
1908
886
1134
414
1657
1468
407
1831
1745
454
559
458
1921
1890
216
1370
1366
1791
1854
1317
2035
393
440
642
286
1714
584
1661
1700
1481
1313
309
194
1190
1286
729
1631
1603
1831
899
792
1603
791
1195
904
1480
1649
1673
970
1630
361
887
1625
412
1843
334
977
1394
1561
122
493
740
517
1652
286
384
934
755
1221
124
193
334
1179
712
1033
1196
685
965
189
162
1916
1484
5
644
2007
769
1376
698
1400
2029
1494
1204
474
436
1327
456
178
1993
820
1094
1518
1663
1730
1991
719
1822
1679
716
87
1380
1389
1476
609
1691
1486
788
807
78
486
755
1931
850
664
1212
2022
1647
279
889
2011
1446
192
587
1307
1360
2656
1670
1767
1933
2265
1976
1812
2442
1832
1945
2368
2010
1726
2708
1821
2152
1498
1942
2772
1625
1609
1801
1594
2266
2796
2293
1637
2243
2038
1830
2278
1925
1857
2508
1809
1972
1278
2001
2121
2730
1768
2453
1903
2141
1530
2063
1785
2481
1804
1603
1463
2742
1932
2388
1281
2960
1724
3044
2358
2253
2270
2538
1538
2537
1405
2372
2347
1561
1852
1776
1976
2013
2179
1579
2237
2386
2661
1835
2108
1425
2004
1352
1738
2034
1838
1849
1837
2167
2111
1528
2411
1959
2445
2271
1585
2199
1917
2263
2473
2289
1480
2023
1723
2310
2235
2040
2675
2009
2061
2403
1869
2220
2180
2544
1846
1647
2084
1826
2939
2295
2288
2269
1859
1814
2734
1764
1823
2167
2545
1965
1731
1863
2461
2012
2197
1999
1565
2283
1762
1577
1786
1793
2150
2515
2184
2389
1937
2114
1803
1830
2524
2194
1694
2231
2420
1527
1962
1393
1878
1746
2184
1965
2037
3367
2271
2456
2500
2338
1861
2316
1833
2341
1821
1437
1646
1768
2897
1819
2114
1595
2556
2445
2326
1507
2304
1606
2445
1988
2256
1983
1643
2544
2189
1889
1985
1965
2188
3055
1230
1760
1592
2031
2617
2186
1557
1273
2497
2588
2209
2628
2198
2135
2188
1548
1603
1531
2379
2112
2353
2466
1552
2822
2163
1738
1877
2913
2209
1620
1476
2250
1411
1463
1509
1996
1954
1833
1232
1870
1551
1939
2265
1544
1763
2734
2108
1997
2072
2605
2283
2323
1030
1798
1735
2436
1977
1849
2656
2570
1791
2174
2561
2565
2147
2012
1653
2354
2430
2397
2363
2666
2266
1942
2860
1447
1529
1510
1929
2043
3156
1906
1433
2072
1783
2337
2411
1598
1602
1703
2314
1393
1632
2397
2072
1915
1711
2768
2052
2466
2754
1383
2026
1668
2139
2148
2312
1362
2167
2418
1664
2122
2654
780
2814
2091
1864
1080
2293
2159
2293
2095
2462
2568
1444
2023
2807
2912
1905
1962
1727
2394
2459
1861
1975
1900
1969
1272
2189
1352
2401
1512
1612
2394
1799
1649
1950
2747
1404
2139
1821
1889
2495
1808
1699
1732
2700
2061
2054
1138
2764
1122
2279
2049
2404
2580
1638
1975
2111
2015
2296
2426
2572
2383
2470
2116
1815
1228
2165
2832
1967
1489
2051
1690
2334
2432
1616
2023
2709
2028
1547
1515
1474
1038
1908
2133
2157
2769
2544
2244
2245
1875
1828
1810
2508
2019
2358
2214
1705
2475
2911
2004
1936
2250
2221
2125
2580
1649
1763
1589
2380
2101
2022
2291
2033
2016
1664
1914
1646
1917
1945
2563
2045
1944
2062
1787
2432
2678
2389
2609
1664
1595
2620
2483
1448
2277
2063
2162
1902
1919
2246
1652
1957
911
1817
1303
1696
2820
2541
1562
2524
1734
1842
2052
1809
2879
2661
1854
2147
2032
1888
2042
1951
2158
1721
2215
1390
2103
1619
1681
1762
1675
1484
2174
2349
2055
1994
1451
1401
2082
2042
1933
1733
1937
2066
2049
2310
2321
2243
1587
1931
1591
2343
1866
1739
962
1686
1643
2507
2367
1488
2481
1529
2482
1969
2113
1924
1731
2143
1465
2421
1402
2188
1529
2911
2100
1951
2950
1784
1607
1919
1437
2103
1746
2393
2096
2551
1136
1883
2186
2022
1968
1653
1763
2171
1858
2029
2124
2105
1561
1681
1548
2069
1931
1974
1856
2641
1691
2041
1492
2314
1807
1654
2814
1085
2833
1847
1952
1560
2754
1483
1509
3172
1587
2867
1933
1792
3328
2627
2273
1120
1834
1892
1666
2633
1137
2622
2452
2206
1887
1804
1510
2412
1661
1599
2129
2004
2268
2106
2145
2249
2260
1292
1505
2135
1698
1877
1166
2046
2108
2435
1636
2894
2357
2192
2355
2094
1166
1881
2319
2549
2606
2287
2193
2055
1987
2030
2418
1446
2437
1634
2843
2097
2465
2036
2703
2758
1787
1944
1838
2304
1708
1401
2129
2268
2430
2266
2185
2005
2484
1579
2285
1853
1434
1511
1453
2349
1240
1569
2566
1992
2073
1591
1906
2832
3042
2499
1943
2538
1383
1186
2090
2182
2084
1787
2033
2735
1818
2225
1257
2410
1451
1950
2000
1928
1991
2332
1988
1652
1871
1601
2311
2290
2123
2222
2005
2069
2030
2033
1429
1809
1549
1709
1768
1590
2349
1804
1826
2062
2384
1695
2088
1766
1757
1466
2129
1495
1717
1334
2062
1900
2110
2139
1902
2971
2083
2720
2279
2416
2832
1786
2794
2052
2601
1755
1684
1138
2039
2219
2426
1717
2410
2358
2017
2124
1426
1881
2439
1802
2128
2007
2023
2013
1829
2202
2418
2038
1713
2041
2659
1979
1571
2001
2799
1530
2375
1725
2453
2589
1865
2488
2234
1582
2027
1790
2240
2531
2608
2529
2050
2292
2031
2522
2691
1142
1817
2163
1794
1854
1392
1826
2139
1910
2687
2446
1890
2193
1989
2713
3077
1963
2462
1894
2056
1806
1828
2481
2434
2049
2442
2630
2912
1820
1806
2241
2460
2177
1980
1440
2559
2205
1750
1988
2319
1958
2219
2387
2240
2639
1787
2437
2073
1903
2151
1971
1673
2630
1938
2186
1903
1764
1802
1409
2027
2355
2182
1712
1840
2221
2970
1955
2457
2351
1712
2125
2219
2967
2082
2188
2342
2283
1978
1682
1974
1802
2090
2461
2058
2437
3090
2082
1589
1841
1850
1642
2602
2209
2422
2588
1946
2111
2219
2099
1773
1638
2548
2282
1802
2124
2383
1449
1682
1695
1462
2272
1276
2091
2385
1907
1051
2054
2328
2580
2077
2030
2184
1755
2030
2178
1905
1226
2847
2308
2499
1927
1493
2035
1924
1777
2443
1979
2524
2259
2037
3203
1902
1876
2829
1437
1862
2422
2351
1738
1818
2679
1905
1760
1818
1686
1945
1934
1957
1946
1805
2060
1698
2414
1769
2668
2031
2221
2477
1924
2186
2243
1228
1367
2335
2474
1750
1221
1870
2475
1452
1581
2591
2066
2327
2432
2149
2447
1667
1495
1401
1771
3378
2451
1951
2753
1977
1838
1831
2393
2154
1791
2104
1890
2034
1777
2202
2271
2236
2002
1406
2154
1768
2038
2934
1825
2769
1057
2508
2292
2037
2011
1751
2308
1442
2009
2490
2295
2353
2786
1924
2780
1853
2899
1802
1965
1871
2150
1265
2297
1621
2134
1500
1640
2113
1485
2555
1951
1616
1962
2756
2408
1593
1589
1983
2568
2140
1683
2319
2040
1717
2057
1784
2121
2568
1814
1618
1666
2162
2036
1913
1963
1652
1877
2128
1988
2141
1598
2547
2474
1811
2037
1680
2469
1860
2512
2602
2248
2010
2298
1867
2272
1680
2347
2116
3366
2116
2478
2066
1463
1502
2049
2789
1596
1640
1265
1326
2005
1965
1925
1677
1912
2247
1930
2380
2352
1878
2030
1788
2320
1618
2104
2885
2583
1969
2286
2071
2670
1782
2161
2444
1504
1351
2354
1828
1461
907
2783
1553
1543
1952
1748
1148
2117
1414
1623
2289
2585
2135
1149
1339
2157
2223
2209
1859
2202
1975
2202
2626
1923
1949
1999
1080
2680
2566
2503
2011
1858
2053
1657
1870
2375
2324
1925
2247
2229
2731
1820
1844
1651
2402
1960
2257
1886
2020
2073
1517
1748
2128
2019
2481
2033
2635
2949
1935
2271
1535
2341
1558
1730
2226
1213
2043
2074
1789
2650
1871
2225
2394
1445
2130
2301
2074
2459
1973
1902
2337
2028
1684
1479
1843
2220
2265
2087
1346
1335
2220
2482
2351
2091
2185
1635
2334
2075
1982
2226
1689
1821
1875
2053
1664
2104
1887
1777
2152
2086
2156
2370
2451
1626
1922
2059
2712
1820
2163
1974
1529
2383
1790
1393
2892
2381
3136
2403
1487
1934
2684
1547
1190
2310
2134
1539
1933
2017
1864
2121
1610
1982
1945
2316
1797
2169
1838
2338
1917
2292
1579
1790
2247
1452
2083
1512
2130
2388
1386
1448
2546
1966
2165
1618
1746
2642
1404
1538
2045
1883
2171
1527
1121
2049
2257
1584
1948
1484
1811
2160
1788
2691
2228
2857
1818
2333
2078
2375
1860
1738
2757
1620
2239
1798
2331
1977
1886
1858
2409
1556
1349
2058
1917
2420
2360
1959
1979
2248
1690
2126
2090
1904
2583
2548
2262
2510
2623
2644
2514
2226
3289
2017
2500
2293
2065
1688
1661
2172
1426
2097
1830
2319
1696
1858
1955
1907
1933
2815
1965
2311
2146
1868
2172
2415
1978
2073
2225
1545
2461
1947
1840
1970
2226
1661
3032
1383
2086
1628
2443
1667
2315
2357
1982
2475
2871
2158
2846
2304
2295
2033
1851
2369
1524
2501
2135
1947
1674
2152
1996
2172
2166
2504
2360
2562
1700
2104
2597
3141
1772
1553
2370
2223
2038
1815
1963
2208
2311
2585
1637
1510
1728
1865
2196
2042
2363
1977
2106
1418
1979
2226
1790
2446
1799
1900
1620
1053
1336
1759
2706
2543
1712
1897
2702
2324
1974
1724
2327
1448
2616
1590
2054
2392
1865
2616
2355
2559
2510
2297
2505
2418
1729
1718
1917
2237
1333
2521
1596
1957
1861
1763
1188
1155
2385
2246
3022
2448
1537
2035
2583
2334
2181
1617
2084
2218
2265
2041
2096
2642
1718
2047
1523
2018
2350
1856
2057
2304
1794
1897
2546
2635
1719
2212
1983
1576
2390
2658
2073
1368
1998
2464
1835
1882
2390
2144
2147
1962
2516
1930
2039
2385
1309
2056
2006
2335
1450
2165
2099
2374
2133
2155
2191
2290
2560
2164
1866
1582
2219
1654
2827
1941
2583
2404
2378
1414
2435
2028
1964
1774
1980
1352
2106
2324
2144
2160
1053
1902
1659
2201
2371
2122
1560
1742
1011
1794
1532
2554
2108
1992
1911
2189
2395
1465
1858
1888
2124
2699
2188
2062
1779
2167
1963
1951
1863
2197
2009
1734
2200
1766
1565
1886
2216
1638
2984
1577
1478
1423
2203
1900
2971
1943
1654
2034
2556
1697
2535
1917
2041
1818
1642
1150
2454
2261
1896
2172
2285
1929
1872
2492
1796
1914
1665
1863
2211
2488
2750
1441
2286
2507
1748
1702
1798
2458
2435
2092
2641
2117
1443
2498
1936
2591
1970
1885
2162
2289
2122
1995
2169
1823
1681
1720
1890
2493
2058
2271
1575
2305
1795
1668
1638
1829
2438
2725
1976
2329
2483
1603
1864
1397
2212
2011
2664
1937
2508
1316
1895
1715
3431
2401
1980
1824
2472
2119
2322
2265
2265
1887
2726
1980
2038
2188
2443
1970
1948
1940
2015
2149
1786
2896
1353
1886
2861
2828
2345
1852
1460
3085
2203
1396
1577
1768
2418
2075
1373
2496
2343
2281
1700
2360
2332
2349
1112
1913
2198
1727
2131
1976
2136
2150
1784
1552
1885
1861
2525
1529
1593
1975
1968
1736
2250
2735
2023
1846
1952
2078
1948
2417
1621
2882
2788
1467
2296
2515
2306
2003
1885
2418
2704
2545
2048
2185
2214
2209
1848
2282
1878
2340
1821
1822
2400
1895
1952
2707
2339
1575
1571
1559
2165
1553
1845
2725
1698
1883
1865
2308
1956
2073
1480
2782
2165
1664
1918
1619
1666
1431
2467
1021
2572
1918
1773
3086
2151
2386
2133
1900
2038
1701
1844
2516
1483
1792
2234
1475
1206
3027
1678
2062
2122
2348
1871
2188
2113
2426
1887
2508
2562
1857
2291
2098
2086
1706
1630
2264
2553
1976
1461
1930
2028
2060
2090
1966
1328
1778
2466
1998
2235
2216
1451
2356
2021
2110
1912
1514
1975
1601
1954
1430
1914
2486
1576
2545
1852
2125
2077
1486
2083
1965
1361
2564
2151
2591
1625
1685
2321
2269
1834
2352
2174
1962
1170
1771
1724
1858
2262
1926
1761
2686
1694
1525
2076
2371
2010
1884
2155
2097
2263
2866
1623
2512
2196
2124
1773
1802
1806
2203
1342
1459
2284
1932
1784
2034
1621
2358
1664
2555
2312
2293
2293
2810
3023
2371
2042
2782
1471
1989
1653
1833
2587
2012
2213
1771
2324
2022
2831
2160
2006
1858
1176
2488
2017
1741
2569
1956
2510
1892
2145
2842
2339
2012
2190
2389
1873
2357
1096
1822
1608
2296
2215
1417
2046
2370
2038
1677
1638
2042
1947
2102
2612
2540
1539
1739
1395
2187
2594
2179
924
2212
2058
1685
2470
1153
1664
2028
2592
2047
1749
1806
1880
1320
2287
2482
2194
2697
2275
2168
1870
1221
2186
2498
2672
1579
2143
1714
1522
2169
1902
1753
1579
2987
1758
1986
2098
1369
2249
2133
2194
2325
1974
1630
2091
2274
1817
1638
1964
2098
1788
1683
2244
1760
1561
2244
2009
1598
2153
1537
2590
2396
1405
3033
1861
1446
2476
3003
1863
2392
2444
1052
1651
2460
1857
1821
1782
2141
2627
2427
2126
1560
2004
1824
2360
2336
1537
1555
2353
2041
2783
2488
1492
1502
2155
1599
2565
1475
965
1810
1489
2173
2251
2420
2037
2217
1666
1802
2695
2403
1827
2006
1825
1919
2053
1350
2497
2137
2651
2012
1880
1545
1814
1490
2289
2542
2146
2123
2640
2152
1826
2363
2257
2421
1718
1998
2037
1627
1944
1247
2389
1875
1933
2119
1395
2497
2754
2047
2134
2081
2260
1823
1762
2280
2402
2337
1911
3017
2436
2460
1819
1566
1943
1954
1690
1613
1921
1744
1725
1868
3178
2822
2498
2263
1897
2370
2626
1989
1987
2140
2223
1603
1999
1616
1649
2271
1693
1812
2345
1691
2182
1638
1939
1926
2447
2453
1634
2625
2117
2204
1722
2405
2132
2234
2551
2806
1239
2349
2875
1953
1098
1425
1976
1461
1952
2514
1993
1593
1989
1701
2339
1680
2019
1871
1836
2789
2185
2445
1289
1838
2517
1283
2137
1656
1513
1634
2795
1660
1444
2259
2322
2516
1998
2037
2822
2302
2118
1619
2381
1529
2287
2184
849
1980
2439
2344
2112
2724
1766
2007
1973
1124
1505
1821
2172
2053
2342
2425
1375
1744
1730
1528
1475
1968
1703
1750
1407
1662
1725
2558
1979
1682
1997
2077
2426
2088
2283
1253
1930
2707
1708
2046
2597
2434
1985
1578
2204
1813
1944
2468
2019
1697
2041
2426
2590
2229
2158
2041
1844
2222
1996
2489
2060
2084
2035
1110
1917
2382
1848
1784
2076
1969
2070
1908
2492
1824
2236
2158
2427
2527
2068
1604
1374
2096
1983
2220
1549
2533
1797
2398
3331
1639
2595
2366
1532
2002
1909
1634
1960
2063
1489
2047
2155
2712
1680
2339
1511
1543
1858
1533
2033
1975
1631
1189
1648
2012
1546
1665
1946
1871
2737
2119
2137
1578
1967
1766
1864
2164
1574
1824
1910
1883
1677
2624
2236
2428
2598
1677
2776
2171
1954
1997
2899
1567
2263
2679
1837
2185
2028
2194
1648
2563
1983
1415
2343
1882
1435
2714
2163
2351
1878
1926
2272
2214
1929
1576
1675
2076
2268
1520
1655
2965
2044
2068
1228
1744
2334
2047
2607
2253
2458
1911
1894
2672
1494
1731
2214
1477
2191
2214
2265
2532
1798
2343
2650
2016
1732
2378
2169
1789
2192
1615
1495
2323
1446
2479
1844
2228
2106
2446
2279
2116
2264
2307
1980
2272
2064
2013
2350
1969
1169
1995
1282
1589
1867
2493
1607
1970
2441
2542
1758
1872
2272
2995
1596
1869
1556
2603
1879
2070
2284
2178
2165
1799
1789
2591
2027
2716
1885
1705
2197
2149
1651
2383
2133
1427
2332
2500
1240
1560
1910
2782
1619
2265
1938
2525
1603
2149
1990
2303
1150
2529
2707
1831
1541
2701
1917
2210
1637
1790
2097
2595
1577
2546
1795
1920
1785
2653
1864
984
2766
2110
2271
2440
2530
1871
2162
3063
1765
2115
2125
2695
1882
2860
2599
2256
1274
2321
2464
1918
1860
2338
2236
2026
2224
2109
2104
1793
2119
1741
1589
3061
2602
2932
1734
2361
1672
2282
1708
1563
2122
2132
1951
1678
1515
2448
1872
1646
1858
2361
2695
2128
2167
2170
2117
2024
2141
2076
2395
1825
2342
2193
1497
2108
2383
1585
1045
1258
2303
2203
2142
1857
1573
2706
1883
1969
2495
1949
3006
2448
2143
2359
2063
2190
2241
2029
2412
1127
2065
1652
1942
1854
2266
1689
2247
1780
1851
2240
2179
1211
2427
1268
1855
2508
1929
1833
1750
2289
2322
1938
2416
2582
1775
2462
1552
1728
1686
2165
1517
2243
1703
1837
1484
1962
2952
1538
1918
2210
2392
2458
2682
1829
1878
1850
1991
2452
2191
1672
1678
2134
2495
1712
2764
2004
1920
2291
1612
2150
1731
2020
2293
2681
2699
1440
2016
1842
2134
1108
1824
2029
1927
1876
1934
2571
1494
2595
1787
1991
1832
1576
2551
1982
2809
2530
2101
2025
1973
1884
1557
2141
2009
1669
3032
889
1511
2155
2290
2047
2310
1755
2278
1689
1543
2003
2126
2301
1463
1422
1895
2074
2118
1542
1874
1459
1382
1257
3209
2137
1504
2558
2153
2603
2267
2013
1616
1464
1306
2076
2124
2474
1536
2071
2375
2419
1925
1902
2257
1764
1618
2263
1952
1348
2392
2418
2298
2065
2070
1985
2061
2228
1288
2469
1927
2271
2145
1362
2196
2387
1848
2233
1727
1854
1811
1991
2832
1858
2662
2043
1943
1955
1820
1932
2342
1776
1626
2213
2509
2085
1939
1214
2263
1870
2267
1816
1742
1577
2775
2560
2084
2208
2289
2039
2503
1835
1807
2183
2906
2181
1979
2355
2365
2319
2129
1691
1756
2012
2331
1951
1956
1943
2231
2453
2052
2102
2070
2717
2365
1615
1298
1584
2557
2307
2340
2614
2667
1954
2634
2133
2042
1890
1927
2407
2168
1893
1949
2002
2228
2444
1827
2152
2189
2594
1760
2925
2803
2094
1527
1142
2271
2265
1910
2123
1801
2216
1826
2481
2460
2392
1657
1621
2299
2125
1900
2095
1659
1899
1524
1906
1665
1491
1423
1488
2416
1219
2150
2011
1834
2069
2362
2625
2224
1477
2356
2750
1688
1678
2663
2795
2493
1095
1289
1779
2025
2147
2684
2016
1887
1927
2301
1395
2019
1438
1908
2265
2244
2244
1459
1826
2117
1984
2776
2340
2004
1712
2228
1376
2118
2023
2176
2747
2240
1711
2292
1506
2018
2444
1780
1459
2637
2027
2339
2250
1616
1903
2251
2232
2722
2203
2502
2287
2658
1909
1664
2437
2077
2235
2531
2376
2376
2825
1839
2448
2270
2119
1977
2342
2632
1917
1896
1708
1959
1790
2510
2424
2215
2269
1429
1749
1698
1742
2616
2448
1730
2194
1644
1325
1819
2408
2213
2163
1788
2149
2096
2147
2101
2441
2025
1783
2698
2223
1784
1812
1393
2134
2323
1717
2252
1950
2257
2538
1886
2242
2363
1867
1788
2262
1415
1832
1588
1670
2068
2619
2272
2174
2022
2440
2113
2181
1675
2830
1907
1872
1787
1469
1615
1857
1747
1828
2317
2141
2898
1883
1527
2228
1809
2378
2348
1981
1669
1948
1776
1782
16035
14025
1741
1755
16090
16479
2672
12294
2479
10387
2773
15019
17365
3929
16557
9630
11368
1979
4522
78
3114
16023
9549
7668
9290
9762
1530
9705
13192
3065
15122
12991
12802
5131
6404
1243
7770
14246
123
9909
867
14160
16554
3637
5809
5870
7437
9263
14244
10434
664
17277
9054
14835
9783
10915
7707
17413
6264
5339
8721
10254
5831
2719
8547
7254
10654
14770
9149
263
1128
18120
7500
15293
3596
11595
11151
4476
9203
11972
1813
3960
2839
554
1800
3472
8654
891
5145
12599
14901
13849
13464
11997
15050
11781
10903
3857
5231
17525
11843
3449
4316
53
17817
7848
7638
10265
15835
11922
10756
12068
2209
13421
3143
15623
4053
13273
11522
4527
1360
9217
11837
295
9563
12280
12202
14271
13579
1081
14578
3969
12487
6345
7350
8543
8005
16693
17342
2378
5596
14524
17330
13179
10028
7762
13246
16170
4963
7170
923
4892
9174
14665
13599
18048
5912
9518
2124
11880
10755
9097
10173
3317
14013
11045
7827
14906
4001
8841
10605
4874
8077
7283
7435
7321
16288
12081
77
12342
16935
13025
14136
11128
16768
122
14691
10702
4396
5231
9402
13817
7074
5607
13281
7297
11893
11810
3451
11188
14135
5107
10547
13351
8977
13538
5504
1674
5534
11279
15547
16651
3035
3927
3810
9774
9580
13963
10245
8335
4322
5063
16209
1410
16813
5101
7501
1348
10518
15317
15888
10128
491
7678
6207
3136
3637
1889
5513
14118
8932
5931
2644
12970
12682
2907
11907
13520
7338
12744
15998
14757
17492
9376
8491
5421
11501
12557
6301
2986
7617
1131
2007
494
14897
11924
11298
9645
3541
12800
12332
17705
2610
5906
8391
11778
12966
602
7478
14320
7916
3000
1068
2820
2733
32
5221
12185
1761
6893
4422
14285
11248
15725
7076
6875
9201
11449
3893
8893
6756
12926
11835
3788
3649
6536
17884
2590
9140
7080
1017
5885
10223
15930
11430
2892
8293
2242
11860
13234
13522
6898
1137
11535
5342
4735
5221
10038
7243
6887
15772
13627
1122
18360
9396
2828
8633
3662
18869
18813
18623
18581
18521
19196
18623
18596
18363
18086
18360
18094
18973
18281
17935
18203
19001
18967
18424
18682
18695
18441
18663
18795
18740
18065
18175
18207
18587
18887
18769
18598
18165
17870
17772
18649
18238
17999
18320
18576
19019
18668
18227
18604
18626
18504
18606
18473
18492
18902
18324
18092
18574
18561
18072
18580
18220
18444
19252
18463
18872
18567
18032
18418
18830
18749
18967
18250
18189
18345
18849
18536
18108
17966
18090
18327
18270
18113
17732
18133
18462
18230
18527
18216
18928
18564
18281
18507
19144
18046
18463
18160
18472
17962
18689
18508
18060
18642
17097
18364
18393
18739
18430
18230
18571
18446
18678
19222
19003
18266
19371
17867
18185
18911
18497
18860
18337
19234
18527
18066
18403
18157
18398
17122
18144
18492
18373
18281
18459
17930
19226
17959
17919
18945
18507
17862
18732
19188
18700
18960
17782
18838
18194
18125
18305
19013
17769
18871
18663
18483
18243
18821
18796
18813
19027
17931
18050
18536
17904
18098
18372
17894
18307
18739
18477
18076
18033
18461
19428
18559
18358
18870
17753
17907
18550
19039
18827
18487
19229
18331
19127
18645
18064
18399
18611
18930
18243
18603
19012
18678
18498
18698
18003
18535
17964
18381
17648
18631
18670
18844
18464
18759
18576
18696
18784
17948
17884
18131
18231
18194
18290
18060
17960
18371
18089
18047
18953
18744
18578
18702
18536
17985
18859
18582
18519
19183
17915
19039
18306
17828
17854
18096
18564
18688
18435
18812
17791
18134
19014
18805
17714
18616
17933
18653
18220
19635
18869
18670
17690
18214
18472
18830
18276
18428
18730
19348
18192
18498
18390
18454
17863
18340
18573
18944
18518
18724
18617
18662
18676
18607
17889
18383
18113
18079
18095
18707
18461
18772
17929
17870
18159
18683
18552
18560
18745
17835
18254
18551
18669
18747
18231
18329
18610
18330
18530
17596
17973
18727
18880
18917
17954
17903
18963
18379
18962
18461
18868
17976
18416
17870
17813
17630
18996
17794
18217
17787
18609
18762
17833
17912
18649
18532
18219
18917
17838
18379
18365
18691
18237
18258
18315
18545
18614
18625
19064
19149
18144
18455
18696
18328
18241
18130
18650
18160
18870
17527
18425
17668
18839
18725
18359
18122
18100
18460
18436
18673
18459
17854
18661
17549
18348
19206
17932
17634
18472
19435
19411
19063
17743
17973
18299
18808
19015
18392
18605
18665
18859
18250
18820
18500
17498
17595
18344
17965
18970
18596
18181
18023
18174
18632
18110
19220
18366
17795
18778
18805
18466
18155
19025
18246
17989
18131
18177
18459
17988
17997
18373
18315
18555
18763
18984
18716
17676
18671
18409
18833
18829
19159
19116
18449
18345
18427
18600
18146
18290
18751
18076
18141
18591
18293
18710
17796
18669
18352
18157
18622
18082
17971
18329
18926
18103
18571
17703
18885
18883
18478
18669
18555
18309
19170
18060
18407
18606
18421
18975
18404
18960
18600
18729
18521
19059
19053
18451
18315
18759
18002
18452
17825
18254
18494
18179
17707
18933
17942
17718
18677
17969
17776
18895
18428
17981
18266
18317
18283
18808
17908
18925
18479
19030
18114
18357
18315
18161
17974
19223
18181
17983
17683
18484
18507
18997
18307
18089
18582
18258
18348
18703
18971
18499
17779
18210
18163
18461
18717
18099
18784
17915
18868
18267
18289
18195
18073
17921
18625
18901
18345
19232
18443
18665
18766
18605
18595
18748
18322
18812
18941
19219
18933
18722
18920
16854
18903
18945
19431
18880
18490
19178
18889
18117
18495
17331
18241
18160
18444
17944
17995
18041
18430
17683
18813
18665
17608
18241
18728
18070
17756
18307
18009
18178
17967
18810
18426
18710
18467
18568
18913
17862
19136
18508
18463
18156
18438
18181
19195
18654
19039
18027
18516
18651
18448
18156
17516
17838
18121
18710
18671
18639
18527
18182
18517
18465
18597
18585
18349
18216
17960
18193
18323
18113
18137
18057
19208
17914
18817
18485
19330
18432
18539
19419
19005
18406
18362
17722
17565
17684
17884
19070
18529
18154
18314
18317
18489
18449
18866
18587
18110
18624
18435
18725
18412
18863
18008
18900
18683
18729
18120
18473
18106
17433
18189
17377
18043
18319
18325
17886
18120
18077
18075
18541
17603
19271
18332
18409
17970
18497
19008
18570
18708
18966
18592
18086
17888
18616
18299
17770
18150
17919
18640
17820
17867
18271
18327
18772
18053
18057
17921
18453
17893
18747
18242
17981
18647
18833
19458
18498
18257
18125
18061
18259
18878
18897
17989
18213
18110
17926
18322
18962
18414
17885
18471
17905
18240
18460
17982
18777
17217
18313
17981
18667
18357
18136
18688
17841
18180
18477
18547
18530
18002
18785
18486
18108
18238
18560
18504
18119
18316
17958
18344
18707
18238
18049
17685
17895
18404
18841
18434
18150
18896
17992
17960
18933
18695
17515
18427
18810
18588
18457
18457
18417
18269
17856
17793
18293
17688
18254
18083
18419
18369
18787
18319
18142
18115
18111
18691
18371
18616
18028
18770
18249
19151
18520
18967
18063
18359
18665
18490
18503
18631
17757
18336
17861
18531
18147
18699
17822
18028
18695
18767
18202
18863
18583
18819
17912
19396
18769
18617
19038
18589
18285
17837
18219
18554
18959
18633
18853
18972
18213
18573
18071
18635
18269
18303
18388
18162
17820
18559
18810
17780
17645
18916
18372
18834
17600
18644
18310
18214
18566
18074
18548
19487
18224
17861
19029
18394
18617
18537
18749
18694
18031
18289
18549
18064
19007
18367
18710
18975
18122
18349
18293
17932
17930
17936
18267
18844
18697
18851
18445
18793
18680
18040
19099
18172
17992
18571
18216
17745
18399
18766
18802
18320
17951
18977
18126
18438
17701
18855
18438
18343
17609
17909
18332
19047
18837
18241
18811
18673
18757
17574
17803
19177
17996
18324
17679
18225
19346
18675
18699
18436
17921
18885
17974
19033
18715
19108
18332
18012
18943
18290
18456
18293
18488
18285
17778
18921
18373
19334
19008
17845
18960
17875
18654
17747
18596
18850
18455
18544
19308
18571
18143
17884
18937
19052
18611
18300
18495
17986
17780
18232
18466
18426
18489
18098
18312
18911
19751
18766
18587
17967
18495
18419
18495
17763
18771
18171
18298
17792
18376
18267
18593
18442
18196
18612
17861
18660
18548
18281
18316
18082
18732
18812
18856
19007
18565
17979
18247
18603
19025
18364
18165
18403
18875
17912
18205
18185
18290
18345
18596
18750
19357
18442
18485
18703
18147
18376
18727
18586
18100
17587
18549
18865
19450
18415
18285
18244
18699
18250
18540
18729
18415
18419
17814
17956
18562
18757
18300
19078
18355
17455
17887
18424
18373
18289
17480
18558
18465
17976
19030
18826
18696
18510
18051
18618
18777
17927
18489
18129
19117
18064
18283
18112
17866
18418
18506
18764
18593
18447
18372
18976
18007
18485
18944
17804
18763
18368
17945
19039
17715
18189
18160
18716
18308
18204
18209
17915
18660
18649
18231
18325
17605
18240
18141
18428
18615
18037
18544
18505
17792
17901
17608
18206
17795
18475
18741
19422
18775
18187
19433
18478
19022
18098
18404
18632
18693
18350
17799
18192
18943
19095
18766
18449
18308
18174
18193
18323
18883
18411
18529
18665
18514
17370
18320
19168
18709
18901
17955
18734
18782
18851
18317
18284
18442
18679
18337
18119
17863
18451
19401
18886
18342
18101
18297
18464
19277
18654
17938
18528
18274
18818
19221
18331
18909
18476
18768
19145
18712
17885
18584
18906
18333
18673
18034
18654
18923
18349
18666
18389
18133
18530
18025
18582
17918
17961
19003
17968
19014
18157
17778
18157
18185
17965
18548
18841
19298
18342
18613
17846
17730
18431
18206
18520
18281
18435
18633
17892
18549
18525
19369
18232
18432
18322
18722
19051
17897
18259
18278
18282
18370
18741
18092
18585
17946
18631
18584
18577
18152
18038
18673
19058
17966
18430
18318
17969
18071
17971
19044
18532
18416
18610
18446
19376
18849
18682
19678
18153
18809
18139
18083
18054
18802
18022
18083
18382
18739
18313
18822
18917
18046
18904
18637
18657
18390
18784
18057
18485
18483
18619
18694
18617
17999
18116
17957
18407
18204
18108
18049
18202
18364
18503
18505
17084
17945
19245
18185
18355
18085
19116
18370
18344
18695
18017
18076
18862
18545
18624
18791
18391
19234
19016
17881
18648
18294
18597
18895
18033
18429
18556
17884
18465
18502
18672
18545
18153
17794
18202
19142
18766
18417
18495
17487
17858
18248
18214
18163
18418
17870
18202
17879
18085
17720
19537
18664
18242
17942
17914
17859
18263
19021
18873
18320
17841
18526
18594
17827
18560
17764
18721
18303
18525
18308
18237
18310
18819
18976
18192
18280
17896
18261
18595
18385
18481
18317
18558
18535
18564
18287
18406
18863
18667
18821
17560
19086
18145
18319
18571
18135
18649
18845
18637
17635
18705
18182
18234
18598
18096
18507
19175
18799
18984
17885
18306
18188
18581
18417
17941
18239
18848
18335
18157
17930
18857
18479
18756
18175
18071
18925
18223
18585
19105
18272
18584
18449
18576
18421
18507
18324
18323
18409
18512
18280
18281
18621
18367
18309
18045
18005
18677
19088
18562
18502
17681
18907
18573
18653
17904
18319
19067
17481
18705
18801
18791
19325
19090
18927
18176
18537
18847
17885
18399
18505
18556
18444
19774
18701
18804
18604
18626
18901
18646
18906
17875
18409
18647
18209
18461
18442
17786
18637
19504
19239
19241
18329
18082
18328
19129
18439
18054
18318
18928
18818
18522
18115
18576
17899
18038
18294
18595
18623
18764
18377
18176
18566
18053
18459
18953
18596
18103
18667
18713
18559
18490
18668
18619
18658
18095
18565
18738
18616
17495
17864
18064
18685
18795
19007
18579
19120
18654
18353
18320
18001
18747
19186
18062
18585
17937
18460
18505
17923
18411
18777
17707
18450
17341
18231
18590
17928
18723
18821
18658
18342
17248
18426
18575
18136
18458
18674
18685
18292
18577
18250
18456
18763
18172
18266
18737
18693
18445
18111
18850
18378
18783
18627
18581
18587
18547
19530
19211
17926
18125
18732
17765
18654
18651
18890
17971
17315
18259
17812
18448
18055
18348
18230
18862
18250
19074
18041
18045
18688
18710
18294
18348
17796
19161
19125
18221
18596
18221
18835
18345
18113
18147
18521
18271
18876
19053
17856
18943
17685
18208
18037
18407
18141
18352
18603
18913
18523
18279
18197
19148
18176
17492
18354
18571
18083
19214
18503
19271
18698
18708
18836
18445
18264
18705
18633
17758
18643
18094
18337
18086
18692
19385
18019
18109
17731
18195
18375
17944
18407
19043
18942
18584
18141
17626
18041
18270
18766
17459
18312
17880
18580
18657
18585
18514
18841
19472
18468
18797
18163
18301
18757
18730
18104
18923
18528
19214
18651
17595
18281
18388
18562
18113
18703
18033
18712
18386
18315
18872
18862
18037
19034
18479
18399
18237
18202
18736
18130
18640
18189
18186
18378
17857
18090
18677
18981
18295
17773
19160
18531
19018
17817
18492
18505
18564
18565
18206
18954
17826
18592
18325
18376
18891
19166
18083
18237
18613
18783
18600
18638
18556
18091
18877
18763
17509
17944
18820
18304
19179
18070
18224
18419
17741
18269
18868
18319
19048
17893
18763
18462
18088
18992
18362
18540
18166
19270
19228
17620
18420
18133
18218
18377
18296
17768
18411
18401
18069
18408
18008
18749
18621
18586
17802
19300
18870
18214
19044
18357
18318
17928
18575
18528
18481
18477
17889
18490
18561
18558
18063
18800
18087
17705
19123
18434
19174
17978
18826
17557
18668
18847
19165
18763
18773
18501
18148
18710
18386
18784
18075
18053
19148
18165
18147
18000
18201
17985
18279
18140
18805
17364
18214
18866
18708
18241
18701
18285
18588
18919
18936
18172
18975
18866
18593
18613
18643
18426
18975
18783
18111
18485
17560
18202
19081
19060
18823
19091
18367
18639
18210
18749
17830
19228
18493
18242
18346
18442
18829
18202
18631
17812
18555
18115
18437
18642
18742
17869
18454
18281
18590
18761
18199
18300
18120
18950
18437
18795
18527
18574
17964
18104
18762
18712
18104
18578
18522
18042
18335
18292
18749
18298
18073
18486
18211
18670
18522
18499
17637
18399
19093
18756
18700
18999
18649
17818
18280
18274
18685
18425
19183
18266
18106
18217
18517
18460
19165
17906
18497
18744
18720
18607
18581
18704
17752
18164
18959
17977
17954
18976
17868
18033
18742
17509
18176
18005
18108
18720
18094
18509
18569
18357
18711
18788
18401
18821
17915
18907
19509
19428
19164
18649
18243
18839
18363
18403
18499
18600
18356
17947
18490
18557
18012
18296
19087
18355
17457
18676
19036
18475
18267
19400
19017
18670
18593
18990
18407
18779
18360
18374
18806
18528
18970
18253
18607
18968
19285
17973
18613
19378
18243
17890
17843
18261
18603
18875
18483
18416
17987
18839
18440
18955
18531
18608
18277
18923
18390
18848
18722
18535
17787
18427
18756
18595
19219
17931
18339
18857
17588
17973
18468
18602
18830
18767
17942
18347
18297
17695
19319
17969
18510
18833
17884
18553
18406
18696
18965
19027
17234
18210
18909
18754
19510
17937
18372
18282
18219
18501
18264
18654
17585
18921
18580
18024
18847
18332
18769
18583
18808
18444
18920
18402
18072
18039
17783
18189
17924
18899
18402
19446
18735
18241
18054
18550
18026
18636
18580
18044
19096
18269
18191
18581
19021
18554
17562
18714
18886
18568
19262
17889
19014
19195
18515
18164
18456
17860
18022
18184
18046
18092
17621
18690
18990
18693
18556
17901
18577
18235
18387
18641
17901
18436
18723
18701
19154
18347
18040
18519
18438
18085
18355
18455
19244
17795
18694
18978
18096
18224
18233
18642
17967
18420
18837
18095
18358
18764
18374
18879
18851
19338
18239
18648
18783
17965
18747
18606
18930
18274
18471
18103
18044
18062
18349
18266
18246
18211
18351
18021
18278
17855
18691
18001
18798
18192
18198
18716
17589
18326
19065
18667
17891
18794
18254
18661
18456
18112
18828
18198
18536
18494
18449
18320
18093
17736
17396
18397
19009
18455
17661
17870
19116
18450
18287
17770
18552
18179
18296
18512
18996
18114
18102
18558
17871
17638
18555
18038
18321
17541
19149
19200
18090
18406
18040
18233
18658
18952
18012
18273
18443
18406
18265
18203
18974
18577
18636
18525
18050
17625
18923
17497
18975
18754
19409
18356
17563
18511
18336
18135
18270
19785
17825
18268
19479
17873
18116
17992
18222
18443
18672
19441
18519
19412
18303
18523
18366
18465
18203
18847
18281
17844
18220
18832
18763
17753
18008
18997
18003
18325
18312
18776
18330
18392
18379
18015
19055
18920
18261
18710
18827
17725
18086
18732
18829
18410
18493
19225
18346
18360
17963
18718
18403
18618
18459
18315
19110
17604
18631
18458
18696
17916
18414
18412
17884
18661
17871
19622
17644
18895
18195
17932
18459
19386
18140
18757
18314
18529
18624
18541
18179
18172
17971
18602
18297
18120
18155
18907
18922
17294
18226
18058
18999
17907
18507
18646
18728
18386
19133
18248
18775
18319
18761
18215
19303
18155
18032
17496
18943
18610
18432
17959
18426
18779
19280
18440
18829
18943
18394
18297
18102
18414
18461
18426
18826
17971
18531
18434
18312
18510
18503
18830
17546
18607
18683
19862
18580
18136
19160
18695
18549
17738
18439
19053
18443
18786
18834
18349
18447
18416
17864
18872
18007
18452
18839
18936
18633
18231
18844
18164
19062
18691
17299
18038
18757
18553
18770
19259
18387
18209
18415
19024
18337
17867
18426
18894
17716
18071
18574
18452
18499
18328
18687
18398
18802
18517
18363
19168
19174
18747
18122
18656
18701
18130
18016
18082
18689
18554
18024
17702
18299
18220
18290
18240
18466
18258
17632
19169
18985
18202
19052
18115
17976
17585
18136
18226
18310
18376
18576
17487
19088
18597
18906
18215
18485
18436
18992
18839
17604
18966
18143
18005
17982
18465
19148
18812
19251
18643
18708
17959
18892
18814
17913
18432
18333
18773
18573
18645
18653
18937
18878
18709
17992
18779
18597
18057
18461
18077
18748
18007
17934
18764
18920
18634
18469
18674
18505
18921
18329
18797
19076
18374
18291
18813
18341
18573
18768
18857
18854
19042
18038
18626
18275
18416
18338
19022
18676
18651
18401
19202
19079
18211
18645
18769
19115
18829
18395
18206
18062
18163
18748
18677
18466
18522
18368
18222
18306
18191
18173
17998
18144
19196
18259
18513
18173
18004
18838
18510
18011
18721
18862
18338
18497
18699
18650
18237
18190
18002
18462
18129
18838
18842
17972
18273
18407
18833
18494
18015
19196
18583
17673
18134
18668
19092
18202
18925
18841
18284
18695
17984
18139
18607
18354
17979
18444
18528
18615
18350
18849
18352
19193
18729
18555
18461
18462
19160
18238
18470
18465
18052
18034
17604
18429
18610
18451
18710
18763
17748
18854
18230
19171
18802
18458
18222
18014
18605
18844
18517
18312
18088
18219
18445
19036
18427
18785
18707
18164
18232
17622
18861
18426
19166
18420
18636
18257
17882
18382
18856
18181
18248
18545
18501
18067
18861
18600
18464
17852
18331
18470
18946
18777
18171
18271
18233
18430
17689
18524
18001
18415
18160
17943
19116
18073
18437
18361
19067
17846
19069
18373
18912
17955
18252
18693
18644
18102
18711
18637
18452
18554
18762
18822
18003
18213
18269
18678
18663
18665
18170
18492
18462
18407
18338
18721
18695
17896
17234
18525
18941
17565
17755
18213
17969
18959
18200
18992
18289
18447
18395
18312
18949
18645
18292
19213
18207
18540
17658
18287
17746
18701
17898
18563
17788
18296
18157
18790
18785
18642
18023
18484
18106
17506
17971
18002
17730
17203
17425
19392
18615
18254
18695
18192
18200
18371
17824
18382
18256
19225
18492
18143
17968
18034
18200
18803
18893
18938
18577
18493
18549
18313
18004
18454
18881
19041
18973
18438
18009
18407
18424
18682
18474
18459
17807
18405
17851
18293
18267
18132
18694
18477
18337
19347
18229
18937
18258
18440
18472
17882
18702
18835
17473
18104
18411
18543
18519
18418
18069
18775
18123
19026
18407
19562
18296
17879
18511
18321
18618
18242
18692
18350
18265
18060
18273
17484
18346
18648
17953
18944
18199
18397
18678
18728
18189
18566
18312
18834
18743
18264
17803
18109
18486
19420
18726
18319
17814
18307
17781
18937
19280
18439
18677
18531
18701
18842
18590
18835
18622
17914
18259
17881
17885
18161
17907
18529
18757
17712
18462
18695
18404
18355
19403
18552
18633
18084
18059
17684
18629
18221
18811
18259
18817
18111
18145
17894
18408
18377
18837
18210
18264
17737
19392
18985
18512
23742
14250
23110
17194
14099
2688
24020
8664
26398
19184
28813
23194
27717
12719
19252
8254
2946
18266
23903
1902
7054
23959
5516
29648
11388
19853
15
8259
792
17658
23106
15148
12248
4382
8454
18276
3489
18260
4780
7181
24164
22135
12029
13207
17286
4444
3536
9637
1217
6942
28088
20544
27893
14087
24885
2835
10765
1415
13113
5766
4048
4869
11630
810
28229
18595
27286
19550
18776
609
19485
26977
11703
22459
10788
12257
3434
5753
2828
9848
2818
22847
3152
5053
19086
24956
5932
17354
4996
15314
30594
700
7575
21410
10425
28703
7815
2216
14185
27006
610
16499
1706
7164
18021
27469
14590
5079
25221
7830
9558
12875
14065
14762
17602
16003
22714
26000
16520
1571
2985
21170
7381
9624
25234
5974
2323
19940
907
18101
29630
27105
17674
23004
1757
603
26918
22584
29405
27550
4604
24955
20671
10979
28648
17317
11110
4908
16245
24075
24873
21636
5890
10314
25483
9086
3537
9316
3610
10577
6912
27271
12555
10722
20598
25689
17363
22961
13133
6659
5204
16748
11312
22439
3296
12482
23313
29544
4537
6596
20695
7238
24131
2997
22443
6223
4680
15612
26547
9930
20274
14546
17359
26501
16592
12892
16424
30429
16580
25993
29766
18670
8571
15836
28371
2579
28825
24307
7138
855
4686
5601
13988
5628
5536
4622
13737
11596
13380
27064
4512
4508
22386
17302
20995
22229
8767
29743
11980
20584
219
11547
21753
3409
23797
18363
26206
25322
3348
9115
28445
138
13592
10994
23304
21625
22878
1432
29433
284
30470
3549
2119
26695
12738
26903
15025
21843
1607
20146
29263
22613
20354
26872
9002
26894
26783
17976
15441
22607
9633
10178
27140
13729
20265
17572
27007
22898
21014
28539
22451
2124
1663
30132
9296
26480
26057
6834
6887
20407
2123
14014
13992
28716
5382
22249
19820
11681
23128
28642
5634
10382
22853
26550
6398
16917
29502
7148
15795
12235
24239
21541
29764
3088
29795
22968
17477
21456
25935

