22394,1914,1
23074,2594,0
22375,1895,0
22671,2191,0
22795,2315,0
22743,2263,0
22825,2345,0
23863,3383,0
23116,2636,0
23353,2873,0
22738,2258,0
22866,2386,0
21783,1303,0
22578,2098,0
23591,3111,0
22850,2370,0
21753,1273,0
22580,2100,0
21890,1410,0
22826,2346,0
21657,1177,0
22102,1622,0
22475,1995,0
22866,2386,0
22463,1983,0
21727,1247,0
23640,3160,0
22934,2454,0
23456,2976,0
21617,1137,0
22686,2206,0
23258,2778,0
21970,1490,0
21723,1243,0
22823,2343,0
22731,2251,0
22010,1530,0
22089,1609,0
21645,1165,0
23031,2551,0
22728,2248,0
22960,2480,0
22373,1893,0
21890,1410,0
21753,1273,0
23341,2861,0
21969,1489,0
22762,2282,0
22538,2058,0
23267,2787,0
23147,2667,0
22300,1820,0
22537,2057,0
24232,3752,0
21833,1353,0
21139,659,0
20618,138,0
23213,2733,0
22096,1616,0
22000,1520,0
23012,2532,0
22443,1963,0
22719,2239,0
22761,2281,0
23703,3223,0
22934,2454,0
24094,3614,0
22853,2373,0
22866,2386,0
22616,2136,0
22423,1943,0
23748,3268,0
22140,1660,0
22635,2155,0
21727,1247,0
22975,2495,0
23119,2639,0
22806,2326,0
22778,2298,0
23311,2831,0
22571,2091,0
23044,2564,0
24154,3674,0
21775,1295,0
22379,1899,0
22518,2038,0
23965,3485,0
22279,1799,0
22826,2346,0
23392,2912,0
23411,2931,0
22544,2064,0
21619,1139,0
22616,2136,0
22458,1978,0
22520,2040,0
22638,2158,0
22826,2346,0
22410,1930,0
22761,2281,0
22647,2167,0
22115,1635,0
22514,2034,0
22999,2519,0
22311,1831,0
23001,2521,0
22668,2188,0
22383,1903,0
22985,2505,0
21801,1321,0
21478,998,0
20858,378,0
22415,1935,0
21814,1334,0
21729,1249,0
23299,2819,0
22733,2253,0
23314,2834,0
22500,2020,0
23917,3437,0
22424,1944,0
23889,3409,0
24232,3752,0
24073,3593,0
22340,1860,0
23793,3313,0
22857,2377,0
22461,1981,0
22505,2025,0
22793,2313,0
22239,1759,0
22939,2459,0
23321,2841,0
23824,3344,0
22588,2108,0
22782,2302,0
22827,2347,0
23107,2627,0
22531,2051,0
22087,1607,0
22367,1887,0
22950,2470,0
22648,2168,0
21191,711,0
22128,1648,0
22740,2260,0
22779,2299,0
23171,2691,0
22804,2324,0
23292,2812,0
23496,3016,0
22848,2368,0
22293,1813,0
22217,1737,0
22214,1734,0
22488,2008,0
22740,2260,0
23313,2833,0
22779,2299,0
21706,1226,0
22666,2186,0
22465,1985,0
22218,1738,0
22547,2067,0
23102,2622,0
23249,2769,0
20614,134,0
23216,2736,0
21988,1508,0
22148,1668,0
22395,1915,0
21323,843,0
22322,1842,0
23171,2691,0
21680,1200,0
22105,1625,0
24504,4024,0
23610,3130,0
22714,2234,0
22174,1694,0
22328,1848,0
22295,1815,0
22734,2254,0
23451,2971,0
22160,1680,0
23206,2726,0
23108,2628,0
22157,1677,0
22387,1907,0
23391,2911,0
22997,2517,0
21247,767,0
23778,3298,0
22076,1596,0
22439,1959,0
23164,2684,0
22670,2190,0
22170,1690,0
22319,1839,0
21944,1464,0
22939,2459,0
24202,3722,0
21680,1200,0
22903,2423,0
22783,2303,0
21186,706,0
21436,956,0
23458,2978,0
22548,2068,0
22246,1766,0
21949,1469,0
23018,2538,0
21840,1360,0
22068,1588,0
22719,2239,0
22334,1854,0
21851,1371,0
22179,1699,0
24348,3868,0
23463,2983,0
22988,2508,0
22072,1592,0
23360,2880,0
22869,2389,0
22110,1630,0
22567,2087,0
22661,2181,0
23598,3118,0
22443,1963,0
21581,1101,0
22502,2022,0
23153,2673,0
22346,1866,0
23598,3118,0
23490,3010,0
22450,1970,0
22787,2307,0
22472,1992,0
22887,2407,0
23513,3033,0
22262,1782,0
24198,3718,0
23720,3240,0
22710,2230,0
22219,1739,0
21220,740,0
23044,2564,0
21473,993,0
21332,852,0
22690,2210,0
22982,2502,0
22301,1821,0
21853,1373,0
21835,1355,0
22921,2441,0
21739,1259,0
22069,1589,0
23547,3067,0
21461,981,0
21886,1406,0
22922,2442,0
21754,1274,0
23429,2949,0
21947,1467,0
22041,1561,0
21782,1302,0
23352,2872,0
22692,2212,0
21973,1493,0
22130,1650,0
23058,2578,0
24143,3663,0
23040,2560,0
22773,2293,0
22628,2148,0
23358,2878,0
22458,1978,0
22817,2337,0
22516,2036,0
22843,2363,0
21985,1505,0
22283,1803,0
22681,2201,0
21607,1127,0
22570,2090,0
22397,1917,0
21765,1285,0
23141,2661,0
22087,1607,0
23747,3267,0
22661,2181,0
22093,1613,0
21653,1173,0
22556,2076,0
22655,2175,0
22762,2282,0
22861,2381,0
22218,1738,0
22839,2359,0
22656,2176,0
22273,1793,0
22464,1984,0
23202,2722,0
23011,2531,0
23655,3175,0
22470,1990,0
23050,2570,0
22548,2068,0
22834,2354,0
22974,2494,0
22673,2193,0
23065,2585,0
22575,2095,0
22689,2209,0
23236,2756,0
23618,3138,0
22735,2255,0
21387,907,0
22508,2028,0
22754,2274,0
21529,1049,0
22681,2201,0
21352,872,0
21839,1359,0
21928,1448,0
22993,2513,0
21653,1173,0
21460,980,0
21350,870,0
22824,2344,0
21990,1510,0
23229,2749,0
23584,3104,0
21286,806,0
22895,2415,0
23100,2620,0
21419,939,0
22345,1865,0
23064,2584,0
23382,2902,0
22342,1862,0
22096,1616,0
21986,1506,0
22773,2293,0
23750,3270,0
21779,1299,0
23000,2520,0
23513,3033,0
23357,2877,0
22267,1787,0
22738,2258,0
21942,1462,0
22830,2350,0
21031,551,0
22592,2112,0
23142,2662,0
21389,909,0
21486,1006,0
22659,2179,0
22487,2007,0
22195,1715,0
23194,2714,0
22782,2302,0
21599,1119,0
22226,1746,0
21825,1345,0
22894,2414,0
21680,1200,0
23297,2817,0
22407,1927,0
22503,2023,0
22793,2313,0
21898,1418,0
21937,1457,0
21766,1286,0
21434,954,0
22417,1937,0
21805,1325,0
21650,1170,0
22179,1699,0
22384,1904,0
23026,2546,0
22788,2308,0
22633,2153,0
22761,2281,0
23990,3510,0
23133,2653,0
22291,1811,0
23092,2612,0
21609,1129,0
21880,1400,0
22983,2503,0
22232,1752,0
24574,4094,0
22887,2407,0
22516,2036,0
21681,1201,0
22817,2337,0
21779,1299,0
21853,1373,0
22328,1848,0
22294,1814,0
23065,2585,0
21955,1475,0
22927,2447,0
22594,2114,0
22962,2482,0
22224,1744,0
22140,1660,0
21837,1357,0
22718,2238,0
22628,2148,0
23847,3367,0
22349,1869,0
22484,2004,0
21629,1149,0
21957,1477,0
22917,2437,0
23020,2540,0
22769,2289,0
23001,2521,0
22315,1835,0
22917,2437,0
22808,2328,0
22513,2033,0
21885,1405,0
22181,1701,0
23599,3119,0
23503,3023,0
22137,1657,0
22737,2257,0
23022,2542,0
22479,1999,0
23550,3070,0
20888,408,0
21735,1255,0
23251,2771,0
21459,979,0
23003,2523,0
22163,1683,0
23152,2672,0
21051,571,0
22784,2304,0
22346,1866,0
22876,2396,0
21371,891,0
22158,1678,0
22970,2490,0
21598,1118,0
22926,2446,0
23137,2657,0
23145,2665,0
23245,2765,0
22310,1830,0
22758,2278,0
21126,646,0
21883,1403,0
23238,2758,0
23653,3173,0
22359,1879,0
23426,2946,0
23235,2755,0
21788,1308,0
23075,2595,0
21767,1287,0
23378,2898,0
22849,2369,0
21812,1332,0
23539,3059,0
21282,802,0
22978,2498,0
22942,2462,0
22465,1985,0
23394,2914,0
22067,1587,0
23188,2708,0
22643,2163,0
22924,2444,0
22268,1788,0
23168,2688,0
21732,1252,0
23281,2801,0
21300,820,0
21871,1391,0
22191,1711,0
23163,2683,0
23952,3472,0
22018,1538,0
24550,4070,0
23812,3332,0
23020,2540,0
22410,1930,0
22980,2500,0
22358,1878,0
22589,2109,0
21083,603,0
21718,1238,0
21130,650,0
23260,2780,0
22618,2138,0
22056,1576,0
22300,1820,0
22289,1809,0
22050,1570,0
22296,1816,0
22189,1709,0
24042,3562,0
23504,3024,0
23369,2889,0
23237,2757,0
22492,2012,0
22564,2084,0
21985,1505,0
22554,2074,0
22815,2335,0
22283,1803,0
22282,1802,0
21967,1487,0
23206,2726,0
23668,3188,0
22344,1864,0
23903,3423,0
22971,2491,0
22892,2412,0
22009,1529,0
23316,2836,0
22845,2365,0
22528,2048,0
21412,932,0
21961,1481,0
21675,1195,0
23151,2671,0
23407,2927,0
24249,3769,0
23023,2543,0
23092,2612,0
23387,2907,0
23539,3059,0
21821,1341,0
21867,1387,0
22283,1803,0
22310,1830,0
22397,1917,0
22360,1880,0
22554,2074,0
22129,1649,0
21245,765,0
22673,2193,0
22643,2163,0
22563,2083,0
21391,911,0
21549,1069,0
21874,1394,0
21334,854,0
22023,1543,0
20715,235,0
22027,1547,0
22714,2234,0
22680,2200,0
22408,1928,0
21903,1423,0
21688,1208,0
22668,2188,0
24091,3611,0
22490,2010,0
21539,1059,0
22551,2071,0
21674,1194,0
21901,1421,0
21509,1029,0
22185,1705,0
22490,2010,0
22582,2102,0
23012,2532,0
23813,3333,0
21202,722,0
22081,1601,0
23297,2817,0
23042,2562,0
21300,820,0
22833,2353,0
21876,1396,0
23273,2793,0
21584,1104,0
22688,2208,0
22224,1744,0
21848,1368,0
22609,2129,0
23798,3318,0
22619,2139,0
21516,1036,0
22694,2214,0
23225,2745,0
20874,394,0
22015,1535,0
22377,1897,0
23744,3264,0
22431,1951,0
22366,1886,0
22635,2155,0
20809,329,0
21619,1139,0
22262,1782,0
21775,1295,0
23888,3408,0
23167,2687,0
21050,570,0
22476,1996,0
22561,2081,0
22772,2292,0
21018,538,0
22613,2133,0
22939,2459,0
22216,1736,0
22859,2379,0
22883,2403,0
22728,2248,0
21900,1420,0
24574,4094,0
22257,1777,0
22069,1589,0
22440,1960,0
22654,2174,0
23610,3130,0
22467,1987,0
21714,1234,0
22864,2384,0
22287,1807,0
22127,1647,0
21747,1267,0
22447,1967,0
22890,2410,0
23198,2718,0
20481,1,0
22403,1923,0
21934,1454,0
24320,3840,0
22725,2245,0
21645,1165,0
22320,1840,0
21189,709,0
23190,2710,0
22337,1857,0
23712,3232,0
22703,2223,0
22348,1868,0
20881,401,0
21954,1474,0
21343,863,0
22063,1583,0
22874,2394,0
22541,2061,0
22888,2408,0
23485,3005,0
22358,1878,0
23496,3016,0
21983,1503,0
22750,2270,0
22976,2496,0
22090,1610,0
23208,2728,0
21316,836,0
20847,367,0
21862,1382,0
22134,1654,0
20993,513,0
21737,1257,0
22801,2321,0
22014,1534,0
21935,1455,0
22789,2309,0
22815,2335,0
22493,2013,0
23893,3413,0
20877,397,0
22235,1755,0
21799,1319,0
23020,2540,0
21979,1499,0
23660,3180,0
22159,1679,0
22813,2333,0
22680,2200,0
23587,3107,0
22877,2397,0
23510,3030,0
23158,2678,0
22420,1940,0
22249,1769,0
21808,1328,0
22072,1592,0
22514,2034,0
22365,1885,0
21651,1171,0
22361,1881,0
22699,2219,0
22169,1689,0
22945,2465,0
24357,3877,0
22295,1815,0
23484,3004,0
22522,2042,0
21704,1224,0
23189,2709,0
22834,2354,0
23102,2622,0
22050,1570,0
22465,1985,0
22457,1977,0
24014,3534,0
23041,2561,0
22664,2184,0
24163,3683,0
22659,2179,0
20672,192,0
22533,2053,0
22176,1696,0
22119,1639,0
23340,2860,0
23013,2533,0
21257,777,0
23058,2578,0
22356,1876,0
20993,513,0
22087,1607,0
22264,1784,0
23085,2605,0
23324,2844,0
22536,2056,0
23249,2769,0
22349,1869,0
23552,3072,0
23527,3047,0
22396,1916,0
22071,1591,0
23438,2958,0
23044,2564,0
23723,3243,0
23084,2604,0
22530,2050,0
22944,2464,0
21677,1197,0
23228,2748,0
21755,1275,0
22535,2055,0
23243,2763,0
21456,976,0
21907,1427,0
22736,2256,0
22446,1966,0
22367,1887,0
23004,2524,0
21052,572,0
22250,1770,0
21153,673,0
22369,1889,0
23292,2812,0
22811,2331,0
22720,2240,0
23732,3252,0
23928,3448,0
22676,2196,0
23352,2872,0
23314,2834,0
22546,2066,0
22048,1568,0
21451,971,0
22436,1956,0
23222,2742,0
21996,1516,0
23052,2572,0
22273,1793,0
23905,3425,0
22891,2411,0
22391,1911,0
22498,2018,0
22953,2473,0
21247,767,0
23192,2712,0
22841,2361,0
21953,1473,0
22440,1960,0
22170,1690,0
22788,2308,0
21733,1253,0
21431,951,0
23693,3213,0
23726,3246,0
22925,2445,0
22798,2318,0
21499,1019,0
22877,2397,0
23633,3153,0
21048,568,0
22265,1785,0
23227,2747,0
22634,2154,0
21530,1050,0
23591,3111,0
23424,2944,0
23996,3516,0
23726,3246,0
22503,2023,0
22854,2374,0
23379,2899,0
22844,2364,0
23984,3504,0
22548,2068,0
23183,2703,0
22140,1660,0
22273,1793,0
21515,1035,0
22106,1626,0
22312,1832,0
22059,1579,0
22311,1831,0
22304,1824,0
22390,1910,0
23331,2851,0
22267,1787,0
23459,2979,0
23188,2708,0
22043,1563,0
23433,2953,0
22278,1798,0
21648,1168,0
23594,3114,0
23164,2684,0
24376,3896,0
22413,1933,0
22523,2043,0
22523,2043,0
23398,2918,0
22161,1681,0
21200,720,0
22881,2401,0
23738,3258,0
22678,2198,0
21894,1414,0
22902,2422,0
23167,2687,0
23650,3170,0
24391,3911,0
22864,2384,0
21581,1101,0
22706,2226,0
21930,1450,0
22803,2323,0
22890,2410,0
22852,2372,0
22090,1610,0
23316,2836,0
22498,2018,0
21311,831,0
22282,1802,0
22050,1570,0
23136,2656,0
23191,2711,0
22652,2172,0
23127,2647,0
22553,2073,0
21512,1032,0
22456,1976,0
22513,2033,0
22396,1916,0
22966,2486,0
22776,2296,0
22468,1988,0
22024,1544,0
22818,2338,0
22214,1734,0
22563,2083,0
22949,2469,0
22761,2281,0
21148,668,0
21101,621,0
23036,2556,0
23104,2624,0
22933,2453,0
21827,1347,0
21660,1180,0
22060,1580,0
22416,1936,0
21369,889,0
21709,1229,0
22467,1987,0
21849,1369,0
23451,2971,0
23730,3250,0
21851,1371,0
22832,2352,0
23086,2606,0
22770,2290,0
21841,1361,0
21685,1205,0
22252,1772,0
20963,483,0
21909,1429,0
24540,4060,0
21981,1501,0
22494,2014,0
21875,1395,0
22113,1633,0
23184,2704,0
21463,983,0
21967,1487,0
21840,1360,0
22473,1993,0
22530,2050,0
22895,2415,0
23693,3213,0
22309,1829,0
21550,1070,0
23010,2530,0
22695,2215,0
24067,3587,0
22144,1664,0
22253,1773,0
21273,793,0
22370,1890,0
24574,4094,0
22395,1915,0
22832,2352,0
22788,2308,0
22847,2367,0
23775,3295,0
22044,1564,0
21803,1323,0
23858,3378,0
23448,2968,0
22368,1888,0
21969,1489,0
22344,1864,0
22417,1937,0
21564,1084,0
23111,2631,0
23330,2850,0
22301,1821,0
21580,1100,0
20481,1,0
23244,2764,0
22440,1960,0
21391,911,0
22600,2120,0
22300,1820,0
22877,2397,0
23481,3001,0
23016,2536,0
22888,2408,0
23226,2746,0
21838,1358,0
21943,1463,0
21221,741,0
22564,2084,0
23466,2986,0
23276,2796,0
23255,2775,0
22663,2183,0
23681,3201,0
21643,1163,0
23279,2799,0
22693,2213,0
22693,2213,0
22962,2482,0
22566,2086,0
23316,2836,0
22956,2476,0
23177,2697,0
21343,863,0
20481,1,0
22426,1946,0
22271,1791,0
23014,2534,0
21930,1450,0
21960,1480,0
22189,1709,0
23117,2637,0
23173,2693,0
22138,1658,0
22978,2498,0
22537,2057,0
22673,2193,0
21800,1320,0
21989,1509,0
21376,896,0
23122,2642,0
21478,998,0
23222,2742,0
21036,556,0
22862,2382,0
21855,1375,0
22646,2166,0
22110,1630,0
21106,626,0
23743,3263,0
22326,1846,0
22937,2457,0
23672,3192,0
22292,1812,0
22570,2090,0
22292,1812,0
22933,2453,0
21556,1076,0
21873,1393,0
21921,1441,0
22235,1755,0
22470,1990,0
22342,1862,0
22196,1716,0
22069,1589,0
23469,2989,0
23269,2789,0
22197,1717,0
22856,2376,0
22320,1840,0
23087,2607,0
22219,1739,0
22797,2317,0
22266,1786,0
23689,3209,0
21446,966,0
22300,1820,0
21785,1305,0
22856,2376,0
23405,2925,0
22432,1952,0
22186,1706,0
22806,2326,0
22451,1971,0
22925,2445,0
23494,3014,0
21482,1002,0
21664,1184,0
21191,711,0
22558,2078,0
22343,1863,0
22744,2264,0
21354,874,0
22414,1934,0
22312,1832,0
22626,2146,0
22492,2012,0
22743,2263,0
21845,1365,0
23557,3077,0
23245,2765,0
22074,1594,0
21950,1470,0
22342,1862,0
20481,1,0
21238,758,0
22481,2001,0
22347,1867,0
22885,2405,0
23080,2600,0
22568,2088,0
22905,2425,0
21550,1070,0
22532,2052,0
23001,2521,0
23140,2660,0
21865,1385,0
22443,1963,0
22668,2188,0
21298,818,0
23150,2670,0
22686,2206,0
21791,1311,0
23501,3021,0
23722,3242,0
22586,2106,0
23108,2628,0
22975,2495,0
22355,1875,0
23294,2814,0
23094,2614,0
23896,3416,0
22042,1562,0
22244,1764,0
23084,2604,0
22713,2233,0
22082,1602,0
23096,2616,0
22048,1568,0
21932,1452,0
21992,1512,0
21665,1185,0
22672,2192,0
21835,1355,0
22591,2111,0
22726,2246,0
21942,1462,0
24302,3822,0
22880,2400,0
22803,2323,0
22144,1664,0
23053,2573,0
21829,1349,0
21064,584,0
23353,2873,0
22564,2084,0
23038,2558,0
23443,2963,0
23356,2876,0
23078,2598,0
22470,1990,0
24574,4094,0
23098,2618,0
21653,1173,0
22509,2029,0
22925,2445,0
22152,1672,0
23655,3175,0
22938,2458,0
22524,2044,0
20895,415,0
22966,2486,0
21270,790,0
22526,2046,0
21428,948,0
22373,1893,0
22682,2202,0
22829,2349,0
21814,1334,0
22288,1808,0
23424,2944,0
22611,2131,0
23800,3320,0
22217,1737,0
22183,1703,0
23748,3268,0
23886,3406,0
21956,1476,0
21928,1448,0
21761,1281,0
22520,2040,0
22669,2189,0
22259,1779,0
23202,2722,0
22589,2109,0
23394,2914,0
21198,718,0
23547,3067,0
22864,2384,0
23447,2967,0
23057,2577,0
22715,2235,0
22566,2086,0
23461,2981,0
23617,3137,0
21270,790,0
22683,2203,0
21126,646,0
22383,1903,0
22934,2454,0
22714,2234,0
22120,1640,0
21825,1345,0
23556,3076,0
22614,2134,0
22891,2411,0
22504,2024,0
21602,1122,0
21893,1413,0
24388,3908,0
22974,2494,0
22643,2163,0
21846,1366,0
22829,2349,0
23347,2867,0
23084,2604,0
24238,3758,0
22480,2000,0
22332,1852,0
22486,2006,0
22356,1876,0
22146,1666,0
24001,3521,0
21044,564,0
23526,3046,0
23437,2957,0
22400,1920,0
22695,2215,0
21429,949,0
22737,2257,0
22039,1559,0
23165,2685,0
22080,1600,0
23645,3165,0
23613,3133,0
22413,1933,0
22414,1934,0
23808,3328,0
22634,2154,0
22440,1960,0
22993,2513,0
22750,2270,0
21899,1419,0
23255,2775,0
23234,2754,0
23039,2559,0
22340,1860,0
23691,3211,0
22947,2467,0
22700,2220,0
22451,1971,0
22582,2102,0
22824,2344,0
23201,2721,0
22795,2315,0
22578,2098,0
22478,1998,0
22209,1729,0
23160,2680,0
23311,2831,0
21776,1296,0
22086,1606,0
23013,2533,0
23182,2702,0
22576,2096,0
23004,2524,0
23791,3311,0
22367,1887,0
21879,1399,0
23254,2774,0
23494,3014,0
23071,2591,0
22520,2040,0
22914,2434,0
23094,2614,0
22889,2409,0
22725,2245,0
22990,2510,0
22725,2245,0
23184,2704,0
21580,1100,0
22140,1660,0
22446,1966,0
22672,2192,0
23445,2965,0
22466,1986,0
23074,2594,0
21922,1442,0
22238,1758,0
22989,2509,0
23527,3047,0
23846,3366,0
22961,2481,0
23135,2655,0
22900,2420,0
22280,1800,0
22009,1529,0
23490,3010,0
21549,1069,0
22018,1538,0
21809,1329,0
21931,1451,0
22810,2330,0
22293,1813,0
22563,2083,0
22478,1998,0
22589,2109,0
21617,1137,0
22420,1940,0
22898,2418,0
23831,3351,0
23383,2903,0
22260,1780,0
22995,2515,0
22745,2265,0
24028,3548,0
22692,2212,0
22897,2417,0
22779,2299,0
23134,2654,0
23159,2679,0
23140,2660,0
22614,2134,0
21267,787,0
21723,1243,0
22990,2510,0
22437,1957,0
21898,1418,0
21759,1279,0
22890,2410,0
24316,3836,0
22367,1887,0
22285,1805,0
22683,2203,0
22993,2513,0
21952,1472,0
23235,2755,0
22927,2447,0
23220,2740,0
22383,1903,0
22030,1550,0
24485,4005,0
21815,1335,0
23897,3417,0
22270,1790,0
22963,2483,0
22387,1907,0
22175,1695,0
20850,370,0
23318,2838,0
20983,503,0
23226,2746,0
21778,1298,0
21643,1163,0
24205,3725,0
22257,1777,0
22513,2033,0
21763,1283,0
23503,3023,0
23621,3141,0
22274,1794,0
22790,2310,0
22167,1687,0
22306,1826,0
21062,582,0
23403,2923,0
21626,1146,0
22798,2318,0
23102,2622,0
23364,2884,0
22123,1643,0
22280,1800,0
22266,1786,0
21829,1349,0
22642,2162,0
22354,1874,0
22475,1995,0
23079,2599,0
23689,3209,0
22688,2208,0
22177,1697,0
23066,2586,0
21617,1137,0
22497,2017,0
22040,1560,0
22970,2490,0
22664,2184,0
22867,2387,0
22331,1851,0
21684,1204,0
20611,131,0
21835,1355,0
22770,2290,0
21796,1316,0
22049,1569,0
23194,2714,0
22923,2443,0
22182,1702,0
23021,2541,0
22498,2018,0
22468,1988,0
21984,1504,0
22409,1929,0
21603,1123,0
22848,2368,0
20653,173,0
21574,1094,0
23132,2652,0
23099,2619,0
21924,1444,0
23050,2570,0
24574,4094,0
21747,1267,0
22201,1721,0
22672,2192,0
23695,3215,0
22904,2424,0
22402,1922,0
22028,1548,0
23533,3053,0
21527,1047,0
21324,844,0
22980,2500,0
21949,1469,0
21974,1494,0
22424,1944,0
20878,398,0
23382,2902,0
22588,2108,0
22029,1549,0
23443,2963,0
22739,2259,0
22657,2177,0
21433,953,0
23298,2818,0
22504,2024,0
23674,3194,0
22881,2401,0
21824,1344,0
23070,2590,0
22012,1532,0
22091,1611,0
22351,1871,0
22716,2236,0
22682,2202,0
21178,698,0
22803,2323,0
22644,2164,0
20846,366,0
22522,2042,0
21603,1123,0
22586,2106,0
22402,1922,0
22727,2247,0
24529,4049,0
22273,1793,0
21720,1240,0
22575,2095,0
21511,1031,0
21850,1370,0
23096,2616,0
23196,2716,0
22851,2371,0
22299,1819,0
22791,2311,0
24210,3730,0
22274,1794,0
21846,1366,0
22582,2102,0
21640,1160,0
22567,2087,0
22133,1653,0
21837,1357,0
23338,2858,0
21429,949,0
22575,2095,0
22298,1818,0
21792,1312,0
22135,1655,0
23581,3101,0
21358,878,0
22785,2305,0
23370,2890,0
23721,3241,0
22842,2362,0
22330,1850,0
22072,1592,0
22081,1601,0
21761,1281,0
21501,1021,0
22227,1747,0
22508,2028,0
22465,1985,0
22571,2091,0
22213,1733,0
23329,2849,0
21982,1502,0
22452,1972,0
22051,1571,0
23031,2551,0
22275,1795,0
23440,2960,0
23107,2627,0
21579,1099,0
22542,2062,0
22775,2295,0
23389,2909,0
23082,2602,0
22384,1904,0
21954,1474,0
20733,253,0
22603,2123,0
22961,2481,0
22114,1634,0
23579,3099,0
23850,3370,0
22689,2209,0
23016,2536,0
23932,3452,0
21838,1358,0
20481,1,0
21326,846,0
21104,624,0
23339,2859,0
21819,1339,0
21933,1453,0
23662,3182,0
23280,2800,0
21999,1519,0
23055,2575,0
22502,2022,0
22193,1713,0
22171,1691,0
22317,1837,0
22748,2268,0
22342,1862,0
22156,1676,0
22785,2305,0
21883,1403,0
23609,3129,0
20851,371,0
22494,2014,0
22575,2095,0
22878,2398,0
22135,1655,0
22450,1970,0
20868,388,0
21465,985,0
22706,2226,0
21333,853,0
22434,1954,0
22399,1919,0
22700,2220,0
22430,1950,0
22335,1855,0
22900,2420,0
21990,1510,0
23002,2522,0
22677,2197,0
22759,2279,0
22907,2427,0
22723,2243,0
22461,1981,0
22811,2331,0
21244,764,0
22871,2391,0
23054,2574,0
22741,2261,0
23462,2982,0
22637,2157,0
22868,2388,0
23096,2616,0
22569,2089,0
22273,1793,0
24327,3847,0
24574,4094,0
22462,1982,0
22086,1606,0
22318,1838,0
23056,2576,0
23239,2759,0
22800,2320,0
22599,2119,0
22563,2083,0
22235,1755,0
23101,2621,0
22547,2067,0
23224,2744,0
22348,1868,0
23786,3306,0
21916,1436,0
24409,3929,0
22560,2080,0
22010,1530,0
22526,2046,0
23408,2928,0
22688,2208,0
22883,2403,0
22441,1961,0
22085,1605,0
23596,3116,0
15067,6875,1
9631,9631,1
16052,7860,0
10934,10934,0
13585,5393,0
4036,16324,1
15963,7771,0
14079,5887,0
13779,5587,0
11715,11715,0
11227,11227,0
3449,15737,0
4136,16424,1
6889,19177,0
17985,22081,1
1438,13726,0
1935,14223,0
17736,21832,0
7537,19825,0
7988,20276,0
7922,20210,0
5542,17830,0
12101,12101,0
11921,11921,0
6061,18349,0
2249,14537,0
13115,4923,0
487,12775,0
2889,15177,0
3881,16169,0
4652,16940,0
15085,6893,0
12871,4679,0
13301,5109,0
7656,19944,0
15487,7295,0
12168,12168,0
114,12402,0
12585,4393,0
2752,15040,0
14229,6037,0
5932,18220,0
5892,18180,0
14818,6626,0
4379,16667,0
16307,8115,0
2389,14677,0
105,12393,0
16690,20786,0
18086,22182,0
7148,19436,0
1723,14011,0
13871,5679,0
15711,7519,0
18322,22418,0
3764,16052,0
5693,17981,0
13611,5419,0
4525,16813,0
9699,9699,0
8337,8337,0
9093,9093,0
13730,5538,0
13816,5624,0
17767,21863,0
6875,19163,0
627,12915,0
816,13104,0
17147,21243,0
2421,14709,0
4559,16847,0
13930,5738,0
16691,20787,0
17365,21461,0
11892,11892,0
1952,14240,0
17298,21394,0
7091,19379,0
11045,11045,0
7186,19474,0
9106,9106,0
5627,17915,0
13360,5168,0
2988,15276,0
14797,6605,0
7332,19620,0
5854,18142,0
13243,5051,0
9314,9314,0
17817,21913,0
8050,20338,0
1085,13373,0
18028,22124,0
10173,10173,0
15096,6904,0
5723,18011,0
5485,17773,0
7489,19777,0
2771,15059,0
14005,5813,0
1006,13294,0
11109,11109,0
630,12918,0
2319,14607,0
17201,21297,0
6877,19165,0
10989,10989,0
14204,6012,0
17233,21329,0
13471,5279,0
17753,21849,0
15896,7704,0
11714,11714,0
154,12442,0
7259,19547,0
5703,17991,0
7211,19499,0
4738,17026,0
13625,5433,0
3435,15723,0
12087,12087,0
9027,9027,0
11516,11516,0
17045,21141,0
12606,4414,0
