22544
22082
22046
22724
23224
22936
23979
21952
22011
22819
22484
22014
23679
22403
22982
22458
21841
21668
21903
23709
23273
21725
22520
23284
21825
21396
22476
23183
22661
22159
22576
22117
22232
24126
22298
21270
22402
22298
22787
22139
21943
22241
21054
22485
22822
23180
22632
24015
22051
22527
22387
22687
21655
24331
22816
22227
21916
22831
21955
21616
23101
21766
21711
22631
22791
21967
21827
22774
22500
23438
22188
22059
23465
22539
22587
22541
22643
21649
21650
22975
21455
22674
22574
23085
23340
22365
22891
22649
23767
24111
23225
23156
22735
22550
22435
22724
22866
22244
24572
21843
22337
23032
22422
23253
21593
21615
22413
22331
22684
22783
23443
22646
22310
23571
22912
21867
21159
21552
23636
23167
22794
22912
23220
22730
22692
20481
23410
21916
22503
22642
21151
22741
21892
22617
23632
22154
22617
22938
22959
22536
22210
22173
24025
21996
22143
22859
24005
22460
22919
22304
22181
22487
23269
22406
23316
23395
22449
22215
21466
22720
24485
22642
22189
22979
22918
22300
23361
22652
23261
22462
22809
22692
22472
21749
21658
23337
22288
22554
21803
21674
21699
22651
22704
22804
21826
23864
22671
23609
22329
22927
22763
22164
21737
23739
23374
22048
21467
23044
24216
22385
21918
22440
21768
22714
24108
22194
22598
23640
22291
22043
22233
22123
22414
22549
23367
21427
22750
22856
22972
23067
22628
23213
22691
23050
23020
21061
21886
22004
22065
22471
24080
22367
22645
22817
23561
22333
23349
21812
21564
22840
23732
22434
22240
21893
22438
22662
23165
23148
22729
21515
22857
23075
22201
22139
22651
23470
22508
22691
22097
22615
22828
21744
22162
22613
21769
22468
22079
21978
23354
23816
21497
21961
23169
23176
24425
23592
21832
22965
23653
22382
22956
22823
21741
21685
22953
23517
22769
22927
22121
22309
22705
22119
22553
22750
22097
21937
23180
22268
22672
22929
22432
22275
22700
22501
22605
22419
22130
22682
22121
21658
22407
23141
22980
22773
22776
22429
22854
22888
22266
22402
22573
23301
22511
22196
22540
22507
22491
22447
22758
22699
22940
22269
22163
21564
22820
22934
22961
21143
22358
22525
22243
22994
22302
22142
23386
23125
23641
23308
23127
21900
22423
22590
23451
22492
22604
22592
21834
22127
24197
22248
22811
21627
21930
23456
22499
23522
22313
22879
22070
23063
24204
22529
22465
23650
22484
23199
22297
21890
22260
22051
21328
23343
22221
23301
23136
23669
21661
21711
21814
23309
22379
23109
22689
22323
22471
22340
22197
22403
22749
22512
22693
22473
22025
23877
22562
22478
21085
23377
22543
20792
23091
23073
22078
22037
22899
22095
22728
22389
23564
23380
22670
23517
23025
22635
21889
22211
22321
22595
23326
22369
21851
22501
21211
21990
22973
22840
23051
22409
21658
22185
21991
23687
21317
22938
22408
23175
22322
23592
21504
21731
22917
22494
22021
22783
22689
21907
24001
22744
21354
22036
22786
22757
23158
22136
22780
21509
21593
22649
22809
21438
21649
22021
22205
22688
21728
22435
22075
22297
23361
22211
22490
23598
23056
22999
21959
22521
22032
23174
22024
23544
22428
22456
21958
23506
22735
23060
22286
22169
22573
22568
21787
21858
22627
23953
22264
21533
22267
23844
22704
22286
21939
22166
24149
22062
22186
22234
23261
22877
22487
23172
22817
23088
23073
22487
21410
24223
23817
23283
22501
21589
22091
23109
23408
23200
21614
22768
23286
23624
23060
23029
22888
23593
22060
22990
23224
22238
22086
22021
21656
23295
22214
21408
24427
22645
22914
22874
21546
21987
21798
23462
22839
22765
23016
22536
23819
23179
22445
21964
22597
23155
24198
21755
22391
22972
22201
23275
23146
22980
21735
22796
21686
23708
22680
22130
22267
21797
23085
23507
22605
22811
23531
23096
22469
23062
22115
22756
22294
22257
23547
22557
22794
21751
22718
21608
23548
22036
23255
22558
22822
22319
22698
23533
23200
23016
22777
20987
23580
22848
22592
23079
21153
22610
21494
22516
21852
22979
22960
21762
23143
21879
21586
23255
21793
22798
22694
22862
20708
21844
22659
21666
22968
22147
22729
21354
22939
22079
23992
21366
22159
21580
22525
22251
22626
23457
21451
23052
23089
22970
21740
22066
22589
23675
22198
23287
22593
23492
22355
23414
22729
21838
22946
22091
21145
22073
21907
22592
22374
21648
23801
21571
21846
23653
23745
21380
22187
22676
23689
22361
22568
22693
22424
22697
23036
23223
22327
21721
23465
23758
23255
22298
22975
20522
21746
23166
23308
22222
22886
21459
21071
21952
22996
22571
23616
24076
22627
22122
22172
22091
23648
22849
22903
22553
22904
22944
22476
22450
21307
22731
23223
23496
23187
21869
21524
21840
22911
22858
22281
22168
21887
22132
22446
22678
21594
22783
22484
21174
21780
23261
23612
23000
21759
22464
21954
21379
23596
23818
22427
23676
23583
24574
23932
22390
21138
23109
21636
22457
22533
22048
20897
23817
22390
21851
23364
20671
21521
22262
23712
21431
21777
22003
21689
22800
22867
21954
23945
23907
22669
21792
22542
22465
22068
21313
21320
22871
22576
22667
22937
21808
22124
20481
22729
21776
23192
21741
23957
22903
23158
23025
22135
22148
22421
21872
22038
22183
23330
21967
24454
22309
23709
23045
22131
22517
24009
23326
22662
22742
21625
22827
23834
22603
22336
22486
22690
22143
23012
21930
23750
23760
23048
21627
22214
21714
23725
22660
22840
21794
22566
21297
22810
22278
23364
21999
22801
21633
22699
22179
22899
23501
22882
22595
22434
22940
22642
22623
22381
22753
22213
22587
22300
23575
23387
22613
22660
22340
23750
22437
21761
22698
22587
23244
22814
22449
22539
23582
21703
22167
22322
22352
22801
21430
23078
21980
21995
22132
23037
22560
23267
22378
21881
22115
23687
22553
22769
22327
23580
22736
22749
22822
22194
22550
23125
21600
22290
23183
22078
22112
22334
21646
23090
22062
23650
23191
23135
22537
23041
22081
21122
22168
23161
23715
23706
23627
22699
23145
22391
23300
23255
21566
22878
21959
22614
21838
22361
23671
21808
23138
22255
23152
22287
22493
22356
22305
22150
21600
22568
22708
22240
22823
21551
22514
22568
21496
22564
22790
21879
22448
23189
23210
21710
23010
22341
23522
22941
23132
22986
23541
21957
22465
22888
22586
22011
22860
22031
23777
21886
23058
22281
22101
21878
23590
22350
23473
21704
22827
22570
22098
23297
23246
21589
23084
23114
23226
22256
23254
23034
22108
22172
21719
22100
22172
22547
22734
23726
21472
21722
23867
22857
23359
22148
21592
23587
22691
22674
22849
23269
22178
22028
22076
22616
22684
23599
21017
22615
22298
22633
22275
21729
23223
21194
22841
23957
21687
23471
22577
22829
22397
21714
21989
23420
22249
21204
22646
22742
22012
22687
22667
23633
22420
21620
23541
22125
23762
22520
22342
22542
22414
21258
22627
23917
23028
21644
22424
21595
22841
21846
22622
23342
21670
22307
22464
21696
21858
22490
22441
22603
22566
21992
22166
22579
21287
22682
21612
22079
22640
22926
22684
21700
21694
23379
23319
23466
22650
23087
22133
21858
22182
21982
22274
22885
22842
22518
22342
22436
21768
23051
21663
23929
23690
21929
22505
23530
21819
21927
22472
22591
23546
22943
22518
22372
23625
22568
21729
21424
22984
23741
22986
21622
22500
21676
21905
22604
21431
21883
23524
21521
21623
22109
22733
22665
24278
21419
23163
21457
22434
24288
23316
22808
22755
22289
22053
22649
22100
22103
22425
23313
22680
23155
21774
21683
22779
22922
21417
22126
22043
23258
21916
21432
23099
22441
21954
23368
21831
22517
23048
22660
21832
22780
22709
23598
22742
21825
23123
22955
22695
22877
21331
22128
23907
21576
23436
23397
23690
21542
21869
23266
22529
23259
21802
22688
22628
22316
22184
23821
23161
22823
23084
22274
22565
23080
22520
22541
21609
22818
22343
22538
24125
21522
23015
22257
22800
22395
23181
23347
23422
22233
21493
23267
22923
22415
23885
22741
22511
23169
21633
22357
22431
23160
22521
22712
22713
24036
22385
22335
20989
22819
21943
23552
22706
21635
22722
23645
21906
22381
22915
22655
22194
22545
22057
21655
22488
23563
22175
23432
23442
21826
22411
21841
22227
23115
23229
24447
22646
22297
23179
22002
22864
23538
22605
22285
23668
22021
22431
22605
22813
22754
22395
22484
21463
21862
22389
22424
21605
23483
23595
22377
22129
23314
22014
22744
23111
22074
22609
22423
22600
22597
23332
20481
23212
22002
23079
22327
22973
22576
23740
22442
23224
22995
22591
22143
22644
23091
22538
22163
22633
22373
23211
22480
22398
21893
23108
23068
23405
22731
23207
21680
23690
22641
22809
23083
22855
23411
21982
22156
23135
22770
23074
24065
22847
24569
22199
22803
22388
23159
22507
22427
22803
21711
22013
24110
22526
22541
22372
22440
22842
21892
22777
22552
22954
21651
21960
21586
22185
21981
23269
22203
22867
21932
22873
22489
22852
23030
22600
23036
22375
20958
21916
22122
21491
21875
21382
22170
23356
21695
23909
22635
22448
21513
22036
22077
22419
23367
23335
22781
21620
23395
23834
22456
23264
21509
22441
23255
23730
23196
23390
21677
22581
21929
22647
23354
21420
21457
23368
22234
22343
23385
22904
22903
22550
23271
23648
22393
22569
23960
22312
22012
23134
22982
21863
22815
22830
22066
23215
23070
22049
22823
22361
23117
22296
22347
22336
21500
21658
21680
22157
23440
21817
22649
22725
21794
22651
22381
23231
23720
21702
23448
21454
22454
21528
22902
23262
22029
21950
21747
23903
22352
21862
22376
22267
21878
22132
24431
22367
23191
21777
21554
23716
23560
23197
21808
23101
23840
24320
22469
22633
22230
21966
22219
22509
21685
22132
21567
22352
21687
23098
21902
23135
22415
22462
22107
23093
21992
21930
23267
22999
22971
22701
21989
22799
22219
23289
23221
21866
22343
22129
21838
22008
21990
21901
22629
21545
22035
23063
21951
21401
22657
21982
21686
23278
22349
22590
22356
22630
22219
21978
21889
22691
23094
23418
23198
21387
22582
22074
21490
23058
21732
21493
23631
21484
22501
21737
21145
23197
22784
22497
23030
21685
21761
22105
23741
22303
22479
22265
23333
22037
21462
22349
21874
22330
22410
22114
21851
21539
22229
21598
21787
23110
22447
22855
21959
22956
22751
21990
22747
23674
22723
22623
22215
23613
23413
22461
22870
22867
22100
22336
22265
24190
22895
22675
23297
22533
22547
21888
22552
23515
22882
21957
22553
23950
22752
21601
22228
22519
21672
23332
23287
23392
23336
20954
22541
23209
22806
21479
21473
22685
22292
22952
22309
21481
21683
22045
22035
22665
22380
22769
21944
21062
22862
23077
22611
20481
22227
22389
22516
23153
22645
23853
22425
22816
23064
22811
23355
22494
22576
22650
22194
22489
23539
22353
22382
23596
20963
21979
21342
23516
22110
23054
23385
24220
21996
21837
23574
22813
23153
23104
22912
23495
20896
21721
21756
21745
23042
23216
22256
22564
23252
22362
21656
21582
21951
21718
22013
21720
22623
21795
21136
22368
22721
22707
21504
21428
22506
21550
23251
22707
22729
21295
23286
22376
22035
21649
23626
22628
22601
22274
22503
22868
22238
21161
23453
23359
22645
22612
22998
23548
22340
21190
23147
22153
22311
21455
22918
22488
23513
22583
22807
21255
21487
22537
22421
22632
21563
22474
21812
20481
21120
22637
22992
21298
21638
23162
22299
22058
22970
22112
21987
22438
22363
21717
21877
22296
22029
20554
23564
23270
23110
21744
22300
22558
22627
23480
22932
22434
22152
21468
21484
21571
22197
23935
23315
22538
22657
22079
22415
21538
22584
23797
23429
22039
21788
22132
21789
23000
22667
22869
22005
22679
22486
23168
22423
22432
22840
21917
23066
22132
23326
22901
23401
22383
21703
21995
22708
22801
23298
22327
23195
23629
21165
22783
23021
20734
23347
21090
23057
22662
22971
22966
23006
21513
23303
23724
22054
22189
22520
22549
21906
23127
20751
21994
23626
23211
22935
23407
22012
22627
22061
22644
21891
22698
21877
21372
23463
22994
22246
22485
22610
21665
21665
22076
22455
21996
22417
23564
21920
22049
22024
22906
21775
22064
22812
22790
21807
22975
22485
23357
22902
22910
22373
22614
21841
23834
22946
22133
23370
22584
22571
22561
22634
22214
23186
23662
21560
22374
21839
21731
21708
21875
23626
22663
22195
21653
21997
23425
21855
22569
22304
23596
22990
22620
21767
21790
22735
22007
24145
22359
22595
21739
23183
21684
21343
22198
23063
21536
22770
21775
22021
23689
23033
23069
22525
23864
22294
21889
21454
22615
22719
23191
21833
22737
22573
22212
21868
21417
21745
22666
23576
23458
22868
22953
21791
23679
22419
22974
22421
22741
22852
23247
22537
22051
23087
22304
22245
24124
22758
21985
22277
21766
22612
23082
22797
22687
22933
21602
22566
22121
21566
22627
22551
22113
23562
23280
22876
23420
23159
23367
21601
22420
23427
24233
20521
21098
23193
22017
21844
22643
22831
23479
24005
22183
22417
21263
24037
20845
22777
23459
21787
22484
21671
21358
22097
23556
22978
22374
22548
23085
22670
22230
23067
21749
22605
22449
23305
22404
22682
23749
22265
24360
22177
23312
20791
23763
21778
23040
23567
24403
24131
22459
22381
23160
22773
22052
21520
22246
22105
23389
23939
24305
23180
21602
23098
22242
22197
23358
22659
21737
21085
21446
22612
22711
22804
22499
23232
22637
23509
23286
22709
22687
20747
20965
21733
22564
22111
22885
22649
22453
21694
22159
21825
22760
23455
22884
22638
21905
22328
22031
23567
23720
22923
22195
23266
21539
23031
21814
22324
22276
23294
23210
23137
22795
22415
21435
23449
22403
22451
23457
21963
23101
22479
22885
23115
23648
22898
21919
23277
22659
23556
21974
20873
23403
24215
22857
21776
21971
21959
23572
22705
22424
21908
22109
22943
22594
22867
21836
22538
22380
21624
21598
22187
22742
21236
23272
22618
21365
22716
22373
23002
22337
21219
22606
22286
21868
23078
23362
22198
23273
23147
22802
22065
22278
22681
22006
21726
22223
22738
22438
22330
22217
22903
23391
22292
22785
21690
22029
22778
23023
23452
22887
22103
22939
22937
23014
22469
22753
23263
22108
22388
21613
21503
21304
23275
22427
22294
22337
23701
22554
22013
23333
22705
22763
20856
23263
22708
22691
22115
21162
22420
23462
21933
23335
23071
23050
21613
22338
21714
22988
21410
21746
22199
21466
23392
22127
23443
22664
21720
22568
22627
22089
22678
21724
22656
23409
22682
22302
22934
22725
22264
23085
21805
22432
22464
23085
22757
22132
23695
21266
22645
22865
21641
22500
22215
21043
24574
21552
22226
22626
23381
22576
22626
23923
22660
21047
22497
22371
22200
23254
24141
23646
22394
22348
23079
23089
22800
22113
21287
22440
22357
22723
22139
22273
22325
21362
22299
21781
22269
22815
22291
21924
23289
23233
22964
21837
22745
21483
23040
23044
22485
22970
21694
22712
23102
22252
21460
23246
23142
23822
21907
22446
23307
21716
22860
22383
22663
22721
22712
21616
21649
22168
23130
22755
23157
23369
23339
22659
22460
23294
21628
23299
23351
23415
21746
22382
22314
22775
22349
23413
22256
22003
23077
22621
22667
22493
23047
22362
22358
21111
23228
23094
22402
21937
23459
23439
21779
21878
22668
21961
22132
23061
22014
21497
20481
23237
23368
22037
22800
22658
22177
23525
21659
22858
22820
22320
22249
23009
22156
22586
22612
23218
23150
22458
23887
21259
23030
22746
23287
21946
22874
23119
22273
22700
22572
21800
23436
23372
21195
23430
21733
20571
22093
22120
22341
23270
22973
23052
21765
24277
22460
21492
22067
23226
22551
23375
22990
21699
22627
23994
22076
22893
22672
22822
22693
21821
22255
22679
21410
21939
22113
22646
22764
23835
22850
21866
22545
23320
22025
21161
22342
22188
22830
23485
22512
21349
22168
23622
22708
21243
21279
23588
22472
23270
22012
22181
21716
22171
22133
22568
22754
22640
20769
21927
23000
23906
23553
22140
22656
23488
22304
22725
21018
22043
22818
22959
22421
23333
22831
22054
21490
22385
22510
22188
23171
23200
22200
21535
23460
21440
22824
21955
21866
22915
22767
22202
22265
23851
22974
23424
23026
22983
22337
21873
22656
22993
22627
21608
22724
22068
21648
23106
22353
22453
22049
22217
23461
24072
23529
22340
22474
22807
21937
23981
23038
23024
21828
22301
21827
23253
22701
23330
22766
23249
21769
22413
24303
21413
22767
21144
21928
23029
22313
22187
22768
22891
22425
23211
22859
22301
22870
22245
21623
22247
21940
22625
21663
22680
23033
22333
22547
23493
23031
22447
21549
22692
22933
22724
20926
21351
21914
22585
22767
22724
23278
22884
23040
23759
22697
21919
22571
20874
22659
22715
22538
22058
21503
22264
22171
23163
23923
22331
22376
22256
22445
23802
22493
22346
22246
24002
22961
22892
21558
22691
22734
23202
22394
21113
23255
22621
21910
22152
22173
22199
23508
22675
22708
24574
22803
23208
22999
21963
21797
21843
21589
22321
23068
22639
23063
22480
22712
22738
21859
22700
23301
23705
22914
22911
23090
22876
22115
22098
21651
22692
21329
22289
22225
24175
22557
23128
22306
22127
22480
22375
21864
23278
22092
22395
22307
22176
23249
23058
22965
23054
22641
22053
23337
23088
22196
22991
23218
21424
23372
21932
21357
22785
22840
22209
23853
22652
23777
23200
23010
22814
23349
23201
21384
23213
21627
21776
22974
23934
22589
22532
22211
24046
22180
23715
21817
21914
21601
21723
22232
21917
21511
23804
22150
22409
22253
21715
23095
23045
22255
21136
22022
22218
23711
22872
22160
22212
20937
23452
23004
20532
22045
21763
22324
23302
22368
23063
22611
22172
21931
21454
22530
22116
21939
23203
22595
22469
22032
21380
23219
23259
23776
21976
21674
22774
22583
22599
21239
22531
22856
22142
23795
22678
20888
23074
21796
22719
22453
23941
22133
21982
22876
22024
22177
22338
22453
22251
22147
21847
22138
22479
22848
22769
22569
21187
23264
22177
22368
21996
22626
22915
23212
22688
21724
21709
22303
22938
21962
22004
21455
22782
22659
23008
22091
22732
22955
22138
21718
22373
22162
21991
23375
23042
21646
22162
23725
22418
23009
23199
22123
22717
22356
22017
22654
21461
22448
21911
22282
21740
22774
23559
23343
21670
21918
22335
21463
21674
21910
23024
21779
22169
23127
22146
20874
20481
22948
23166
22034
22021
22090
22645
22823
22219
21211
23052
22571
23536
22526
23596
21714
23017
22475
23218
22418
21702
22244
23401
21003
22023
22142
22598
23617
22657
22792
22528
22568
22812
22498
22615
22163
22679
21926
23874
22084
23048
23087
22982
22049
22124
21543
23021
23036
20481
22481
22221
21131
20973
22753
21554
22389
22979
22655
22900
23590
23704
22822
22458
22450
23415
23112
22073
23703
21762
23140
23339
22764
21800
22934
22713
23903
21938
23256
22180
21648
22771
21940
23556
22835
23214
22800
21931
22171
22605
21310
22200
21848
22806
22245
21784
22471
22995
23122
22382
22182
24100
22430
21456
21316
22672
22915
22874
22566
21577
22829
22115
22214
22733
21840
23081
22733
22550
22744
22619
22566
22882
22409
21754
21779
22552
22352
22629
23646
22589
22322
23083
23389
22387
23254
21925
22414
22686
23228
22143
22867
22991
23087
22658
22612
21764
22747
22846
22526
23540
22914
22088
21360
22739
22243
22282
22230
21927
22774
23794
22013
21607
22393
22367
21931
21988
22517
22712
22764
21483
22898
22594
21471
22352
22926
21228
23024
21809
22593
21021
23076
23255
21914
22363
22713
22554
23185
23414
23266
22983
22902
23282
21409
22142
23044
21149
22017
22272
21409
22414
21868
22151
23599
21624
22171
22426
21890
23443
23257
22825
22879
22273
22300
22553
22415
23894
21794
22579
22761
21594
21840
22188
22207
22255
22476
22955
23423
22122
22138
22794
22682
22456
22802
22728
24030
23004
22341
23042
21809
23032
21519
21628
21773
22526
22353
22580
22371
22831
23307
21498
22962
22545
22371
22294
23122
24085
21640
22156
23516
23297
23135
22256
22178
23314
22092
22128
22481
22001
22276
23025
21337
22581
22187
23235
23148
21844
21714
21647
23542
21774
21996
22505
22293
23052
22400
23067
21947
22741
22172
22290
23523
23055
22531
22933
22375
21152
23942
23059
22502
22197
22196
21872
22477
23579
22376
23039
22189
21225
22279
22791
21559
21919
21918
23141
22398
22613
22532
22247
22393
22444
22635
22433
23263
22633
22840
21977
22905
22530
21268
22951
23187
22990
21635
21448
21120
21398
22302
21494
21893
22939
23245
22375
21996
22382
23686
23484
22786
21598
23730
22515
22402
21783
22353
24557
23274
22536
21203
23700
21698
23161
22192
23385
22096
23320
23514
22062
21722
22481
22436
21763
23159
23969
21318
23893
23060
22597
21563
20795
23175
23313
22152
22932
22854
23631
22130
22245
24280
22997
23224
21501
22784
22076
22254
22270
21500
23623
22747
22603
23109
22205
22463
22447
22556
22237
21833
22783
22700
22193
23326
23090
22007
22079
23610
23643
21934
22809
21695
22672
23432
21689
22089
22598
21975
23697
21401
23318
22808
21193
21864
23056
23082
21631
22374
23060
23318
21882
21611
22907
23217
22691
22628
23172
22558
22555
22543
22231
22764
23120
22327
21839
22958
22132
21822
23435
22959
22391
21623
21944
22066
23086
22045
23730
22545
22458
23175
21700
21919
22582
22270
23470
21572
22118
22136
22310
23412
23552
22960
22420
22610
22111
23852
22266
22885
22825
23003
20666
23346
23312
22067
21554
21894
22698
21593
22036
22706
22772
21982
22085
22162
21207
22193
21836
22727
22014
23781
21164
21234
21576
23299
22728
23079
22944
22214
22705
22653
21429
22375
22054
22725
22332
21674
22560
23579
21922
22154
23380
22047
23386
21922
23050
21514
22863
22702
21817
24574
22653
22473
22128
21676
21784
22076
21503
22376
22457
22530
22608
22330
21529
22140
23967
22666
21517
22787
22420
22936
21765
21728
22635
23551
22966
23446
22477
21803
22503
21911
22178
24574
23487
22806
21897
21631
22160
22425
22338
23773
22980
23220
22449
21640
23469
21877
23119
22707
22265
21213
22990
23499
23091
22773
22729
22476
22291
23017
21747
21927
22615
22343
24235
24081
22754
22393
22919
23484
22507
22306
21376
22039
23981
22427
22471
22492
22069
24006
23053
22747
21795
23006
22394
21706
22446
22662
23617
22271
22968
22500
22502
22875
23207
23140
22868
23381
21880
21868
22339
22817
22311
21392
21747
21231
21999
21808
22828
24316
22252
22598
22970
24220
21645
22659
21690
23481
23589
21815
23381
21365
23040
22362
22859
22945
22629
23042
20941
22130
23887
22198
23103
24401
21835
22655
21790
21251
22520
24055
22585
23050
22890
22501
24214
22809
23466
23400
22093
22404
22061
23746
21020
24139
22639
21802
22366
22128
21946
21975
21588
22083
22834
23159
22783
22757
22889
21930
23975
23905
22504
21774
23109
22791
22156
23520
22144
21723
23059
21412
924
9731
8020
14230
7930
17941
6482
6406
1529
5118
1422
14424
14287
16622
12241
8217
192
12573
7438
15821
3774
12044
4418
12747
8861
16872
11455
9822
2752
10640
5152
6867
18401
8840
12744
8096
1204
12379
9614
12341
5714
16697
1900
15586
1630
8187
1591
1096
918
13736
8647
6116
13109
15169
13035
3431
18377
8240
12040
11491
11709
16616
12780
15660
2727
12191
13930
12261
9115
17111
5897
14521
4031
4183
7895
10518
12567
18327
16580
7640
4846
3517
2589
2871
701
1340
8302
13855
556
17271
5008
16107
8287
14713
10609
4974
8452
6966
6662
9579
1365
5781
6652
16338
13899
14988
9044
5871
7820
7500
6379
5679
2485
12989
10761
10613
6629
4979
16043
2143
5279
16947
13448
18107
13925
10374
1309
5631
7117
12946
3004
385
8860
2142
2200
4993
14990
6554
12965
9917
1547
16982
24
14361
2605
712
6544
14834
1056
13872
16194
11226
6378
13954
388
7254
3730
7858
15075
9816
11019
14864
9993
13844
2354
9941
371
9717
12191
2404
15673
6491
11741
9333
9151
16743
6524
5860
12648
5072
14696
6370
9850
10365
7004
6876
619
8746
9294
5377
13164
6591
1824
17741
13056
18004
5475
55
3214
7589
9331
12570
16208
4910
14325
8227
2521
9940
15387
17300
17665
14233
831
2073
15384
7566
15845
11555
15287
9714
12860
3119
8880
18361
12076
17454
2681
5434
9912
16631
10269
4086
8855
11915
11216
17541
5505
16018
14055
6806
3904
3934
3780
11093
1131
14606
9884
13038
8276
15217
10282
1535
895
12675
1493
15313
7971
2093
16206
16035
2204
12817
5912
4367
9333
15754
12288
16700
14681
4529
16211
14711
4090
1281
8639
12046
6814
7124
6708
7662
6202
16609
17637
224
5237
1344
1460
14036
14308
6215
6499
3377
2376
12130
2301
7341
15052
11444
10140
6860
18091
12174
58
18430
10564
18027
14423
5890
18304
8563
7183
5818
1097
14073
13340
14187
557
1522
18275
2251
5755
12382
7912
12243
1215
15067
5681
3870
12925
18175
3058
12386
18095
15882
10037
7457
17030
9224
7008
6696
12491
17452
11365
7851
1567
13986
14083
17390
8852
12142
4050
5632
7970
12769
2276
12470
13278
12527
6540
7944
11530
703
16538
14768
1788
9559
512
5756
15342
15808
7211
3261
2836
5664
1310
7380
7681
14508
17924
13469
15271
159
11568
13755
14643
6770
2713
17709
950
4648
14486
9762
5537
4597
5937
18197
17558
19070
19499
17382
18044
18769
17415
19285
17639
17737
17538
18968
18271
18219
19367
18302
18404
18648
19251
18728
18258
18320
19647
18134
18193
18766
18349
18346
18548
17685
19042
19186
19195
17701
18565
17710
18302
18535
18317
17282
18426
19228
17891
18810
18314
19064
18307
18212
19441
19844
18298
17049
18166
18178
18514
18558
19694
19612
19202
19789
19056
18487
18598
19051
19188
18515
19701
19053
17548
18047
18327
19063
17722
18056
18923
18316
17044
18996
18540
18103
18870
17599
20372
17600
18766
18611
17927
18594
17950
17611
18701
18684
18779
18269
17958
19154
17380
19276
18736
19420
18174
18332
18812
18855
20478
18045
19897
18854
18413
18004
18598
18196
20122
19084
18057
19321
19775
18222
19023
19330
18906
18195
18279
18313
18940
17903
18794
18557
19494
18725
19042
19307
19420
18429
18231
18852
19613
19319
18464
17623
20478
18704
18537
18749
18744
18849
18178
18182
18229
18974
20180
17212
17258
19129
19224
18890
19454
19176
17716
18966
18793
18428
18194
19772
18233
18729
17188
18477
18660
18279
19605
18558
19120
19369
17974
19026
19004
18989
17843
17896
17764
17453
18337
17429
19237
17541
18683
18537
18535
18934
19456
18803
17881
19204
18437
18460
18876
20100
17434
18689
18240
19133
17758
18189
18196
17721
18673
17870
19730
18249
18093
18579
18348
19484
17773
18939
18696
18713
19517
18360
17498
18857
19403
18139
17955
18580
18747
18731
17816
18755
18724
17976
17452
20196
17199
17519
18138
17590
18518
17446
17211
18448
18200
18003
18641
18155
17865
18662
17972
18807
18725
17933
18976
17759
18716
17426
18721
20165
18587
19010
18025
17726
19072
18223
17774
19225
17826
17923
18770
18193
17896
18468
18026
19192
19311
17210
18255
18494
17126
18981
18187
17845
17067
18349
18557
18567
18553
19153
17732
19175
18161
18997
19104
18330
18244
19520
19045
18762
18139
18938
17232
17234
18747
17694
18841
20284
18038
17289
18870
19361
18344
17736
19067
18383
18768
19029
18347
18036
19002
17966
18821
17157
18364
18450
18052
18069
18227
17711
18688
19626
18223
18985
19086
18601
18755
18037
18302
19766
18175
19494
19532
18823
18715
17471
18852
18464
18710
17861
17804
18030
17152
19965
18614
19229
18719
18465
18406
18434
19315
17196
16833
18661
18042
18135
17863
17528
17855
18200
19342
18002
18554
17192
19178
17954
18028
18359
18057
19306
18182
17730
16648
18379
19032
18043
19664
18796
18114
18329
18728
17137
18065
18898
19166
17325
18984
16615
17760
17544
18472
17832
18490
18501
17209
17339
17741
17955
18156
17802
18474
17917
19178
16813
19595
18820
19078
18162
19232
19456
19084
17743
18691
16909
19072
18087
19423
18029
18687
18958
18324
18128
18412
18758
18174
17919
18425
17707
18132
18943
18163
18638
19420
19360
19376
19180
16922
18504
18362
17861
17512
18153
17392
18423
18129
19501
16933
18996
18204
17473
17916
18501
19729
18412
18196
18115
18356
18896
19375
17695
17944
18480
17800
18432
17665
19253
18440
18914
19307
18520
18321
17808
18346
17053
17025
17023
19552
18068
18368
18313
19707
18309
19122
19238
17326
17498
17925
17979
19824
17982
18104
17476
19287
18539
18427
18973
17925
18635
17921
18038
19662
18995
17999
17561
18658
19187
18032
18368
18247
18800
18778
17868
19147
17405
19167
18225
18602
17313
19169
18065
18700
18807
18731
18566
19595
17065
18382
18621
19546
18923
18435
18657
18025
19632
18111
18032
17329
18353
20071
17929
19785
18687
18356
19142
20000
19650
18826
19216
18570
18288
17763
17606
18741
18542
18409
17560
19382
19140
19343
19661
17801
17933
18464
18480
18356
17676
20082
18215
18524
18208
19311
18476
18568
18264
18161
17234
16888
18561
18706
19629
17624
18806
17946
18085
19817
18274
18173
17625
18286
17646
17911
20008
19370
17942
18581
19289
17970
17742
18442
18527
16385
17152
18086
18493
17740
18240
19132
18338
18645
18032
18808
18832
18573
19254
18071
18363
19156
18926
18380
18659
18114
18846
18375
19614
18813
18401
19352
17627
19765
18491
18961
18078
19208
18455
18277
18552
17718
18977
18744
19230
18338
17992
17994
17114
18342
19630
19078
18372
17914
18842
18586
17572
17285
18861
18860
18337
19320
18235
18508
18516
18461
18488
18978
17265
17855
18308
19018
18277
19116
17161
17722
19653
18018
17201
18975
17699
18660
19905
18141
19756
19591
19336
18472
17865
19594
17668
18485
17977
19267
20478
17921
19326
18262
17936
18590
18599
17767
17890
18595
18044
17779
18827
18733
18412
19498
18672
18281
17931
18375
18317
18289
18457
18257
18472
18804
18486
18245
19122
17947
16809
18860
17788
18381
18252
18461
18761
17658
17531
19046
17900
19165
17223
19171
18895
17967
19114
18037
17505
17880
18270
19386
17821
18865
20015
18644
18667
18174
17821
17491
19718
17618
17970
19188
18570
17895
19715
19492
18230
18172
17872
18150
18110
19328
19043
18513
18711
18224
18129
19215
18496
19133
18888
18366
18290
18550
18282
19248
18251
18887
19303
19123
18173
19414
18057
18003
18918
17742
19138
19420
17898
18597
18602
18965
19482
17753
18344
17193
18804
18297
18847
19003
18294
19549
18365
17484
17915
18136
16820
18242
18647
18306
18274
18192
18518
17542
18890
19232
19393
18359
19390
19524
17517
18941
19494
17486
16902
18474
18317
18614
17317
17631
18434
18149
17421
17438
17611
18720
18062
17754
18251
18446
18273
17688
18071
18605
18316
19146
19158
17862
18549
17428
20196
17932
19296
16675
19208
18469
17630
18380
18126
18917
18039
18139
19118
18710
18453
19067
19451
18063
17412
17996
18224
18283
17809
17236
16385
18745
18244
18634
17656
16936
18880
19284
18585
17639
19746
18400
20013
18708
17694
18818
18900
18828
19082
18683
18839
17241
18895
17345
17764
18670
19377
18053
18487
18272
18614
19329
19034
20478
18274
18143
19343
17363
18669
19029
19240
17945
18436
20420
17923
19399
18220
19355
19810
17344
19200
19410
17612
18455
18554
19026
18655
18946
16485
19327
18903
17779
18817
19626
18683
17677
18736
19275
18517
17993
16838
18241
17808
19492
18192
17961
18153
17798
17551
18505
17802
18914
17978
18286
19569
17979
18411
18723
19124
18318
17690
20289
18353
19551
19520
17679
18164
19715
18383
18180
19653
18528
18245
17074
17347
17785
18372
18783
18502
18543
18256
19292
17726
19116
18501
17670
18158
17437
18184
18344
18742
17391
18633
16772
19467
18080
18374
18040
19925
18849
18848
18034
17473
16909
17859
18149
18282
18043
17103
16665
19208
18394
18838
19216
18593
18707
19500
17710
18134
17066
18383
18125
18773
18961
18097
18453
17704
18844
18330
19836
18813
17671
17922
18395
18635
19095
19896
17029
18675
18535
18221
19382
18740
19527
19246
19291
18355
18211
18051
19866
18351
18247
17131
19614
17418
20478
18709
18895
18601
18575
19301
17566
19035
19234
18756
18475
17921
19090
17885
20257
18294
19155
18416
18549
18503
18900
17866
18831
17567
18436
19057
17807
19352
19579
17609
18254
18802
18451
18772
18638
17947
18447
18090
18416
18717
18360
18363
18363
17718
18880
19649
17230
18645
19506
16993
19695
17172
18366
16730
17810
18191
18588
18445
16955
18044
19666
18595
17790
20392
18265
18305
18618
19390
18887
16750
17724
18811
18691
17998
18018
17922
17149
18139
19533
18191
17947
19329
18395
18477
16936
18643
17547
18541
17837
17921
18220
18736
18193
18264
19336
18497
17217
19005
19419
17200
18836
17851
18401
18669
17631
19085
17818
19611
17564
17775
18097
17934
18817
18446
19129
17814
17682
19201
19285
19905
18865
18128
19630
19482
18352
17566
19049
18667
18147
18617
18073
18972
17913
17836
18420
17945
18686
18519
18956
17559
18573
18109
18087
18359
18012
18663
17909
18641
18514
19741
18129
17468
17097
17799
18765
18441
18897
18069
18611
16944
18890
17685
18767
19602
18141
17138
18271
17758
17651
18521
17039
18946
18790
17715
18093
18770
18022
18617
17357
17512
17397
17820
18497
19060
18672
18043
18957
17925
18129
19063
18743
18654
18641
19032
19151
17552
18724
17882
18651
18869
17755
18554
18100
18686
18744
18501
19286
17942
18262
17578
18680
17916
19311
17589
18686
17539
18934
19313
19000
19190
18645
18298
19204
17586
18570
17986
19289
18727
18725
17377
17660
19627
18841
17894
18607
19424
18140
18333
19060
17516
17838
19417
18141
17207
18359
17267
18425
18951
17644
17950
19380
18662
18461
19001
18409
18724
18841
17800
19134
18833
19615
18692
18426
18462
18761
18812
18215
18317
18723
17473
19029
18626
18141
18741
18472
18624
18614
18918
18478
18542
18774
17752
18811
18750
19484
18611
18851
18517
17646
18186
18091
18202
17970
17896
18471
18775
19553
18424
17482
19130
16895
20065
17275
18387
18263
17526
18526
19093
18370
18742
19502
17934
16914
19222
19460
19297
17236
18388
17659
18359
18305
16991
18256
18145
18237
17459
18154
18020
18486
18418
19407
18882
19280
17746
18941
20478
17630
17849
19485
18064
20381
17892
17746
18323
17502
17841
19280
19065
19011
18026
18784
18987
18498
18949
16911
19070
18951
18691
18552
17655
17414
18191
17829
18711
18238
18941
17998
18974
18402
18101
18313
17882
17519
18573
18358
18624
17640
18703
18285
18902
19509
18727
18277
17849
18088
18228
19353
19889
18167
18401
17816
18079
19782
17570
17530
18472
17943
19868
18327
18856
17934
17186
18198
18874
17262
18785
18333
17746
19229
19466
18144
18103
19065
18286
20185
19714
18273
19336
18082
18440
19239
17785
19088
19290
17753
18270
19128
17823
17883
18630
19194
20478
18683
18680
19185
19699
18542
18256
18634
18261
19463
18820
17884
18187
19093
18849
18821
18144
17683
18633
16803
19093
18352
17225
18912
16385
18207
18569
18787
19111
19204
18146
18512
19415
16712
19261
17517
18745
18053
18100
18318
18279
18645
18474
18222
18836
18827
18308
18824
18549
18315
18630
18102
18627
18733
18434
17743
19503
19041
17462
18548
18278
18453
19991
18605
18029
18804
17666
18564
20067
17568
17693
18196
19040
19400
18232
19686
18550
19133
18721
17288
19448
17920
17623
18318
18749
18553
19363
18818
18195
19464
18675
18428
19933
18762
18630
18360
19190
18580
19015
18608
17918
18755
18781
18915
17274
17618
17210
19056
17482
18618
17850
17259
18277
18072
18378
18481
18515
18267
18786
2607
15288
18812
16380
15838
5834
19285
13017
374
21610
14853
3182
13484
10058
14663
236
8329
17649
9542
8531
14483
14237
20250
20112
9159
11309
7689
11011
10429
4162
12639
2418
3782
20114
17045
5938
22442
6015
6845
13094
11615
268
8727
11318
8366
16208
6200
19251
17570
15565
21348
14925
7955
2067
1741
4668
21059
4007
13127
12860
18233
12424
13359
970
11297
1225
2748
18734
19961
12289
10789
10695
22521
15176
21818
2850
13519
7867
3545
11039
655
16370
13705
6775
17749
461
359
20885
16521
18531
15102
2369
15357
15449
13528
828
18237
10207
18229
17132
5174
9273
20934
5754
15378
8727
4935
13438
2142
11648
20415
13506
1985
12809
2029
13454
20210
555
16712
6473
3515
12195
19845
8153
6017
6734
4937
6810
11696
18654
20025
9111
505
6478
11561
19059
1882
651
18963
15744
19032
5968
12731
17453
17179
6499
21200
13783
3465
15962
12998
17307
6398
18807
10850
151
3093
18439
835
13625
7022
14389
6447
8119
2627
1772
20870
6089
18986
3857
13797
4572
21801
7995
5199
4562
4947
20405
5434
397
22724
22541
23402
22399
21638
23847
21109
22889
23015
21512
22221
21484
21281
21435
23289
23959
22513
23608
22164
22624
23340
22786
21195
22412
23346
21923
21469
21813
22389
21449
21794
22585
21771
22629
22435
22447
22738
22890
22831
23592
21397
23152
22127
22799
22858
22688
22619
22299
23703
22554
23304
23008
21995
22272
22124
23018
23821
23012
22640
21800
22058
23481
23107
23323
23407
22733
21935
23173
22891
23419
21439
22340
21625
22232
23171
22050
21328
22498
22922
22320
22629
22220
23168
22712
22512
23977
22188
22498
23485
23402
22719
21671
22412
23236
21811
22642
21789
22958
22635
22076
22787
23349
22701
23198
22913
21938
22589
21655
22495
22239
23496
22367
22271
22993
22852
21611
21699
21307
22144
22883
22916
22574
22341
23863
23609
22817
22155
22902
22415
22138
22625
22165
23063
22004
22547
22817
23619
22748
22223
22807
23325
23780
22148
22532
22432
21978
22422
21270
22166
22150
21660
20623
23673
21531
22934
22045
23194
21392
22840
21558
21777
22847
22534
23551
23469
22239
22556
21914
21071
23367
21840
22091
22745
22276
22255
22158
21868
23643
21194
22319
22879
21644
21974
22852
22182
22709
22549
20776
22219
23537
23290
23136
23436
21856
22498
23419
22515
23298
23103
22522
21606
21898
22575
23113
23274
21706
23574
22095
22314
21284
22601
21587
22651
22939
23167
22722
23524
22885
22069
23032
22875
23121
22514
22596
23010
23769
22198
20856
23524
23375
23118
21741
22484
22909
22773
22963
23995
22718
23699
22354
22351
22662
22241
22518
21962
22821
21618
22532
23236
22611
22690
22940
23147
22246
22308
22819
23244
22423
21266
22477
22308
23662
22503
21885
22332
23187
23695
22116
24574
22201
22922
23041
21533
22109
22484
22354
22794
22877
22849
22308
23123
21438
22596
22656
22173
21784
22166
22148
21453
22611
23602
21433
22866
22443
23055
22009
23661
21088
22521
23401
22777
22577
22896
22911
22900
22199
23005
21404
20481
21236
21901
22788
21984
22398
22485
24214
22393
21819
22318
22122
22661
22304
22598
21928
23119
22723
22627
22938
22961
22247
22099
24057
23168
21940
23135
21815
21579
21764
23328
22434
22338
21699
23458
23277
21689
22030
22146
21231
21997
22772
22862
23058
21783
23313
22978
21751
22133
21729
23180
21425
23254
22594
23254
21581
21687
22512
22596
21890
22834
21865
23037
23687
23275
22102
21974
22035
21442
22833
23699
22556
22804
22868
21730
22990
22581
21954
23397
22449
21188
22199
22050
22277
23204
22502
23202
21658
22407
21478
23003
22358
22599
21736
22167
22997
23193
22464
22140
22772
22476
21384
22415
22414
23319
23275
22641
22787
23165
23257
21336
22174
21866
22928
24085
22543
22873
22746
22423
22891
21358
22325
23288
21608
22420
21139
23062
22680
23011
21818
23049
22907
22335
23310
21062
21944
22876
22689
22637
22809
22306
21420
21947
22246
22696
22377
22578
22657
21157
21478
22204
22346
22699
23000
23218
22576
22200
22111
23259
21744
22296
22409
22802
22566
23278
20481
22338
22529
23509
21638
23244
23266
20831
23592
23162
22182
22086
21627
21437
22500
22687
23110
21156
21804
21510
21874
22680
23455
23032
22375
22771
23665
23611
22268
20769
23540
22204
22459
22602
22254
22852
22943
22630
22822
23528
23072
22401
22690
23401
22507
22456
23029
21798
22470
22812
22402
22725
24298
22746
22299
21860
22906
22262
23140
23278
23200
23668
21710
22911
22848
22840
21858
21870
22700
22912
22577
22364
22777
23161
21135
22658
21715
21859
23195
23877
22729
22471
23335
21343
22662
21477
22051
21798
21546
22828
22521
23074
22872
22958
22220
22130
22252
22176
21742
23295
21464
22831
23569
23207
22013
23954
22270
23634
22522
22147
23774
22689
22962
22549
22254
21950
22961
22738
22842
22544
23764
21188
22058
22383
22267
22908
21666
22654
21643
21513
21914
21355
23593
22466
22694
22250
21706
22723
21376
21676
23512
22911
22597
22168
22871
22593
22822
21561
22065
23921
23663
21218
23406
22498
22770
20965
22768
23352
21429
22297
22123
21756
21981
24260
21410
21610
23087
22764
21886
22625
24006
22876
22484
22661
23245
22403
22484
22169
21871
22854
22252
21669
22707
21574
23321
22484
22878
23191
22657
23048
21284
23731
23071
22848
23167
22596
21961
22330
21733
21664
22611
22223
22986
21557
22733
22643
21670
22463
22003
21714
22655
22265
23861
22572
22851
23424
23041
24574
23396
21533
21831
22833
23113
21994
22290
22394
21962
22615
21713
23801
21125
22625
22877
21655
23816
23363
22951
21835
22447
22042
22107
22320
22849
21518
22330
21595
21786
22353
21105
23210
21125
23076
22265
22176
22941
23499
21509
22001
22293
23955
21936
22869
22587
21815
22565
22544
23498
22626
23553
22608
21676
21924
21896
23631
22080
22791
22989
23979
21380
22219
24005
21805
23183
22827
22641
23123
23673
22361
21497
22866
23034
23383
21779
22376
21908
24574
22974
22597
22841
21073
22658
22303
21564
22474
22547
23242
22303
21748
22775
21015
22011
22239
22417
22795
23959
21983
23650
22013
23525
22226
24230
22170
22555
22684
22871
23471
23160
22788
22253
23189
21835
23382
23486
22239
22112
21834
21716
21822
22662
23358
22231
21690
23598
21132
21228
23730
21967
23172
23388
23482
23730
22305
23347
23406
20885
24175
22422
22175
21641
22295
22405
21830
22194
22258
22649
22489
23020
22224
23157
23613
21926
22071
23058
22473
21355
22125
21558
23026
21150
22791
21839
22849
22368
22335
21854
22797
21952
21763
22817
23066
22825
22276
23411
23129
23459
22472
20796
23270
22531
23773
22404
22397
22473
21815
21789
22033
21666
21613
22531
22274
23013
23018
22859
22329
22201
22517
21194
22591
22744
23131
23502
21704
20481
23239
22540
22134
22522
21878
21088
23543
22500
22681
21737
23118
21702
22386
22029
22536
22277
22542
24574
22472
21747
21811
22160
23475
22033
22350
20902
22376
23417
22764
22624
23208
22143
22190
22450
22443
21593
23114
22773
22282
22386
22635
23690
23824
22380
21603
22513
21684
23173
21613
22639
21443
22962
23087
21716
23555
22799
22132
21965
21670
21589
21274
22580
22458
23406
21582
22335
22009
21733
22596
22548
22870
22056
22473
22378
21746
22920
23179
22725
22371
22019
22294
22051
22931
21207
21229
23610
21497
22536
23002
23529
21822
22945
22809
23575
22032
22747
22777
22221
21410
21710
23057
22552
23120
23199
20972
22564
23742
23966
22882
23786
21120
22417
22234
21640
21884
22075
22537
22273
22714
23298
22735
23243
22768
23108
22304
21732
22174
22667
22660
23303
20980
22292
24574
22232
21325
22062
23470
22008
2583
12500
13383
60
5541
13568
11301
3304
2643
10692
3627
8458
4187
1651
7296
619
5589
10775
11063
14217
8756
5943
9173
13623
8857
8287
12417
10515
13070
3311
7557
10001
603
13094
9852
6557
8462
11221
12724
6209
6424
10286
8895
8022
1464
10488
10034
7423
3088
8689
7003
6566
11125
9154
12035
2204
665
3052
6690
9289
3205
5701
4741
4570
6250
1088
8549
1682
6079
11963
3331
13928
10491
11582
13022
3854
1369
7859
374
4058
14248
6165
11951
13355
6501
3041
9800
6585
8472
5173
7840
10753
6327
13059
12363
6216
10886
11363
5692
1973
9930
6159
11914
4170
10752
3157
2584
7818
7437
11547
2495
12407
2738
883
4086
14532
15859
14397
14353
15299
14617
14738
13571
12912
13730
14857
14337
14999
14364
13575
14838
14113
13511
13727
13194
14997
13565
14641
14486
14898
14605
13796
12845
14201
13677
13883
14977
14215
13855
13928
14605
14144
14796
14970
14394
14256
13822
13859
15020
15033
15190
12651
14660
14156
15039
13240
14092
14321
14713
14014
14961
14379
14576
14701
14352
13727
14456
14320
13702
15090
12768
13930
12886
14470
14647
13798
14575
13982
14812
14392
13697
14005
14109
14581
13775
14786
14171
14096
14845
15851
15289
13542
14962
14497
13077
15555
14062
14203
14556
14976
14843
14750
14291
16382
14137
14771
13175
15374
15286
14364
14247
15211
15065
14775
13899
15271
12733
14522
12835
14510
15427
14287
14183
13512
14361
13824
14975
13785
14407
13539
13978
14204
15324
14476
14972
14683
14163
14973
13445
13860
13328
13662
14087
14766
14088
14357
16006
13675
14987
14443
13953
14597
14140
13569
15014
14694
14210
14352
14288
14513
15168
14643
15647
14086
14135
14233
15755
14770
14997
15132
15515
14901
13723
14632
13580
14303
14929
12827
13595
13946
14398
14564
13593
14636
14182
14560
14203
15541
13175
14686
13594
15806
14228
13807
15021
13185
14238
14142
14160
15179
13289
14069
15217
13992
14430
14187
13812
14300
14181
16103
14701
14706
14990
14134
13864
13960
13016
13976
14414
14619
15826
15839
13726
14593
14467
13404
15063
15019
15582
13370
12748
14878
13815
14163
13980
14392
15547
14291
14389
14626
14501
14805
15749
14807
14108
14527
14229
14413
14700
14587
13618
14767
15703
15771
13462
13384
14842
15073
12847
14475
15534
13529
14852
13195
14101
14165
15791
14102
15652
14906
14287
15756
14327
15014
15775
14057
14004
15385
14270
14380
13194
14301
15511
13888
13276
13280
13955
14691
14428
13718
14335
14298
13748
14777
13965
15090
15157
13996
15266
14802
13966
13991
14177
14990
13716
13571
14339
12860
14865
13917
15168
14500
13442
13414
14247
15056
14289
14684
14598
14165
14104
13709
13840
13450
14247
14987
15307
13612
14997
13674
13731
14064
15640
14985
16294
14765
14423
15571
14896
13143
14077
13697
13821
14742
14523
13571
15120
14559
13298
14686
14933
15264
13625
13681
14610
14180
14953
13867
14602
13589
13931
13784
13537
14559
14669
14950
13871
15254
13482
15926
14095
14259
14071
14632
13201
14751
14389
14622
14243
13531
14281
14437
14041
13765
14487
14363
14041
13727
15467
15467
14387
14355
14167
15409
13932
14278
13531
14874
15306
14277
14940
13372
13755
14281
14178
14103
14427
14071
12973
12916
14931
14057
13337
14540
14132
14591
14648
14413
15165
14223
14507
13122
14161
15166
14702
14355
14864
14723
14705
15609
14949
15261
14495
14389
14444
14316
12973
13777
13083
13643
14054
15112
13684
13849
14281
14233
14866
13777
15194
14932
14054
13818
14981
13946
14415
14085
13680
13418
14032
14310
13728
14368
14416
14143
14140
13696
13673
13707
13711
15719
13759
14787
14608
15117
14326
12533
15257
14318
15215
12869
15553
14380
12970
13766
14949
14181
15063
13859
14587
14304
14655
14512
14695
14167
14585
14688
13963
13379
14028
13918
13750
14111
14486
13597
16020
15390
14375
14886
14383
14436
14325
14389
15034
12923
16010
14296
14121
14771
14357
14518
12932
14450
15942
13836
14425
14329
13935
13981
14319
15728
14003
15293
13172
14459
14272
14747
14386
14427
14550
13481
14576
14350
13496
14596
13264
13242
14936
15183
13739
13874
16319
14777
14962
14621
14772
15098
14046
13822
14386
14775
13798
14666
14137
15447
13632
13459
13999
14068
15350
14265
14227
13293
15411
14424
15217
14349
14682
13326
14265
13970
14353
13661
14511
15238
14475
14175
13439
14181
14543
14481
13727
1174
322
1822
1358
1597
1087
695
1145
1218
236
134
589
742
1791
143
956
1565
1023
1584
71
394
71
852
1869
346
8
786
380
924
570
149
1104
1813
530
1304
1346
1139
1587
980
1127
236
693
658
990
2043
1547
1646
357
1801
408
838
921
867
1498
1807
1753
134
1373
101
1673
90
1054
1559
1971
655
941
1173
2858
2350
2271
1114
1781
1685
2198
2558
2268
2412
836
3128
2913
2335
2358
1151
2920
2100
2670
2628
2102
2609
1597
2361
2467
2166
1238
2686
2488
2253
1788
1776
2244
2990
1275
2438
1444
2154
2775
2089
1843
1533
2633
1249
2767
1874
2797
1685
2296
2297
1266
3672
2177
2378
1648
1911
2318
2797
1317
2766
2581
1666
1302
2541
2181
2464
2510
2419
2513
2818
1462
2609
1708
1675
2316
2017
843
1632
3526
1111
750
1790
2287
1796
2743
3275
1198
1260
1552
2760
2035
2610
1975
1283
2741
1793
1913
781
1667
3790
3369
2122
2563
2353
2230
2370
3188
1982
1910
1087
2108
2050
4094
2308
2120
1340
1482
1771
3002
1978
1340
1791
2122
1990
2815
2864
2366
1800
1934
1924
1251
2528
2305
2608
1752
2347
2492
1740
2107
1072
2368
2485
2060
3231
2431
2133
1796
1410
2085
2107
1423
2509
2287
1221
1625
2000
2812
2714
2751
2039
1249
3308
1968
2143
2521
2406
1293
2265
1490
3424
2035
1275
1744
1212
1798
2006
1629
2570
2241
2511
1127
2659
2496
2322
649
1492
2069
2240
1570
2047
3295
1656
892
2918
1292
1774
2178
1629
1161
2690
2027
702
1562
2388
2650
1858
3343
2693
2967
2478
2657
1629
1721
2035
1373
2115
2133
3054
2082
2568
2141
1938
823
2862
2799
2990
1625
3125
3009
2074
1511
1044
2288
2508
2260
759
2198
1276
2051
1816
2679
777
1591
2134
1910
1553
2941
1623
2884
1889
1921
1918
1174
1531
1381
2182
3218
465
113
2650
1652
2816
1388
1180
2032
2417
2300
2147
1713
2437
2181
1315
2606
1533
2003
1291
2720
1531
3040
1943
431
2135
1557
1765
625
1466
1436
2270
2344
1905
2164
2704
1831
849
1880
2321
718
2821
3576
2005
1676
1663
3276
2625
1367
1412
2035
1659
1584
1838
2100
1389
1747
2622
1313
2186
3086
3022
1390
2821
2456
2731
1815
2846
2267
2579
2382
2072
89
2284
1444
2902
888
1962
2967
1308
2047
1234
1704
1447
1917
2052
1158
1640
1280
3038
3423
2857
839
2609
1714
2094
2539
1930
1785
2929
1897
2219
1862
1382
2950
1860
1371
1199
1858
2531
3132
4069
2503
1746
1298
1077
2885
2836
3676
2809
2509
2375
1253
3990
1123
2456
1800
3210
1970
2133
447
2139
1932
2434
3538
2735
2599
1345
2826
2312
1558
2439
2317
678
1035
2386
1737
949
3281
2605
1738
3179
3056
2010
4094
1085
2016
1492
1881
2227
1368
1476
1705
2282
2430
2364
2612
1720
1544
3096
913
1878
2275
2252
2400
2426
1417
2924
4094
2568
1966
2398
709
2063
1970
1468
2875
2232
3539
2444
2133
1117
2095
2681
1210
2364
2237
3053
2335
3208
2012
1548
1924
2665
2815
1471
2758
1415
1797
1326
2905
1853
1961
1530
3194
1791
1433
1361
1076
1108
2466
392
1187
1488
2989
1979
1804
1648
716
1307
1964
2406
1552
1386
1763
3254
1668
2356
3256
665
2626
2001
2760
2771
1708
2431
2279
1866
208
1584
1800
3182
1822
795
2084
2728
1708
1236
2219
2425
2110
2902
2623
2762
2695
1817
1780
1958
1799
1143
1476
955
2725
2163
3314
1723
2190
2027
795
754
2382
2263
1121
2525
1217
2699
1138
1668
2108
2938
1658
2640
1093
1538
1333
561
3098
1828
1872
2379
2547
3079
3379
2265
2017
2524
2246
2527
1596
3199
2305
2066
1868
2372
2084
2848
2223
1732
1935
2405
1616
2273
1011
2806
1325
2322
941
2961
2163
2101
2004
2469
1584
3268
3015
1478
2668
917
1841
2042
787
1404
17
2020
3637
1754
1165
1001
3212
2041
583
1575
2699
2207
2145
1755
1980
792
781
1983
1837
3248
1421
332
3028
882
1229
2404
2193
2192
1862
1762
2303
1085
1211
1612
2961
3199
1459
2737
841
1284
2311
3157
4094
2699
2700
2512
1988
2804
3443
1561
1148
2846
2675
1706
1831
2059
714
221
2742
1903
2412
1443
2311
1422
1977
2866
1416
1485
2903
1792
2123
2371
2218
1897
820
1850
1993
1636
1352
2776
2160
688
2385
2491
1448
2687
1414
1796
2759
1431
1558
1151
2186
1607
2185
1211
2380
2291
1957
2115
2899
2110
1107
915
1476
1972
2157
2825
1896
1052
1617
1872
2580
1899
3002
1327
1254
1167
1313
968
2439
1789
1489
1182
686
1950
1974
1463
2036
1532
2456
2599
2402
2463
2967
3236
1925
859
2530
2353
2270
3025
2186
1214
2990
2033
3636
2453
1785
2121
2316
1648
2408
1959
1686
2940
1220
1750
1073
1761
793
1893
2779
1233
3497
2242
2279
1741
2475
2014
1084
2918
568
2770
2942
2592
2344
1626
1556
2637
1358
2189
1643
1187
2630
2005
2748
3038
1867
2927
2767
1970
979
835
1548
1813
1430
2608
1259
1264
2415
1993
981
1297
2879
2801
1982
2639
2624
2940
2281
1987
1724
2347
3144
666
2249
3150
2735
2335
1800
1840
932
2945
1255
1602
1820
457
2378
2761
1978
1767
1363
2565
1557
1497
1760
3004
1058
1724
2645
1230
2269
2550
2069
1494
1843
1441
3667
2297
2609
2690
2340
1742
2233
1739
2279
2338
2643
1778
2899
3108
1910
1361
2695
2351
3128
2260
2194
1625
1600
1689
1736
1576
2114
789
2333
2502
1241
2447
2194
1636
1617
1894
1369
2405
1408
2121
1615
2922
2701
883
3277
1948
2384
1242
1239
2848
2505
1384
1661
898
836
2629
1509
1166
1958
2807
1213
2250
1950
2290
383
2995
897
2559
2913
3352
1570
2335
2220
2047
2882
2383
2046
2282
1704
2461
1492
2104
2250
2597
2557
2011
2850
1699
2334
1965
1585
1701
1713
2105
2477
1717
1922
1
1957
2652
1819
1059
1496
2325
2241
2564
1982
2439
2740
2258
2096
2199
2039
1697
2733
1435
2671
2711
2943
2633
2662
529
1591
1666
2430
1018
2730
3109
2571
1901
1114
1753
930
1320
1592
2136
1440
1436
3009
2013
2042
1077
1528
958
1953
2913
1352
2556
1335
1888
2583
1474
1696
1184
3142
1184
2794
1126
1484
2234
1666
1590
1419
1679
2813
1638
2479
1125
2186
1577
2630
2185
3109
903
1407
3245
2112
2065
984
2987
2410
2105
1730
2868
2353
1308
679
2481
2051
2961
2650
1990
797
709
2390
2206
1988
1221
1825
2538
2886
1499
1751
1963
1901
572
872
3116
2081
1356
1717
1446
2028
2475
2736
2520
2751
1744
1968
1159
2666
1324
1411
1433
2141
1886
2970
2011
1729
1391
2127
2857
2038
1495
3752
2033
2588
2049
1016
1979
2050
1281
1718
2107
2387
1025
2183
943
2001
2052
2218
1899
1661
2190
2371
1912
1695
1937
2103
1950
1748
3438
990
2546
1466
1638
2764
1921
2390
2490
1946
2326
1626
1650
2325
1696
1436
3213
2408
1154
1770
1716
2219
1277
689
1370
2840
2996
1480
2648
2694
1935
2341
2903
2553
2411
2825
1710
1
1334
1940
1505
3378
1396
1244
1953
2430
1704
698
3504
2280
1287
2392
2788
3378
2071
1931
2576
1549
1136
1431
1422
2624
1935
1718
2037
1338
1658
2555
2985
2554
2520
2278
2593
1185
2068
1426
2900
1284
2735
1684
2331
2179
1547
1231
2735
2824
2244
2967
2210
3135
2063
1435
2361
1957
1116
1410
1763
3118
2275
2795
1728
2716
3245
1500
2032
1299
1973
1520
2231
4094
1968
1818
1544
3724
2079
1423
1960
2061
1091
2465
1939
3225
1600
2324
801
1704
2853
2161
2235
3070
1206
1570
2248
2521
2193
1110
550
2848
2351
2180
1814
1170
1
1271
2027
1644
1698
2758
2150
2298
3183
1673
2386
952
1807
1978
2499
2682
1932
1046
1124
1956
2481
2860
753
1909
2403
2648
3433
2304
2128
2775
1213
1948
2187
2204
2070
2740
1638
1323
1672
2152
905
2111
1905
1490
1785
2273
2784
1812
1968
3025
2750
1527
1497
1150
2341
2250
2694
1588
2125
1591
1397
2995
1594
2086
2261
2091
3390
2045
906
2927
2461
2773
1774
2377
2693
2133
3857
1894
1572
2180
1839
2527
582
1439
1385
1314
767
2780
3036
2304
3795
1425
1144
2055
2376
1345
1067
3188
2203
1701
1652
2187
953
1776
1769
1717
1900
2671
1761
2685
3159
2521
1664
1042
2725
3699
1491
1326
1512
1037
2527
2904
1001
1868
1983
1973
2505
2723
97
1637
2251
2321
1502
1660
1426
999
2880
1645
1772
1359
2373
1263
2157
2186
2287
2478
2400
2050
1998
3090
3249
2136
1848
1787
2358
3101
1580
1938
1115
853
1867
1063
2453
1466
2350
2525
1211
2142
1364
1219
2400
1979
2138
2574
2504
1190
861
1811
2995
2434
3009
1748
690
1281
2107
2190
2483
948
2396
2282
2444
1473
1185
3239
2484
1221
1075
2798
1759
2607
1686
1508
2537
2848
1970
1707
1811
1728
865
3396
1527
2737
885
2754
2052
2820
1406
2006
1764
2017
1108
1098
1855
1797
1723
414
2492
1493
1317
2859
1302
1407
2175
1994
2528
942
2402
2148
1465
1265
1356
2445
2087
2987
1369
1642
1839
1023
1247
1263
2673
1840
1588
1090
2663
1961
2901
1540
736
2401
3037
2189
1990
1240
2280
2191
3406
2986
1757
3498
1827
3004
1917
2461
2778
2128
2134
2001
1735
1001
947
2265
2144
2609
1804
1478
2121
1702
2475
1447
2690
2476
2579
2238
2627
1652
2171
1326
1067
1422
1608
1046
2139
1141
2845
3683
2227
872
2032
2292
2314
2744
1651
1856
1874
2673
2243
2169
3096
1540
1200
2985
1776
1984
2655
1881
2249
1555
2312
1340
2238
2411
1504
2240
1835
3490
1615
1763
2318
2601
1654
640
1483
1289
2766
548
3190
2057
3065
2755
2334
2552
3044
2546
1161
571
956
930
1930
2444
1764
3147
1948
2436
2255
813
1372
1634
1801
2781
1298
2777
1222
2547
1166
2559
1548
1901
2063
472
1717
1258
2773
2310
2350
1642
1368
2398
2227
3392
2202
1300
2340
1723
1734
1692
1111
940
1251
2842
2608
2292
1049
1531
2788
1781
2789
2219
2064
2760
2165
2277
1289
1767
1021
1533
1585
1500
2530
2312
1077
1695
2014
2885
2766
2570
2017
1703
1995
2039
2666
1009
2436
1360
1072
1800
3789
1715
1593
2896
1735
2569
1476
3643
2967
2193
2312
2122
2677
1282
1028
1346
1326
2291
3310
1655
2386
2387
1938
1537
2342
993
1799
1880
1082
1561
1756
1633
1344
2167
1121
2273
2152
3302
1885
1198
3639
1608
2023
1774
1908
2038
2851
1071
592
2159
3273
1761
2414
2789
1321
1918
1394
1575
1677
2078
1201
2204
716
1011
3621
1216
546
1992
2359
709
1996
2684
2577
2013
1921
2704
1730
2482
785
893
1699
2775
2752
2122
2819
1663
1102
1552
1561
1340
1447
2679
802
1847
1583
2124
2204
2748
2059
2235
1906
2410
1472
2140
1743
1504
1563
1611
2705
2256
2518
2154
2587
2966
2236
2230
610
2725
3688
2762
2346
1735
1936
1049
1018
1104
2181
2747
673
2661
652
1323
1176
1463
1638
2263
2478
2795
1940
1259
2558
2166
1380
2084
1709
2040
2590
1688
2674
1829
2917
1967
1701
2436
1747
2855
1874
3981
2383
3588
1798
1732
3025
3074
1506
768
2268
1317
1590
2436
2206
2453
2277
2617
889
2032
1832
2753
2805
1693
1287
1947
2670
2056
2727
1330
3164
1497
2803
2118
2099
2417
1971
2064
2267
2181
2350
1516
3373
2947
2974
2065
1563
3073
1814
3183
1870
1784
2535
2738
1625
2599
2660
2464
1674
1267
1191
975
2597
2090
1357
2047
759
1701
2510
1117
1757
3579
2675
1636
2248
2151
3020
649
1458
2503
1219
2619
1711
2062
1367
2931
1568
3415
2259
1860
965
1306
693
3078
1490
840
2205
1845
660
2080
2994
2424
1983
3324
2255
1788
1887
2952
2176
2420
1481
2084
3773
2866
2514
2356
2564
2553
2822
774
1035
1479
1924
2427
1728
1992
1843
1657
2243
2265
1716
1693
2643
1326
2708
2059
2160
1864
2742
2575
2092
1718
907
2440
1171
1935
1854
981
1566
1492
1765
945
1551
1773
654
2733
633
1576
1860
1481
2118
2137
1566
2623
1904
1508
852
2489
1677
1282
2504
2281
1806
2035
2728
2711
1889
2529
1261
2577
1770
2037
2033
2802
2568
2154
1448
2285
2240
2307
1091
2520
1883
3471
1289
1207
2442
1827
2539
1171
2557
3850
2113
833
2054
210
1465
1677
2323
2871
2250
1988
1500
2037
3300
2959
1546
1632
2424
2303
1319
2342
3413
1879
1367
1899
1941
3431
2376
3595
646
807
1431
1029
350
2224
2400
2057
2224
1564
1706
2974
2649
2346
1755
1980
2429
2333
2258
1256
769
1008
1645
2966
1949
3518
1916
1085
2219
3550
1667
1762
1086
2499
2787
1471
1657
1714
1900
789
2059
2798
1588
1851
2348
587
2688
1504
1346
2126
1973
2787
2503
2073
2079
2055
3292
2000
4021
1685
1637
1040
2895
980
2479
3399
2192
1452
3009
2173
1778
2366
2338
3016
1813
2222
1963
1702
2155
3056
4094
2430
1671
1348
1233
1999
2434
2597
1620
1967
2110
1843
2028
2713
2491
2612
2041
1827
1591
1890
2918
1525
1135
2520
2313
3094
2790
1427
2547
2359
1154
1306
1362
2286
2343
1663
1651
2047
1147
1410
1581
2461
2164
1449
1310
1381
1808
2992
1355
2586
2984
1770
2486
1244
1316
1730
2421
1442
1230
1895
1808
2397
2131
2855
2736
2110
3173
785
2087
1520
2050
2865
2574
872
3532
2455
2171
1426
1789
3046
3471
3333
3323
2589
3278
1
942
2420
1169
2667
1374
3349
2316
2228
891
1463
1893
1640
1648
1675
1356
1715
2671
1581
1941
1813
1376
1527
3696
2778
2837
2696
2185
1660
2172
2546
3222
2444
2412
2173
3097
1057
524
1597
2582
3643
1719
2744
1172
1588
1783
1488
1589
2653
2596
1321
1313
3251
2142
2419
2558
1580
2560
2905
2023
1594
2962
753
2098
1166
1799
2649
2509
2052
1964
2056
2307
2401
673
1456
2739
1235
1148
1248
1581
1423
2085
2487
1767
1708
4098
14272
6149
9877
1869
12394
8826
10664
15773
8351
9024
234
2487
18294
13310
15018
10291
1491
18249
2076
5358
6802
3330
4389
6155
9060
3123
13120
7835
7926
5066
8518
12246
3875
2716
6385
18373
1311
11467
7081
11778
17865
7114
965
10974
3434
8804
13734
892
2605
17078
7969
2170
9249
14303
14588
7115
6304
1297
2562
17428
779
15092
8806
13863
3269
13644
1458
11115
14281
3032
1722
6556
17662
1554
10338
1724
14715
4040
7519
15109
6545
10962
14648
12438
10998
10560
3281
8004
16689
3473
60
13790
8214
4384
15855
3772
6246
5301
2376
7525
7962
8866
6771
12504
13819
15938
12525
3990
1069
13119
10774
10937
25
17105
5267
6796
16794
2310
6845
15036
18268
12246
18154
9312
1184
6624
9705
6620
3894
2207
18260
2958
2147
14896
9545
649
7533
2108
4243
729
49
15583
15627
2497
17488
11952
4003
10618
3987
8856
10947
2628
13314
14989
2731
16168
4081
16040
10141
11968
9782
2500
109
15791
13900
1769
10148
922
16257
7226
13991
6088
14946
6150
6426
12098
17859
15851
3200
10278
14794
13993
4865
1956
1918
6230
3548
15572
2867
11157
7963
9561
8202
1939
6949
1434
9069
6536
12694
10538
14888
5185
372
15746
11324
8587
3496
9888
15405
2371
5266
671
13256
7447
7070
4466
13049
11806
3130
7021
4766
14631
4170
13082
7357
9864
12143
1431
13367
14539
12831
16597
13694
10158
8367
7293
1262
12243
14649
1220
6796
8682
1064
9785
11111
557
5413
619
14924
14802
6763
16538
8662
5483
17996
11164
11074
17764
18820
19990
18932
18351
17492
18552
19076
18443
18678
16420
17376
18870
19128
18797
19305
18199
18159
17959
18281
19057
17791
19145
17818
19050
17819
18488
19660
17392
18633
17266
18158
19777
18783
19003
17854
19822
18061
18114
18378
17556
18244
16891
18907
18483
18147
18744
17665
17835
19223
16877
18491
18640
18609
17625
18490
17938
17896
19183
18128
19397
18713
18586
18257
18752
19095
19334
18218
18068
19169
18489
18331
17530
17801
18038
18204
16837
18132
19347
19727
19065
19147
19443
17589
17454
18180
18157
18591
18730
19472
18701
18888
18335
17057
18636
19895
18662
16474
18118
18292
17864
18580
18680
18954
19762
18937
17751
18350
18948
19571
17483
18510
18791
18721
19150
17523
19286
17038
17417
18352
18336
18286
19262
18401
17483
18357
19760
18438
17413
19029
18985
18878
19294
18205
18356
18887
18579
18198
18942
17708
17299
19026
18697
18038
18527
18033
19299
17679
17221
18954
19635
16834
19157
18522
18768
16939
19431
18558
18597
19097
17544
18179
18396
18427
18554
18531
16701
18322
19182
18610
18621
18406
18511
18963
18309
17175
19001
18531
18328
19218
17918
19783
17438
19327
19408
18152
17829
18906
18727
17934
18334
18495
18983
17982
17474
18970
19045
19122
18240
19044
18867
19577
19231
17092
18393
18520
18241
20338
18446
18075
18912
19351
19542
18815
17945
18164
17447
18964
19409
18713
17771
18726
18579
19095
18832
17909
18803
19117
18599
17721
19143
17498
19293
17459
18411
17542
17782
18822
18658
18631
20469
17705
19180
17499
16860
17487
17601
18853
18526
18915
17961
17856
18748
17660
18162
18826
18948
20172
18539
18547
17507
17260
17833
18424
18804
19636
17339
18427
18845
18146
18771
17757
18234
18398
17567
18126
18052
17774
18320
17263
19019
20216
19047
19476
19456
19086
18820
19252
18820
18568
16959
17793
17903
18721
17961
18785
19332
19003
19358
18704
18328
18423
18940
17928
18563
19531
17592
17846
16828
18618
18347
17896
18104
18996
18803
17994
17758
18817
17198
18514
16410
18538
18419
17105
19287
16948
18377
19335
20289
19233
18064
18948
18275
17183
17804
17984
19350
18304
17968
18415
16921
17871
18438
18260
19602
18117
17789
17824
18822
18816
19656
18784
18990
17601
18734
18797
18299
18086
19321
16994
18329
18833
18015
17586
18958
17972
17878
18990
17971
18142
17949
19162
19327
18412
18573
17637
18254
17502
19415
19023
19674
18684
17942
17404
17603
19048
19244
19668
18676
18150
19218
17323
17522
16995
17505
18180
18942
18943
18628
19545
18905
18545
17757
18228
18033
19629
19056
18417
17821
18761
18974
18150
17237
19224
18886
18595
18166
18774
18271
19037
17217
18711
17893
18373
18139
18675
19535
18263
20137
18866
19365
18985
18998
17341
18550
19466
20478
18045
17441
18756
18373
19773
18477
19011
18270
18224
18911
18586
17078
18091
18919
17708
19090
18030
18964
18426
17863
18681
19359
18170
18144
17952
18643
18692
18756
18883
18400
18711
18176
18517
18498
19746
18716
18177
19239
19343
19016
18129
17997
18226
18707
19005
18054
19264
17901
19518
17684
18939
18390
17592
19012
18173
18356
18091
18324
19177
18032
18384
19733
17714
18547
17545
19206
18092
19735
17490
18586
18302
18740
18899
17372
18265
17973
17728
19450
17281
18473
19654
18392
18483
17390
18118
17508
18628
18730
19428
19159
17903
17626
19064
18077
18598
18219
17717
18840
20139
19055
17496
18486
18287
17874
19874
16990
17357
17707
19717
18315
17527
18005
18686
17547
17841
19578
19050
18530
17613
18988
19164
19464
20408
17647
19172
19024
17239
17936
17036
18850
18528
18732
19392
18073
18686
17349
19088
17901
17930
18403
17565
17665
18371
17758
18666
18516
6768
8
5390
9911
3724
3875
360
9877
7714
6318
4682
3249
5983
1698
7277
1640
6695
10167
4191
2988
7155
1461
9326
2989
6133
8847
9599
9524
4718
6885
9017
1764
7057
394
968
4967
10214
7433
3368
5627
1851
1809
5869
888
5257
5274
5880
5026
10161
554
6644
96
6014
6306
7220
6843
5592
74
1577
7189
604
7815
3986
5956
8015

