18333,1949,1
18388,2004,0
18436,2052,0
18403,2019,0
18411,2027,0
18539,2155,0
18369,1985,0
18605,2221,0
18421,2037,0
18316,1932,0
18377,1993,0
18441,2057,0
18431,2047,0
18362,1978,0
18413,2029,0
18385,2001,0
18428,2044,0
18633,2249,0
18474,2090,0
18295,1911,0
18431,2047,0
18493,2109,0
18521,2137,0
18295,1911,0
18220,1836,0
18254,1870,0
18526,2142,0
18517,2133,0
18415,2031,0
18417,2033,0
18496,2112,0
18534,2150,0
18278,1894,0
18404,2020,0
18270,1886,0
18411,2027,0
18260,1876,0
18436,2052,0
18346,1962,0
18573,2189,0
18456,2072,0
18263,1879,0
18524,2140,0
18453,2069,0
18568,2184,0
18392,2008,0
18477,2093,0
18538,2154,0
18301,1917,0
18569,2185,0
18421,2037,0
18480,2096,0
18409,2025,0
18437,2053,0
18358,1974,0
18270,1886,0
18379,1995,0
18523,2139,0
18501,2117,0
18405,2021,0
18295,1911,0
18345,1961,0
18220,1836,0
18498,2114,0
18275,1891,0
18457,2073,0
18472,2088,0
18450,2066,0
18389,2005,0
18534,2150,0
18243,1859,0
18402,2018,0
18363,1979,0
18450,2066,0
18408,2024,0
18241,1857,0
18288,1904,0
18478,2094,0
18374,1990,0
18548,2164,0
18433,2049,0
18490,2106,0
18349,1965,0
18544,2160,0
18618,2234,0
18282,1898,0
18499,2115,0
18332,1948,0
18347,1963,0
18434,2050,0
18362,1978,0
18589,2205,0
18485,2101,0
18425,2041,0
18308,1924,0
18383,1999,0
18599,2215,0
18424,2040,0
18378,1994,0
18456,2072,0
18429,2045,0
18598,2214,0
18395,2011,0
18552,2168,0
18407,2023,0
18193,1809,0
18433,2049,0
18458,2074,0
18362,1978,0
18384,2000,0
18454,2070,0
18479,2095,0
18545,2161,0
18526,2142,0
18540,2156,0
18567,2183,0
18444,2060,0
18419,2035,0
18347,1963,0
18551,2167,0
18408,2024,0
18216,1832,0
18398,2014,0
18508,2124,0
18442,2058,0
18441,2057,0
18598,2214,0
18419,2035,0
18346,1962,0
18457,2073,0
18635,2251,0
18340,1956,0
18417,2033,0
18168,1784,0
18474,2090,0
18433,2049,0
18460,2076,0
18583,2199,0
18418,2034,0
18296,1912,0
18416,2032,0
18494,2110,0
18383,1999,0
18411,2027,0
18448,2064,0
18479,2095,0
18292,1908,0
18350,1966,0
18457,2073,0
18513,2129,0
18447,2063,0
18360,1976,0
18609,2225,0
18570,2186,0
18463,2079,0
18168,1784,0
18291,1907,0
18407,2023,0
18472,2088,0
18468,2084,0
18433,2049,0
18444,2060,0
18523,2139,0
18479,2095,0
18265,1881,0
18291,1907,0
18298,1914,0
18220,1836,0
18583,2199,0
18474,2090,0
18340,1956,0
18371,1987,0
18439,2055,0
18362,1978,0
18497,2113,0
18248,1864,0
18561,2177,0
18332,1948,0
18523,2139,0
18382,1998,0
18336,1952,0
18512,2128,0
18341,1957,0
18394,2010,0
18220,1836,0
18421,2037,0
18460,2076,0
18349,1965,0
18415,2031,0
18411,2027,0
18416,2032,0
18525,2141,0
18428,2044,0
18269,1885,0
18364,1980,0
18593,2209,0
18465,2081,0
18359,1975,0
18384,2000,0
18370,1986,0
18386,2002,0
18421,2037,0
18392,2008,0
18439,2055,0
18402,2018,0
18508,2124,0
18386,2002,0
18294,1910,0
18395,2011,0
18365,1981,0
18462,2078,0
18343,1959,0
18333,1949,0
18400,2016,0
18203,1819,0
18368,1984,0
18361,1977,0
18442,2058,0
18331,1947,0
18353,1969,0
18383,1999,0
18490,2106,0
18301,1917,0
18415,2031,0
18708,2324,0
18419,2035,0
18416,2032,0
18438,2054,0
18390,2006,0
18488,2104,0
18481,2097,0
18345,1961,0
18255,1871,0
18298,1914,0
18544,2160,0
18426,2042,0
18276,1892,0
18320,1936,0
18459,2075,0
18504,2120,0
18542,2158,0
18478,2094,0
18447,2063,0
18493,2109,0
18426,2042,0
18527,2143,0
18429,2045,0
18435,2051,0
18413,2029,0
18428,2044,0
18478,2094,0
18467,2083,0
18343,1959,0
18241,1857,0
18639,2255,0
18428,2044,0
18458,2074,0
18391,2007,0
18361,1977,0
18456,2072,0
18405,2021,0
18575,2191,0
18366,1982,0
18374,1990,0
18496,2112,0
18426,2042,0
18339,1955,0
18526,2142,0
18273,1889,0
18571,2187,0
18490,2106,0
18421,2037,0
18371,1987,0
18289,1905,0
18500,2116,0
18401,2017,0
18395,2011,0
18273,1889,0
18477,2093,0
18383,1999,0
18335,1951,0
18563,2179,0
18516,2132,0
18522,2138,0
18498,2114,0
18423,2039,0
18533,2149,0
18331,1947,0
18559,2175,0
18301,1917,0
18143,1759,0
18288,1904,0
18412,2028,0
18436,2052,0
18558,2174,0
18342,1958,0
18434,2050,0
18376,1992,0
18408,2024,0
18336,1952,0
18374,1990,0
18387,2003,0
18597,2213,0
18478,2094,0
18401,2017,0
18344,1960,0
18557,2173,0
18514,2130,0
18590,2206,0
18448,2064,0
18557,2173,0
18199,1815,0
18371,1987,0
18395,2011,0
18476,2092,0
18428,2044,0
18204,1820,0
18467,2083,0
18333,1949,0
18158,1774,0
18466,2082,0
18503,2119,0
18489,2105,0
18427,2043,0
18565,2181,0
18492,2108,0
18559,2175,0
18288,1904,0
18492,2108,0
18335,1951,0
18609,2225,0
18341,1957,0
18340,1956,0
18382,1998,0
18308,1924,0
18460,2076,0
18165,1781,0
18398,2014,0
18560,2176,0
18414,2030,0
18504,2120,0
18433,2049,0
18711,2327,0
18476,2092,0
18464,2080,0
18539,2155,0
18376,1992,0
18435,2051,0
18236,1852,0
18444,2060,0
18289,1905,0
18453,2069,0
18571,2187,0
18417,2033,0
18527,2143,0
18356,1972,0
18360,1976,0
18590,2206,0
18307,1923,0
18501,2117,0
18444,2060,0
18360,1976,0
18453,2069,0
18579,2195,0
18376,1992,0
18496,2112,0
18380,1996,0
18379,1995,0
18466,2082,0
18433,2049,0
18598,2214,0
18343,1959,0
18405,2021,0
18374,1990,0
18470,2086,0
18687,2303,0
18440,2056,0
18566,2182,0
18500,2116,0
18497,2113,0
18383,1999,0
18498,2114,0
18497,2113,0
18408,2024,0
18380,1996,0
18444,2060,0
18471,2087,0
18481,2097,0
18530,2146,0
18440,2056,0
18518,2134,0
18456,2072,0
18418,2034,0
18492,2108,0
18512,2128,0
18292,1908,0
18294,1910,0
18544,2160,0
18405,2021,0
18325,1941,0
18464,2080,0
18362,1978,0
18475,2091,0
18470,2086,0
18423,2039,0
18496,2112,0
18437,2053,0
18494,2110,0
18455,2071,0
18533,2149,0
18556,2172,0
18437,2053,0
18457,2073,0
18375,1991,0
18401,2017,0
18540,2156,0
18302,1918,0
18539,2155,0
18378,1994,0
18349,1965,0
18448,2064,0
18454,2070,0
18515,2131,0
18432,2048,0
18201,1817,0
18415,2031,0
18434,2050,0
18404,2020,0
18469,2085,0
18547,2163,0
18480,2096,0
18532,2148,0
18392,2008,0
18401,2017,0
18452,2068,0
18539,2155,0
18467,2083,0
18573,2189,0
18572,2188,0
18238,1854,0
18464,2080,0
18504,2120,0
18484,2100,0
18457,2073,0
18559,2175,0
18478,2094,0
18437,2053,0
18274,1890,0
18334,1950,0
18439,2055,0
18423,2039,0
18519,2135,0
18419,2035,0
18359,1975,0
18307,1923,0
18354,1970,0
18203,1819,0
18504,2120,0
18346,1962,0
18526,2142,0
18352,1968,0
18437,2053,0
18551,2167,0
18606,2222,0
18551,2167,0
18172,1788,0
18406,2022,0
18539,2155,0
18411,2027,0
18523,2139,0
18363,1979,0
18350,1966,0
18575,2191,0
18484,2100,0
18354,1970,0
18437,2053,0
18499,2115,0
18460,2076,0
18410,2026,0
18489,2105,0
18349,1965,0
18312,1928,0
18494,2110,0
18574,2190,0
18403,2019,0
18483,2099,0
18288,1904,0
18340,1956,0
18272,1888,0
18528,2144,0
18335,1951,0
18400,2016,0
18365,1981,0
18396,2012,0
18303,1919,0
18522,2138,0
18584,2200,0
18412,2028,0
18496,2112,0
18448,2064,0
18407,2023,0
18423,2039,0
18418,2034,0
18454,2070,0
18290,1906,0
18464,2080,0
18462,2078,0
18336,1952,0
18460,2076,0
18521,2137,0
18419,2035,0
18324,1940,0
18419,2035,0
18313,1929,0
18497,2113,0
18557,2173,0
18217,1833,0
18475,2091,0
18477,2093,0
18309,1925,0
18489,2105,0
18293,1909,0
18465,2081,0
18561,2177,0
18459,2075,0
18473,2089,0
18417,2033,0
18598,2214,0
18387,2003,0
18488,2104,0
18337,1953,0
18448,2064,0
18636,2252,0
18392,2008,0
18482,2098,0
18324,1940,0
18486,2102,0
18440,2056,0
18285,1901,0
18400,2016,0
18537,2153,0
18306,1922,0
18503,2119,0
18469,2085,0
18436,2052,0
18632,2248,0
18545,2161,0
18518,2134,0
18518,2134,0
18261,1877,0
18415,2031,0
18469,2085,0
18360,1976,0
18422,2038,0
18344,1960,0
18385,2001,0
18494,2110,0
18403,2019,0
18468,2084,0
15369,7177,1
9984,9984,1
3491,15779,1
12824,4632,0
11415,11415,0
6789,19077,1
1401,13689,0
19149,2765,0
14451,6259,0
14297,6105,0
9221,9221,0
19313,2929,0
13124,4932,0
21268,21268,1
5790,18078,0
16085,7893,0
20099,3715,0
13752,5560,0
19033,2649,0
11503,11503,0
7613,19901,0
20626,20626,0
10921,10921,0
2265,14553,0
6418,18706,0
8224,8224,0
12778,4586,0
1726,14014,0
4419,16707,0
14610,6418,0
21701,21701,0
9258,9258,0
4522,16810,0
17134,750,0
16373,8181,0
10044,10044,0
19209,2825,0
22086,22086,0
12037,12037,0
15377,7185,0
17722,1338,0
11305,11305,0
8989,8989,0
22017,22017,0
4842,17130,0
15876,7684,0
1928,14216,0
3788,16076,0
10525,10525,0
22095,22095,0
7126,19414,0
6184,18472,0
16056,7864,0
16196,8004,0
8842,8842,0
9573,9573,0
2286,14574,0
13175,4983,0
3217,15505,0
942,13230,0
1348,13636,0
1247,13535,0
22542,22542,0
22583,22583,0
22395,22395,0
22659,22659,0
22502,22502,0
22365,22365,0
22403,22403,0
22400,22400,0
22479,22479,0
22639,22639,0
22505,22505,0
22604,22604,0
22536,22536,0
22509,22509,0
22540,22540,0
22497,22497,0
22474,22474,0
22642,22642,0
22369,22369,0
22491,22491,0
22387,22387,0
22510,22510,0
22456,22456,0
22528,22528,0
22437,22437,0
22631,22631,0
22671,22671,0
22795,22795,0
22466,22466,0
22516,22516,0
22522,22522,0
22579,22579,0
22371,22371,0
22497,22497,0
22445,22445,0
22534,22534,0
22437,22437,0
22611,22611,0
22489,22489,0
22438,22438,0
22560,22560,0
22289,22289,0
22613,22613,0
22381,22381,0
22642,22642,0
22405,22405,0
22415,22415,0
22538,22538,0
22456,22456,0
22530,22530,0
22522,22522,0
22552,22552,0
22579,22579,0
22410,22410,0
22604,22604,0
22694,22694,0
22453,22453,0
22524,22524,0
22452,22452,0
22541,22541,0
22586,22586,0
22420,22420,0
22647,22647,0
22533,22533,0
22652,22652,0
22552,22552,0
22393,22393,0
22620,22620,0
22611,22611,0
22580,22580,0
22736,22736,0
22581,22581,0
22749,22749,0
22372,22372,0
22570,22570,0
22600,22600,0
22516,22516,0
22536,22536,0
22340,22340,0
22638,22638,0
22470,22470,0
22535,22535,0
22568,22568,0
22532,22532,0
22533,22533,0
22417,22417,0
22582,22582,0
22634,22634,0
22506,22506,0
22618,22618,0
22726,22726,0
22527,22527,0
22143,22143,0
22402,22402,0
22472,22472,0
22445,22445,0
22551,22551,0
22498,22498,0
22631,22631,0
22656,22656,0
22348,22348,0
22428,22428,0
22452,22452,0
22605,22605,0
22543,22543,0
22504,22504,0
22438,22438,0
22543,22543,0
22641,22641,0
22523,22523,0
22611,22611,0
22378,22378,0
22500,22500,0
22490,22490,0
22720,22720,0
22455,22455,0
22444,22444,0
22668,22668,0
22594,22594,0
22609,22609,0
22534,22534,0
22544,22544,0
22528,22528,0
22558,22558,0
22659,22659,0
22595,22595,0
22500,22500,0
22551,22551,0
22419,22419,0
22721,22721,0
22377,22377,0
22441,22441,0
22791,22791,0
22436,22436,0
22591,22591,0
22456,22456,0
22776,22776,0
22309,22309,0
22488,22488,0
22518,22518,0
22466,22466,0
22702,22702,0
22523,22523,0
22492,22492,0
22432,22432,0
22556,22556,0
22472,22472,0
22619,22619,0
22379,22379,0
22446,22446,0
22613,22613,0
22547,22547,0
22604,22604,0
22549,22549,0
22631,22631,0
22601,22601,0
22527,22527,0
22505,22505,0
22538,22538,0
22412,22412,0
22485,22485,0
22651,22651,0
22598,22598,0
22552,22552,0
22617,22617,0
22292,22292,0
22657,22657,0
22670,22670,0
22509,22509,0
22711,22711,0
22661,22661,0
22642,22642,0
22471,22471,0
22498,22498,0
22241,22241,0
22698,22698,0
22571,22571,0
22480,22480,0
22443,22443,0
22675,22675,0
22399,22399,0
22348,22348,0
22617,22617,0
22603,22603,0
22348,22348,0
22537,22537,0
22487,22487,0
22495,22495,0
22751,22751,0
22277,22277,0
22503,22503,0
22550,22550,0
22600,22600,0
22685,22685,0
22641,22641,0
22439,22439,0
22603,22603,0
22455,22455,0
22479,22479,0
22607,22607,0
22609,22609,0
22712,22712,0
22444,22444,0
22424,22424,0
22556,22556,0
22640,22640,0
22698,22698,0
22450,22450,0
22334,22334,0
22481,22481,0
22410,22410,0
22517,22517,0
22475,22475,0
22609,22609,0
22668,22668,0
22423,22423,0
22468,22468,0
22547,22547,0
22630,22630,0
22455,22455,0
22464,22464,0
22534,22534,0
22521,22521,0
22322,22322,0
22545,22545,0
22547,22547,0
22703,22703,0
22359,22359,0
22726,22726,0
22563,22563,0
22576,22576,0
22471,22471,0
22380,22380,0
22532,22532,0
22464,22464,0
22546,22546,0
22441,22441,0
22614,22614,0
22683,22683,0
22540,22540,0
22466,22466,0
22589,22589,0
22402,22402,0
22328,22328,0
22501,22501,0
22545,22545,0
22367,22367,0
22504,22504,0
22464,22464,0
22409,22409,0
22546,22546,0
22456,22456,0
22470,22470,0
22487,22487,0
22464,22464,0
22545,22545,0
22612,22612,0
22343,22343,0
22394,22394,0
22388,22388,0
22516,22516,0
22635,22635,0
22613,22613,0
22620,22620,0
22545,22545,0
22626,22626,0
22479,22479,0
22582,22582,0
22673,22673,0
22563,22563,0
22467,22467,0
22611,22611,0
22680,22680,0
22399,22399,0
22497,22497,0
22537,22537,0
22671,22671,0
22425,22425,0
22654,22654,0
22538,22538,0
22853,22853,0
22539,22539,0
22635,22635,0
22432,22432,0
22516,22516,0
22444,22444,0
22565,22565,0
22525,22525,0
22534,22534,0
22509,22509,0
22634,22634,0
22406,22406,0
22570,22570,0
22626,22626,0
22585,22585,0
22467,22467,0
22473,22473,0
22503,22503,0
22179,22179,0
22554,22554,0
22345,22345,0
22477,22477,0
22497,22497,0
22409,22409,0
22474,22474,0
22598,22598,0
22585,22585,0
22354,22354,0
22543,22543,0
22612,22612,0
22606,22606,0
22406,22406,0
22394,22394,0
22470,22470,0
22627,22627,0
22592,22592,0
22600,22600,0
22523,22523,0
22615,22615,0
22561,22561,0
22442,22442,0
22677,22677,0
22549,22549,0
22537,22537,0
22477,22477,0
22561,22561,0
22302,22302,0
22403,22403,0
22669,22669,0
22561,22561,0
22439,22439,0
22624,22624,0
22557,22557,0
22566,22566,0
22491,22491,0
22661,22661,0
22251,22251,0
22627,22627,0
22615,22615,0
22660,22660,0
22567,22567,0
22496,22496,0
22593,22593,0
22336,22336,0
22480,22480,0
22337,22337,0
22622,22622,0
22343,22343,0
22363,22363,0
22695,22695,0
22649,22649,0
22497,22497,0
22575,22575,0
22491,22491,0
22502,22502,0
22531,22531,0
22475,22475,0
22730,22730,0
22387,22387,0
22733,22733,0
22584,22584,0
22810,22810,0
22411,22411,0
22612,22612,0
22441,22441,0
22509,22509,0
22509,22509,0
22532,22532,0
22639,22639,0
22592,22592,0
22566,22566,0
22469,22469,0
22423,22423,0
22619,22619,0
22497,22497,0
22411,22411,0
22341,22341,0
22376,22376,0
22710,22710,0
22377,22377,0
22564,22564,0
22633,22633,0
22646,22646,0
22404,22404,0
22579,22579,0
22596,22596,0
22466,22466,0
22374,22374,0
22368,22368,0
22561,22561,0
22530,22530,0
22483,22483,0
22530,22530,0
22476,22476,0
22468,22468,0
22541,22541,0
22573,22573,0
22549,22549,0
22600,22600,0
22490,22490,0
22379,22379,0
22479,22479,0
22548,22548,0
22686,22686,0
22618,22618,0
22405,22405,0
22481,22481,0
22380,22380,0
22433,22433,0
22488,22488,0
22568,22568,0
22477,22477,0
22519,22519,0
22582,22582,0
22564,22564,0
22650,22650,0
22533,22533,0
22450,22450,0
22366,22366,0
22447,22447,0
22614,22614,0
22374,22374,0
22568,22568,0
22422,22422,0
22570,22570,0
22625,22625,0
22581,22581,0
22526,22526,0
22454,22454,0
22480,22480,0
22459,22459,0
22519,22519,0
22674,22674,0
22604,22604,0
22473,22473,0
22794,22794,0
22470,22470,0
22513,22513,0
22334,22334,0
22423,22423,0
22430,22430,0
22353,22353,0
22707,22707,0
22494,22494,0
22519,22519,0
22560,22560,0
22337,22337,0
22508,22508,0
22377,22377,0
22505,22505,0
22448,22448,0
22521,22521,0
22528,22528,0
22560,22560,0
22082,22082,0
22653,22653,0
22487,22487,0
22508,22508,0
22435,22435,0
22695,22695,0
22608,22608,0
22512,22512,0
22377,22377,0
14514,6322,0
10387,10387,0
15421,7229,0
14841,6649,0
13148,4956,0
7792,20080,0
22272,22272,0
2129,14417,0
943,13231,0
21312,21312,0
20838,20838,0
9488,9488,0
20229,3845,0
5841,18129,0
13636,5444,0
9455,9455,0
2616,14904,0
3563,15851,0
6634,18922,0
21906,21906,0
9661,9661,0
13406,5214,0
10575,10575,0
13826,5634,0
8628,8628,0
15587,7395,0
570,12858,0
10837,10837,0
41,12329,0
12497,4305,0
1122,13410,0
7445,19733,0
9858,9858,0
4088,16376,0
1601,13889,0
7820,20108,0
2248,14536,0
11309,11309,0
767,13055,0
1812,14100,0
11502,11502,0
14952,6760,0
19154,2770,0
3208,15496,0
351,12639,0
10300,10300,0
88,12376,0
20548,20548,0
19879,3495,0
4463,16751,0
18202,1818,0
22454,22454,0
22494,22494,0
22493,22493,0
22507,22507,0
22559,22559,0
22527,22527,0
22697,22697,0
22563,22563,0
22487,22487,0
22414,22414,0
22297,22297,0
22574,22574,0
22618,22618,0
22403,22403,0
22593,22593,0
22556,22556,0
22478,22478,0
22515,22515,0
22803,22803,0
22315,22315,0
22609,22609,0
22722,22722,0
22508,22508,0
22513,22513,0
22616,22616,0
22522,22522,0
22550,22550,0
22712,22712,0
22394,22394,0
22570,22570,0
22551,22551,0
22535,22535,0
22573,22573,0
22559,22559,0
22613,22613,0
22570,22570,0
22557,22557,0
22458,22458,0
22415,22415,0
22577,22577,0
22443,22443,0
22558,22558,0
22290,22290,0
22441,22441,0
22473,22473,0
22650,22650,0
22581,22581,0
22479,22479,0
22603,22603,0
22422,22422,0
22565,22565,0
22380,22380,0
22559,22559,0
22462,22462,0
22552,22552,0
22556,22556,0
22389,22389,0
22446,22446,0
22621,22621,0
22436,22436,0
22639,22639,0
22522,22522,0
22538,22538,0
22334,22334,0
22721,22721,0
22626,22626,0
22724,22724,0
22407,22407,0
22434,22434,0
22460,22460,0
22512,22512,0
22653,22653,0
22527,22527,0
22483,22483,0
22596,22596,0
22604,22604,0
22598,22598,0
22432,22432,0
22626,22626,0
22487,22487,0
22565,22565,0
22579,22579,0
22580,22580,0
22415,22415,0
22540,22540,0
22653,22653,0
22609,22609,0
22394,22394,0
22680,22680,0
22396,22396,0
22648,22648,0
22552,22552,0
22560,22560,0
22568,22568,0
22549,22549,0
22630,22630,0
22559,22559,0
22513,22513,0
22440,22440,0
22761,22761,0
22491,22491,0
22503,22503,0
22388,22388,0
22599,22599,0
22391,22391,0
22431,22431,0
22563,22563,0
22375,22375,0
22527,22527,0
22647,22647,0
22592,22592,0
22599,22599,0
22641,22641,0
22369,22369,0
22584,22584,0
22355,22355,0
22686,22686,0
22467,22467,0
22525,22525,0
22621,22621,0
22585,22585,0
22547,22547,0
22455,22455,0
22524,22524,0
22561,22561,0
22381,22381,0
22568,22568,0
22585,22585,0
22445,22445,0
22559,22559,0
22604,22604,0
22607,22607,0
22645,22645,0
22572,22572,0
22490,22490,0
22440,22440,0
22615,22615,0
22442,22442,0
22563,22563,0
22275,22275,0
22549,22549,0
22740,22740,0
22660,22660,0
22593,22593,0
22560,22560,0
22689,22689,0
22577,22577,0
22501,22501,0
22486,22486,0
22616,22616,0
22554,22554,0
22398,22398,0
22687,22687,0
22535,22535,0
22763,22763,0
22372,22372,0
22713,22713,0
22668,22668,0
22568,22568,0
22533,22533,0
22609,22609,0
22467,22467,0
22588,22588,0
22487,22487,0
22595,22595,0
22450,22450,0
22680,22680,0
22499,22499,0
22534,22534,0
22413,22413,0
22537,22537,0
22473,22473,0
22549,22549,0
22601,22601,0
22518,22518,0
22573,22573,0
22505,22505,0
22534,22534,0
22640,22640,0
22488,22488,0
22534,22534,0
22507,22507,0
22404,22404,0
22665,22665,0
22565,22565,0
22544,22544,0
22308,22308,0
22540,22540,0
22563,22563,0
22522,22522,0
22299,22299,0
22741,22741,0
22349,22349,0
22597,22597,0
22541,22541,0
22437,22437,0
22463,22463,0
22297,22297,0
22457,22457,0
22714,22714,0
22544,22544,0
22360,22360,0
22623,22623,0
22605,22605,0
22616,22616,0
22555,22555,0
22560,22560,0
22618,22618,0
22540,22540,0
22686,22686,0
22340,22340,0
22568,22568,0
22529,22529,0
22565,22565,0
22754,22754,0
22509,22509,0
22374,22374,0
22653,22653,0
22397,22397,0
22459,22459,0
22422,22422,0
22590,22590,0
22678,22678,0
22597,22597,0
22622,22622,0
22459,22459,0
22354,22354,0
22603,22603,0
22742,22742,0
22515,22515,0
22420,22420,0
22378,22378,0
22589,22589,0
22405,22405,0
22648,22648,0
22544,22544,0
22514,22514,0
22509,22509,0
22311,22311,0
22492,22492,0
22377,22377,0
22627,22627,0
22571,22571,0
22595,22595,0
22448,22448,0
22590,22590,0
22576,22576,0
22618,22618,0
22455,22455,0
22530,22530,0
22487,22487,0
22422,22422,0
22604,22604,0
22577,22577,0
22526,22526,0
22532,22532,0
22510,22510,0
22568,22568,0
22631,22631,0
22417,22417,0
22595,22595,0
22321,22321,0
22459,22459,0
22709,22709,0
22513,22513,0
22619,22619,0
22475,22475,0
22818,22818,0
22528,22528,0
22724,22724,0
22449,22449,0
22498,22498,0
22384,22384,0
22676,22676,0
22441,22441,0
22391,22391,0
22590,22590,0
22720,22720,0
22707,22707,0
22393,22393,0
22446,22446,0
22552,22552,0
22515,22515,0
22621,22621,0
22646,22646,0
22419,22419,0
22548,22548,0
22296,22296,0
22498,22498,0
22461,22461,0
22778,22778,0
22480,22480,0
22609,22609,0
22638,22638,0
22604,22604,0
22668,22668,0
22387,22387,0
22459,22459,0
22580,22580,0
22646,22646,0
22415,22415,0
22467,22467,0
22643,22643,0
22517,22517,0
22504,22504,0
22565,22565,0
22673,22673,0
22660,22660,0
22558,22558,0
22432,22432,0
22419,22419,0
22540,22540,0
22583,22583,0
22498,22498,0
22627,22627,0
22549,22549,0
22546,22546,0
22479,22479,0
22522,22522,0
22598,22598,0
22524,22524,0
22533,22533,0
22370,22370,0
22876,22876,0
22510,22510,0
22490,22490,0
22234,22234,0
22545,22545,0
22633,22633,0
22605,22605,0
22474,22474,0
22347,22347,0
22573,22573,0
22481,22481,0
22534,22534,0
22441,22441,0
22674,22674,0
22588,22588,0
22510,22510,0
22592,22592,0
22627,22627,0
22272,22272,0
22472,22472,0
22591,22591,0
22539,22539,0
22448,22448,0
22467,22467,0
22367,22367,0
22617,22617,0
22507,22507,0
22570,22570,0
22436,22436,0
22541,22541,0
22627,22627,0
22595,22595,0
22595,22595,0
22572,22572,0
22557,22557,0
22506,22506,0
22647,22647,0
22527,22527,0
22657,22657,0
22586,22586,0
22310,22310,0
22501,22501,0
22412,22412,0
22683,22683,0
22408,22408,0
22674,22674,0
22583,22583,0
22571,22571,0
22524,22524,0
22558,22558,0
22566,22566,0
22313,22313,0
22582,22582,0
22833,22833,0
22590,22590,0
22493,22493,0
22744,22744,0
22517,22517,0
22592,22592,0
22672,22672,0
22478,22478,0
22474,22474,0
22389,22389,0
22607,22607,0
22507,22507,0
22511,22511,0
22671,22671,0
22556,22556,0
22482,22482,0
22437,22437,0
22417,22417,0
22525,22525,0
22551,22551,0
22377,22377,0
22505,22505,0
22547,22547,0
22553,22553,0
22563,22563,0
22630,22630,0
22592,22592,0
22499,22499,0
22440,22440,0
22272,22272,0
22353,22353,0
22594,22594,0
22493,22493,0
22643,22643,0
22576,22576,0
22730,22730,0
22485,22485,0
22692,22692,0
22676,22676,0
22741,22741,0
22698,22698,0
22758,22758,0
22596,22596,0
22647,22647,0
22380,22380,0
22426,22426,0
22359,22359,0
22587,22587,0
22599,22599,0
22653,22653,0
22656,22656,0
22401,22401,0
22382,22382,0
22498,22498,0
22474,22474,0
22374,22374,0
22402,22402,0
22531,22531,0
22722,22722,0
22422,22422,0
22594,22594,0
22567,22567,0
22671,22671,0
22819,22819,0
22564,22564,0
22595,22595,0
22345,22345,0
22470,22470,0
22365,22365,0
22692,22692,0
22754,22754,0
22461,22461,0
22651,22651,0
22475,22475,0
22606,22606,0
22491,22491,0
22523,22523,0
22486,22486,0
22701,22701,0
22369,22369,0
22586,22586,0
22478,22478,0
22588,22588,0
22356,22356,0
22604,22604,0
22350,22350,0
22475,22475,0
22644,22644,0
22511,22511,0
22496,22496,0
22585,22585,0
22419,22419,0
22416,22416,0
22394,22394,0
22622,22622,0
22262,22262,0
22488,22488,0
22457,22457,0
22467,22467,0
22552,22552,0
22484,22484,0
22523,22523,0
22725,22725,0
22613,22613,0
22513,22513,0
22443,22443,0
22484,22484,0
22428,22428,0
22595,22595,0
22678,22678,0
22382,22382,0
22431,22431,0
22383,22383,0
22577,22577,0
22505,22505,0
22607,22607,0
22542,22542,0
22486,22486,0
22530,22530,0
22553,22553,0
22614,22614,0
22578,22578,0
22674,22674,0
22476,22476,0
22483,22483,0
22616,22616,0
22632,22632,0
22558,22558,0
22533,22533,0
22570,22570,0
22771,22771,0
22574,22574,0
22722,22722,0
22436,22436,0
22412,22412,0
22334,22334,0
22503,22503,0
22519,22519,0
22444,22444,0
22407,22407,0
22489,22489,0
22399,22399,0
22471,22471,0
22589,22589,0
22537,22537,0
22568,22568,0
22362,22362,0
22351,22351,0
22575,22575,0
22526,22526,0
22665,22665,0
22590,22590,0
22456,22456,0
22548,22548,0
22525,22525,0
22412,22412,0
22379,22379,0
22435,22435,0
22511,22511,0
22528,22528,0
22630,22630,0
22500,22500,0
22539,22539,0
22515,22515,0
22712,22712,0
22437,22437,0
22578,22578,0
22548,22548,0
22524,22524,0
22549,22549,0
22532,22532,0
22514,22514,0
22577,22577,0
22488,22488,0
22630,22630,0
22641,22641,0
22616,22616,0
22478,22478,0
22551,22551,0
22532,22532,0
22469,22469,0
22407,22407,0
22474,22474,0
22598,22598,0
22407,22407,0
22360,22360,0
22613,22613,0
22488,22488,0
22551,22551,0
22428,22428,0
22689,22689,0
22392,22392,0
22688,22688,0
22478,22478,0
22573,22573,0
22678,22678,0
22606,22606,0
22576,22576,0
22471,22471,0
22692,22692,0
22587,22587,0
22383,22383,0
22401,22401,0
22538,22538,0
22454,22454,0
22346,22346,0
22295,22295,0
22589,22589,0
22449,22449,0
22442,22442,0
22417,22417,0
22379,22379,0
22472,22472,0
22510,22510,0
22518,22518,0
22548,22548,0
22490,22490,0
22501,22501,0
22367,22367,0
22407,22407,0
22519,22519,0
22713,22713,0
22809,22809,0
22469,22469,0
22572,22572,0
22466,22466,0
22551,22551,0
22543,22543,0
22611,22611,0
22551,22551,0
22622,22622,0
22635,22635,0
22466,22466,0
22390,22390,0
22516,22516,0
22616,22616,0
22569,22569,0
22654,22654,0
22419,22419,0
22697,22697,0
22580,22580,0
22550,22550,0
22537,22537,0
22484,22484,0
22676,22676,0
22524,22524,0
22378,22378,0
22531,22531,0
22550,22550,0
22581,22581,0
22493,22493,0
22494,22494,0
22423,22423,0
22734,22734,0
22456,22456,0
22391,22391,0
22386,22386,0
22474,22474,0
22497,22497,0
22695,22695,0
22615,22615,0
22639,22639,0
22305,22305,0
22684,22684,0
22497,22497,0
22420,22420,0
22507,22507,0
22659,22659,0
22600,22600,0
22625,22625,0
22461,22461,0
22341,22341,0
22687,22687,0
22425,22425,0
22775,22775,0
22474,22474,0
22448,22448,0
22585,22585,0
22577,22577,0
22545,22545,0
22577,22577,0
22402,22402,0
22405,22405,0
22381,22381,0
22588,22588,0
22539,22539,0
22529,22529,0
22744,22744,0
22458,22458,0
22574,22574,0
22480,22480,0
22423,22423,0
22611,22611,0
22536,22536,0
22610,22610,0
22414,22414,0
22347,22347,0
22502,22502,0
22531,22531,0
22558,22558,0
22482,22482,0
22776,22776,0
22559,22559,0
22575,22575,0
22596,22596,0
22587,22587,0
22559,22559,0
22771,22771,0
22402,22402,0
22474,22474,0
22572,22572,0
22469,22469,0
22567,22567,0
22712,22712,0
22594,22594,0
22386,22386,0
22567,22567,0
22487,22487,0
22582,22582,0
22445,22445,0
22462,22462,0
22683,22683,0
22522,22522,0
22589,22589,0
22451,22451,0
22446,22446,0
22545,22545,0
22611,22611,0
22425,22425,0
22537,22537,0
22547,22547,0
22614,22614,0
22532,22532,0
22477,22477,0
22489,22489,0
22520,22520,0
22511,22511,0
22442,22442,0
22606,22606,0
22420,22420,0
22633,22633,0
22593,22593,0
22619,22619,0
22734,22734,0
22419,22419,0
22519,22519,0
22495,22495,0
22683,22683,0
22519,22519,0
22347,22347,0
22385,22385,0
22257,22257,0
22513,22513,0
22434,22434,0
22466,22466,0
22368,22368,0
22640,22640,0
22404,22404,0
22393,22393,0
22641,22641,0
22588,22588,0
22492,22492,0
22493,22493,0
22690,22690,0
22698,22698,0
22487,22487,0
22654,22654,0
22566,22566,0
22547,22547,0
22615,22615,0
22477,22477,0
22601,22601,0
22598,22598,0
22514,22514,0
22654,22654,0
22749,22749,0
22502,22502,0
22517,22517,0
22578,22578,0
22536,22536,0
22299,22299,0
22640,22640,0
22522,22522,0
22590,22590,0
22456,22456,0
22732,22732,0
22425,22425,0
22460,22460,0
22434,22434,0
22524,22524,0
22606,22606,0
22425,22425,0
22441,22441,0
22702,22702,0
22452,22452,0
22459,22459,0
22549,22549,0
22508,22508,0
22719,22719,0
22537,22537,0
22398,22398,0
22576,22576,0
22789,22789,0
22470,22470,0
22577,22577,0
22537,22537,0
22574,22574,0
22333,22333,0
22471,22471,0
22635,22635,0
22569,22569,0
22593,22593,0
22508,22508,0
22596,22596,0
22607,22607,0
22690,22690,0
22599,22599,0
22464,22464,0
22503,22503,0
22661,22661,0
22533,22533,0
22501,22501,0
22424,22424,0
22452,22452,0
22679,22679,0
22442,22442,0
22674,22674,0
22500,22500,0
22494,22494,0
22659,22659,0
22532,22532,0
22435,22435,0
22559,22559,0
22552,22552,0
22500,22500,0
22606,22606,0
22512,22512,0
22456,22456,0
22658,22658,0
22563,22563,0
22522,22522,0
22579,22579,0
22444,22444,0
22541,22541,0
22524,22524,0
22558,22558,0
22646,22646,0
22730,22730,0
22616,22616,0
22635,22635,0
22496,22496,0
22278,22278,0
22614,22614,0
22384,22384,0
22405,22405,0
22518,22518,0
22534,22534,0
22653,22653,0
22653,22653,0
22423,22423,0
22634,22634,0
22613,22613,0
22396,22396,0
22623,22623,0
22513,22513,0
22690,22690,0
22613,22613,0
22473,22473,0
22626,22626,0
22634,22634,0
22560,22560,0
22538,22538,0
22487,22487,0
22707,22707,0
22258,22258,0
22415,22415,0
22466,22466,0
22377,22377,0
22669,22669,0
22655,22655,0
22410,22410,0
22404,22404,0
22539,22539,0
22476,22476,0
22462,22462,0
22515,22515,0
22332,22332,0
22504,22504,0
22623,22623,0
22473,22473,0
22502,22502,0
22631,22631,0
22668,22668,0
22579,22579,0
22547,22547,0
22568,22568,0
22445,22445,0
22574,22574,0
22395,22395,0
22468,22468,0
22702,22702,0
22448,22448,0
22519,22519,0
22563,22563,0
22612,22612,0
22407,22407,0
22377,22377,0
22511,22511,0
22530,22530,0
22530,22530,0
22420,22420,0
22512,22512,0
22486,22486,0
22475,22475,0
22450,22450,0
22590,22590,0
22453,22453,0
22602,22602,0
22390,22390,0
22541,22541,0
22638,22638,0
22647,22647,0
22369,22369,0
22399,22399,0
22465,22465,0
22515,22515,0
22533,22533,0
22600,22600,0
22387,22387,0
22610,22610,0
22358,22358,0
22400,22400,0
22767,22767,0
22629,22629,0
22583,22583,0
22470,22470,0
22525,22525,0
22525,22525,0
22243,22243,0
22474,22474,0
22550,22550,0
22371,22371,0
22606,22606,0
22469,22469,0
22611,22611,0
22396,22396,0
22412,22412,0
22391,22391,0
22461,22461,0
22714,22714,0
22518,22518,0
22492,22492,0
22493,22493,0
22506,22506,0
22664,22664,0
22402,22402,0
22587,22587,0
22642,22642,0
22502,22502,0
22363,22363,0
22606,22606,0
22446,22446,0
22492,22492,0
22484,22484,0
22526,22526,0
22411,22411,0
22503,22503,0
22424,22424,0
22766,22766,0
22890,22890,0
22605,22605,0
22651,22651,0
22605,22605,0
22504,22504,0
22618,22618,0
22527,22527,0
22462,22462,0
22635,22635,0
22725,22725,0
22569,22569,0
22623,22623,0
22588,22588,0
22593,22593,0
22476,22476,0
22593,22593,0
22620,22620,0
22549,22549,0
22454,22454,0
22601,22601,0
22535,22535,0
22593,22593,0
22457,22457,0
22462,22462,0
22510,22510,0
22648,22648,0
22500,22500,0
22607,22607,0
22571,22571,0
22623,22623,0
22683,22683,0
22387,22387,0
22755,22755,0
22543,22543,0
22597,22597,0
22688,22688,0
22491,22491,0
22365,22365,0
22577,22577,0
22432,22432,0
22610,22610,0
22621,22621,0
22520,22520,0
22611,22611,0
22394,22394,0
22545,22545,0
22594,22594,0
22523,22523,0
22367,22367,0
22575,22575,0
22591,22591,0
22501,22501,0
22538,22538,0
22448,22448,0
22577,22577,0
22519,22519,0
22582,22582,0
22445,22445,0
22584,22584,0
22452,22452,0
22260,22260,0
22755,22755,0
22446,22446,0
22449,22449,0
22486,22486,0
22555,22555,0
22465,22465,0
22534,22534,0
22440,22440,0
22572,22572,0
22455,22455,0
22493,22493,0
22573,22573,0
22425,22425,0
22501,22501,0
22595,22595,0
22461,22461,0
22550,22550,0
22515,22515,0
22529,22529,0
22584,22584,0
22692,22692,0
22474,22474,0
22725,22725,0
22596,22596,0
22760,22760,0
22471,22471,0
22645,22645,0
22464,22464,0
22517,22517,0
22663,22663,0
22442,22442,0
22575,22575,0
22518,22518,0
22542,22542,0
22536,22536,0
22603,22603,0
22684,22684,0
22650,22650,0
22532,22532,0
22577,22577,0
22635,22635,0
22519,22519,0
22340,22340,0
22454,22454,0
22532,22532,0
22262,22262,0
22732,22732,0
22467,22467,0
22369,22369,0
22453,22453,0
22571,22571,0
22449,22449,0
22298,22298,0
22659,22659,0
22468,22468,0
22306,22306,0
22551,22551,0
22681,22681,0
22330,22330,0
22420,22420,0
22358,22358,0
22558,22558,0
22562,22562,0
22475,22475,0
22466,22466,0
22464,22464,0
22517,22517,0
22469,22469,0
22638,22638,0
22590,22590,0
22545,22545,0
22514,22514,0
22565,22565,0
22685,22685,0
22521,22521,0
22394,22394,0
22444,22444,0
22509,22509,0
22440,22440,0
22531,22531,0
22279,22279,0
22386,22386,0
22476,22476,0
22334,22334,0
22661,22661,0
22542,22542,0
22537,22537,0
22475,22475,0
22495,22495,0
22527,22527,0
22463,22463,0
22671,22671,0
22522,22522,0
22556,22556,0
22668,22668,0
22708,22708,0
22598,22598,0
22637,22637,0
22673,22673,0
22613,22613,0
22454,22454,0
22618,22618,0
22400,22400,0
22673,22673,0
22490,22490,0
22499,22499,0
22595,22595,0
22565,22565,0
22420,22420,0
22567,22567,0
22385,22385,0
22602,22602,0
22469,22469,0
22531,22531,0
22528,22528,0
22592,22592,0
22499,22499,0
22570,22570,0
22745,22745,0
22498,22498,0
22442,22442,0
22558,22558,0
22612,22612,0
22513,22513,0
22501,22501,0
22517,22517,0
22537,22537,0
22678,22678,0
22531,22531,0
22509,22509,0
22571,22571,0
22527,22527,0
22705,22705,0
22552,22552,0
22548,22548,0
22806,22806,0
22758,22758,0
22491,22491,0
22598,22598,0
22581,22581,0
22660,22660,0
22450,22450,0
22559,22559,0
22753,22753,0
22563,22563,0
22296,22296,0
22586,22586,0
22565,22565,0
22434,22434,0
22443,22443,0
22551,22551,0
22626,22626,0
22523,22523,0
22453,22453,0
22410,22410,0
22424,22424,0
22616,22616,0
22445,22445,0
22401,22401,0
22546,22546,0
22542,22542,0
22552,22552,0
22568,22568,0
22557,22557,0
22607,22607,0
22602,22602,0
22396,22396,0
22669,22669,0
22539,22539,0
22474,22474,0
22575,22575,0
22719,22719,0
22610,22610,0
22564,22564,0
22486,22486,0
22469,22469,0
22424,22424,0
22273,22273,0
22662,22662,0
22676,22676,0
22657,22657,0
22446,22446,0
22609,22609,0
22589,22589,0
22368,22368,0
22461,22461,0
22487,22487,0
22633,22633,0
22572,22572,0
22503,22503,0
22524,22524,0
22465,22465,0
22582,22582,0
22435,22435,0
22458,22458,0
22729,22729,0
22519,22519,0
22635,22635,0
22592,22592,0
22467,22467,0
22650,22650,0
22367,22367,0
22541,22541,0
22446,22446,0
22398,22398,0
22598,22598,0
22555,22555,0
22697,22697,0
22543,22543,0
22603,22603,0
22501,22501,0
22664,22664,0
22421,22421,0
22633,22633,0
22431,22431,0
22613,22613,0
22445,22445,0
22483,22483,0
22568,22568,0
22537,22537,0
22450,22450,0
22354,22354,0
22430,22430,0
22461,22461,0
22640,22640,0
22477,22477,0
22592,22592,0
22685,22685,0
22665,22665,0
22647,22647,0
22520,22520,0
22635,22635,0
22578,22578,0
22516,22516,0
22432,22432,0
22567,22567,0
22451,22451,0
22417,22417,0
22507,22507,0
22493,22493,0
22560,22560,0
22593,22593,0
22676,22676,0
22526,22526,0
22571,22571,0
22451,22451,0
22572,22572,0
22500,22500,0
22628,22628,0
22545,22545,0
22563,22563,0
22632,22632,0
22442,22442,0
22525,22525,0
22472,22472,0
22593,22593,0
22644,22644,0
22373,22373,0
22710,22710,0
22563,22563,0
22530,22530,0
22571,22571,0
22606,22606,0
22521,22521,0
22587,22587,0
22461,22461,0
22537,22537,0
22566,22566,0
22686,22686,0
22429,22429,0
22612,22612,0
22496,22496,0
22642,22642,0
22554,22554,0
22493,22493,0
22545,22545,0
22541,22541,0
22591,22591,0
22466,22466,0
22536,22536,0
22510,22510,0
22509,22509,0
22336,22336,0
22601,22601,0
22318,22318,0
22511,22511,0
22375,22375,0
22434,22434,0
22558,22558,0
22487,22487,0
22415,22415,0
22630,22630,0
22516,22516,0
22718,22718,0
22633,22633,0
22519,22519,0
22665,22665,0
22525,22525,0
22417,22417,0
22347,22347,0
22490,22490,0
22405,22405,0
22627,22627,0
22443,22443,0
22536,22536,0
22689,22689,0
22585,22585,0
22585,22585,0
22467,22467,0
22557,22557,0
22460,22460,0
22505,22505,0
22686,22686,0
22579,22579,0
22436,22436,0
22539,22539,0
22305,22305,0
22545,22545,0
22366,22366,0
22371,22371,0
22698,22698,0
22552,22552,0
22552,22552,0
22432,22432,0
22556,22556,0
22492,22492,0
22556,22556,0
22594,22594,0
22521,22521,0
22524,22524,0
22544,22544,0
22563,22563,0
22503,22503,0
22557,22557,0
22673,22673,0
22673,22673,0
22451,22451,0
22338,22338,0
22851,22851,0
22523,22523,0
22550,22550,0
22534,22534,0
22394,22394,0
22502,22502,0
22442,22442,0
22574,22574,0
22442,22442,0
22371,22371,0
22658,22658,0
22423,22423,0
22654,22654,0
22373,22373,0
22534,22534,0
22461,22461,0
22409,22409,0
22514,22514,0
22565,22565,0
22548,22548,0
22569,22569,0
22610,22610,0
22398,22398,0
22378,22378,0
22401,22401,0
22539,22539,0
22503,22503,0
22655,22655,0
22514,22514,0
22498,22498,0
22423,22423,0
22501,22501,0
22533,22533,0
22671,22671,0
22421,22421,0
22591,22591,0
22536,22536,0
22468,22468,0
22459,22459,0
22595,22595,0
22495,22495,0
22669,22669,0
22496,22496,0
22716,22716,0
22565,22565,0
22587,22587,0
22424,22424,0
22540,22540,0
22626,22626,0
22580,22580,0
22554,22554,0
22531,22531,0
22319,22319,0
22713,22713,0
22431,22431,0
22348,22348,0
22595,22595,0
22591,22591,0
22453,22453,0
22523,22523,0
22566,22566,0
22561,22561,0
22600,22600,0
22644,22644,0
22526,22526,0
22516,22516,0
22629,22629,0
22611,22611,0
22403,22403,0
22582,22582,0
22541,22541,0
22439,22439,0
22519,22519,0
22454,22454,0
22461,22461,0
22547,22547,0
22391,22391,0
22461,22461,0
22364,22364,0
22450,22450,0
22689,22689,0
22421,22421,0
22494,22494,0
22445,22445,0
22439,22439,0
22491,22491,0
22537,22537,0
22577,22577,0
22453,22453,0
22477,22477,0
22546,22546,0
22634,22634,0
22587,22587,0
22617,22617,0
22582,22582,0
22623,22623,0
22413,22413,0
22538,22538,0
22652,22652,0
22632,22632,0
22448,22448,0
22544,22544,0
22382,22382,0
22459,22459,0
22459,22459,0
22680,22680,0
22565,22565,0
22326,22326,0
22626,22626,0
22561,22561,0
22611,22611,0
22504,22504,0
22536,22536,0
22769,22769,0
22313,22313,0
22372,22372,0
22423,22423,0
22437,22437,0
22531,22531,0
22589,22589,0
22554,22554,0
22660,22660,0
22573,22573,0
22503,22503,0
22459,22459,0
22600,22600,0
22477,22477,0
22761,22761,0
22398,22398,0
22521,22521,0
22458,22458,0
22477,22477,0
22514,22514,0
22570,22570,0
22564,22564,0
22566,22566,0
22504,22504,0
22518,22518,0
22594,22594,0
22556,22556,0
22616,22616,0
22564,22564,0
22350,22350,0
22477,22477,0
22446,22446,0
22681,22681,0
22474,22474,0
22421,22421,0
22658,22658,0
22580,22580,0
22412,22412,0
22478,22478,0
22512,22512,0
22435,22435,0
22501,22501,0
22629,22629,0
22547,22547,0
22448,22448,0
22582,22582,0
22562,22562,0
22752,22752,0
22463,22463,0
22654,22654,0
22555,22555,0
22598,22598,0
22492,22492,0
22411,22411,0
22450,22450,0
22406,22406,0
22384,22384,0
22388,22388,0
22674,22674,0
22505,22505,0
22556,22556,0
22443,22443,0
22635,22635,0
22466,22466,0
22505,22505,0
22648,22648,0
22525,22525,0
22542,22542,0
22543,22543,0
22595,22595,0
22463,22463,0
22487,22487,0
22518,22518,0
22431,22431,0
22546,22546,0
22524,22524,0
22477,22477,0
22548,22548,0
22603,22603,0
22559,22559,0
22493,22493,0
22489,22489,0
22450,22450,0
22427,22427,0
22497,22497,0
22534,22534,0
22450,22450,0
22523,22523,0
22573,22573,0
22426,22426,0
22509,22509,0
22565,22565,0
22431,22431,0
22615,22615,0
22480,22480,0
22751,22751,0
22393,22393,0
22380,22380,0
22501,22501,0
22557,22557,0
22470,22470,0
22626,22626,0
22649,22649,0
22483,22483,0
22507,22507,0
22389,22389,0
22486,22486,0
22681,22681,0
22504,22504,0
22447,22447,0
22650,22650,0
22458,22458,0
22709,22709,0
22664,22664,0
22433,22433,0
22538,22538,0
22694,22694,0
22393,22393,0
22508,22508,0
22544,22544,0
22623,22623,0
22507,22507,0
22374,22374,0
22546,22546,0
22603,22603,0
22467,22467,0
22660,22660,0
22408,22408,0
22589,22589,0
22443,22443,0
22415,22415,0
22490,22490,0
22550,22550,0
22497,22497,0
22337,22337,0
22432,22432,0
22557,22557,0
22515,22515,0
22551,22551,0
22646,22646,0
22593,22593,0
22564,22564,0
22405,22405,0
22532,22532,0
22417,22417,0
22610,22610,0
22515,22515,0
22616,22616,0
22526,22526,0
22443,22443,0
22496,22496,0
22520,22520,0
22481,22481,0
22487,22487,0
22588,22588,0
22634,22634,0
22482,22482,0
22612,22612,0
22503,22503,0
22500,22500,0
22539,22539,0
22365,22365,0
22638,22638,0
22462,22462,0
22617,22617,0
22468,22468,0
22404,22404,0
22584,22584,0
22480,22480,0
22462,22462,0
22589,22589,0
22546,22546,0
22361,22361,0
22489,22489,0
22372,22372,0
22583,22583,0
22414,22414,0
22605,22605,0
22535,22535,0
22531,22531,0
22589,22589,0
22576,22576,0
22594,22594,0
22491,22491,0
22673,22673,0
22607,22607,0
22611,22611,0
22475,22475,0
22518,22518,0
22523,22523,0
22509,22509,0
22623,22623,0
22731,22731,0
22490,22490,0
22568,22568,0
22450,22450,0
22644,22644,0
22416,22416,0
22591,22591,0
22346,22346,0
22580,22580,0
22566,22566,0
22738,22738,0
22525,22525,0
22543,22543,0
22692,22692,0
22535,22535,0
22555,22555,0
22616,22616,0
22721,22721,0
22699,22699,0
22665,22665,0
22641,22641,0
22522,22522,0
22588,22588,0
22533,22533,0
22574,22574,0
22531,22531,0
22579,22579,0
22302,22302,0
22711,22711,0
22502,22502,0
22396,22396,0
22500,22500,0
22700,22700,0
22486,22486,0
22488,22488,0
22575,22575,0
22665,22665,0
22690,22690,0
22652,22652,0
22528,22528,0
22687,22687,0
22385,22385,0
22520,22520,0
22554,22554,0
22428,22428,0
22591,22591,0
22435,22435,0
22519,22519,0
22225,22225,0
22422,22422,0
22526,22526,0
22675,22675,0
22361,22361,0
22586,22586,0
22678,22678,0
22611,22611,0
22460,22460,0
22489,22489,0
22446,22446,0
22624,22624,0
22454,22454,0
22511,22511,0
22671,22671,0
22452,22452,0
22470,22470,0
22555,22555,0
22506,22506,0
22666,22666,0
22609,22609,0
22565,22565,0
22560,22560,0
22628,22628,0
22648,22648,0
22494,22494,0
22603,22603,0
22515,22515,0
22519,22519,0
22587,22587,0
22559,22559,0
22422,22422,0
22354,22354,0
22423,22423,0
22487,22487,0
22467,22467,0
22552,22552,0
22478,22478,0
22477,22477,0
22550,22550,0
22336,22336,0
22474,22474,0
22621,22621,0
22446,22446,0
22494,22494,0
22481,22481,0
22704,22704,0
22721,22721,0
22528,22528,0
22580,22580,0
22723,22723,0
22593,22593,0
22501,22501,0
22406,22406,0
22636,22636,0
22493,22493,0
22344,22344,0
22700,22700,0
22453,22453,0
22528,22528,0
