7421,3325,1
5333,1237,0
5898,1802,0
4821,725,0
6768,2672,0
6558,2462,0
5301,1205,0
5177,1081,0
5204,1108,0
5540,1444,0
7072,2976,0
6372,2276,0
7447,3351,0
5699,1603,0
4656,560,0
7089,2993,0
7439,3343,0
5344,1248,0
4978,882,0
7071,2975,0
5554,1458,0
4097,1,0
6802,2706,0
6460,2364,0
5774,1678,0
7383,3287,0
5229,1133,0
6028,1932,0
5347,1251,0
4097,1,0
6129,2033,0
6281,2185,0
5134,1038,0
7153,3057,0
6906,2810,0
7792,3696,0
6234,2138,0
8190,4094,0
6617,2521,0
6734,2638,0
8190,4094,0
5070,974,0
5299,1203,0
4534,438,0
4527,431,0
6114,2018,0
7391,3295,0
5911,1815,0
4842,746,0
5909,1813,0
6273,2177,0
5857,1761,0
8190,4094,0
4992,896,0
5297,1201,0
5449,1353,0
6813,2717,0
6813,2717,0
5221,1125,0
8190,4094,0
6498,2402,0
5166,1070,0
6554,2458,0
4097,1,0
5827,1731,0
5336,1240,0
6549,2453,0
6786,2690,0
6739,2643,0
7561,3465,0
7285,3189,0
7690,3594,0
5690,1594,0
6797,2701,0
6168,2072,0
6310,2214,0
4372,276,0
6162,2066,0
8190,4094,0
7239,3143,0
7656,3560,0
5587,1491,0
7758,3662,0
8190,4094,0
4759,663,0
6069,1973,0
5586,1490,0
4783,687,0
6406,2310,0
6416,2320,0
7299,3203,0
8190,4094,0
5368,1272,0
6328,2232,0
6356,2260,0
5015,919,0
7877,3781,0
4097,1,0
5061,965,0
6489,2393,0
4489,393,0
5402,1306,0
5267,1171,0
6775,2679,0
5107,1011,0
4602,506,0
7580,3484,0
4795,699,0
4194,98,0
8190,4094,0
6569,2473,0
7000,2904,0
6510,2414,0
7274,3178,0
7448,3352,0
7083,2987,0
6288,2192,0
7022,2926,0
5089,993,0
6444,2348,0
7196,3100,0
7658,3562,0
5500,1404,0
7462,3366,0
5784,1688,0
7699,3603,0
5040,944,0
5615,1519,0
5345,1249,0
6804,2708,0
6143,2047,0
4641,545,0
5113,1017,0
4097,1,0
6718,2622,0
8190,4094,0
8190,4094,0
4646,550,0
4577,481,0
8190,4094,0
8190,4094,0
6174,2078,0
8190,4094,0
5544,1448,0
6177,2081,0
6864,2768,0
5766,1670,0
7129,3033,0
5250,1154,0
6719,2623,0
6783,2687,0
6355,2259,0
7934,3838,0
4889,793,0
8190,4094,0
6221,2125,0
5669,1573,0
5098,1002,0
6734,2638,0
4097,1,0
4789,693,0
5781,1685,0
4992,896,0
7783,3687,0
6252,2156,0
6815,2719,0
6095,1999,0
6525,2429,0
4325,229,0
4592,496,0
6229,2133,0
7574,3478,0
6493,2397,0
7718,3622,0
6930,2834,0
6535,2439,0
5382,1286,0
5355,1259,0
5864,1768,0
8180,4084,0
4097,1,0
6642,2546,0
6506,2410,0
5352,1256,0
4730,634,0
6047,1951,0
6466,2370,0
4097,1,0
8190,4094,0
5767,1671,0
7024,2928,0
4538,442,0
5102,1006,0
7663,3567,0
6044,1948,0
4866,770,0
4097,1,0
7280,3184,0
5370,1274,0
5805,1709,0
5952,1856,0
5643,1547,0
5985,1889,0
6409,2313,0
7520,3424,0
5256,1160,0
5971,1875,0
8190,4094,0
6259,2163,0
5295,1199,0
6818,2722,0
4600,504,0
5482,1386,0
7179,3083,0
6690,2594,0
5799,1703,0
8190,4094,0
6030,1934,0
6879,2783,0
5678,1582,0
7603,3507,0
5454,1358,0
5495,1399,0
7736,3640,0
4950,854,0
5949,1853,0
5370,1274,0
7041,2945,0
8190,4094,0
8038,3942,0
5088,992,0
4389,293,0
4097,1,0
4097,1,0
4097,1,0
4622,526,0
5972,1876,0
5846,1750,0
5446,1350,0
8190,4094,0
6607,2511,0
5369,1273,0
7059,2963,0
5477,1381,0
5038,942,0
5821,1725,0
4097,1,0
6680,2584,0
6439,2343,0
4399,303,0
5804,1708,0
7273,3177,0
7431,3335,0
5279,1183,0
8126,4030,0
6341,2245,0
5492,1396,0
6544,2448,0
4097,1,0
7303,3207,0
6032,1936,0
4097,1,0
7442,3346,0
4097,1,0
6090,1994,0
5992,1896,0
6459,2363,0
5528,1432,0
5613,1517,0
6958,2862,0
8006,3910,0
6618,2522,0
4926,830,0
6040,1944,0
7349,3253,0
8097,4001,0
4804,708,0
7251,3155,0
7678,3582,0
5134,1038,0
7462,3366,0
6055,1959,0
6328,2232,0
4097,1,0
6512,2416,0
5948,1852,0
6754,2658,0
6262,2166,0
8190,4094,0
6000,1904,0
6011,1915,0
6394,2298,0
5520,1424,0
7502,3406,0
5403,1307,0
4097,1,0
4097,1,0
6791,2695,0
4934,838,0
5889,1793,0
4097,1,0
5790,1694,0
6994,2898,0
7396,3300,0
7655,3559,0
7572,3476,0
7205,3109,0
6380,2284,0
4097,1,0
6588,2492,0
6535,2439,0
7165,3069,0
8097,4001,0
5584,1488,0
6219,2123,0
6153,2057,0
5061,965,0
6296,2200,0
7006,2910,0
5059,963,0
5322,1226,0
6809,2713,0
6867,2771,0
6605,2509,0
6766,2670,0
7016,2920,0
8098,4002,0
6180,2084,0
7883,3787,0
4565,469,0
8136,4040,0
4288,192,0
6203,2107,0
4990,894,0
5682,1586,0
8190,4094,0
6762,2666,0
6982,2886,0
6869,2773,0
6698,2602,0
4097,1,0
6298,2202,0
5729,1633,0
4979,883,0
5253,1157,0
7620,3524,0
4543,447,0
8190,4094,0
6405,2309,0
7593,3497,0
4333,237,0
6115,2019,0
8190,4094,0
4990,894,0
4482,386,0
6800,2704,0
6092,1996,0
4934,838,0
4545,449,0
6321,2225,0
7866,3770,0
8190,4094,0
6465,2369,0
5894,1798,0
4218,122,0
6040,1944,0
5554,1458,0
4097,1,0
4403,307,0
6591,2495,0
6748,2652,0
8190,4094,0
6560,2464,0
5411,1315,0
5970,1874,0
5955,1859,0
8190,4094,0
5027,931,0
4645,549,0
6630,2534,0
5664,1568,0
6244,2148,0
6718,2622,0
7204,3108,0
6861,2765,0
6973,2877,0
6351,2255,0
5203,1107,0
7228,3132,0
6513,2417,0
8190,4094,0
7206,3110,0
6825,2729,0
6053,1957,0
5632,1536,0
7080,2984,0
5175,1079,0
5856,1760,0
7071,2975,0
7931,3835,0
7836,3740,0
4097,1,0
7670,3574,0
7047,2951,0
4613,517,0
5520,1424,0
4097,1,0
6598,2502,0
4097,1,0
5267,1171,0
7506,3410,0
5587,1491,0
5204,1108,0
5629,1533,0
4185,89,0
6681,2585,0
4376,280,0
4097,1,0
4348,252,0
6491,2395,0
6002,1906,0
6272,2176,0
6285,2189,0
4995,899,0
6141,2045,0
4097,1,0
6308,2212,0
5944,1848,0
5949,1853,0
4472,376,0
6277,2181,0
7603,3507,0
6626,2530,0
6773,2677,0
8190,4094,0
8013,3917,0
7950,3854,0
6873,2777,0
7052,2956,0
8098,4002,0
4097,1,0
5173,1077,0
5238,1142,0
6544,2448,0
6391,2295,0
6493,2397,0
7906,3810,0
6542,2446,0
5925,1829,0
6806,2710,0
5119,1023,0
5371,1275,0
5274,1178,0
6179,2083,0
4753,657,0
8190,4094,0
7087,2991,0
6967,2871,0
4097,1,0
5164,1068,0
7736,3640,0
5508,1412,0
4799,703,0
4984,888,0
4566,470,0
6162,2066,0
5778,1682,0
6439,2343,0
4097,1,0
5975,1879,0
5888,1792,0
7461,3365,0
4872,776,0
6619,2523,0
5378,1282,0
4097,1,0
6742,2646,0
5089,993,0
6943,2847,0
6453,2357,0
4097,1,0
5668,1572,0
4767,671,0
4223,127,0
5632,1536,0
6927,2831,0
6743,2647,0
5764,1668,0
7961,3865,0
5528,1432,0
7087,2991,0
5347,1251,0
4117,21,0
4407,311,0
7500,3404,0
7469,3373,0
6540,2444,0
6098,2002,0
6914,2818,0
5066,970,0
6227,2131,0
8190,4094,0
5175,1079,0
5138,1042,0
6132,2036,0
7058,2962,0
6530,2434,0
8190,4094,0
8015,3919,0
5378,1282,0
5571,1475,0
4752,656,0
5161,1065,0
5301,1205,0
4562,466,0
5998,1902,0
7727,3631,0
5626,1530,0
7203,3107,0
5415,1319,0
4334,238,0
7625,3529,0
8039,3943,0
6497,2401,0
6646,2550,0
5820,1724,0
5065,969,0
4941,845,0
7560,3464,0
6848,2752,0
4883,787,0
7582,3486,0
6670,2574,0
6456,2360,0
5731,1635,0
5660,1564,0
5317,1221,0
7464,3368,0
5754,1658,0
6119,2023,0
5026,930,0
5728,1632,0
6878,2782,0
8096,4000,0
7335,3239,0
5600,1504,0
5347,1251,0
7146,3050,0
4318,222,0
4538,442,0
6101,2005,0
7394,3298,0
4836,740,0
7161,3065,0
4097,1,0
8190,4094,0
6761,2665,0
4097,1,0
6614,2518,0
6366,2270,0
5867,1771,0
4538,442,0
7694,3598,0
5492,1396,0
6412,2316,0
5656,1560,0
5448,1352,0
8190,4094,0
5813,1717,0
6106,2010,0
8190,4094,0
5889,1793,0
4680,584,0
8190,4094,0
5557,1461,0
5970,1874,0
5235,1139,0
5995,1899,0
7471,3375,0
5970,1874,0
5350,1254,0
6497,2401,0
7496,3400,0
7923,3827,0
5601,1505,0
7315,3219,0
5081,985,0
6755,2659,0
6793,2697,0
5658,1562,0
5396,1300,0
4985,889,0
6079,1983,0
6966,2870,0
4193,97,0
5268,1172,0
7280,3184,0
5874,1778,0
5890,1794,0
6136,2040,0
4487,391,0
5803,1707,0
5652,1556,0
5065,969,0
4097,1,0
5759,1663,0
6067,1971,0
7698,3602,0
5933,1837,0
6668,2572,0
7130,3034,0
7083,2987,0
4986,890,0
8190,4094,0
5397,1301,0
4931,835,0
7165,3069,0
5269,1173,0
7355,3259,0
6851,2755,0
6191,2095,0
7086,2990,0
5958,1862,0
7446,3350,0
6111,2015,0
5774,1678,0
6229,2133,0
4809,713,0
6795,2699,0
6826,2730,0
4097,1,0
7299,3203,0
5752,1656,0
6075,1979,0
5717,1621,0
5452,1356,0
4961,865,0
5334,1238,0
8019,3923,0
4097,1,0
6076,1980,0
4861,765,0
5643,1547,0
7415,3319,0
7633,3537,0
5741,1645,0
8190,4094,0
5745,1649,0
8190,4094,0
8076,3980,0
5305,1209,0
7863,3767,0
6821,2725,0
6015,1919,0
6976,2880,0
4802,706,0
5418,1322,0
4469,373,0
8190,4094,0
4788,692,0
5001,905,0
4410,314,0
5573,1477,0
6376,2280,0
5463,1367,0
5946,1850,0
5679,1583,0
6836,2740,0
4097,1,0
5494,1398,0
6882,2786,0
6296,2200,0
5826,1730,0
6885,2789,0
4533,437,0
8190,4094,0
4540,444,0
7615,3519,0
5411,1315,0
6557,2461,0
6128,2032,0
6900,2804,0
4869,773,0
6124,2028,0
5765,1669,0
5919,1823,0
5186,1090,0
6281,2185,0
6229,2133,0
7869,3773,0
7834,3738,0
6834,2738,0
5896,1800,0
7777,3681,0
4308,212,0
6535,2439,0
5657,1561,0
8190,4094,0
5374,1278,0
6566,2470,0
7658,3562,0
6223,2127,0
8190,4094,0
6523,2427,0
5182,1086,0
6474,2378,0
4367,271,0
4906,810,0
4594,498,0
5976,1880,0
7796,3700,0
4097,1,0
4097,1,0
6987,2891,0
4812,716,0
6742,2646,0
6193,2097,0
6348,2252,0
6580,2484,0
5611,1515,0
5152,1056,0
5658,1562,0
5947,1851,0
6374,2278,0
8190,4094,0
6331,2235,0
5005,909,0
7584,3488,0
6905,2809,0
7235,3139,0
7510,3414,0
8190,4094,0
6911,2815,0
5758,1662,0
4320,224,0
8190,4094,0
4681,585,0
7469,3373,0
7111,3015,0
6873,2777,0
8190,4094,0
5782,1686,0
5100,1004,0
6915,2819,0
4928,832,0
8190,4094,0
7501,3405,0
6366,2270,0
8190,4094,0
6961,2865,0
7552,3456,0
5569,1473,0
4932,836,0
4991,895,0
5784,1688,0
6810,2714,0
6057,1961,0
4736,640,0
7668,3572,0
7388,3292,0
7725,3629,0
5402,1306,0
4956,860,0
6641,2545,0
5764,1668,0
4885,789,0
7371,3275,0
5800,1704,0
5854,1758,0
6128,2032,0
4527,431,0
6062,1966,0
5674,1578,0
5902,1806,0
4699,603,0
6530,2434,0
6284,2188,0
6164,2068,0
