22532,2052,1
22324,1844,0
22659,2179,0
22743,2263,0
22430,1950,0
22695,2215,0
22454,1974,0
22387,1907,0
22432,1952,0
22585,2105,0
22504,2024,0
22481,2001,0
22372,1892,0
22489,2009,0
22531,2051,0
22348,1868,0
22477,1997,0
22353,1873,0
22599,2119,0
22543,2063,0
22646,2166,0
22402,1922,0
22522,2042,0
22585,2105,0
22485,2005,0
22494,2014,0
22437,1957,0
22435,1955,0
22503,2023,0
22543,2063,0
22602,2122,0
22759,2279,0
22607,2127,0
22461,1981,0
22431,1951,0
22618,2138,0
22649,2169,0
22431,1951,0
22490,2010,0
22466,1986,0
22618,2138,0
22622,2142,0
22237,1757,0
22665,2185,0
22540,2060,0
22561,2081,0
22509,2029,0
22483,2003,0
22347,1867,0
22550,2070,0
22438,1958,0
22660,2180,0
22575,2095,0
22545,2065,0
22389,1909,0
22521,2041,0
22707,2227,0
22396,1916,0
22423,1943,0
22754,2274,0
22520,2040,0
22584,2104,0
22554,2074,0
22589,2109,0
22599,2119,0
22559,2079,0
22493,2013,0
22316,1836,0
22543,2063,0
22538,2058,0
22581,2101,0
22358,1878,0
22475,1995,0
22446,1966,0
22582,2102,0
22679,2199,0
22654,2174,0
22383,1903,0
22379,1899,0
22464,1984,0
22739,2259,0
22628,2148,0
22479,1999,0
22609,2129,0
22501,2021,0
22506,2026,0
22342,1862,0
22471,1991,0
22595,2115,0
22557,2077,0
22418,1938,0
22533,2053,0
22646,2166,0
22476,1996,0
22563,2083,0
22671,2191,0
22505,2025,0
22518,2038,0
22586,2106,0
22592,2112,0
22480,2000,0
22501,2021,0
22533,2053,0
22620,2140,0
22548,2068,0
22514,2034,0
22725,2245,0
22692,2212,0
22458,1978,0
22381,1901,0
22592,2112,0
22491,2011,0
22601,2121,0
22597,2117,0
22535,2055,0
22548,2068,0
22509,2029,0
22629,2149,0
22599,2119,0
22550,2070,0
22527,2047,0
22456,1976,0
22540,2060,0
22518,2038,0
22614,2134,0
22599,2119,0
22591,2111,0
22490,2010,0
22410,1930,0
22436,1956,0
22650,2170,0
22487,2007,0
22442,1962,0
22636,2156,0
22606,2126,0
22414,1934,0
22454,1974,0
22546,2066,0
22462,1982,0
22422,1942,0
22396,1916,0
22471,1991,0
22540,2060,0
22547,2067,0
22754,2274,0
22374,1894,0
22478,1998,0
22565,2085,0
22598,2118,0
22467,1987,0
22631,2151,0
22475,1995,0
22551,2071,0
22352,1872,0
22633,2153,0
22519,2039,0
22524,2044,0
22518,2038,0
22678,2198,0
22623,2143,0
22411,1931,0
22702,2222,0
22640,2160,0
22671,2191,0
22627,2147,0
22507,2027,0
22656,2176,0
22603,2123,0
22479,1999,0
22570,2090,0
22520,2040,0
22447,1967,0
22515,2035,0
22542,2062,0
22351,1871,0
22623,2143,0
22634,2154,0
22750,2270,0
22629,2149,0
22567,2087,0
22790,2310,0
22388,1908,0
22366,1886,0
22572,2092,0
22515,2035,0
22583,2103,0
22618,2138,0
22560,2080,0
22604,2124,0
22540,2060,0
22656,2176,0
22571,2091,0
22510,2030,0
22527,2047,0
22705,2225,0
22606,2126,0
22580,2100,0
22575,2095,0
22591,2111,0
22629,2149,0
22372,1892,0
22694,2214,0
22456,1976,0
22710,2230,0
22403,1923,0
22434,1954,0
22666,2186,0
22478,1998,0
22572,2092,0
22638,2158,0
22446,1966,0
22608,2128,0
22549,2069,0
22446,1966,0
22405,1925,0
22546,2066,0
22546,2066,0
22673,2193,0
22528,2048,0
22437,1957,0
22643,2163,0
22531,2051,0
22704,2224,0
22665,2185,0
22665,2185,0
22562,2082,0
22341,1861,0
22590,2110,0
22575,2095,0
22438,1958,0
22455,1975,0
22540,2060,0
22501,2021,0
22571,2091,0
22291,1811,0
22583,2103,0
22490,2010,0
22562,2082,0
22731,2251,0
22584,2104,0
22504,2024,0
22638,2158,0
22511,2031,0
22556,2076,0
22490,2010,0
22534,2054,0
22346,1866,0
22421,1941,0
22675,2195,0
22573,2093,0
22390,1910,0
22478,1998,0
22679,2199,0
22635,2155,0
22576,2096,0
22604,2124,0
22482,2002,0
22696,2216,0
22510,2030,0
22573,2093,0
22405,1925,0
22679,2199,0
22619,2139,0
22462,1982,0
22510,2030,0
22570,2090,0
22673,2193,0
22555,2075,0
22515,2035,0
22507,2027,0
22553,2073,0
22575,2095,0
22464,1984,0
22682,2202,0
22568,2088,0
22505,2025,0
22661,2181,0
22510,2030,0
22475,1995,0
22397,1917,0
22433,1953,0
22564,2084,0
22679,2199,0
22337,1857,0
22382,1902,0
22445,1965,0
22446,1966,0
22383,1903,0
22598,2118,0
22403,1923,0
22438,1958,0
22607,2127,0
22600,2120,0
22599,2119,0
22593,2113,0
22520,2040,0
22578,2098,0
22493,2013,0
22532,2052,0
22687,2207,0
22458,1978,0
22514,2034,0
22460,1980,0
22499,2019,0
22592,2112,0
22505,2025,0
22612,2132,0
22404,1924,0
22574,2094,0
22517,2037,0
22478,1998,0
22479,1999,0
22609,2129,0
22562,2082,0
22694,2214,0
22564,2084,0
22434,1954,0
22716,2236,0
22547,2067,0
22407,1927,0
22548,2068,0
22435,1955,0
22467,1987,0
22438,1958,0
22573,2093,0
22560,2080,0
22504,2024,0
22705,2225,0
22521,2041,0
22485,2005,0
22560,2080,0
22512,2032,0
22474,1994,0
22471,1991,0
22675,2195,0
22794,2314,0
22412,1932,0
22547,2067,0
22686,2206,0
22464,1984,0
22507,2027,0
22568,2088,0
22522,2042,0
22603,2123,0
22623,2143,0
22642,2162,0
22535,2055,0
22457,1977,0
22468,1988,0
22486,2006,0
22395,1915,0
22540,2060,0
22548,2068,0
22448,1968,0
22575,2095,0
22354,1874,0
22543,2063,0
22573,2093,0
22503,2023,0
22554,2074,0
22466,1986,0
22422,1942,0
22464,1984,0
22566,2086,0
22619,2139,0
22599,2119,0
22628,2148,0
22547,2067,0
22454,1974,0
22582,2102,0
22497,2017,0
22587,2107,0
22590,2110,0
22716,2236,0
22249,1769,0
22580,2100,0
22430,1950,0
22631,2151,0
22418,1938,0
22511,2031,0
22504,2024,0
22600,2120,0
22557,2077,0
22607,2127,0
22440,1960,0
22508,2028,0
22711,2231,0
22561,2081,0
22408,1928,0
22516,2036,0
22521,2041,0
22409,1929,0
22528,2048,0
22444,1964,0
22404,1924,0
22642,2162,0
22475,1995,0
22567,2087,0
22359,1879,0
22503,2023,0
22448,1968,0
22547,2067,0
22590,2110,0
22376,1896,0
22508,2028,0
22617,2137,0
22589,2109,0
22566,2086,0
22537,2057,0
22605,2125,0
22576,2096,0
22519,2039,0
22623,2143,0
22465,1985,0
22541,2061,0
22625,2145,0
22541,2061,0
22507,2027,0
22596,2116,0
22338,1858,0
22543,2063,0
22510,2030,0
22443,1963,0
22494,2014,0
22485,2005,0
22505,2025,0
22414,1934,0
22749,2269,0
22603,2123,0
22506,2026,0
22616,2136,0
22491,2011,0
22500,2020,0
22605,2125,0
22363,1883,0
22544,2064,0
22547,2067,0
22400,1920,0
22406,1926,0
22516,2036,0
22426,1946,0
22439,1959,0
22554,2074,0
22582,2102,0
22406,1926,0
22575,2095,0
22802,2322,0
22568,2088,0
22796,2316,0
22368,1888,0
22479,1999,0
22550,2070,0
22525,2045,0
22531,2051,0
22575,2095,0
22613,2133,0
22406,1926,0
22536,2056,0
22554,2074,0
22486,2006,0
22401,1921,0
22634,2154,0
22593,2113,0
22499,2019,0
22551,2071,0
22426,1946,0
22550,2070,0
22457,1977,0
22590,2110,0
22547,2067,0
22459,1979,0
22462,1982,0
22659,2179,0
22542,2062,0
22592,2112,0
22673,2193,0
22634,2154,0
22533,2053,0
22493,2013,0
22692,2212,0
22442,1962,0
22360,1880,0
22474,1994,0
22555,2075,0
22540,2060,0
22575,2095,0
22673,2193,0
22411,1931,0
22424,1944,0
22645,2165,0
22376,1896,0
22569,2089,0
22602,2122,0
22565,2085,0
22348,1868,0
22343,1863,0
22551,2071,0
22642,2162,0
22331,1851,0
22497,2017,0
22722,2242,0
22468,1988,0
22594,2114,0
22707,2227,0
22454,1974,0
22563,2083,0
22624,2144,0
22697,2217,0
22434,1954,0
22495,2015,0
22501,2021,0
22341,1861,0
22563,2083,0
22603,2123,0
22530,2050,0
22586,2106,0
22315,1835,0
22496,2016,0
22683,2203,0
22586,2106,0
22554,2074,0
22507,2027,0
22632,2152,0
22442,1962,0
22491,2011,0
22508,2028,0
22588,2108,0
22613,2133,0
22751,2271,0
22523,2043,0
22529,2049,0
22399,1919,0
22570,2090,0
22448,1968,0
22545,2065,0
22407,1927,0
22429,1949,0
22391,1911,0
22480,2000,0
22463,1983,0
22393,1913,0
22603,2123,0
22491,2011,0
22524,2044,0
22587,2107,0
22652,2172,0
22357,1877,0
22307,1827,0
22542,2062,0
22564,2084,0
22627,2147,0
22550,2070,0
22544,2064,0
22421,1941,0
22718,2238,0
22540,2060,0
22604,2124,0
22540,2060,0
22533,2053,0
22385,1905,0
22557,2077,0
22600,2120,0
22606,2126,0
22426,1946,0
22548,2068,0
22517,2037,0
22309,1829,0
22503,2023,0
22599,2119,0
22509,2029,0
22484,2004,0
22501,2021,0
22467,1987,0
22588,2108,0
22549,2069,0
22421,1941,0
22535,2055,0
22627,2147,0
22600,2120,0
22324,1844,0
22467,1987,0
22658,2178,0
22605,2125,0
22554,2074,0
22690,2210,0
22457,1977,0
22523,2043,0
22537,2057,0
22579,2099,0
22545,2065,0
22413,1933,0
22560,2080,0
22558,2078,0
22594,2114,0
22477,1997,0
22610,2130,0
22466,1986,0
22651,2171,0
22498,2018,0
22439,1959,0
22453,1973,0
22600,2120,0
22639,2159,0
22544,2064,0
22674,2194,0
22636,2156,0
22668,2188,0
22592,2112,0
22441,1961,0
22531,2051,0
22546,2066,0
22639,2159,0
22574,2094,0
22510,2030,0
22624,2144,0
22529,2049,0
22557,2077,0
22533,2053,0
22623,2143,0
22443,1963,0
22425,1945,0
22709,2229,0
22588,2108,0
22624,2144,0
22576,2096,0
22584,2104,0
22610,2130,0
22578,2098,0
22418,1938,0
22511,2031,0
22513,2033,0
22537,2057,0
22526,2046,0
22598,2118,0
22467,1987,0
22453,1973,0
22326,1846,0
22523,2043,0
22579,2099,0
22569,2089,0
22409,1929,0
22579,2099,0
22543,2063,0
22567,2087,0
22436,1956,0
22598,2118,0
22438,1958,0
22606,2126,0
22406,1926,0
22604,2124,0
22440,1960,0
22467,1987,0
22479,1999,0
22774,2294,0
22480,2000,0
22619,2139,0
22588,2108,0
22387,1907,0
22446,1966,0
22651,2171,0
22551,2071,0
22737,2257,0
22490,2010,0
22596,2116,0
22701,2221,0
22628,2148,0
22621,2141,0
22582,2102,0
22526,2046,0
22394,1914,0
22624,2144,0
22553,2073,0
22463,1983,0
22382,1902,0
22406,1926,0
22510,2030,0
22593,2113,0
22548,2068,0
22427,1947,0
22700,2220,0
22495,2015,0
22442,1962,0
22561,2081,0
22644,2164,0
22427,1947,0
22441,1961,0
22427,1947,0
22388,1908,0
22553,2073,0
22635,2155,0
22375,1895,0
22460,1980,0
22481,2001,0
22476,1996,0
22389,1909,0
22487,2007,0
22531,2051,0
22643,2163,0
22566,2086,0
22315,1835,0
22550,2070,0
22597,2117,0
22621,2141,0
22435,1955,0
22452,1972,0
22448,1968,0
22393,1913,0
22545,2065,0
