18496,2112,1
18129,1745,0
18430,2046,0
18686,2302,0
18957,2573,0
18328,1944,0
19483,3099,0
18665,2281,0
17896,1512,0
17918,1534,0
18799,2415,0
18758,2374,0
18504,2120,0
18090,1706,0
18918,2534,0
17827,1443,0
18935,2551,0
18229,1845,0
18140,1756,0
18685,2301,0
19032,2648,0
18745,2361,0
18129,1745,0
17823,1439,0
18436,2052,0
17989,1605,0
18151,1767,0
18505,2121,0
17871,1487,0
19134,2750,0
18053,1669,0
18508,2124,0
18390,2006,0
18050,1666,0
18451,2067,0
18828,2444,0
18165,1781,0
18954,2570,0
18170,1786,0
18584,2200,0
18311,1927,0
18091,1707,0
18349,1965,0
18566,2182,0
18630,2246,0
18681,2297,0
18488,2104,0
17626,1242,0
18980,2596,0
18170,1786,0
18025,1641,0
18300,1916,0
18099,1715,0
18438,2054,0
18396,2012,0
18447,2063,0
18150,1766,0
18346,1962,0
18488,2104,0
17855,1471,0
18519,2135,0
18847,2463,0
18780,2396,0
18064,1680,0
17787,1403,0
18112,1728,0
17983,1599,0
18710,2326,0
18172,1788,0
17747,1363,0
18414,2030,0
18236,1852,0
18283,1899,0
18538,2154,0
18437,2053,0
18812,2428,0
18559,2175,0
18742,2358,0
18307,1923,0
18201,1817,0
18221,1837,0
18037,1653,0
18084,1700,0
18128,1744,0
18590,2206,0
17757,1373,0
18201,1817,0
18410,2026,0
19182,2798,0
19226,2842,0
18882,2498,0
17801,1417,0
18733,2349,0
18891,2507,0
18076,1692,0
19360,2976,0
18311,1927,0
18894,2510,0
18313,1929,0
18007,1623,0
18527,2143,0
18676,2292,0
18255,1871,0
18696,2312,0
18360,1976,0
17801,1417,0
18763,2379,0
18273,1889,0
18219,1835,0
18521,2137,0
18493,2109,0
18691,2307,0
19251,2867,0
18902,2518,0
17582,1198,0
18530,2146,0
18359,1975,0
18238,1854,0
18925,2541,0
18074,1690,0
19473,3089,0
19151,2767,0
18737,2353,0
18087,1703,0
18145,1761,0
18600,2216,0
18295,1911,0
18498,2114,0
19007,2623,0
18877,2493,0
17457,1073,0
18598,2214,0
18820,2436,0
18719,2335,0
18602,2218,0
18648,2264,0
18521,2137,0
19183,2799,0
18742,2358,0
17913,1529,0
18834,2450,0
18207,1823,0
18563,2179,0
18247,1863,0
19056,2672,0
17809,1425,0
18675,2291,0
17491,1107,0
19048,2664,0
18023,1639,0
18453,2069,0
18233,1849,0
18811,2427,0
18570,2186,0
18613,2229,0
18448,2064,0
17887,1503,0
18308,1924,0
18836,2452,0
19071,2687,0
18691,2307,0
18441,2057,0
18898,2514,0
19029,2645,0
19089,2705,0
18423,2039,0
18946,2562,0
18423,2039,0
17893,1509,0
18604,2220,0
18149,1765,0
18321,1937,0
18616,2232,0
18417,2033,0
18928,2544,0
19137,2753,0
18542,2158,0
18067,1683,0
18778,2394,0
18644,2260,0
18245,1861,0
18561,2177,0
18407,2023,0
18891,2507,0
18123,1739,0
18676,2292,0
17985,1601,0
18322,1938,0
18431,2047,0
18005,1621,0
18209,1825,0
18533,2149,0
18441,2057,0
18486,2102,0
17863,1479,0
18550,2166,0
18400,2016,0
18178,1794,0
18880,2496,0
17837,1453,0
19037,2653,0
18937,2553,0
18595,2211,0
18604,2220,0
18189,1805,0
18462,2078,0
18457,2073,0
17729,1345,0
18296,1912,0
18347,1963,0
17951,1567,0
18138,1754,0
18364,1980,0
18109,1725,0
18228,1844,0
18682,2298,0
18568,2184,0
19137,2753,0
18504,2120,0
18470,2086,0
17936,1552,0
19308,2924,0
18447,2063,0
18544,2160,0
18567,2183,0
18419,2035,0
18676,2292,0
18070,1686,0
18630,2246,0
18713,2329,0
19287,2903,0
18969,2585,0
18237,1853,0
18299,1915,0
18380,1996,0
18972,2588,0
18478,2094,0
18063,1679,0
18473,2089,0
18791,2407,0
18190,1806,0
17695,1311,0
17677,1293,0
17744,1360,0
17818,1434,0
18079,1695,0
18785,2401,0
18572,2188,0
19218,2834,0
17821,1437,0
18256,1872,0
17896,1512,0
17725,1341,0
18833,2449,0
18614,2230,0
18784,2400,0
18532,2148,0
18230,1846,0
18429,2045,0
18616,2232,0
18608,2224,0
18479,2095,0
18371,1987,0
17871,1487,0
18930,2546,0
18220,1836,0
18388,2004,0
18919,2535,0
18287,1903,0
18650,2266,0
18395,2011,0
18615,2231,0
17839,1455,0
18871,2487,0
18468,2084,0
18080,1696,0
18492,2108,0
18438,2054,0
18561,2177,0
17884,1500,0
18320,1936,0
18861,2477,0
18270,1886,0
18954,2570,0
18468,2084,0
18841,2457,0
18600,2216,0
19003,2619,0
18458,2074,0
18594,2210,0
18038,1654,0
18283,1899,0
17752,1368,0
18579,2195,0
18599,2215,0
18546,2162,0
18575,2191,0
18059,1675,0
18403,2019,0
18054,1670,0
18869,2485,0
18616,2232,0
18759,2375,0
18604,2220,0
18491,2107,0
18652,2268,0
18427,2043,0
18170,1786,0
18592,2208,0
17567,1183,0
18256,1872,0
18119,1735,0
18140,1756,0
18358,1974,0
18974,2590,0
18534,2150,0
18548,2164,0
17971,1587,0
18248,1864,0
18510,2126,0
18585,2201,0
18639,2255,0
18177,1793,0
18628,2244,0
18999,2615,0
18348,1964,0
18525,2141,0
18522,2138,0
17972,1588,0
18182,1798,0
18226,1842,0
18607,2223,0
18829,2445,0
18975,2591,0
17897,1513,0
18087,1703,0
18336,1952,0
17929,1545,0
18149,1765,0
18492,2108,0
17610,1226,0
18480,2096,0
18629,2245,0
18212,1828,0
18595,2211,0
18112,1728,0
18411,2027,0
18537,2153,0
18993,2609,0
18365,1981,0
18211,1827,0
17930,1546,0
18482,2098,0
18380,1996,0
18770,2386,0
18733,2349,0
18422,2038,0
18446,2062,0
18917,2533,0
18012,1628,0
17901,1517,0
19317,2933,0
19081,2697,0
18291,1907,0
18375,1991,0
18179,1795,0
18259,1875,0
18394,2010,0
18499,2115,0
18433,2049,0
18547,2163,0
18782,2398,0
18326,1942,0
18143,1759,0
18002,1618,0
18513,2129,0
18023,1639,0
19171,2787,0
18466,2082,0
18678,2294,0
18175,1791,0
19390,3006,0
17854,1470,0
17539,1155,0
18538,2154,0
18077,1693,0
18911,2527,0
18502,2118,0
18908,2524,0
18097,1713,0
18108,1724,0
18769,2385,0
17949,1565,0
18697,2313,0
18717,2333,0
18490,2106,0
18284,1900,0
18556,2172,0
18448,2064,0
18576,2192,0
17946,1562,0
18753,2369,0
18773,2389,0
17971,1587,0
18686,2302,0
18309,1925,0
17986,1602,0
18732,2348,0
18688,2304,0
18376,1992,0
19118,2734,0
18252,1868,0
18951,2567,0
18361,1977,0
19131,2747,0
18325,1941,0
17917,1533,0
18264,1880,0
18392,2008,0
18707,2323,0
17972,1588,0
18417,2033,0
19240,2856,0
18593,2209,0
18625,2241,0
18217,1833,0
18758,2374,0
18207,1823,0
18310,1926,0
18796,2412,0
18780,2396,0
18072,1688,0
18535,2151,0
18597,2213,0
17900,1516,0
19522,3138,0
18735,2351,0
18344,1960,0
18605,2221,0
18592,2208,0
19168,2784,0
18008,1624,0
18085,1701,0
17974,1590,0
18742,2358,0
18745,2361,0
19033,2649,0
17961,1577,0
18602,2218,0
18077,1693,0
17618,1234,0
18206,1822,0
18986,2602,0
18950,2566,0
18177,1793,0
18855,2471,0
17899,1515,0
18531,2147,0
17634,1250,0
18357,1973,0
18304,1920,0
18318,1934,0
18278,1894,0
18502,2118,0
18584,2200,0
19078,2694,0
18751,2367,0
18461,2077,0
18814,2430,0
19167,2783,0
18570,2186,0
18236,1852,0
17919,1535,0
18485,2101,0
18102,1718,0
18030,1646,0
17994,1610,0
18175,1791,0
18122,1738,0
17950,1566,0
18763,2379,0
18768,2384,0
18484,2100,0
17767,1383,0
18372,1988,0
18314,1930,0
18802,2418,0
18371,1987,0
19147,2763,0
18638,2254,0
18098,1714,0
18345,1961,0
18426,2042,0
18316,1932,0
18527,2143,0
18429,2045,0
18332,1948,0
17686,1302,0
17905,1521,0
18027,1643,0
18376,1992,0
18968,2584,0
18760,2376,0
18503,2119,0
17903,1519,0
17686,1302,0
18797,2413,0
17781,1397,0
18140,1756,0
18175,1791,0
18542,2158,0
17828,1444,0
18115,1731,0
18622,2238,0
18698,2314,0
18509,2125,0
17751,1367,0
18596,2212,0
18763,2379,0
18558,2174,0
18870,2486,0
18835,2451,0
18490,2106,0
18425,2041,0
18046,1662,0
18478,2094,0
17638,1254,0
18787,2403,0
18069,1685,0
18715,2331,0
17809,1425,0
18575,2191,0
18835,2451,0
18329,1945,0
18052,1668,0
18441,2057,0
18164,1780,0
18320,1936,0
18452,2068,0
18355,1971,0
18619,2235,0
18944,2560,0
19032,2648,0
18561,2177,0
18866,2482,0
18491,2107,0
18646,2262,0
18033,1649,0
17775,1391,0
18039,1655,0
18064,1680,0
18611,2227,0
18924,2540,0
18955,2571,0
18775,2391,0
18672,2288,0
18788,2404,0
18300,1916,0
18760,2376,0
18015,1631,0
17947,1563,0
18986,2602,0
18043,1659,0
17712,1328,0
18537,2153,0
18615,2231,0
18167,1783,0
17376,992,0
18336,1952,0
18974,2590,0
18504,2120,0
18740,2356,0
18369,1985,0
18510,2126,0
18302,1918,0
18835,2451,0
18110,1726,0
18895,2511,0
18644,2260,0
18139,1755,0
17843,1459,0
18624,2240,0
18559,2175,0
18703,2319,0
18400,2016,0
18004,1620,0
18125,1741,0
18684,2300,0
18495,2111,0
18337,1953,0
18632,2248,0
17990,1606,0
18100,1716,0
19122,2738,0
18966,2582,0
17838,1454,0
18533,2149,0
18672,2288,0
18835,2451,0
18968,2584,0
18133,1749,0
18542,2158,0
18032,1648,0
17683,1299,0
18935,2551,0
18514,2130,0
17230,846,0
18654,2270,0
19021,2637,0
17986,1602,0
18271,1887,0
18006,1622,0
18603,2219,0
18169,1785,0
18530,2146,0
18428,2044,0
18468,2084,0
18541,2157,0
18493,2109,0
18291,1907,0
18939,2555,0
18971,2587,0
18019,1635,0
19038,2654,0
19010,2626,0
19824,3440,0
18808,2424,0
18442,2058,0
18796,2412,0
18426,2042,0
17933,1549,0
18560,2176,0
17969,1585,0
18617,2233,0
18650,2266,0
18989,2605,0
17615,1231,0
18282,1898,0
18481,2097,0
18739,2355,0
18946,2562,0
18407,2023,0
18195,1811,0
18455,2071,0
18741,2357,0
18247,1863,0
18521,2137,0
17853,1469,0
18040,1656,0
18016,1632,0
18516,2132,0
18673,2289,0
18979,2595,0
18260,1876,0
19164,2780,0
18650,2266,0
18420,2036,0
18169,1785,0
18359,1975,0
18811,2427,0
18593,2209,0
18796,2412,0
18477,2093,0
18029,1645,0
19078,2694,0
18284,1900,0
18757,2373,0
18517,2133,0
18933,2549,0
18369,1985,0
18253,1869,0
18292,1908,0
19095,2711,0
18276,1892,0
18680,2296,0
17955,1571,0
19054,2670,0
17753,1369,0
18425,2041,0
18539,2155,0
18451,2067,0
18347,1963,0
18828,2444,0
18198,1814,0
18068,1684,0
18923,2539,0
18254,1870,0
18574,2190,0
18420,2036,0
18007,1623,0
19047,2663,0
18203,1819,0
18591,2207,0
18650,2266,0
18805,2421,0
18923,2539,0
18206,1822,0
17956,1572,0
18341,1957,0
19060,2676,0
18393,2009,0
18779,2395,0
18203,1819,0
18430,2046,0
18543,2159,0
17822,1438,0
18623,2239,0
18495,2111,0
18397,2013,0
17821,1437,0
18688,2304,0
18781,2397,0
18341,1957,0
17624,1240,0
18119,1735,0
18685,2301,0
19377,2993,0
18497,2113,0
19111,2727,0
18719,2335,0
18496,2112,0
19028,2644,0
18450,2066,0
17839,1455,0
19122,2738,0
18722,2338,0
18300,1916,0
17744,1360,0
18573,2189,0
18775,2391,0
17897,1513,0
18049,1665,0
18088,1704,0
18369,1985,0
18895,2511,0
18536,2152,0
18214,1830,0
18226,1842,0
19175,2791,0
18701,2317,0
18542,2158,0
19289,2905,0
18997,2613,0
18826,2442,0
18943,2559,0
17192,808,0
18416,2032,0
18407,2023,0
18326,1942,0
18490,2106,0
18389,2005,0
19192,2808,0
18380,1996,0
19032,2648,0
18350,1966,0
18564,2180,0
18072,1688,0
17754,1370,0
18944,2560,0
18634,2250,0
18657,2273,0
18256,1872,0
18384,2000,0
18771,2387,0
18074,1690,0
18534,2150,0
18282,1898,0
18121,1737,0
18391,2007,0
19045,2661,0
18797,2413,0
18785,2401,0
18253,1869,0
18459,2075,0
18635,2251,0
18456,2072,0
17784,1400,0
18487,2103,0
18703,2319,0
18622,2238,0
18642,2258,0
18952,2568,0
18119,1735,0
18389,2005,0
18932,2548,0
18240,1856,0
18012,1628,0
17568,1184,0
17857,1473,0
19440,3056,0
18373,1989,0
18038,1654,0
18627,2243,0
19165,2781,0
17878,1494,0
17928,1544,0
17795,1411,0
17864,1480,0
18157,1773,0
18663,2279,0
18548,2164,0
18253,1869,0
18197,1813,0
18898,2514,0
18501,2117,0
18775,2391,0
18682,2298,0
19210,2826,0
18205,1821,0
18480,2096,0
18201,1817,0
18531,2147,0
18064,1680,0
18615,2231,0
18063,1679,0
18375,1991,0
18352,1968,0
18094,1710,0
18766,2382,0
18688,2304,0
18035,1651,0
18652,2268,0
18625,2241,0
17858,1474,0
17606,1222,0
18945,2561,0
18641,2257,0
18037,1653,0
18611,2227,0
18249,1865,0
18230,1846,0
17862,1478,0
18508,2124,0
19389,3005,0
19079,2695,0
18523,2139,0
18329,1945,0
18494,2110,0
18578,2194,0
18074,1690,0
18536,2152,0
18737,2353,0
18580,2196,0
18761,2377,0
17748,1364,0
17748,1364,0
18497,2113,0
18688,2304,0
18057,1673,0
17855,1471,0
18846,2462,0
18127,1743,0
18852,2468,0
18913,2529,0
18722,2338,0
19068,2684,0
17929,1545,0
18830,2446,0
19030,2646,0
18973,2589,0
18771,2387,0
19019,2635,0
18157,1773,0
19338,2954,0
18674,2290,0
18351,1967,0
18307,1923,0
18909,2525,0
18136,1752,0
18743,2359,0
18673,2289,0
18896,2512,0
18468,2084,0
19091,2707,0
18273,1889,0
18021,1637,0
18167,1783,0
18317,1933,0
18860,2476,0
18518,2134,0
18891,2507,0
19036,2652,0
18176,1792,0
18162,1778,0
18084,1700,0
18107,1723,0
18639,2255,0
18897,2513,0
18592,2208,0
18045,1661,0
18442,2058,0
18540,2156,0
19059,2675,0
18524,2140,0
18212,1828,0
18417,2033,0
18532,2148,0
18497,2113,0
18351,1967,0
18168,1784,0
17668,1284,0
18157,1773,0
17787,1403,0
17970,1586,0
18514,2130,0
18044,1660,0
17952,1568,0
17876,1492,0
18032,1648,0
18476,2092,0
18177,1793,0
17524,1140,0
18263,1879,0
18612,2228,0
18941,2557,0
18855,2471,0
18349,1965,0
18432,2048,0
18661,2277,0
19068,2684,0
18511,2127,0
18106,1722,0
18550,2166,0
18246,1862,0
18295,1911,0
18088,1704,0
18635,2251,0
18448,2064,0
18105,1721,0
19091,2707,0
18229,1845,0
18814,2430,0
18531,2147,0
18831,2447,0
18453,2069,0
17705,1321,0
18428,2044,0
18460,2076,0
18099,1715,0
18677,2293,0
18487,2103,0
18739,2355,0
18898,2514,0
18272,1888,0
18107,1723,0
18647,2263,0
18641,2257,0
18573,2189,0
18029,1645,0
18335,1951,0
18419,2035,0
18767,2383,0
18675,2291,0
18720,2336,0
17931,1547,0
18803,2419,0
18197,1813,0
19171,2787,0
18268,1884,0
18612,2228,0
18725,2341,0
18458,2074,0
17808,1424,0
18487,2103,0
17544,1160,0
18616,2232,0
18540,2156,0
18026,1642,0
18195,1811,0
18551,2167,0
18659,2275,0
18095,1711,0
18454,2070,0
19092,2708,0
18951,2567,0
18466,2082,0
17835,1451,0
18344,1960,0
18388,2004,0
18137,1753,0
18440,2056,0
18032,1648,0
18500,2116,0
18503,2119,0
18107,1723,0
18431,2047,0
17731,1347,0
17910,1526,0
18998,2614,0
18282,1898,0
18132,1748,0
18039,1655,0
18416,2032,0
18902,2518,0
18025,1641,0
17052,668,0
18329,1945,0
18366,1982,0
18635,2251,0
18396,2012,0
19118,2734,0
18546,2162,0
18928,2544,0
18288,1904,0
18024,1640,0
18477,2093,0
18780,2396,0
18810,2426,0
18565,2181,0
19532,3148,0
18427,2043,0
18933,2549,0
17859,1475,0
18952,2568,0
18016,1632,0
18127,1743,0
18165,1781,0
18542,2158,0
18111,1727,0
18480,2096,0
18302,1918,0
18678,2294,0
18042,1658,0
19270,2886,0
18274,1890,0
17987,1603,0
18293,1909,0
18606,2222,0
17950,1566,0
18191,1807,0
17237,853,0
18622,2238,0
18351,1967,0
18638,2254,0
18366,1982,0
18554,2170,0
18374,1990,0
19405,3021,0
19043,2659,0
18275,1891,0
19515,3131,0
19139,2755,0
18587,2203,0
18663,2279,0
18882,2498,0
18525,2141,0
18050,1666,0
18435,2051,0
18396,2012,0
18320,1936,0
18459,2075,0
18293,1909,0
18906,2522,0
17937,1553,0
18374,1990,0
18028,1644,0
18834,2450,0
17801,1417,0
18973,2589,0
18271,1887,0
18520,2136,0
18474,2090,0
18361,1977,0
17944,1560,0
18571,2187,0
18769,2385,0
18565,2181,0
18489,2105,0
18160,1776,0
18115,1731,0
17895,1511,0
18467,2083,0
18130,1746,0
18756,2372,0
18688,2304,0
18408,2024,0
18412,2028,0
18870,2486,0
18950,2566,0
18503,2119,0
18237,1853,0
17868,1484,0
17843,1459,0
17787,1403,0
18297,1913,0
17625,1241,0
18975,2591,0
18155,1771,0
18167,1783,0
18925,2541,0
18227,1843,0
18342,1958,0
18762,2378,0
18081,1697,0
18354,1970,0
18240,1856,0
18811,2427,0
18740,2356,0
18846,2462,0
18047,1663,0
17793,1409,0
18700,2316,0
18796,2412,0
18503,2119,0
18249,1865,0
17932,1548,0
19266,2882,0
17669,1285,0
17990,1606,0
18176,1792,0
18740,2356,0
18322,1938,0
18046,1662,0
18283,1899,0
18655,2271,0
17928,1544,0
18725,2341,0
18123,1739,0
17956,1572,0
18413,2029,0
18931,2547,0
18455,2071,0
18776,2392,0
18414,2030,0
18284,1900,0
18683,2299,0
18563,2179,0
18571,2187,0
17933,1549,0
18679,2295,0
18185,1801,0
17916,1532,0
17439,1055,0
18403,2019,0
18397,2013,0
18951,2567,0
18626,2242,0
18826,2442,0
18208,1824,0
17631,1247,0
18497,2113,0
18674,2290,0
18325,1941,0
18884,2500,0
18737,2353,0
19386,3002,0
18396,2012,0
18420,2036,0
18701,2317,0
18561,2177,0
18525,2141,0
18787,2403,0
18341,1957,0
18447,2063,0
18106,1722,0
18735,2351,0
17941,1557,0
18659,2275,0
18079,1695,0
18782,2398,0
18317,1933,0
19001,2617,0
18971,2587,0
18798,2414,0
18717,2333,0
18010,1626,0
18335,1951,0
18789,2405,0
18824,2440,0
18626,2242,0
17892,1508,0
18154,1770,0
18602,2218,0
18270,1886,0
18371,1987,0
19595,3211,0
18539,2155,0
18238,1854,0
18667,2283,0
18038,1654,0
17676,1292,0
18333,1949,0
18794,2410,0
19332,2948,0
18535,2151,0
18413,2029,0
18116,1732,0
17582,1198,0
18525,2141,0
18387,2003,0
18190,1806,0
19033,2649,0
18533,2149,0
18456,2072,0
17574,1190,0
18767,2383,0
18089,1705,0
18841,2457,0
19642,3258,0
19521,3137,0
18058,1674,0
18554,2170,0
18678,2294,0
18078,1694,0
18455,2071,0
18011,1627,0
18648,2264,0
17884,1500,0
18618,2234,0
18937,2553,0
18667,2283,0
18396,2012,0
18843,2459,0
18967,2583,0
17444,1060,0
18634,2250,0
18417,2033,0
18928,2544,0
19023,2639,0
18667,2283,0
18365,1981,0
18501,2117,0
18871,2487,0
18281,1897,0
18441,2057,0
18185,1801,0
19159,2775,0
18877,2493,0
18374,1990,0
17938,1554,0
18509,2125,0
18362,1978,0
19254,2870,0
17510,1126,0
18405,2021,0
18704,2320,0
18513,2129,0
19086,2702,0
18416,2032,0
18806,2422,0
18887,2503,0
17811,1427,0
18431,2047,0
18473,2089,0
18251,1867,0
18210,1826,0
18653,2269,0
18557,2173,0
18775,2391,0
18807,2423,0
18508,2124,0
18381,1997,0
18976,2592,0
18325,1941,0
18558,2174,0
18757,2373,0
19022,2638,0
18896,2512,0
18505,2121,0
18557,2173,0
17689,1305,0
17923,1539,0
18403,2019,0
18705,2321,0
18312,1928,0
18364,1980,0
18197,1813,0
18693,2309,0
18570,2186,0
18666,2282,0
19210,2826,0
18694,2310,0
18877,2493,0
18747,2363,0
18820,2436,0
18028,1644,0
18784,2400,0
19338,2954,0
18377,1993,0
17897,1513,0
18370,1986,0
19046,2662,0
18552,2168,0
17837,1453,0
18088,1704,0
18729,2345,0
18770,2386,0
19089,2705,0
18189,1805,0
18742,2358,0
18086,1702,0
18742,2358,0
17888,1504,0
18115,1731,0
18124,1740,0
18764,2380,0
18305,1921,0
18546,2162,0
18946,2562,0
18116,1732,0
18355,1971,0
18395,2011,0
18738,2354,0
18151,1767,0
18725,2341,0
18940,2556,0
18342,1958,0
17352,968,0
18863,2479,0
18039,1655,0
18675,2291,0
18736,2352,0
18112,1728,0
18641,2257,0
18071,1687,0
18533,2149,0
18895,2511,0
19191,2807,0
18116,1732,0
18371,1987,0
17538,1154,0
18321,1937,0
17983,1599,0
18335,1951,0
18769,2385,0
18285,1901,0
18433,2049,0
18131,1747,0
18324,1940,0
18431,2047,0
18023,1639,0
18922,2538,0
18316,1932,0
18437,2053,0
18694,2310,0
18144,1760,0
18553,2169,0
18550,2166,0
18575,2191,0
18517,2133,0
18910,2526,0
18928,2544,0
17774,1390,0
18725,2341,0
18238,1854,0
17849,1465,0
18596,2212,0
18552,2168,0
18785,2401,0
17839,1455,0
17824,1440,0
18231,1847,0
18182,1798,0
17834,1450,0
18985,2601,0
18332,1948,0
18244,1860,0
18729,2345,0
18434,2050,0
18572,2188,0
18152,1768,0
18691,2307,0
18365,1981,0
18472,2088,0
19175,2791,0
17761,1377,0
18500,2116,0
18962,2578,0
18460,2076,0
18445,2061,0
18869,2485,0
19044,2660,0
18399,2015,0
18876,2492,0
18483,2099,0
19354,2970,0
18127,1743,0
17643,1259,0
18332,1948,0
18277,1893,0
17825,1441,0
17824,1440,0
18161,1777,0
18998,2614,0
18221,1837,0
18734,2350,0
18467,2083,0
17910,1526,0
18392,2008,0
17910,1526,0
17330,946,0
18780,2396,0
18223,1839,0
18795,2411,0
18637,2253,0
18491,2107,0
18553,2169,0
18090,1706,0
18926,2542,0
17828,1444,0
18384,2000,0
18286,1902,0
18206,1822,0
18151,1767,0
18190,1806,0
18234,1850,0
17785,1401,0
18151,1767,0
18510,2126,0
18588,2204,0
18166,1782,0
18177,1793,0
18137,1753,0
18109,1725,0
18924,2540,0
18087,1703,0
18188,1804,0
18971,2587,0
18052,1668,0
18275,1891,0
19229,2845,0
17974,1590,0
18430,2046,0
17665,1281,0
18518,2134,0
18058,1674,0
18240,1856,0
18525,2141,0
18448,2064,0
18167,1783,0
18772,2388,0
18142,1758,0
18834,2450,0
18358,1974,0
18564,2180,0
18343,1959,0
18752,2368,0
18379,1995,0
18251,1867,0
19155,2771,0
18668,2284,0
17886,1502,0
18106,1722,0
18088,1704,0
18162,1778,0
19153,2769,0
18828,2444,0
18205,1821,0
18403,2019,0
18115,1731,0
18234,1850,0
17963,1579,0
18487,2103,0
17925,1541,0
18566,2182,0
18547,2163,0
18429,2045,0
18501,2117,0
18225,1841,0
18314,1930,0
17865,1481,0
19444,3060,0
18781,2397,0
18614,2230,0
18627,2243,0
18781,2397,0
18082,1698,0
17903,1519,0
18519,2135,0
18679,2295,0
18207,1823,0
18278,1894,0
18478,2094,0
18329,1945,0
18430,2046,0
18056,1672,0
18145,1761,0
17835,1451,0
18201,1817,0
18446,2062,0
18571,2187,0
18686,2302,0
18280,1896,0
18210,1826,0
17965,1581,0
18679,2295,0
18454,2070,0
18405,2021,0
18010,1626,0
18131,1747,0
19028,2644,0
19029,2645,0
18304,1920,0
18897,2513,0
18962,2578,0
18898,2514,0
18735,2351,0
18713,2329,0
18139,1755,0
18403,2019,0
19508,3124,0
18600,2216,0
18229,1845,0
19170,2786,0
18307,1923,0
18529,2145,0
18791,2407,0
18519,2135,0
18532,2148,0
18436,2052,0
18924,2540,0
17965,1581,0
18571,2187,0
18868,2484,0
18225,1841,0
18535,2151,0
18850,2466,0
18323,1939,0
18496,2112,0
18432,2048,0
18383,1999,0
18322,1938,0
18841,2457,0
17875,1491,0
18282,1898,0
19203,2819,0
18196,1812,0
18188,1804,0
18617,2233,0
18147,1763,0
18950,2566,0
18215,1831,0
18253,1869,0
18324,1940,0
18288,1904,0
17963,1579,0
18673,2289,0
19219,2835,0
18801,2417,0
18169,1785,0
18311,1927,0
