42120,1160,1
43997,3037,0
43610,2650,0
42415,1455,0
43555,2595,0
40961,1,0
43498,2538,0
42632,1672,0
43327,2367,0
44959,3999,0
41387,427,0
41655,695,0
43741,2781,0
42050,1090,0
44402,3442,0
41507,547,0
44002,3042,0
41359,399,0
42089,1129,0
44230,3270,0
42456,1496,0
41957,997,0
43337,2377,0
42460,1500,0
43237,2277,0
44861,3901,0
40961,1,0
43107,2147,0
41910,950,0
41783,823,0
44138,3178,0
43672,2712,0
43601,2641,0
41692,732,0
41863,903,0
43917,2957,0
42999,2039,0
43070,2110,0
42475,1515,0
44878,3918,0
41558,598,0
43802,2842,0
42066,1106,0
43248,2288,0
41976,1016,0
42044,1084,0
42045,1085,0
41591,631,0
42571,1611,0
45054,4094,0
43591,2631,0
41919,959,0
42372,1412,0
45054,4094,0
44284,3324,0
45054,4094,0
44533,3573,0
41197,237,0
41591,631,0
42731,1771,0
41976,1016,0
42964,2004,0
42680,1720,0
44304,3344,0
41686,726,0
44585,3625,0
42580,1620,0
42369,1409,0
43200,2240,0
45054,4094,0
42959,1999,0
42661,1701,0
45054,4094,0
41363,403,0
41620,660,0
43815,2855,0
44601,3641,0
44364,3404,0
44129,3169,0
43808,2848,0
43147,2187,0
44165,3205,0
42982,2022,0
41750,790,0
42684,1724,0
42617,1657,0
42324,1364,0
45054,4094,0
41862,902,0
41120,160,0
42107,1147,0
42644,1684,0
44571,3611,0
44064,3104,0
43245,2285,0
42216,1256,0
43183,2223,0
44249,3289,0
44758,3798,0
43933,2973,0
43032,2072,0
45054,4094,0
43967,3007,0
42945,1985,0
44664,3704,0
40961,1,0
42822,1862,0
42266,1306,0
42520,1560,0
42714,1754,0
42768,1808,0
43652,2692,0
41716,756,0
42005,1045,0
44537,3577,0
43503,2543,0
42686,1726,0
41162,202,0
41974,1014,0
42778,1818,0
41430,470,0
42485,1525,0
42197,1237,0
44577,3617,0
40961,1,0
40961,1,0
44768,3808,0
41438,478,0
42874,1914,0
41092,132,0
42609,1649,0
44530,3570,0
42832,1872,0
43296,2336,0
43046,2086,0
44255,3295,0
43453,2493,0
42091,1131,0
42047,1087,0
42928,1968,0
42684,1724,0
41462,502,0
42576,1616,0
41558,598,0
40961,1,0
42982,2022,0
43409,2449,0
45054,4094,0
43290,2330,0
43591,2631,0
43365,2405,0
44168,3208,0
41976,1016,0
43438,2478,0
43332,2372,0
45054,4094,0
42636,1676,0
44750,3790,0
43069,2109,0
42610,1650,0
44163,3203,0
41883,923,0
45054,4094,0
44330,3370,0
42094,1134,0
42557,1597,0
43915,2955,0
42252,1292,0
43219,2259,0
42319,1359,0
41688,728,0
41646,686,0
43310,2350,0
45054,4094,0
44463,3503,0
42895,1935,0
43691,2731,0
41933,973,0
44471,3511,0
42427,1467,0
42986,2026,0
42234,1274,0
44167,3207,0
44276,3316,0
43722,2762,0
40982,22,0
40961,1,0
44977,4017,0
43037,2077,0
43136,2176,0
40961,1,0
43148,2188,0
42311,1351,0
43908,2948,0
44291,3331,0
44369,3409,0
42118,1158,0
41829,869,0
44532,3572,0
42831,1871,0
45035,4075,0
42713,1753,0
43732,2772,0
43803,2843,0
40961,1,0
43532,2572,0
43236,2276,0
44612,3652,0
45054,4094,0
42641,1681,0
41516,556,0
43077,2117,0
41245,285,0
41363,403,0
41428,468,0
44082,3122,0
45054,4094,0
43710,2750,0
43998,3038,0
42321,1361,0
42738,1778,0
41925,965,0
40961,1,0
41355,395,0
40961,1,0
40961,1,0
42406,1446,0
44237,3277,0
43541,2581,0
40961,1,0
43858,2898,0
41810,850,0
42710,1750,0
41834,874,0
43207,2247,0
41159,199,0
42035,1075,0
42722,1762,0
42410,1450,0
41683,723,0
43354,2394,0
44592,3632,0
44139,3179,0
43766,2806,0
43224,2264,0
40996,36,0
41546,586,0
42646,1686,0
40961,1,0
43355,2395,0
40961,1,0
44719,3759,0
41855,895,0
40961,1,0
40961,1,0
41105,145,0
42958,1998,0
42440,1480,0
41136,176,0
42243,1283,0
43311,2351,0
43518,2558,0
43754,2794,0
43179,2219,0
41486,526,0
43194,2234,0
42080,1120,0
42418,1458,0
40961,1,0
42479,1519,0
43860,2900,0
42947,1987,0
45054,4094,0
41510,550,0
41930,970,0
43227,2267,0
43651,2691,0
43566,2606,0
43504,2544,0
42133,1173,0
44485,3525,0
44984,4024,0
41954,994,0
41522,562,0
44031,3071,0
44501,3541,0
43672,2712,0
43223,2263,0
41150,190,0
42646,1686,0
43613,2653,0
43997,3037,0
44014,3054,0
42655,1695,0
40961,1,0
43710,2750,0
44449,3489,0
42675,1715,0
41434,474,0
42907,1947,0
44750,3790,0
40961,1,0
42637,1677,0
43785,2825,0
44580,3620,0
42735,1775,0
43182,2222,0
41047,87,0
42657,1697,0
41865,905,0
43295,2335,0
42910,1950,0
44208,3248,0
43889,2929,0
43064,2104,0
43685,2725,0
42883,1923,0
42074,1114,0
42636,1676,0
42190,1230,0
43504,2544,0
42607,1647,0
45054,4094,0
42550,1590,0
42089,1129,0
41816,856,0
44065,3105,0
43177,2217,0
42163,1203,0
44841,3881,0
40961,1,0
42637,1677,0
43826,2866,0
45054,4094,0
43915,2955,0
43965,3005,0
44188,3228,0
43557,2597,0
42310,1350,0
42314,1354,0
42742,1782,0
42930,1970,0
45054,4094,0
43773,2813,0
41055,95,0
42334,1374,0
42902,1942,0
43442,2482,0
44214,3254,0
42466,1506,0
40961,1,0
43006,2046,0
43270,2310,0
43404,2444,0
43643,2683,0
42025,1065,0
42154,1194,0
40961,1,0
42359,1399,0
42353,1393,0
43635,2675,0
45054,4094,0
42582,1622,0
43161,2201,0
42754,1794,0
40961,1,0
44620,3660,0
40961,1,0
42403,1443,0
43386,2426,0
43615,2655,0
43736,2776,0
41460,500,0
43897,2937,0
42597,1637,0
41711,751,0
42627,1667,0
44227,3267,0
41758,798,0
43990,3030,0
42316,1356,0
42699,1739,0
42489,1529,0
44420,3460,0
42245,1285,0
41006,46,0
43058,2098,0
42889,1929,0
44426,3466,0
41493,533,0
43156,2196,0
44563,3603,0
44326,3366,0
41784,824,0
43898,2938,0
43526,2566,0
42430,1470,0
42126,1166,0
42497,1537,0
44852,3892,0
43797,2837,0
42450,1490,0
42473,1513,0
42275,1315,0
40961,1,0
43396,2436,0
42472,1512,0
42608,1648,0
42772,1812,0
42275,1315,0
43231,2271,0
40961,1,0
43553,2593,0
41337,377,0
43020,2060,0
43605,2645,0
43108,2148,0
41781,821,0
43175,2215,0
42363,1403,0
41647,687,0
41938,978,0
42423,1463,0
42048,1088,0
43501,2541,0
43983,3023,0
42881,1921,0
45054,4094,0
41012,52,0
44171,3211,0
43184,2224,0
44755,3795,0
42704,1744,0
43482,2522,0
43102,2142,0
42817,1857,0
43111,2151,0
40961,1,0
42791,1831,0
40961,1,0
43114,2154,0
44192,3232,0
43378,2418,0
41805,845,0
43727,2767,0
42469,1509,0
43510,2550,0
41203,243,0
42839,1879,0
42453,1493,0
45054,4094,0
42767,1807,0
41556,596,0
42188,1228,0
43814,2854,0
42445,1485,0
43689,2729,0
43873,2913,0
44793,3833,0
43909,2949,0
42722,1762,0
43632,2672,0
43846,2886,0
43912,2952,0
44636,3676,0
42005,1045,0
43513,2553,0
42962,2002,0
44217,3257,0
44537,3577,0
43810,2850,0
43429,2469,0
43019,2059,0
41493,533,0
40961,1,0
42703,1743,0
42639,1679,0
42959,1999,0
44350,3390,0
44048,3088,0
43201,2241,0
42511,1551,0
42054,1094,0
42535,1575,0
42194,1234,0
44781,3821,0
43720,2760,0
44025,3065,0
41933,973,0
45054,4094,0
43914,2954,0
42148,1188,0
44760,3800,0
42997,2037,0
44448,3488,0
41137,177,0
42256,1296,0
42047,1087,0
45054,4094,0
43540,2580,0
42774,1814,0
42582,1622,0
40972,12,0
41753,793,0
45054,4094,0
43257,2297,0
42752,1792,0
45054,4094,0
40961,1,0
44425,3465,0
42104,1144,0
45054,4094,0
41297,337,0
42377,1417,0
43358,2398,0
42312,1352,0
43409,2449,0
42999,2039,0
44098,3138,0
43965,3005,0
44787,3827,0
42256,1296,0
41901,941,0
41488,528,0
44897,3937,0
43666,2706,0
41411,451,0
43356,2396,0
40961,1,0
41573,613,0
41899,939,0
42761,1801,0
40961,1,0
41396,436,0
43652,2692,0
42637,1677,0
41772,812,0
43917,2957,0
43166,2206,0
43561,2601,0
44942,3982,0
42926,1966,0
43156,2196,0
42859,1899,0
40961,1,0
45054,4094,0
43902,2942,0
44568,3608,0
40961,1,0
44384,3424,0
42508,1548,0
43773,2813,0
45054,4094,0
43373,2413,0
44291,3331,0
42949,1989,0
45054,4094,0
44158,3198,0
43309,2349,0
43975,3015,0
41216,256,0
44431,3471,0
43849,2889,0
42733,1773,0
44924,3964,0
41228,268,0
42800,1840,0
40961,1,0
42941,1981,0
43986,3026,0
42759,1799,0
44060,3100,0
45054,4094,0
42707,1747,0
42514,1554,0
44224,3264,0
42201,1241,0
43428,2468,0
43917,2957,0
42586,1626,0
44169,3209,0
42643,1683,0
43562,2602,0
42164,1204,0
43533,2573,0
42803,1843,0
43880,2920,0
41739,779,0
44329,3369,0
45054,4094,0
43531,2571,0
41800,840,0
40961,1,0
42098,1138,0
44630,3670,0
42876,1916,0
42196,1236,0
43720,2760,0
41196,236,0
42685,1725,0
41628,668,0
43013,2053,0
44195,3235,0
43480,2520,0
41081,121,0
44262,3302,0
44628,3668,0
45011,4051,0
44181,3221,0
42855,1895,0
44821,3861,0
42641,1681,0
43386,2426,0
43036,2076,0
41804,844,0
45054,4094,0
42603,1643,0
44065,3105,0
42344,1384,0
43689,2729,0
40961,1,0
42583,1623,0
41913,953,0
42851,1891,0
42742,1782,0
44077,3117,0
41111,151,0
43107,2147,0
43925,2965,0
42305,1345,0
43180,2220,0
40961,1,0
43016,2056,0
43591,2631,0
44934,3974,0
40961,1,0
45054,4094,0
42638,1678,0
44124,3164,0
43126,2166,0
42328,1368,0
44172,3212,0
42394,1434,0
43280,2320,0
42562,1602,0
42996,2036,0
44103,3143,0
43611,2651,0
42269,1309,0
41366,406,0
42669,1709,0
41888,928,0
42446,1486,0
43352,2392,0
41431,471,0
42684,1724,0
42399,1439,0
42061,1101,0
42605,1645,0
44311,3351,0
42476,1516,0
42641,1681,0
43123,2163,0
43083,2123,0
42999,2039,0
43597,2637,0
40961,1,0
40961,1,0
42176,1216,0
45054,4094,0
42416,1456,0
43392,2432,0
42274,1314,0
41270,310,0
42345,1385,0
43165,2205,0
40961,1,0
42663,1703,0
43146,2186,0
43469,2509,0
44065,3105,0
43229,2269,0
42019,1059,0
41125,165,0
43302,2342,0
45054,4094,0
43369,2409,0
44046,3086,0
43338,2378,0
41191,231,0
42079,1119,0
43537,2577,0
43753,2793,0
44608,3648,0
43124,2164,0
41136,176,0
44129,3169,0
43951,2991,0
42908,1948,0
43978,3018,0
44354,3394,0
44517,3557,0
42542,1582,0
42890,1930,0
42557,1597,0
43899,2939,0
43155,2195,0
41172,212,0
43950,2990,0
43290,2330,0
43192,2232,0
43329,2369,0
41140,180,0
43519,2559,0
44579,3619,0
42072,1112,0
41689,729,0
43506,2546,0
44227,3267,0
44993,4033,0
42779,1819,0
42400,1440,0
44911,3951,0
41822,862,0
40961,1,0
43945,2985,0
44324,3364,0
42598,1638,0
44192,3232,0
42948,1988,0
44537,3577,0
42436,1476,0
43619,2659,0
44725,3765,0
45054,4094,0
44095,3135,0
44812,3852,0
43976,3016,0
43812,2852,0
43949,2989,0
44995,4035,0
44180,3220,0
43013,2053,0
44759,3799,0
40961,1,0
42214,1254,0
42549,1589,0
41696,736,0
42174,1214,0
40961,1,0
42696,1736,0
45054,4094,0
45054,4094,0
44277,3317,0
43719,2759,0
44422,3462,0
43686,2726,0
41184,224,0
44123,3163,0
43345,2385,0
42460,1500,0
42477,1517,0
40961,1,0
43132,2172,0
41835,875,0
43361,2401,0
41867,907,0
42886,1926,0
43344,2384,0
42643,1683,0
42699,1739,0
43441,2481,0
43729,2769,0
42103,1143,0
42109,1149,0
42988,2028,0
42502,1542,0
43131,2171,0
41459,499,0
40961,1,0
43965,3005,0
42921,1961,0
44306,3346,0
43726,2766,0
42328,1368,0
41255,295,0
43772,2812,0
43123,2163,0
44302,3342,0
43876,2916,0
45054,4094,0
43281,2321,0
40961,1,0
42253,1293,0
43063,2103,0
40961,1,0
42414,1454,0
43302,2342,0
43111,2151,0
43778,2818,0
43476,2516,0
42485,1525,0
43709,2749,0
45054,4094,0
42862,1902,0
40961,1,0
42001,1041,0
42509,1549,0
43419,2459,0
44647,3687,0
42551,1591,0
42263,1303,0
40961,1,0
42915,1955,0
42661,1701,0
44167,3207,0
43924,2964,0
42807,1847,0
42458,1498,0
44575,3615,0
42583,1623,0
42480,1520,0
42591,1631,0
44545,3585,0
40961,1,0
42743,1783,0
44627,3667,0
42049,1089,0
41761,801,0
43464,2504,0
42895,1935,0
43976,3016,0
41923,963,0
43682,2722,0
43072,2112,0
43136,2176,0
43603,2643,0
44293,3333,0
42425,1465,0
41794,834,0
43845,2885,0
43369,2409,0
42646,1686,0
45054,4094,0
43665,2705,0
43819,2859,0
41995,1035,0
43746,2786,0
42024,1064,0
40961,1,0
41866,906,0
42882,1922,0
41521,561,0
42629,1669,0
41309,349,0
41300,340,0
45054,4094,0
42317,1357,0
44420,3460,0
41541,581,0
44153,3193,0
42059,1099,0
43973,3013,0
41798,838,0
43285,2325,0
43359,2399,0
43637,2677,0
43792,2832,0
44822,3862,0
41795,835,0
40961,1,0
42945,1985,0
44628,3668,0
41671,711,0
41498,538,0
44892,3932,0
40961,1,0
41521,561,0
43878,2918,0
43675,2715,0
43589,2629,0
43175,2215,0
44977,4017,0
44583,3623,0
41028,68,0
43657,2697,0
41973,1013,0
41636,676,0
44128,3168,0
44469,3509,0
41771,811,0
42909,1949,0
43537,2577,0
43314,2354,0
41201,241,0
44502,3542,0
41205,245,0
44172,3212,0
45054,4094,0
42052,1092,0
42846,1886,0
42485,1525,0
44522,3562,0
42403,1443,0
43658,2698,0
42498,1538,0
44092,3132,0
45054,4094,0
42308,1348,0
42511,1551,0
43234,2274,0
42838,1878,0
43117,2157,0
42379,1419,0
42358,1398,0
44630,3670,0
43749,2789,0
40961,1,0
44597,3637,0
40965,5,0
42663,1703,0
44878,3918,0
41418,458,0
43200,2240,0
43122,2162,0
43986,3026,0
42557,1597,0
43858,2898,0
40961,1,0
40961,1,0
41268,308,0
42689,1729,0
40961,1,0
43090,2130,0
42607,1647,0
44456,3496,0
43360,2400,0
42694,1734,0
44737,3777,0
44105,3145,0
43526,2566,0
43709,2749,0
41811,851,0
43501,2541,0
43491,2531,0
45054,4094,0
41701,741,0
44496,3536,0
40961,1,0
42879,1919,0
6957,6957,1
6924,6924,0
11692,11692,1
8718,8718,0
1517,13805,1
6416,6416,0
17399,17399,1
8434,8434,0
1783,14071,0
14802,22994,1
753,13041,0
21446,25542,1
26271,30367,1
4291,4291,0
7748,7748,0
11387,11387,0
7798,7798,0
24111,28207,0
14349,22541,0
16319,24511,0
12949,21141,0
1011,13299,0
9791,9791,0
5631,5631,0
3339,15627,0
16483,16483,0
19668,19668,0
18147,18147,0
22995,27091,0
24465,28561,0
7042,7042,0
11902,11902,0
24767,28863,0
13994,22186,0
3224,15512,0
23897,27993,0
2296,14584,0
25311,29407,0
22478,26574,0
17363,17363,0
14925,23117,0
14244,22436,0
1782,14070,0
19831,19831,0
23308,27404,0
17166,17166,0
8152,8152,0
14888,23080,0
16815,16815,0
18946,18946,0
11077,11077,0
25536,29632,0
22693,26789,0
13490,21682,0
13703,21895,0
2158,14446,0
1701,13989,0
21418,25514,0
25129,29225,0
17557,17557,0
13067,21259,0
22677,26773,0
21707,25803,0
13537,21729,0
18846,18846,0
12936,21128,0
9263,9263,0
5394,5394,0
2157,14445,0
16674,16674,0
6638,6638,0
6606,6606,0
10141,10141,0
5202,5202,0
21742,25838,0
9929,9929,0
23634,27730,0
26497,30593,0
15806,23998,0
17933,17933,0
14125,22317,0
14352,22544,0
11600,11600,0
26525,30621,0
9803,9803,0
15302,23494,0
24901,28997,0
11215,11215,0
23139,27235,0
25716,29812,0
21781,25877,0
3962,16250,0
15391,23583,0
21596,25692,0
20256,20256,0
12084,12084,0
20496,24592,0
15184,23376,0
11797,11797,0
16834,16834,0
17507,17507,0
4273,4273,0
2593,14881,0
11646,11646,0
6097,6097,0
26728,30824,0
28670,32766,0
27536,31632,0
26797,30893,0
25485,29581,0
25831,29927,0
25170,29266,0
28480,32576,0
24577,28673,0
25566,29662,0
26041,30137,0
27737,31833,0
25655,29751,0
26079,30175,0
25814,29910,0
25185,29281,0
24733,28829,0
27280,31376,0
24577,28673,0
24577,28673,0
25934,30030,0
26381,30477,0
25967,30063,0
28456,32552,0
25252,29348,0
24757,28853,0
26486,30582,0
27777,31873,0
24577,28673,0
25789,29885,0
26961,31057,0
27971,32067,0
25722,29818,0
28115,32211,0
27393,31489,0
27913,32009,0
27435,31531,0
27417,31513,0
28670,32766,0
28670,32766,0
25198,29294,0
27820,31916,0
25344,29440,0
25278,29374,0
27613,31709,0
24577,28673,0
26037,30133,0
26206,30302,0
25219,29315,0
26440,30536,0
26628,30724,0
28209,32305,0
24590,28686,0
26811,30907,0
25857,29953,0
27423,31519,0
27361,31457,0
25228,29324,0
27373,31469,0
26899,30995,0
27093,31189,0
27192,31288,0
25720,29816,0
27495,31591,0
25715,29811,0
28670,32766,0
24941,29037,0
26775,30871,0
25626,29722,0
26558,30654,0
28670,32766,0
25797,29893,0
26423,30519,0
25517,29613,0
27587,31683,0
24577,28673,0
26170,30266,0
27843,31939,0
25479,29575,0
28670,32766,0
27650,31746,0
27258,31354,0
25255,29351,0
25103,29199,0
25960,30056,0
24577,28673,0
26695,30791,0
25602,29698,0
28670,32766,0
26235,30331,0
26297,30393,0
26035,30131,0
26010,30106,0
26928,31024,0
24577,28673,0
26851,30947,0
25636,29732,0
27267,31363,0
25737,29833,0
25185,29281,0
25727,29823,0
25922,30018,0
26861,30957,0
25684,29780,0
27373,31469,0
26000,30096,0
27280,31376,0
25404,29500,0
28670,32766,0
28197,32293,0
27566,31662,0
27273,31369,0
27786,31882,0
24591,28687,0
24721,28817,0
26482,30578,0
27854,31950,0
26834,30930,0
27300,31396,0
28074,32170,0
27936,32032,0
28670,32766,0
28670,32766,0
24623,28719,0
25304,29400,0
27909,32005,0
26067,30163,0
26482,30578,0
26110,30206,0
25474,29570,0
26077,30173,0
28408,32504,0
26898,30994,0
28172,32268,0
27344,31440,0
27281,31377,0
26084,30180,0
28370,32466,0
25869,29965,0
24577,28673,0
24775,28871,0
25101,29197,0
26765,30861,0
26387,30483,0
26974,31070,0
25710,29806,0
27673,31769,0
24577,28673,0
27257,31353,0
26049,30145,0
26890,30986,0
26479,30575,0
25735,29831,0
26318,30414,0
28092,32188,0
25980,30076,0
26514,30610,0
26415,30511,0
25630,29726,0
25349,29445,0
25467,29563,0
28414,32510,0
26605,30701,0
24577,28673,0
25412,29508,0
24998,29094,0
27057,31153,0
26189,30285,0
25297,29393,0
27778,31874,0
28519,32615,0
27124,31220,0
28635,32731,0
27679,31775,0
25898,29994,0
24950,29046,0
26911,31007,0
24577,28673,0
26583,30679,0
26774,30870,0
25656,29752,0
27555,31651,0
24577,28673,0
25150,29246,0
27112,31208,0
26719,30815,0
28670,32766,0
25153,29249,0
25524,29620,0
25840,29936,0
25058,29154,0
27209,31305,0
24628,28724,0
27946,32042,0
26663,30759,0
26677,30773,0
28670,32766,0
24817,28913,0
26919,31015,0
28389,32485,0
28334,32430,0
25834,29930,0
28641,32737,0
25993,30089,0
28434,32530,0
28670,32766,0
25662,29758,0
28295,32391,0
24982,29078,0
28670,32766,0
26593,30689,0
24682,28778,0
28334,32430,0
27114,31210,0
27749,31845,0
26372,30468,0
27269,31365,0
27076,31172,0
24577,28673,0
25729,29825,0
27297,31393,0
26446,30542,0
26864,30960,0
26830,30926,0
27024,31120,0
26404,30500,0
26139,30235,0
27636,31732,0
26816,30912,0
27671,31767,0
24577,28673,0
25815,29911,0
25179,29275,0
25927,30023,0
26553,30649,0
27224,31320,0
25238,29334,0
24577,28673,0
25283,29379,0
27018,31114,0
26648,30744,0
26080,30176,0
26271,30367,0
27563,31659,0
24603,28699,0
25031,29127,0
27428,31524,0
24703,28799,0
28341,32437,0
27198,31294,0
27152,31248,0
27255,31351,0
27495,31591,0
25065,29161,0
28670,32766,0
25772,29868,0
28416,32512,0
26234,30330,0
25507,29603,0
28484,32580,0
27518,31614,0
25124,29220,0
26951,31047,0
28670,32766,0
28138,32234,0
26168,30264,0
26094,30190,0
26839,30935,0
25663,29759,0
27010,31106,0
27114,31210,0
27808,31904,0
25667,29763,0
25907,30003,0
26341,30437,0
26823,30919,0
26783,30879,0
27474,31570,0
28034,32130,0
27239,31335,0
26413,30509,0
26580,30676,0
27115,31211,0
26760,30856,0
26527,30623,0
28568,32664,0
28136,32232,0
28670,32766,0
27119,31215,0
26620,30716,0
26137,30233,0
28670,32766,0
26072,30168,0
26028,30124,0
24797,28893,0
26977,31073,0
27862,31958,0
28670,32766,0
24577,28673,0
26052,30148,0
25715,29811,0
28155,32251,0
24739,28835,0
25925,30021,0
26274,30370,0
26622,30718,0
25808,29904,0
25133,29229,0
27925,32021,0
24577,28673,0
27947,32043,0
26083,30179,0
26204,30300,0
27167,31263,0
26124,30220,0
28084,32180,0
27627,31723,0
25809,29905,0
26976,31072,0
28215,32311,0
25726,29822,0
27556,31652,0
27175,31271,0
25244,29340,0
25510,29606,0
26421,30517,0
25469,29565,0
25877,29973,0
28670,32766,0
25971,30067,0
26059,30155,0
25069,29165,0
24660,28756,0
27028,31124,0
25823,29919,0
27265,31361,0
28021,32117,0
26411,30507,0
25668,29764,0
24584,28680,0
27204,31300,0
25661,29757,0
28462,32558,0
27877,31973,0
27742,31838,0
24577,28673,0
27911,32007,0
26031,30127,0
28670,32766,0
27797,31893,0
24577,28673,0
28434,32530,0
26579,30675,0
27038,31134,0
25721,29817,0
27243,31339,0
28145,32241,0
27926,32022,0
27190,31286,0
27505,31601,0
26957,31053,0
28670,32766,0
25151,29247,0
27894,31990,0
26786,30882,0
25545,29641,0
27630,31726,0
27339,31435,0
27571,31667,0
25999,30095,0
27551,31647,0
28381,32477,0
27635,31731,0
28279,32375,0
25752,29848,0
28670,32766,0
26679,30775,0
27783,31879,0
26675,30771,0
26529,30625,0
28440,32536,0
25385,29481,0
25008,29104,0
24767,28863,0
27106,31202,0
26815,30911,0
25147,29243,0
26782,30878,0
26315,30411,0
25664,29760,0
28670,32766,0
24577,28673,0
25094,29190,0
25841,29937,0
27940,32036,0
27321,31417,0
26745,30841,0
27580,31676,0
26569,30665,0
27535,31631,0
26442,30538,0
27333,31429,0
24577,28673,0
26164,30260,0
26175,30271,0
26405,30501,0
25578,29674,0
27292,31388,0
26012,30108,0
25882,29978,0
25363,29459,0
24577,28673,0
28126,32222,0
24577,28673,0
28526,32622,0
25716,29812,0
26312,30408,0
25525,29621,0
24577,28673,0
24845,28941,0
26626,30722,0
26552,30648,0
24577,28673,0
27089,31185,0
25379,29475,0
27034,31130,0
28276,32372,0
25869,29965,0
26198,30294,0
25448,29544,0
27754,31850,0
27396,31492,0
27008,31104,0
26376,30472,0
24577,28673,0
26625,30721,0
27413,31509,0
24837,28933,0
26519,30615,0
28077,32173,0
27729,31825,0
27437,31533,0
26488,30584,0
27088,31184,0
27578,31674,0
27050,31146,0
26930,31026,0
27162,31258,0
26114,30210,0
28670,32766,0
28670,32766,0
26283,30379,0
27573,31669,0
26004,30100,0
24685,28781,0
27395,31491,0
26944,31040,0
25514,29610,0
27885,31981,0
26580,30676,0
27212,31308,0
27829,31925,0
26080,30176,0
24577,28673,0
26078,30174,0
26143,30239,0
28423,32519,0
26888,30984,0
27002,31098,0
26816,30912,0
26288,30384,0
28189,32285,0
25328,29424,0
27190,31286,0
24577,28673,0
26725,30821,0
27059,31155,0
27179,31275,0
28670,32766,0
25764,29860,0
27730,31826,0
26121,30217,0
26802,30898,0
26109,30205,0
26396,30492,0
28018,32114,0
26832,30928,0
26278,30374,0
25433,29529,0
27633,31729,0
27026,31122,0
27421,31517,0
26781,30877,0
25085,29181,0
27348,31444,0
26679,30775,0
25031,29127,0
27091,31187,0
25356,29452,0
27245,31341,0
25803,29899,0
26866,30962,0
27378,31474,0
27407,31503,0
28152,32248,0
27799,31895,0
25199,29295,0
25982,30078,0
25344,29440,0
26718,30814,0
26885,30981,0
24715,28811,0
26431,30527,0
24832,28928,0
27227,31323,0
24866,28962,0
25750,29846,0
25748,29844,0
25358,29454,0
28670,32766,0
25179,29275,0
26303,30399,0
28097,32193,0
26709,30805,0
24577,28673,0
25753,29849,0
28670,32766,0
26070,30166,0
26821,30917,0
24577,28673,0
26835,30931,0
25115,29211,0
28167,32263,0
26991,31087,0
26406,30502,0
25818,29914,0
27515,31611,0
27626,31722,0
24936,29032,0
27055,31151,0
28527,32623,0
26572,30668,0
24759,28855,0
25936,30032,0
27968,32064,0
25958,30054,0
26957,31053,0
28670,32766,0
26878,30974,0
27192,31288,0
24577,28673,0
26108,30204,0
24577,28673,0
25952,30048,0
25031,29127,0
27100,31196,0
26228,30324,0
28670,32766,0
26037,30133,0
27654,31750,0
26214,30310,0
27993,32089,0
27418,31514,0
26325,30421,0
28168,32264,0
27458,31554,0
24577,28673,0
26149,30245,0
25693,29789,0
24955,29051,0
26059,30155,0
27497,31593,0
27201,31297,0
28389,32485,0
27214,31310,0
25579,29675,0
24816,28912,0
24577,28673,0
27339,31435,0
26631,30727,0
25816,29912,0
25931,30027,0
24977,29073,0
27077,31173,0
27646,31742,0
26430,30526,0
27386,31482,0
26662,30758,0
26430,30526,0
26151,30247,0
27229,31325,0
28670,32766,0
24749,28845,0
27165,31261,0
25768,29864,0
28670,32766,0
26659,30755,0
27162,31258,0
26857,30953,0
24577,28673,0
27824,31920,0
26175,30271,0
24577,28673,0
26814,30910,0
27017,31113,0
28485,32581,0
27887,31983,0
25888,29984,0
28301,32397,0
27953,32049,0
24577,28673,0
26074,30170,0
26745,30841,0
24886,28982,0
28239,32335,0
26001,30097,0
26458,30554,0
26578,30674,0
26659,30755,0
28143,32239,0
26159,30255,0
25636,29732,0
27242,31338,0
24577,28673,0
25939,30035,0
26835,30931,0
25896,29992,0
24577,28673,0
24832,28928,0
26523,30619,0
25591,29687,0
26287,30383,0
25745,29841,0
28228,32324,0
26458,30554,0
27415,31511,0
25430,29526,0
28670,32766,0
27401,31497,0
25868,29964,0
27390,31486,0
25935,30031,0
27262,31358,0
28670,32766,0
25310,29406,0
26786,30882,0
27436,31532,0
28670,32766,0
25663,29759,0
24577,28673,0
26556,30652,0
27698,31794,0
25829,29925,0
25435,29531,0
25595,29691,0
27069,31165,0
25558,29654,0
25870,29966,0
26873,30969,0
26528,30624,0
27903,31999,0
26965,31061,0
27873,31969,0
27103,31199,0
28670,32766,0
25369,29465,0
26446,30542,0
27374,31470,0
26452,30548,0
25617,29713,0
27495,31591,0
25318,29414,0
25620,29716,0
27041,31137,0
25691,29787,0
26298,30394,0
27710,31806,0
26923,31019,0
24963,29059,0
24577,28673,0
27433,31529,0
24577,28673,0
27534,31630,0
25782,29878,0
26953,31049,0
26229,30325,0
24853,28949,0
25021,29117,0
25356,29452,0
25983,30079,0
26147,30243,0
26239,30335,0
26442,30538,0
24942,29038,0
27204,31300,0
28670,32766,0
27413,31509,0
27248,31344,0
27807,31903,0
28121,32217,0
28078,32174,0
25806,29902,0
26389,30485,0
26159,30255,0
25780,29876,0
26099,30195,0
25515,29611,0
25952,30048,0
26042,30138,0
26852,30948,0
27319,31415,0
27661,31757,0
25896,29992,0
26110,30206,0
26468,30564,0
24577,28673,0
27546,31642,0
26231,30327,0
28170,32266,0
26015,30111,0
26421,30517,0
26823,30919,0
26839,30935,0
27308,31404,0
26238,30334,0
26265,30361,0
26591,30687,0
25276,29372,0
24859,28955,0
27631,31727,0
27132,31228,0
28076,32172,0
26474,30570,0
25999,30095,0
27889,31985,0
28438,32534,0
27323,31419,0
24577,28673,0
26022,30118,0
25468,29564,0
26688,30784,0
25702,29798,0
25434,29530,0
26345,30441,0
24577,28673,0
25635,29731,0
27853,31949,0
27331,31427,0
27882,31978,0
28210,32306,0
26426,30522,0
28670,32766,0
25885,29981,0
26059,30155,0
25927,30023,0
25851,29947,0
27684,31780,0
24943,29039,0
28670,32766,0
26510,30606,0
27327,31423,0
27746,31842,0
25118,29214,0
27837,31933,0
25811,29907,0
24973,29069,0
28364,32460,0
28212,32308,0
26959,31055,0
27253,31349,0
26938,31034,0
25587,29683,0
27088,31184,0
25319,29415,0
26330,30426,0
26461,30557,0
27208,31304,0
28372,32468,0
26432,30528,0
26844,30940,0
26766,30862,0
27151,31247,0
26011,30107,0
27083,31179,0
26307,30403,0
25072,29168,0
25352,29448,0
25712,29808,0
26394,30490,0
27295,31391,0
25250,29346,0
27593,31689,0
27620,31716,0
26574,30670,0
24735,28831,0
26260,30356,0
26726,30822,0
25935,30031,0
26658,30754,0
27460,31556,0
25666,29762,0
26770,30866,0
24577,28673,0
26398,30494,0
25001,29097,0
25956,30052,0
27692,31788,0
26164,30260,0
25893,29989,0
25646,29742,0
27317,31413,0
25562,29658,0
27514,31610,0
26238,30334,0
27100,31196,0
27327,31423,0
27149,31245,0
26483,30579,0
28372,32468,0
25475,29571,0
28232,32328,0
27236,31332,0
26557,30653,0
26791,30887,0
26667,30763,0
24778,28874,0
24577,28673,0
25031,29127,0
28670,32766,0
27302,31398,0
24577,28673,0
27489,31585,0
27239,31335,0
27369,31465,0
26186,30282,0
27159,31255,0
26238,30334,0
25298,29394,0
28670,32766,0
24982,29078,0
25504,29600,0
26930,31026,0
24836,28932,0
24577,28673,0
25822,29918,0
26563,30659,0
26388,30484,0
25652,29748,0
25689,29785,0
28639,32735,0
25765,29861,0
26215,30311,0
25968,30064,0
27151,31247,0
26678,30774,0
28670,32766,0
26271,30367,0
27136,31232,0
26849,30945,0
25273,29369,0
28670,32766,0
27175,31271,0
28210,32306,0
25342,29438,0
28670,32766,0
26805,30901,0
28446,32542,0
26198,30294,0
27355,31451,0
25184,29280,0
26155,30251,0
26357,30453,0
27396,31492,0
25097,29193,0
24724,28820,0
26440,30536,0
27671,31767,0
24577,28673,0
28594,32690,0
27053,31149,0
28670,32766,0
27139,31235,0
26021,30117,0
28670,32766,0
25908,30004,0
27752,31848,0
26759,30855,0
26647,30743,0
27694,31790,0
28670,32766,0
27250,31346,0
24577,28673,0
27682,31778,0
26795,30891,0
27252,31348,0
27839,31935,0
25180,29276,0
26091,30187,0
26488,30584,0
26372,30468,0
27232,31328,0
25923,30019,0
25408,29504,0
26721,30817,0
26553,30649,0
26920,31016,0
25999,30095,0
26310,30406,0
26254,30350,0
26581,30677,0
26993,31089,0
25997,30093,0
26523,30619,0
26964,31060,0
24673,28769,0
25336,29432,0
27763,31859,0
27993,32089,0
26553,30649,0
26138,30234,0
26212,30308,0
28598,32694,0
28140,32236,0
25513,29609,0
25970,30066,0
25865,29961,0
25955,30051,0
25097,29193,0
26206,30302,0
26493,30589,0
27574,31670,0
26178,30274,0
25968,30064,0
24577,28673,0
26963,31059,0
26820,30916,0
28670,32766,0
25817,29913,0
26537,30633,0
24643,28739,0
27096,31192,0
25186,29282,0
26437,30533,0
25650,29746,0
25464,29560,0
25367,29463,0
26980,31076,0
25721,29817,0
26835,30931,0
26068,30164,0
27215,31311,0
24906,29002,0
25084,29180,0
27071,31167,0
25745,29841,0
26069,30165,0
27420,31516,0
25755,29851,0
27863,31959,0
27792,31888,0
28220,32316,0
26452,30548,0
27141,31237,0
27337,31433,0
28171,32267,0
27294,31390,0
25203,29299,0
26525,30621,0
28308,32404,0
27266,31362,0
26363,30459,0
26844,30940,0
27584,31680,0
28670,32766,0
26485,30581,0
26452,30548,0
26844,30940,0
26475,30571,0
27402,31498,0
27483,31579,0
27266,31362,0
24898,28994,0
25252,29348,0
27682,31778,0
26265,30361,0
27506,31602,0
28101,32197,0
25921,30017,0
24577,28673,0
27071,31167,0
28372,32468,0
25324,29420,0
25273,29369,0
24577,28673,0
26474,30570,0
26768,30864,0
28670,32766,0
26055,30151,0
28371,32467,0
24793,28889,0
25242,29338,0
27666,31762,0
28383,32479,0
26024,30120,0
27353,31449,0
25195,29291,0
28471,32567,0
24872,28968,0
27388,31484,0
27895,31991,0
25535,29631,0
26270,30366,0
26724,30820,0
27541,31637,0
28113,32209,0
27104,31200,0
27682,31778,0
28131,32227,0
25417,29513,0
28504,32600,0
24577,28673,0
26554,30650,0
28088,32184,0
27656,31752,0
26301,30397,0
26965,31061,0
26649,30745,0
26195,30291,0
28280,32376,0
28670,32766,0
25568,29664,0
28378,32474,0
27775,31871,0
27858,31954,0
27189,31285,0
24850,28946,0
28670,32766,0
26267,30363,0
26696,30792,0
24805,28901,0
24577,28673,0
24577,28673,0
28670,32766,0
26489,30585,0
26804,30900,0
27197,31293,0
28670,32766,0
27115,31211,0
27495,31591,0
25811,29907,0
24577,28673,0
26701,30797,0
25639,29735,0
27872,31968,0
25813,29909,0
25340,29436,0
26916,31012,0
26313,30409,0
25246,29342,0
28398,32494,0
27798,31894,0
28025,32121,0
24733,28829,0
27143,31239,0
25209,29305,0
24577,28673,0
28074,32170,0
24577,28673,0
24591,28687,0
26834,30930,0
28216,32312,0
26724,30820,0
24577,28673,0
26536,30632,0
24761,28857,0
28337,32433,0
27970,32066,0
27279,31375,0
25394,29490,0
27533,31629,0
26974,31070,0
24577,28673,0
24577,28673,0
24871,28967,0
27162,31258,0
26236,30332,0
25489,29585,0
24856,28952,0
26926,31022,0
27368,31464,0
26737,30833,0
27516,31612,0
24577,28673,0
26714,30810,0
25212,29308,0
28670,32766,0
25838,29934,0
27127,31223,0
24994,29090,0
26223,30319,0
27645,31741,0
25369,29465,0
24646,28742,0
25933,30029,0
26730,30826,0
24764,28860,0
27201,31297,0
26286,30382,0
27917,32013,0
24666,28762,0
28355,32451,0
27478,31574,0
25150,29246,0
27097,31193,0
26340,30436,0
26305,30401,0
25782,29878,0
28001,32097,0
26666,30762,0
26179,30275,0
27736,31832,0
27084,31180,0
25488,29584,0
26101,30197,0
25972,30068,0
27680,31776,0
26236,30332,0
28461,32557,0
28670,32766,0
27767,31863,0
25721,29817,0
25888,29984,0
26828,30924,0
28670,32766,0
26776,30872,0
28066,32162,0
26151,30247,0
25134,29230,0
28228,32324,0
25951,30047,0
27951,32047,0
26112,30208,0
27600,31696,0
28659,32755,0
25240,29336,0
26693,30789,0
27361,31457,0
26604,30700,0
24577,28673,0
26833,30929,0
24577,28673,0
25051,29147,0
25123,29219,0
25618,29714,0
28149,32245,0
25630,29726,0
26246,30342,0
27173,31269,0
25581,29677,0
24577,28673,0
27114,31210,0
26172,30268,0
27375,31471,0
26183,30279,0
27762,31858,0
28452,32548,0
25827,29923,0
25398,29494,0
27693,31789,0
26336,30432,0
24798,28894,0
24964,29060,0
26493,30589,0
24709,28805,0
27297,31393,0
28519,32615,0
25677,29773,0
26222,30318,0
25896,29992,0
25424,29520,0
24577,28673,0
26036,30132,0
25664,29760,0
26094,30190,0
27419,31515,0
28670,32766,0
26367,30463,0
25566,29662,0
25792,29888,0
26573,30669,0
28604,32700,0
27797,31893,0
26506,30602,0
27966,32062,0
25098,29194,0
27837,31933,0
26510,30606,0
25983,30079,0
27590,31686,0
28670,32766,0
25661,29757,0
28319,32415,0
28225,32321,0
25540,29636,0
27008,31104,0
26199,30295,0
25595,29691,0
27144,31240,0
25620,29716,0
28354,32450,0
26916,31012,0
27860,31956,0
27197,31293,0
25609,29705,0
27476,31572,0
28538,32634,0
27234,31330,0
25161,29257,0
27572,31668,0
25808,29904,0
25030,29126,0
26216,30312,0
27268,31364,0
26318,30414,0
27014,31110,0
25588,29684,0
25865,29961,0
27149,31245,0
24577,28673,0
24577,28673,0
25850,29946,0
26632,30728,0
24577,28673,0
27618,31714,0
26114,30210,0
27340,31436,0
28162,32258,0
26307,30403,0
25774,29870,0
25751,29847,0
25900,29996,0
26500,30596,0
27052,31148,0
28670,32766,0
27575,31671,0
25680,29776,0
26349,30445,0
27492,31588,0
25598,29694,0
27409,31505,0
24577,28673,0
26711,30807,0
27742,31838,0
24577,28673,0
26560,30656,0
27898,31994,0
26136,30232,0
24577,28673,0
27474,31570,0
25760,29856,0
26793,30889,0
28018,32114,0
26413,30509,0
26547,30643,0
28271,32367,0
27429,31525,0
24977,29073,0
25817,29913,0
28293,32389,0
26577,30673,0
25216,29312,0
24921,29017,0
24966,29062,0
26249,30345,0
27969,32065,0
26464,30560,0
26129,30225,0
26960,31056,0
25844,29940,0
27579,31675,0
24577,28673,0
26117,30213,0
26132,30228,0
26802,30898,0
25085,29181,0
25171,29267,0
25694,29790,0
26820,30916,0
26423,30519,0
26545,30641,0
26237,30333,0
26341,30437,0
26034,30130,0
24577,28673,0
26706,30802,0
26405,30501,0
27940,32036,0
28670,32766,0
25873,29969,0
27005,31101,0
27652,31748,0
26298,30394,0
25787,29883,0
26739,30835,0
26257,30353,0
28670,32766,0
26549,30645,0
25793,29889,0
25937,30033,0
28121,32217,0
27937,32033,0
27380,31476,0
27446,31542,0
24577,28673,0
27092,31188,0
28018,32114,0
27126,31222,0
25624,29720,0
28670,32766,0
25864,29960,0
27306,31402,0
24752,28848,0
25436,29532,0
27896,31992,0
26992,31088,0
26679,30775,0
28670,32766,0
25649,29745,0
27317,31413,0
27264,31360,0
27156,31252,0
27595,31691,0
25857,29953,0
26065,30161,0
27761,31857,0
26119,30215,0
26229,30325,0
24916,29012,0
27095,31191,0
26427,30523,0
25931,30027,0
24577,28673,0
26220,30316,0
27764,31860,0
27081,31177,0
27100,31196,0
24786,28882,0
27408,31504,0
26607,30703,0
27754,31850,0
26177,30273,0
27089,31185,0
24577,28673,0
25130,29226,0
28049,32145,0
27087,31183,0
25459,29555,0
26981,31077,0
24705,28801,0
26002,30098,0
25333,29429,0
26536,30632,0
28670,32766,0
24577,28673,0
25879,29975,0
25751,29847,0
26222,30318,0
25296,29392,0
26526,30622,0
26896,30992,0
