2441,2441,1
2691,2691,0
2225,2225,0
2397,2397,0
2343,2343,0
1341,1341,0
1113,1113,0
1804,1804,0
2755,2755,0
2436,2436,0
2830,2830,0
2353,2353,0
1627,1627,0
2911,2911,0
2078,2078,0
2140,2140,0
1446,1446,0
1545,1545,0
1105,1105,0
2078,2078,0
2789,2789,0
2176,2176,0
1912,1912,0
1938,1938,0
1965,1965,0
1919,1919,0
2162,2162,0
2275,2275,0
2035,2035,0
2193,2193,0
2989,2989,0
1438,1438,0
1499,1499,0
1745,1745,0
2520,2520,0
1864,1864,0
2009,2009,0
2550,2550,0
1168,1168,0
2953,2953,0
1475,1475,0
1959,1959,0
2791,2791,0
1629,1629,0
2363,2363,0
2424,2424,0
3161,3161,0
2190,2190,0
940,940,0
1707,1707,0
2540,2540,0
957,957,0
1735,1735,0
2594,2594,0
2876,2876,0
2403,2403,0
2258,2258,0
2328,2328,0
2345,2345,0
796,796,0
1195,1195,0
2628,2628,0
3290,3290,0
2247,2247,0
2314,2314,0
2343,2343,0
2208,2208,0
2532,2532,0
3043,3043,0
1928,1928,0
2038,2038,0
2780,2780,0
1458,1458,0
2058,2058,0
2890,2890,0
1717,1717,0
1636,1636,0
1590,1590,0
1750,1750,0
1706,1706,0
2327,2327,0
1895,1895,0
2158,2158,0
2321,2321,0
3126,3126,0
2596,2596,0
812,812,0
1627,1627,0
1554,1554,0
2455,2455,0
1466,1466,0
3153,3153,0
1581,1581,0
1,1,0
1815,1815,0
2064,2064,0
1464,1464,0
2310,2310,0
2933,2933,0
1126,1126,0
1844,1844,0
1646,1646,0
2008,2008,0
1919,1919,0
2552,2552,0
2016,2016,0
3093,3093,0
1441,1441,0
1180,1180,0
3141,3141,0
313,313,0
3430,3430,0
3376,3376,0
3066,3066,0
2540,2540,0
1939,1939,0
1855,1855,0
1560,1560,0
2633,2633,0
1887,1887,0
1473,1473,0
2020,2020,0
1547,1547,0
1865,1865,0
3495,3495,0
1196,1196,0
3024,3024,0
2036,2036,0
2640,2640,0
1619,1619,0
1924,1924,0
1611,1611,0
1945,1945,0
1567,1567,0
2931,2931,0
2435,2435,0
2203,2203,0
1461,1461,0
1379,1379,0
2778,2778,0
3417,3417,0
957,957,0
2078,2078,0
2317,2317,0
2363,2363,0
1890,1890,0
1374,1374,0
1277,1277,0
2638,2638,0
1816,1816,0
1767,1767,0
1940,1940,0
2548,2548,0
1663,1663,0
2078,2078,0
2300,2300,0
3129,3129,0
1667,1667,0
1547,1547,0
1817,1817,0
2535,2535,0
2364,2364,0
1069,1069,0
1166,1166,0
2741,2741,0
3598,3598,0
1758,1758,0
1985,1985,0
1880,1880,0
2718,2718,0
1331,1331,0
2348,2348,0
1499,1499,0
1926,1926,0
1723,1723,0
1508,1508,0
2648,2648,0
2033,2033,0
2226,2226,0
1930,1930,0
2149,2149,0
2723,2723,0
2794,2794,0
1398,1398,0
1673,1673,0
2231,2231,0
1917,1917,0
2156,2156,0
1932,1932,0
1513,1513,0
2370,2370,0
1994,1994,0
2448,2448,0
2427,2427,0
2353,2353,0
2297,2297,0
1681,1681,0
1318,1318,0
1653,1653,0
3050,3050,0
2882,2882,0
862,862,0
1985,1985,0
2011,2011,0
1633,1633,0
2409,2409,0
1328,1328,0
388,388,0
1685,1685,0
887,887,0
2010,2010,0
1097,1097,0
3049,3049,0
1543,1543,0
3843,3843,0
2617,2617,0
2249,2249,0
3718,3718,0
959,959,0
3044,3044,0
906,906,0
2098,2098,0
3316,3316,0
1364,1364,0
2185,2185,0
2848,2848,0
1673,1673,0
2775,2775,0
2617,2617,0
2038,2038,0
1828,1828,0
1949,1949,0
1298,1298,0
2625,2625,0
2430,2430,0
2161,2161,0
2184,2184,0
2832,2832,0
2518,2518,0
2577,2577,0
1031,1031,0
236,236,0
1601,1601,0
2876,2876,0
2939,2939,0
2052,2052,0
1905,1905,0
2862,2862,0
542,542,0
2333,2333,0
2589,2589,0
2069,2069,0
2386,2386,0
1848,1848,0
788,788,0
942,942,0
2202,2202,0
1702,1702,0
2264,2264,0
1936,1936,0
1872,1872,0
2734,2734,0
3260,3260,0
3515,3515,0
3035,3035,0
475,475,0
2037,2037,0
2984,2984,0
1311,1311,0
2901,2901,0
2053,2053,0
2621,2621,0
1825,1825,0
2286,2286,0
1726,1726,0
877,877,0
2087,2087,0
1506,1506,0
2507,2507,0
2379,2379,0
2468,2468,0
2401,2401,0
2274,2274,0
2762,2762,0
2880,2880,0
1747,1747,0
590,590,0
1166,1166,0
2798,2798,0
935,935,0
2328,2328,0
1786,1786,0
2125,2125,0
2283,2283,0
1730,1730,0
2324,2324,0
1443,1443,0
2465,2465,0
2831,2831,0
1249,1249,0
3698,3698,0
1113,1113,0
3306,3306,0
2660,2660,0
490,490,0
1347,1347,0
1920,1920,0
1770,1770,0
2212,2212,0
388,388,0
1646,1646,0
2271,2271,0
1387,1387,0
1458,1458,0
3107,3107,0
1945,1945,0
1410,1410,0
1450,1450,0
2709,2709,0
2451,2451,0
2056,2056,0
1906,1906,0
1649,1649,0
1783,1783,0
3810,3810,0
1512,1512,0
2830,2830,0
2182,2182,0
2498,2498,0
848,848,0
2387,2387,0
1560,1560,0
1691,1691,0
2315,2315,0
2454,2454,0
1804,1804,0
1495,1495,0
1617,1617,0
3277,3277,0
1,1,0
2092,2092,0
1642,1642,0
2891,2891,0
3537,3537,0
631,631,0
1521,1521,0
1771,1771,0
2488,2488,0
2462,2462,0
1590,1590,0
1683,1683,0
2618,2618,0
2851,2851,0
1527,1527,0
2220,2220,0
1104,1104,0
1126,1126,0
2285,2285,0
1,1,0
2275,2275,0
2075,2075,0
1869,1869,0
3776,3776,0
3072,3072,0
1862,1862,0
1676,1676,0
1739,1739,0
2242,2242,0
2137,2137,0
1907,1907,0
2108,2108,0
1424,1424,0
2453,2453,0
2651,2651,0
1623,1623,0
1394,1394,0
1754,1754,0
2738,2738,0
3000,3000,0
2291,2291,0
2967,2967,0
3112,3112,0
2438,2438,0
1494,1494,0
1328,1328,0
1416,1416,0
2555,2555,0
1325,1325,0
2918,2918,0
1634,1634,0
2792,2792,0
1374,1374,0
2987,2987,0
1917,1917,0
2310,2310,0
2076,2076,0
2646,2646,0
2102,2102,0
2330,2330,0
2425,2425,0
1756,1756,0
2368,2368,0
2456,2456,0
1302,1302,0
2770,2770,0
2542,2542,0
2058,2058,0
1676,1676,0
3024,3024,0
2837,2837,0
2181,2181,0
2374,2374,0
2459,2459,0
2993,2993,0
2611,2611,0
1413,1413,0
1790,1790,0
2826,2826,0
1832,1832,0
2698,2698,0
2527,2527,0
2807,2807,0
1797,1797,0
1557,1557,0
1953,1953,0
1452,1452,0
1047,1047,0
1569,1569,0
1426,1426,0
2258,2258,0
2111,2111,0
1483,1483,0
2502,2502,0
1089,1089,0
2047,2047,0
201,201,0
684,684,0
1847,1847,0
1841,1841,0
2684,2684,0
1994,1994,0
390,390,0
1971,1971,0
916,916,0
1989,1989,0
1748,1748,0
2232,2232,0
621,621,0
2650,2650,0
2426,2426,0
2210,2210,0
1843,1843,0
1486,1486,0
2343,2343,0
1944,1944,0
1339,1339,0
1967,1967,0
1159,1159,0
2815,2815,0
1730,1730,0
1164,1164,0
2435,2435,0
2389,2389,0
2110,2110,0
2960,2960,0
2584,2584,0
2543,2543,0
2248,2248,0
3225,3225,0
3094,3094,0
2816,2816,0
2214,2214,0
1850,1850,0
1967,1967,0
905,905,0
1367,1367,0
2794,2794,0
2823,2823,0
2136,2136,0
1300,1300,0
1833,1833,0
3252,3252,0
1903,1903,0
3034,3034,0
804,804,0
2868,2868,0
2172,2172,0
1911,1911,0
733,733,0
1922,1922,0
2887,2887,0
1905,1905,0
1601,1601,0
2416,2416,0
1620,1620,0
1966,1966,0
2143,2143,0
1660,1660,0
1026,1026,0
2550,2550,0
2513,2513,0
2396,2396,0
2863,2863,0
1193,1193,0
2442,2442,0
1041,1041,0
2423,2423,0
1208,1208,0
1029,1029,0
2217,2217,0
1506,1506,0
2531,2531,0
2153,2153,0
2246,2246,0
2187,2187,0
2609,2609,0
2110,2110,0
2719,2719,0
3124,3124,0
3670,3670,0
2342,2342,0
1395,1395,0
1388,1388,0
2400,2400,0
2260,2260,0
1608,1608,0
674,674,0
2773,2773,0
2455,2455,0
773,773,0
2308,2308,0
2001,2001,0
2316,2316,0
1572,1572,0
2781,2781,0
2973,2973,0
1139,1139,0
773,773,0
1579,1579,0
2806,2806,0
2787,2787,0
772,772,0
1591,1591,0
2821,2821,0
1655,1655,0
1763,1763,0
2704,2704,0
1289,1289,0
2276,2276,0
1922,1922,0
2757,2757,0
1985,1985,0
1776,1776,0
2108,2108,0
2965,2965,0
3268,3268,0
508,508,0
2184,2184,0
2217,2217,0
982,982,0
1596,1596,0
2175,2175,0
2429,2429,0
2018,2018,0
2060,2060,0
3198,3198,0
1490,1490,0
2562,2562,0
2434,2434,0
2214,2214,0
2190,2190,0
1475,1475,0
1320,1320,0
3320,3320,0
2655,2655,0
2259,2259,0
1017,1017,0
2422,2422,0
1954,1954,0
3075,3075,0
2362,2362,0
2531,2531,0
589,589,0
1240,1240,0
2386,2386,0
1222,1222,0
2329,2329,0
913,913,0
2152,2152,0
1331,1331,0
3263,3263,0
1866,1866,0
1993,1993,0
2613,2613,0
2123,2123,0
2942,2942,0
2225,2225,0
1915,1915,0
2164,2164,0
2142,2142,0
2502,2502,0
2291,2291,0
2489,2489,0
3535,3535,0
1108,1108,0
3163,3163,0
2741,2741,0
1499,1499,0
1204,1204,0
1505,1505,0
2306,2306,0
381,381,0
1861,1861,0
1328,1328,0
1512,1512,0
2439,2439,0
2810,2810,0
1820,1820,0
2370,2370,0
1741,1741,0
1692,1692,0
1623,1623,0
2044,2044,0
1638,1638,0
1338,1338,0
1501,1501,0
1402,1402,0
2054,2054,0
1314,1314,0
3306,3306,0
2792,2792,0
2086,2086,0
1645,1645,0
2008,2008,0
3085,3085,0
2840,2840,0
3242,3242,0
1023,1023,0
2763,2763,0
1306,1306,0
1305,1305,0
2736,2736,0
1615,1615,0
2617,2617,0
1882,1882,0
2096,2096,0
786,786,0
1440,1440,0
2793,2793,0
1761,1761,0
2502,2502,0
1892,1892,0
3127,3127,0
1514,1514,0
2213,2213,0
2243,2243,0
1749,1749,0
2897,2897,0
813,813,0
2768,2768,0
2274,2274,0
1341,1341,0
2484,2484,0
1183,1183,0
2837,2837,0
2153,2153,0
1890,1890,0
2418,2418,0
1718,1718,0
1723,1723,0
3023,3023,0
2283,2283,0
2399,2399,0
1856,1856,0
1191,1191,0
1890,1890,0
1318,1318,0
1062,1062,0
1755,1755,0
1295,1295,0
1979,1979,0
2696,2696,0
498,498,0
1139,1139,0
3195,3195,0
2565,2565,0
2581,2581,0
1247,1247,0
2933,2933,0
1328,1328,0
2541,2541,0
1581,1581,0
2016,2016,0
2158,2158,0
2641,2641,0
2045,2045,0
2179,2179,0
1597,1597,0
1616,1616,0
2172,2172,0
1380,1380,0
2879,2879,0
2318,2318,0
1480,1480,0
2294,2294,0
2117,2117,0
1730,1730,0
2291,2291,0
1937,1937,0
1920,1920,0
1793,1793,0
1636,1636,0
1377,1377,0
2035,2035,0
1729,1729,0
1598,1598,0
1486,1486,0
1882,1882,0
2368,2368,0
3057,3057,0
2300,2300,0
834,834,0
1784,1784,0
760,760,0
2792,2792,0
1620,1620,0
1818,1818,0
2020,2020,0
1445,1445,0
1658,1658,0
2678,2678,0
3221,3221,0
1954,1954,0
3338,3338,0
753,753,0
2601,2601,0
3432,3432,0
1284,1284,0
1665,1665,0
2428,2428,0
1761,1761,0
2797,2797,0
2545,2545,0
2471,2471,0
1740,1740,0
2947,2947,0
1619,1619,0
3032,3032,0
3268,3268,0
814,814,0
2177,2177,0
1968,1968,0
2233,2233,0
1803,1803,0
1930,1930,0
2084,2084,0
1887,1887,0
2830,2830,0
1985,1985,0
2675,2675,0
1254,1254,0
1881,1881,0
1821,1821,0
1895,1895,0
1670,1670,0
1816,1816,0
1512,1512,0
2436,2436,0
2111,2111,0
2281,2281,0
2682,2682,0
1354,1354,0
723,723,0
1326,1326,0
1335,1335,0
1678,1678,0
1060,1060,0
2974,2974,0
1752,1752,0
1671,1671,0
2347,2347,0
941,941,0
1525,1525,0
2344,2344,0
2434,2434,0
910,910,0
1945,1945,0
1300,1300,0
1975,1975,0
3304,3304,0
1336,1336,0
2423,2423,0
1989,1989,0
533,533,0
1776,1776,0
2240,2240,0
2980,2980,0
2119,2119,0
2091,2091,0
2296,2296,0
1315,1315,0
2185,2185,0
1849,1849,0
2264,2264,0
1880,1880,0
1337,1337,0
2201,2201,0
1373,1373,0
2257,2257,0
1525,1525,0
3082,3082,0
2724,2724,0
2131,2131,0
1597,1597,0
2859,2859,0
1599,1599,0
1890,1890,0
1789,1789,0
1828,1828,0
1688,1688,0
1519,1519,0
2018,2018,0
2755,2755,0
2799,2799,0
2125,2125,0
908,908,0
2664,2664,0
2030,2030,0
1761,1761,0
2152,2152,0
1725,1725,0
831,831,0
3077,3077,0
1248,1248,0
1665,1665,0
2171,2171,0
3118,3118,0
1624,1624,0
1406,1406,0
1216,1216,0
2293,2293,0
2660,2660,0
614,614,0
1823,1823,0
2478,2478,0
2456,2456,0
2000,2000,0
1715,1715,0
1321,1321,0
2099,2099,0
1386,1386,0
2438,2438,0
1904,1904,0
2427,2427,0
1643,1643,0
1408,1408,0
2374,2374,0
2358,2358,0
2190,2190,0
1567,1567,0
2413,2413,0
2494,2494,0
2187,2187,0
2084,2084,0
3037,3037,0
2047,2047,0
1409,1409,0
1979,1979,0
1609,1609,0
1799,1799,0
1154,1154,0
1313,1313,0
2772,2772,0
1554,1554,0
2834,2834,0
2036,2036,0
751,751,0
2888,2888,0
992,992,0
2343,2343,0
949,949,0
2557,2557,0
2218,2218,0
1413,1413,0
2343,2343,0
2059,2059,0
2182,2182,0
1512,1512,0
2018,2018,0
1596,1596,0
1840,1840,0
2424,2424,0
2437,2437,0
2558,2558,0
1041,1041,0
2506,2506,0
2159,2159,0
3127,3127,0
2342,2342,0
1579,1579,0
997,997,0
1932,1932,0
1496,1496,0
2101,2101,0
2171,2171,0
1755,1755,0
2381,2381,0
1667,1667,0
2731,2731,0
2218,2218,0
1876,1876,0
1384,1384,0
2589,2589,0
1736,1736,0
2476,2476,0
798,798,0
1656,1656,0
2259,2259,0
1976,1976,0
1842,1842,0
2143,2143,0
2412,2412,0
2520,2520,0
2225,2225,0
1348,1348,0
3044,3044,0
1923,1923,0
2004,2004,0
2703,2703,0
2128,2128,0
1408,1408,0
2967,2967,0
1952,1952,0
3239,3239,0
2841,2841,0
2211,2211,0
1800,1800,0
1339,1339,0
1807,1807,0
2172,2172,0
1800,1800,0
3010,3010,0
2838,2838,0
3018,3018,0
1692,1692,0
1186,1186,0
852,852,0
3172,3172,0
1733,1733,0
1814,1814,0
1205,1205,0
1345,1345,0
1654,1654,0
1391,1391,0
3154,3154,0
3896,3896,0
1675,1675,0
1655,1655,0
1954,1954,0
2662,2662,0
1571,1571,0
3041,3041,0
1893,1893,0
1439,1439,0
2250,2250,0
663,663,0
2102,2102,0
1962,1962,0
2418,2418,0
1631,1631,0
3474,3474,0
2147,2147,0
1039,1039,0
1448,1448,0
2280,2280,0
105,105,0
1752,1752,0
3043,3043,0
1568,1568,0
3019,3019,0
2584,2584,0
2228,2228,0
2814,2814,0
2545,2545,0
3468,3468,0
1440,1440,0
1295,1295,0
948,948,0
1758,1758,0
1301,1301,0
706,706,0
2438,2438,0
2945,2945,0
2711,2711,0
1946,1946,0
1687,1687,0
591,591,0
2459,2459,0
3094,3094,0
649,649,0
2481,2481,0
3101,3101,0
2549,2549,0
1671,1671,0
1750,1750,0
2054,2054,0
3148,3148,0
1663,1663,0
2527,2527,0
3134,3134,0
2135,2135,0
2855,2855,0
2634,2634,0
3230,3230,0
1923,1923,0
2338,2338,0
2267,2267,0
1575,1575,0
2543,2543,0
2315,2315,0
1835,1835,0
2508,2508,0
2205,2205,0
2447,2447,0
906,906,0
2445,2445,0
1295,1295,0
2876,2876,0
2435,2435,0
2092,2092,0
1556,1556,0
1190,1190,0
2224,2224,0
2404,2404,0
2346,2346,0
2354,2354,0
3008,3008,0
1023,1023,0
804,804,0
2255,2255,0
2270,2270,0
1228,1228,0
2141,2141,0
1485,1485,0
942,942,0
2830,2830,0
1872,1872,0
1907,1907,0
2283,2283,0
1722,1722,0
2615,2615,0
2078,2078,0
2006,2006,0
2907,2907,0
2596,2596,0
2232,2232,0
3221,3221,0
1316,1316,0
1771,1771,0
2396,2396,0
1566,1566,0
2674,2674,0
1470,1470,0
1408,1408,0
1230,1230,0
2423,2423,0
2764,2764,0
1595,1595,0
3187,3187,0
2096,2096,0
2893,2893,0
2034,2034,0
2610,2610,0
3240,3240,0
3178,3178,0
2152,2152,0
1840,1840,0
1524,1524,0
1711,1711,0
1624,1624,0
2734,2734,0
2594,2594,0
1186,1186,0
2863,2863,0
1259,1259,0
2323,2323,0
1347,1347,0
1803,1803,0
1759,1759,0
848,848,0
2520,2520,0
1250,1250,0
2409,2409,0
1299,1299,0
2420,2420,0
2827,2827,0
3517,3517,0
1875,1875,0
3238,3238,0
2579,2579,0
968,968,0
2774,2774,0
4094,4094,0
2027,2027,0
1698,1698,0
1079,1079,0
2349,2349,0
2007,2007,0
1652,1652,0
2266,2266,0
1047,1047,0
3388,3388,0
2888,2888,0
1147,1147,0
2287,2287,0
1716,1716,0
1262,1262,0
3595,3595,0
2173,2173,0
2387,2387,0
482,482,0
1797,1797,0
1854,1854,0
2452,2452,0
2540,2540,0
1659,1659,0
202,202,0
2026,2026,0
1883,1883,0
2158,2158,0
2133,2133,0
2139,2139,0
2675,2675,0
2354,2354,0
1118,1118,0
3178,3178,0
2126,2126,0
2377,2377,0
2946,2946,0
1894,1894,0
1756,1756,0
1695,1695,0
2571,2571,0
2546,2546,0
3338,3338,0
1731,1731,0
1781,1781,0
2343,2343,0
1261,1261,0
1585,1585,0
2028,2028,0
1498,1498,0
2040,2040,0
1481,1481,0
2559,2559,0
2416,2416,0
2827,2827,0
1999,1999,0
878,878,0
2193,2193,0
2014,2014,0
1373,1373,0
2279,2279,0
2159,2159,0
2737,2737,0
1251,1251,0
2729,2729,0
956,956,0
1933,1933,0
1007,1007,0
2550,2550,0
2118,2118,0
2032,2032,0
2468,2468,0
2841,2841,0
879,879,0
785,785,0
2191,2191,0
2632,2632,0
1523,1523,0
1932,1932,0
2000,2000,0
2319,2319,0
2733,2733,0
3159,3159,0
1698,1698,0
2382,2382,0
804,804,0
1753,1753,0
2128,2128,0
1061,1061,0
2813,2813,0
1927,1927,0
1321,1321,0
2507,2507,0
1789,1789,0
2071,2071,0
1882,1882,0
3203,3203,0
1666,1666,0
1715,1715,0
1404,1404,0
2130,2130,0
1479,1479,0
1051,1051,0
1437,1437,0
2434,2434,0
1569,1569,0
2576,2576,0
2486,2486,0
1539,1539,0
1972,1972,0
2111,2111,0
2734,2734,0
896,896,0
3208,3208,0
2603,2603,0
2856,2856,0
2448,2448,0
2471,2471,0
599,599,0
1404,1404,0
2286,2286,0
2477,2477,0
1210,1210,0
1999,1999,0
2209,2209,0
431,431,0
1751,1751,0
2145,2145,0
1949,1949,0
2717,2717,0
2439,2439,0
2683,2683,0
3008,3008,0
2561,2561,0
2278,2278,0
3409,3409,0
1693,1693,0
2988,2988,0
1080,1080,0
2251,2251,0
2183,2183,0
3020,3020,0
2026,2026,0
1679,1679,0
1413,1413,0
2470,2470,0
2470,2470,0
1722,1722,0
2957,2957,0
2281,2281,0
2319,2319,0
2505,2505,0
2432,2432,0
1126,1126,0
2467,2467,0
2125,2125,0
1539,1539,0
1223,1223,0
2925,2925,0
1896,1896,0
472,472,0
3204,3204,0
1572,1572,0
3849,3849,0
1641,1641,0
1555,1555,0
2411,2411,0
2102,2102,0
2692,2692,0
672,672,0
1426,1426,0
2636,2636,0
2273,2273,0
2854,2854,0
2037,2037,0
2985,2985,0
1837,1837,0
2996,2996,0
2342,2342,0
2325,2325,0
1677,1677,0
2989,2989,0
1949,1949,0
2280,2280,0
1486,1486,0
3166,3166,0
2532,2532,0
2658,2658,0
2101,2101,0
2534,2534,0
799,799,0
1506,1506,0
2015,2015,0
1798,1798,0
1789,1789,0
1227,1227,0
3102,3102,0
2814,2814,0
1427,1427,0
2086,2086,0
1612,1612,0
1499,1499,0
2126,2126,0
1630,1630,0
2643,2643,0
2712,2712,0
2189,2189,0
3016,3016,0
2115,2115,0
1458,1458,0
2859,2859,0
2658,2658,0
684,684,0
1168,1168,0
1379,1379,0
1912,1912,0
1045,1045,0
1413,1413,0
1390,1390,0
2912,2912,0
976,976,0
2160,2160,0
2851,2851,0
1655,1655,0
2476,2476,0
1618,1618,0
2383,2383,0
1991,1991,0
1841,1841,0
1923,1923,0
2319,2319,0
2060,2060,0
2186,2186,0
2704,2704,0
1766,1766,0
1349,1349,0
1791,1791,0
339,339,0
2336,2336,0
2591,2591,0
2246,2246,0
1635,1635,0
1884,1884,0
1556,1556,0
1971,1971,0
2071,2071,0
1224,1224,0
1269,1269,0
2061,2061,0
718,718,0
1869,1869,0
1553,1553,0
2643,2643,0
2601,2601,0
1984,1984,0
2522,2522,0
2230,2230,0
1783,1783,0
2708,2708,0
1889,1889,0
1965,1965,0
2082,2082,0
1552,1552,0
1989,1989,0
566,566,0
887,887,0
1742,1742,0
2822,2822,0
2935,2935,0
2794,2794,0
2535,2535,0
1730,1730,0
1980,1980,0
1173,1173,0
1645,1645,0
1573,1573,0
2264,2264,0
318,318,0
3113,3113,0
2613,2613,0
2168,2168,0
1732,1732,0
2285,2285,0
2027,2027,0
1804,1804,0
2879,2879,0
889,889,0
604,604,0
1782,1782,0
900,900,0
924,924,0
3240,3240,0
2411,2411,0
2440,2440,0
742,742,0
2791,2791,0
2390,2390,0
1855,1855,0
2047,2047,0
2538,2538,0
2300,2300,0
2058,2058,0
1938,1938,0
2900,2900,0
2150,2150,0
1430,1430,0
1351,1351,0
1555,1555,0
2628,2628,0
1522,1522,0
2008,2008,0
1830,1830,0
2461,2461,0
2364,2364,0
1397,1397,0
2369,2369,0
1274,1274,0
1760,1760,0
2198,2198,0
1869,1869,0
2814,2814,0
688,688,0
2373,2373,0
2146,2146,0
2537,2537,0
1462,1462,0
630,630,0
1446,1446,0
2090,2090,0
1860,1860,0
1469,1469,0
4094,4094,0
2370,2370,0
2313,2313,0
2776,2776,0
2632,2632,0
2669,2669,0
1327,1327,0
1647,1647,0
1998,1998,0
1561,1561,0
2654,2654,0
2439,2439,0
3096,3096,0
1824,1824,0
2524,2524,0
1661,1661,0
1860,1860,0
2680,2680,0
2484,2484,0
3041,3041,0
901,901,0
2361,2361,0
1440,1440,0
2329,2329,0
902,902,0
2294,2294,0
1322,1322,0
2161,2161,0
1615,1615,0
2390,2390,0
2748,2748,0
3073,3073,0
1846,1846,0
808,808,0
2384,2384,0
3082,3082,0
1590,1590,0
3411,3411,0
2541,2541,0
3281,3281,0
2032,2032,0
1457,1457,0
1987,1987,0
1733,1733,0
2165,2165,0
2640,2640,0
2384,2384,0
2901,2901,0
1814,1814,0
1464,1464,0
1653,1653,0
1230,1230,0
2729,2729,0
3378,3378,0
2500,2500,0
3514,3514,0
1921,1921,0
1264,1264,0
2825,2825,0
2949,2949,0
1008,1008,0
2000,2000,0
2474,2474,0
1781,1781,0
1895,1895,0
1131,1131,0
2925,2925,0
2075,2075,0
1193,1193,0
769,769,0
1849,1849,0
1930,1930,0
1708,1708,0
3435,3435,0
2057,2057,0
2352,2352,0
2974,2974,0
2440,2440,0
2859,2859,0
2520,2520,0
1346,1346,0
2521,2521,0
1698,1698,0
2224,2224,0
1026,1026,0
2178,2178,0
3958,3958,0
1877,1877,0
1566,1566,0
2398,2398,0
3174,3174,0
2510,2510,0
2275,2275,0
2945,2945,0
2183,2183,0
1995,1995,0
1207,1207,0
2833,2833,0
1611,1611,0
1852,1852,0
2000,2000,0
2179,2179,0
1022,1022,0
1249,1249,0
798,798,0
2573,2573,0
2807,2807,0
2659,2659,0
2229,2229,0
1497,1497,0
2061,2061,0
2250,2250,0
1450,1450,0
2522,2522,0
2079,2079,0
3471,3471,0
1495,1495,0
962,962,0
1939,1939,0
1589,1589,0
1380,1380,0
1113,1113,0
1350,1350,0
2769,2769,0
2530,2530,0
2871,2871,0
2479,2479,0
1818,1818,0
1400,1400,0
3109,3109,0
1685,1685,0
1828,1828,0
2645,2645,0
1722,1722,0
612,612,0
2859,2859,0
3270,3270,0
2031,2031,0
2800,2800,0
3528,3528,0
3111,3111,0
2565,2565,0
1758,1758,0
2722,2722,0
2652,2652,0
2131,2131,0
2669,2669,0
2257,2257,0
2193,2193,0
1991,1991,0
2216,2216,0
1923,1923,0
2171,2171,0
1333,1333,0
1465,1465,0
1759,1759,0
2244,2244,0
2156,2156,0
2391,2391,0
2140,2140,0
1882,1882,0
1873,1873,0
934,934,0
1850,1850,0
2188,2188,0
1608,1608,0
2848,2848,0
1686,1686,0
1915,1915,0
2428,2428,0
1988,1988,0
1205,1205,0
1678,1678,0
1577,1577,0
1637,1637,0
1536,1536,0
2065,2065,0
2481,2481,0
933,933,0
1703,1703,0
1954,1954,0
1189,1189,0
1207,1207,0
3275,3275,0
2632,2632,0
2024,2024,0
2853,2853,0
1793,1793,0
3372,3372,0
2500,2500,0
1590,1590,0
2557,2557,0
2196,2196,0
2006,2006,0
1507,1507,0
1041,1041,0
2275,2275,0
3367,3367,0
3163,3163,0
2217,2217,0
2645,2645,0
2831,2831,0
1423,1423,0
1235,1235,0
2898,2898,0
2188,2188,0
2277,2277,0
2379,2379,0
1670,1670,0
3157,3157,0
2730,2730,0
1643,1643,0
2157,2157,0
1646,1646,0
2395,2395,0
1785,1785,0
2255,2255,0
2837,2837,0
2896,2896,0
2293,2293,0
2359,2359,0
2486,2486,0
2725,2725,0
1258,1258,0
3142,3142,0
1528,1528,0
817,817,0
933,933,0
2337,2337,0
2196,2196,0
1811,1811,0
2225,2225,0
2577,2577,0
2103,2103,0
2786,2786,0
2857,2857,0
1942,1942,0
1448,1448,0
2635,2635,0
1684,1684,0
2410,2410,0
2224,2224,0
2215,2215,0
1148,1148,0
1705,1705,0
822,822,0
2437,2437,0
1863,1863,0
899,899,0
2892,2892,0
3546,3546,0
2824,2824,0
1958,1958,0
2749,2749,0
1380,1380,0
1115,1115,0
2182,2182,0
2217,2217,0
2988,2988,0
2740,2740,0
2019,2019,0
2529,2529,0
1734,1734,0
3056,3056,0
1881,1881,0
824,824,0
2430,2430,0
3126,3126,0
1118,1118,0
2004,2004,0
1689,1689,0
1535,1535,0
2432,2432,0
2225,2225,0
1063,1063,0
2463,2463,0
2370,2370,0
2359,2359,0
2662,2662,0
1877,1877,0
1457,1457,0
1561,1561,0
2353,2353,0
630,630,0
2096,2096,0
1616,1616,0
1970,1970,0
2320,2320,0
1647,1647,0
1818,1818,0
3039,3039,0
1664,1664,0
3397,3397,0
1931,1931,0
2393,2393,0
1901,1901,0
2050,2050,0
1541,1541,0
1768,1768,0
2357,2357,0
1278,1278,0
2340,2340,0
2218,2218,0
1771,1771,0
2523,2523,0
2693,2693,0
1732,1732,0
1717,1717,0
1376,1376,0
1216,1216,0
1877,1877,0
2983,2983,0
1572,1572,0
2175,2175,0
2114,2114,0
1944,1944,0
3255,3255,0
2108,2108,0
2266,2266,0
729,729,0
2406,2406,0
1679,1679,0
2057,2057,0
2513,2513,0
2145,2145,0
3190,3190,0
2565,2565,0
2241,2241,0
3056,3056,0
1924,1924,0
984,984,0
2376,2376,0
1633,1633,0
1895,1895,0
2179,2179,0
2408,2408,0
2050,2050,0
3035,3035,0
1362,1362,0
2326,2326,0
1459,1459,0
1928,1928,0
2416,2416,0
2006,2006,0
2520,2520,0
2498,2498,0
2622,2622,0
2554,2554,0
1825,1825,0
2149,2149,0
2568,2568,0
3226,3226,0
453,453,0
944,944,0
3151,3151,0
1252,1252,0
2556,2556,0
2048,2048,0
2136,2136,0
1679,1679,0
2800,2800,0
3296,3296,0
1321,1321,0
1610,1610,0
1762,1762,0
2691,2691,0
2896,2896,0
1890,1890,0
1704,1704,0
974,974,0
1440,1440,0
2120,2120,0
2114,2114,0
928,928,0
3389,3389,0
1791,1791,0
2432,2432,0
2637,2637,0
2202,2202,0
2175,2175,0
2382,2382,0
2151,2151,0
2340,2340,0
774,774,0
2457,2457,0
1948,1948,0
1283,1283,0
2589,2589,0
1309,1309,0
2589,2589,0
1901,1901,0
483,483,0
2348,2348,0
2524,2524,0
3026,3026,0
1475,1475,0
2626,2626,0
2269,2269,0
836,836,0
2181,2181,0
1620,1620,0
2164,2164,0
1758,1758,0
2746,2746,0
1560,1560,0
3200,3200,0
1296,1296,0
1557,1557,0
1837,1837,0
3024,3024,0
1967,1967,0
2211,2211,0
1126,1126,0
2380,2380,0
1821,1821,0
1979,1979,0
1652,1652,0
2682,2682,0
2055,2055,0
3149,3149,0
1752,1752,0
2522,2522,0
2027,2027,0
1158,1158,0
1753,1753,0
2065,2065,0
2456,2456,0
1050,1050,0
2264,2264,0
1516,1516,0
2651,2651,0
2981,2981,0
1181,1181,0
2885,2885,0
454,454,0
1637,1637,0
3349,3349,0
1024,1024,0
1244,1244,0
1443,1443,0
1360,1360,0
2791,2791,0
3662,3662,0
2100,2100,0
1824,1824,0
3204,3204,0
2867,2867,0
1996,1996,0
1114,1114,0
2021,2021,0
2649,2649,0
1821,1821,0
2630,2630,0
3226,3226,0
2152,2152,0
1694,1694,0
1531,1531,0
1537,1537,0
2085,2085,0
1994,1994,0
3323,3323,0
2517,2517,0
2353,2353,0
3371,3371,0
2802,2802,0
2870,2870,0
1811,1811,0
1568,1568,0
1938,1938,0
2082,2082,0
1403,1403,0
2019,2019,0
1748,1748,0
2227,2227,0
679,679,0
1603,1603,0
1478,1478,0
1660,1660,0
2244,2244,0
1970,1970,0
2360,2360,0
1853,1853,0
1966,1966,0
1955,1955,0
1637,1637,0
1532,1532,0
1188,1188,0
1510,1510,0
2569,2569,0
2575,2575,0
2130,2130,0
2829,2829,0
2433,2433,0
1152,1152,0
2396,2396,0
2038,2038,0
1988,1988,0
2209,2209,0
2789,2789,0
1830,1830,0
2979,2979,0
1543,1543,0
3213,3213,0
2029,2029,0
1381,1381,0
1868,1868,0
2105,2105,0
2509,2509,0
1763,1763,0
1427,1427,0
1034,1034,0
3735,3735,0
3181,3181,0
2475,2475,0
2333,2333,0
2301,2301,0
1884,1884,0
2744,2744,0
2593,2593,0
2758,2758,0
2273,2273,0
1040,1040,0
1917,1917,0
2539,2539,0
1355,1355,0
602,602,0
3303,3303,0
2106,2106,0
2858,2858,0
1323,1323,0
271,271,0
1223,1223,0
2446,2446,0
2296,2296,0
1220,1220,0
1056,1056,0
975,975,0
2511,2511,0
2173,2173,0
1650,1650,0
2599,2599,0
2170,2170,0
2866,2866,0
2744,2744,0
3199,3199,0
2321,2321,0
827,827,0
1711,1711,0
1336,1336,0
1930,1930,0
2359,2359,0
1200,1200,0
1935,1935,0
3230,3230,0
2992,2992,0
1627,1627,0
1946,1946,0
2013,2013,0
1724,1724,0
3129,3129,0
2399,2399,0
469,469,0
2391,2391,0
2165,2165,0
2583,2583,0
1462,1462,0
2156,2156,0
214,214,0
2488,2488,0
3183,3183,0
2060,2060,0
2681,2681,0
2889,2889,0
1796,1796,0
1353,1353,0
1773,1773,0
2086,2086,0
1602,1602,0
2109,2109,0
1883,1883,0
2012,2012,0
2669,2669,0
2261,2261,0
2473,2473,0
1730,1730,0
1647,1647,0
975,975,0
986,986,0
3203,3203,0
1985,1985,0
1612,1612,0
2110,2110,0
2592,2592,0
2285,2285,0
2411,2411,0
1972,1972,0
1870,1870,0
960,960,0
2510,2510,0
2477,2477,0
2579,2579,0
4094,4094,0
2562,2562,0
2772,2772,0
2201,2201,0
2273,2273,0
1418,1418,0
2788,2788,0
666,666,0
2574,2574,0
2147,2147,0
1269,1269,0
1941,1941,0
802,802,0
1878,1878,0
1273,1273,0
2641,2641,0
1493,1493,0
2492,2492,0
2179,2179,0
1822,1822,0
1687,1687,0
1587,1587,0
3385,3385,0
2754,2754,0
688,688,0
1701,1701,0
2954,2954,0
2312,2312,0
2677,2677,0
2349,2349,0
1679,1679,0
3363,3363,0
461,461,0
2420,2420,0
3284,3284,0
2345,2345,0
2471,2471,0
2207,2207,0
2063,2063,0
2047,2047,0
2645,2645,0
2253,2253,0
1744,1744,0
1543,1543,0
2952,2952,0
2431,2431,0
1514,1514,0
1203,1203,0
2265,2265,0
2740,2740,0
1418,1418,0
2031,2031,0
3527,3527,0
915,915,0
2641,2641,0
1722,1722,0
2130,2130,0
2948,2948,0
1965,1965,0
2074,2074,0
2235,2235,0
1574,1574,0
2152,2152,0
1632,1632,0
3079,3079,0
2160,2160,0
765,765,0
1106,1106,0
681,681,0
1733,1733,0
1808,1808,0
1770,1770,0
2592,2592,0
1366,1366,0
1889,1889,0
2309,2309,0
2162,2162,0
2881,2881,0
2576,2576,0
2597,2597,0
2002,2002,0
2300,2300,0
2602,2602,0
2398,2398,0
2311,2311,0
3281,3281,0
2109,2109,0
2700,2700,0
2298,2298,0
2108,2108,0
2304,2304,0
1184,1184,0
2442,2442,0
1516,1516,0
2005,2005,0
2740,2740,0
1764,1764,0
2167,2167,0
3537,3537,0
2858,2858,0
1999,1999,0
2327,2327,0
991,991,0
1777,1777,0
2435,2435,0
2624,2624,0
2238,2238,0
2584,2584,0
1478,1478,0
2210,2210,0
3097,3097,0
2508,2508,0
1385,1385,0
1532,1532,0
1644,1644,0
1880,1880,0
2175,2175,0
1103,1103,0
2485,2485,0
2061,2061,0
1540,1540,0
2508,2508,0
35,35,0
2205,2205,0
1081,1081,0
2913,2913,0
2752,2752,0
2496,2496,0
1678,1678,0
3569,3569,0
3489,3489,0
1000,1000,0
1885,1885,0
2836,2836,0
1710,1710,0
1261,1261,0
1985,1985,0
2086,2086,0
1023,1023,0
2352,2352,0
2239,2239,0
1313,1313,0
1572,1572,0
1577,1577,0
1649,1649,0
2671,2671,0
2031,2031,0
2115,2115,0
2604,2604,0
2453,2453,0
2104,2104,0
2388,2388,0
2397,2397,0
2079,2079,0
2123,2123,0
662,662,0
1950,1950,0
1656,1656,0
2371,2371,0
2209,2209,0
1536,1536,0
2313,2313,0
2801,2801,0
2456,2456,0
2626,2626,0
1675,1675,0
3154,3154,0
1742,1742,0
2068,2068,0
2112,2112,0
1050,1050,0
1938,1938,0
1554,1554,0
1534,1534,0
2293,2293,0
2424,2424,0
1943,1943,0
3099,3099,0
3035,3035,0
297,297,0
2651,2651,0
3628,3628,0
2485,2485,0
2144,2144,0
3723,3723,0
3438,3438,0
2620,2620,0
1517,1517,0
2736,2736,0
1343,1343,0
1955,1955,0
1369,1369,0
1324,1324,0
1327,1327,0
2203,2203,0
1284,1284,0
2268,2268,0
2635,2635,0
2104,2104,0
2871,2871,0
2385,2385,0
2303,2303,0
1746,1746,0
2497,2497,0
1725,1725,0
2346,2346,0
1696,1696,0
2888,2888,0
3697,3697,0
1415,1415,0
3126,3126,0
2651,2651,0
2490,2490,0
1869,1869,0
2337,2337,0
483,483,0
2921,2921,0
1,1,0
429,429,0
2581,2581,0
1771,1771,0
2131,2131,0
1657,1657,0
2835,2835,0
507,507,0
1921,1921,0
2162,2162,0
3164,3164,0
1326,1326,0
2108,2108,0
2875,2875,0
2011,2011,0
1304,1304,0
1964,1964,0
2882,2882,0
1289,1289,0
2501,2501,0
3029,3029,0
1373,1373,0
2864,2864,0
2640,2640,0
1927,1927,0
1974,1974,0
503,503,0
2573,2573,0
1982,1982,0
646,646,0
1835,1835,0
2023,2023,0
2358,2358,0
1016,1016,0
2219,2219,0
747,747,0
1507,1507,0
2613,2613,0
1925,1925,0
1269,1269,0
2147,2147,0
1723,1723,0
1713,1713,0
2428,2428,0
2495,2495,0
1423,1423,0
3435,3435,0
1005,1005,0
1312,1312,0
1669,1669,0
1590,1590,0
2210,2210,0
2697,2697,0
1523,1523,0
2821,2821,0
1842,1842,0
1825,1825,0
1868,1868,0
3189,3189,0
1727,1727,0
1549,1549,0
3157,3157,0
1935,1935,0
1876,1876,0
1387,1387,0
2578,2578,0
3195,3195,0
1,1,0
2377,2377,0
2306,2306,0
2125,2125,0
2647,2647,0
1523,1523,0
3313,3313,0
1629,1629,0
1809,1809,0
1404,1404,0
2868,2868,0
2810,2810,0
1415,1415,0
2813,2813,0
2739,2739,0
2245,2245,0
3237,3237,0
1020,1020,0
2508,2508,0
881,881,0
1674,1674,0
1767,1767,0
2348,2348,0
1755,1755,0
1260,1260,0
3247,3247,0
3052,3052,0
2516,2516,0
1673,1673,0
2749,2749,0
2360,2360,0
3006,3006,0
3011,3011,0
2450,2450,0
111,111,0
1502,1502,0
2813,2813,0
2788,2788,0
1132,1132,0
2342,2342,0
1729,1729,0
2693,2693,0
2004,2004,0
1777,1777,0
1881,1881,0
2057,2057,0
2125,2125,0
2108,2108,0
3638,3638,0
1865,1865,0
2282,2282,0
2793,2793,0
1963,1963,0
2755,2755,0
2726,2726,0
2268,2268,0
1531,1531,0
2344,2344,0
1968,1968,0
1825,1825,0
2196,2196,0
1684,1684,0
1584,1584,0
2027,2027,0
1559,1559,0
1771,1771,0
2684,2684,0
2657,2657,0
2844,2844,0
823,823,0
3055,3055,0
2498,2498,0
1634,1634,0
1857,1857,0
2028,2028,0
2194,2194,0
1365,1365,0
2612,2612,0
2106,2106,0
1879,1879,0
1534,1534,0
1892,1892,0
2130,2130,0
2451,2451,0
1930,1930,0
2959,2959,0
3033,3033,0
1674,1674,0
1698,1698,0
1442,1442,0
2576,2576,0
788,788,0
1645,1645,0
1929,1929,0
1996,1996,0
1114,1114,0
1673,1673,0
2915,2915,0
2454,2454,0
2631,2631,0
3730,3730,0
808,808,0
2631,2631,0
2533,2533,0
1784,1784,0
3155,3155,0
1426,1426,0
2175,2175,0
2341,2341,0
1281,1281,0
2612,2612,0
1870,1870,0
2971,2971,0
1811,1811,0
691,691,0
2497,2497,0
1873,1873,0
1441,1441,0
2573,2573,0
2048,2048,0
2163,2163,0
1941,1941,0
2440,2440,0
2625,2625,0
1859,1859,0
1271,1271,0
1960,1960,0
3422,3422,0
711,711,0
2709,2709,0
2518,2518,0
1691,1691,0
1959,1959,0
2617,2617,0
2454,2454,0
1587,1587,0
1470,1470,0
2707,2707,0
2232,2232,0
1194,1194,0
1594,1594,0
1948,1948,0
2506,2506,0
3095,3095,0
2263,2263,0
2243,2243,0
2972,2972,0
1570,1570,0
2037,2037,0
601,601,0
3379,3379,0
1912,1912,0
705,705,0
2594,2594,0
1916,1916,0
1606,1606,0
3845,3845,0
1950,1950,0
2099,2099,0
3243,3243,0
1152,1152,0
1566,1566,0
1804,1804,0
2320,2320,0
1280,1280,0
1911,1911,0
2242,2242,0
2455,2455,0
1327,1327,0
130,130,0
2326,2326,0
1628,1628,0
2161,2161,0
1015,1015,0
1957,1957,0
1784,1784,0
1531,1531,0
2460,2460,0
2413,2413,0
1847,1847,0
536,536,0
3371,3371,0
1579,1579,0
2682,2682,0
810,810,0
1347,1347,0
1154,1154,0
1897,1897,0
699,699,0
2612,2612,0
2305,2305,0
1202,1202,0
1581,1581,0
821,821,0
2639,2639,0
2873,2873,0
1313,1313,0
2051,2051,0
3349,3349,0
1814,1814,0
1242,1242,0
2410,2410,0
1729,1729,0
2403,2403,0
2811,2811,0
2350,2350,0
1914,1914,0
2040,2040,0
1591,1591,0
2850,2850,0
741,741,0
2944,2944,0
2290,2290,0
1255,1255,0
1030,1030,0
3078,3078,0
1264,1264,0
2614,2614,0
3274,3274,0
666,666,0
854,854,0
2230,2230,0
3570,3570,0
1948,1948,0
3638,3638,0
1183,1183,0
2192,2192,0
1531,1531,0
2223,2223,0
2103,2103,0
1853,1853,0
1532,1532,0
2829,2829,0
2087,2087,0
1690,1690,0
2110,2110,0
2122,2122,0
3196,3196,0
1856,1856,0
1709,1709,0
1184,1184,0
3857,3857,0
1348,1348,0
2572,2572,0
1312,1312,0
2453,2453,0
1587,1587,0
237,237,0
2932,2932,0
1843,1843,0
1380,1380,0
2449,2449,0
1317,1317,0
1915,1915,0
2062,2062,0
2485,2485,0
2509,2509,0
2569,2569,0
2284,2284,0
2580,2580,0
2469,2469,0
1920,1920,0
2357,2357,0
1589,1589,0
2752,2752,0
1710,1710,0
1396,1396,0
2288,2288,0
2486,2486,0
2150,2150,0
2432,2432,0
2433,2433,0
1213,1213,0
2308,2308,0
1650,1650,0
1854,1854,0
1986,1986,0
3901,3901,0
2733,2733,0
3402,3402,0
1868,1868,0
1726,1726,0
2651,2651,0
2495,2495,0
1626,1626,0
2907,2907,0
3106,3106,0
1574,1574,0
1578,1578,0
1056,1056,0
275,275,0
2625,2625,0
2371,2371,0
1302,1302,0
2271,2271,0
2117,2117,0
2478,2478,0
1599,1599,0
1817,1817,0
2193,2193,0
2381,2381,0
1944,1944,0
401,401,0
2159,2159,0
1954,1954,0
1189,1189,0
2721,2721,0
2956,2956,0
2378,2378,0
2398,2398,0
2266,2266,0
2445,2445,0
2611,2611,0
487,487,0
2403,2403,0
257,257,0
1797,1797,0
955,955,0
1152,1152,0
1693,1693,0
2718,2718,0
2203,2203,0
2581,2581,0
1847,1847,0
1689,1689,0
2831,2831,0
2076,2076,0
1799,1799,0
3176,3176,0
932,932,0
1701,1701,0
2442,2442,0
1582,1582,0
2225,2225,0
2974,2974,0
1,1,0
1407,1407,0
1316,1316,0
2489,2489,0
1846,1846,0
2119,2119,0
2202,2202,0
1481,1481,0
2205,2205,0
2107,2107,0
2733,2733,0
2487,2487,0
3062,3062,0
1882,1882,0
2515,2515,0
2123,2123,0
951,951,0
1141,1141,0
1603,1603,0
3031,3031,0
2650,2650,0
983,983,0
2040,2040,0
2645,2645,0
2365,2365,0
2814,2814,0
2260,2260,0
676,676,0
3116,3116,0
1145,1145,0
1975,1975,0
1873,1873,0
1441,1441,0
1790,1790,0
1432,1432,0
2109,2109,0
3925,3925,0
3307,3307,0
1537,1537,0
2853,2853,0
1075,1075,0
2071,2071,0
2545,2545,0
2908,2908,0
2137,2137,0
1436,1436,0
2119,2119,0
1665,1665,0
2583,2583,0
1373,1373,0
1109,1109,0
1885,1885,0
3380,3380,0
2047,2047,0
1377,1377,0
1740,1740,0
2533,2533,0
2083,2083,0
1297,1297,0
2391,2391,0
3465,3465,0
2588,2588,0
1716,1716,0
2271,2271,0
1713,1713,0
1994,1994,0
2161,2161,0
1371,1371,0
1982,1982,0
1598,1598,0
862,862,0
1209,1209,0
1534,1534,0
1054,1054,0
1946,1946,0
3625,3625,0
1617,1617,0
862,862,0
2527,2527,0
2981,2981,0
959,959,0
2605,2605,0
1547,1547,0
2260,2260,0
1293,1293,0
1480,1480,0
2152,2152,0
1010,1010,0
2091,2091,0
825,825,0
2434,2434,0
1570,1570,0
638,638,0
1654,1654,0
2722,2722,0
2218,2218,0
1994,1994,0
2016,2016,0
2506,2506,0
861,861,0
2729,2729,0
2446,2446,0
2100,2100,0
1493,1493,0
944,944,0
3883,3883,0
2237,2237,0
2125,2125,0
2875,2875,0
2428,2428,0
2447,2447,0
2392,2392,0
1221,1221,0
1997,1997,0
2379,2379,0
1893,1893,0
2737,2737,0
1017,1017,0
1919,1919,0
1996,1996,0
1911,1911,0
1945,1945,0
1758,1758,0
2308,2308,0
2501,2501,0
2188,2188,0
2143,2143,0
2076,2076,0
1964,1964,0
3191,3191,0
769,769,0
1432,1432,0
2961,2961,0
1875,1875,0
1463,1463,0
1110,1110,0
1605,1605,0
2319,2319,0
2053,2053,0
1672,1672,0
2514,2514,0
2620,2620,0
3237,3237,0
1540,1540,0
4004,4004,0
2978,2978,0
2077,2077,0
1757,1757,0
2428,2428,0
2594,2594,0
2214,2214,0
1868,1868,0
2357,2357,0
1990,1990,0
2626,2626,0
1778,1778,0
3152,3152,0
1539,1539,0
1899,1899,0
1463,1463,0
1484,1484,0
1022,1022,0
2633,2633,0
2587,2587,0
1444,1444,0
2266,2266,0
3330,3330,0
1797,1797,0
2184,2184,0
1373,1373,0
1618,1618,0
1774,1774,0
2449,2449,0
2009,2009,0
1414,1414,0
2648,2648,0
1631,1631,0
2045,2045,0
2622,2622,0
722,722,0
1573,1573,0
2298,2298,0
3095,3095,0
914,914,0
2638,2638,0
2377,2377,0
2204,2204,0
2254,2254,0
3196,3196,0
1704,1704,0
2839,2839,0
2867,2867,0
2716,2716,0
1215,1215,0
2041,2041,0
617,617,0
2520,2520,0
3224,3224,0
2413,2413,0
2230,2230,0
2562,2562,0
2810,2810,0
1817,1817,0
2416,2416,0
1629,1629,0
1164,1164,0
3372,3372,0
1131,1131,0
2975,2975,0
1595,1595,0
4094,4094,0
472,472,0
2695,2695,0
2549,2549,0
2273,2273,0
2065,2065,0
3495,3495,0
1650,1650,0
1052,1052,0
2267,2267,0
2590,2590,0
1356,1356,0
2190,2190,0
2288,2288,0
1483,1483,0
2094,2094,0
1283,1283,0
1298,1298,0
1893,1893,0
3206,3206,0
3986,3986,0
1329,1329,0
2060,2060,0
1645,1645,0
2545,2545,0
2138,2138,0
1450,1450,0
2579,2579,0
2602,2602,0
2027,2027,0
1151,1151,0
2500,2500,0
1849,1849,0
2891,2891,0
1184,1184,0
2449,2449,0
1186,1186,0
1922,1922,0
2513,2513,0
2784,2784,0
2035,2035,0
1541,1541,0
1808,1808,0
1200,1200,0
2970,2970,0
1582,1582,0
1808,1808,0
1950,1950,0
3301,3301,0
1753,1753,0
2046,2046,0
908,908,0
1782,1782,0
3081,3081,0
1629,1629,0
1343,1343,0
2433,2433,0
2211,2211,0
2046,2046,0
1590,1590,0
2259,2259,0
2551,2551,0
2004,2004,0
1512,1512,0
2243,2243,0
2245,2245,0
1911,1911,0
2593,2593,0
2228,2228,0
1592,1592,0
2655,2655,0
3242,3242,0
1685,1685,0
2700,2700,0
1991,1991,0
2248,2248,0
1044,1044,0
2374,2374,0
2936,2936,0
2493,2493,0
2431,2431,0
1316,1316,0
150,150,0
874,874,0
2790,2790,0
1609,1609,0
3544,3544,0
1891,1891,0
2484,2484,0
3033,3033,0
2257,2257,0
3215,3215,0
1381,1381,0
1239,1239,0
2992,2992,0
2580,2580,0
159,159,0
1729,1729,0
2386,2386,0
1312,1312,0
2180,2180,0
2025,2025,0
2128,2128,0
2403,2403,0
1066,1066,0
998,998,0
2087,2087,0
1699,1699,0
2329,2329,0
2205,2205,0
1430,1430,0
2917,2917,0
1269,1269,0
3036,3036,0
1520,1520,0
1937,1937,0
2762,2762,0
2731,2731,0
1117,1117,0
2164,2164,0
1824,1824,0
2108,2108,0
2385,2385,0
3185,3185,0
1504,1504,0
2243,2243,0
2979,2979,0
2241,2241,0
2038,2038,0
1941,1941,0
2248,2248,0
2833,2833,0
2937,2937,0
2160,2160,0
2823,2823,0
3438,3438,0
2683,2683,0
967,967,0
2557,2557,0
1723,1723,0
2271,2271,0
2336,2336,0
2894,2894,0
2337,2337,0
2086,2086,0
1249,1249,0
741,741,0
13776,5584,1
15974,7782,0
748,748,0
1819,1819,0
304,304,0
17930,9738,1
14959,6767,0
14600,6408,0
12573,4381,0
1922,1922,0
18234,10042,0
982,982,0
551,551,0
3762,3762,0
17470,9278,0
9233,13329,1
1261,1261,0
5077,17365,1
7922,20210,0
13087,4895,0
17436,9244,0
15158,6966,0
331,331,0
5757,18045,0
16154,7962,0
17168,8976,0
3539,3539,0
17393,9201,0
15868,7676,0
9540,13636,0
2793,2793,0
4725,17013,0
10719,14815,0
8091,20379,0
15686,7494,0
15757,7565,0
10014,14110,0
13742,5550,0
8636,12732,0
17842,9650,0
8080,20368,0
7293,19581,0
16589,8397,0
12241,16337,0
15912,7720,0
16826,8634,0
16522,8330,0
8974,13070,0
14918,6726,0
410,410,0
10166,14262,0
6276,18564,0
3268,3268,0
7617,19905,0
1380,1380,0
10959,15055,0
4594,16882,0
16040,7848,0
6378,18666,0
16843,8651,0
5589,17877,0
452,452,0
2163,2163,0
10096,14192,0
9014,13110,0
1688,1688,0
3640,3640,0
13701,5509,0
9623,13719,0
5100,17388,0
15432,7240,0
1178,1178,0
1608,1608,0
367,367,0
3430,3430,0
2100,2100,0
17153,8961,0
12557,4365,0
5919,18207,0
2249,2249,0
5866,18154,0
4655,16943,0
1228,1228,0
14368,6176,0
5865,18153,0
9128,13224,0
10756,14852,0
17453,9261,0
8097,20385,0
7297,19585,0
17876,9684,0
13500,5308,0
12010,16106,0
3661,3661,0
5471,17759,0
11414,15510,0
13165,4973,0
6631,18919,0
7634,19922,0
16573,8381,0
12803,4611,0
1374,1374,0
7811,20099,0
10949,15045,0
2419,2419,0
487,487,0
13347,5155,0
12625,4433,0
5255,17543,0
16606,8414,0
9593,13689,0
8934,13030,0
4274,16562,0
15975,7783,0
11970,16066,0
7969,20257,0
14105,5913,0
4115,16403,0
4598,16886,0
18069,9877,0
5427,17715,0
7227,19515,0
5907,18195,0
8695,12791,0
603,603,0
17578,9386,0
16898,8706,0
14230,6038,0
16662,8470,0
298,298,0
3700,3700,0
9481,13577,0
3183,3183,0
9186,13282,0
8498,12594,0
4267,16555,0
11052,15148,0
4890,17178,0
13669,5477,0
14097,5905,0
10308,14404,0
13639,5447,0
3285,3285,0
5442,17730,0
17578,9386,0
1067,1067,0
13648,5456,0
16535,8343,0
9547,13643,0
4638,16926,0
10847,14943,0
11462,15558,0
11562,15658,0
13878,5686,0
9382,13478,0
5793,18081,0
10024,14120,0
16867,8675,0
12762,4570,0
13171,4979,0
18006,9814,0
12226,16322,0
10819,14915,0
4202,16490,0
5935,18223,0
12445,4253,0
1013,1013,0
6981,19269,0
3264,3264,0
3235,3235,0
9250,13346,0
15674,7482,0
263,263,0
13843,5651,0
3410,3410,0
853,853,0
7332,19620,0
925,925,0
12350,4158,0
17935,9743,0
5449,17737,0
6342,18630,0
7244,19532,0
3201,3201,0
3567,3567,0
15771,7579,0
16133,7941,0
10354,14450,0
6696,18984,0
11152,15248,0
2071,2071,0
16012,7820,0
12674,4482,0
12369,4177,0
1269,1269,0
16507,8315,0
14758,6566,0
1099,1099,0
10066,14162,0
16430,8238,0
1965,1965,0
2244,2244,0
8608,12704,0
10246,14342,0
11561,15657,0
7026,19314,0
17046,8854,0
9829,13925,0
8942,13038,0
13153,4961,0
12186,16282,0
14530,6338,0
14291,6099,0
8593,12689,0
3296,3296,0
4260,16548,0
3698,3698,0
1329,1329,0
13572,5380,0
14606,6414,0
8389,12485,0
11629,15725,0
13105,4913,0
3184,3184,0
3374,3374,0
12415,4223,0
7466,19754,0
11237,15333,0
11936,16032,0
13012,4820,0
14412,6220,0
6555,18843,0
14147,5955,0
17092,8900,0
14435,6243,0
14265,6073,0
12942,4750,0
2939,2939,0
3493,3493,0
2784,2784,0
14050,5858,0
15346,7154,0
13428,5236,0
8081,20369,0
492,492,0
340,340,0
78,78,0
8960,13056,0
14972,6780,0
12620,4428,0
9026,13122,0
16513,8321,0
17330,9138,0
12045,16141,0
14639,6447,0
4331,16619,0
7311,19599,0
13638,5446,0
1378,1378,0
16112,7920,0
17801,9609,0
7977,20265,0
8131,20419,0
17301,9109,0
17116,8924,0
12568,4376,0
5983,18271,0
13531,5339,0
16170,7978,0
10558,14654,0
15602,7410,0
7406,19694,0
14998,6806,0
17383,9191,0
7857,20145,0
15070,6878,0
4740,17028,0
6201,18489,0
7407,19695,0
3547,3547,0
11650,15746,0
1059,1059,0
3001,3001,0
14086,5894,0
18169,9977,0
4104,16392,0
9115,13211,0
12310,4118,0
7835,20123,0
17618,9426,0
16001,7809,0
14575,6383,0
17947,9755,0
10263,14359,0
922,922,0
3647,3647,0
16942,8750,0
9084,13180,0
18181,9989,0
5715,18003,0
7808,20096,0
10022,14118,0
16191,7999,0
553,553,0
15704,7512,0
1923,1923,0
11477,15573,0
13889,5697,0
12200,16296,0
12032,16128,0
11593,15689,0
14430,6238,0
2216,2216,0
6736,19024,0
15034,6842,0
6857,19145,0
726,726,0
1031,1031,0
11714,15810,0
5376,17664,0
404,404,0
9603,13699,0
13358,5166,0
8008,20296,0
16664,8472,0
95,95,0
1478,1478,0
10927,15023,0
4935,17223,0
3434,3434,0
12969,4777,0
13635,5443,0
16745,8553,0
19696,11504,0
17247,9055,0
18411,10219,0
18224,10032,0
19110,10918,0
18610,10418,0
17265,9073,0
17972,9780,0
17868,9676,0
17400,9208,0
19364,11172,0
16836,8644,0
19134,10942,0
18788,10596,0
17461,9269,0
18536,10344,0
18151,9959,0
18313,10121,0
18718,10526,0
16988,8796,0
17868,9676,0
18443,10251,0
18270,10078,0
19208,11016,0
18683,10491,0
17728,9536,0
17473,9281,0
18219,10027,0
17953,9761,0
17926,9734,0
18441,10249,0
17982,9790,0
18773,10581,0
18558,10366,0
18900,10708,0
17952,9760,0
18719,10527,0
18390,10198,0
18325,10133,0
18246,10054,0
19047,10855,0
18628,10436,0
19094,10902,0
18187,9995,0
18187,9995,0
18400,10208,0
18878,10686,0
17677,9485,0
18895,10703,0
19092,10900,0
18897,10705,0
19109,10917,0
18393,10201,0
18697,10505,0
18206,10014,0
18566,10374,0
17675,9483,0
18913,10721,0
19053,10861,0
18502,10310,0
19440,11248,0
17862,9670,0
18036,9844,0
19360,11168,0
18691,10499,0
17281,9089,0
18080,9888,0
18734,10542,0
18805,10613,0
19235,11043,0
19909,11717,0
18911,10719,0
17814,9622,0
17275,9083,0
20113,11921,0
19901,11709,0
18900,10708,0
18228,10036,0
18286,10094,0
18889,10697,0
19340,11148,0
17997,9805,0
19008,10816,0
18282,10090,0
17925,9733,0
18228,10036,0
18196,10004,0
18782,10590,0
17525,9333,0
17565,9373,0
18968,10776,0
19199,11007,0
17995,9803,0
18680,10488,0
18687,10495,0
18525,10333,0
18584,10392,0
16658,8466,0
17785,9593,0
17519,9327,0
19090,10898,0
19290,11098,0
19255,11063,0
18332,10140,0
19153,10961,0
18372,10180,0
19126,10934,0
18064,9872,0
19136,10944,0
20077,11885,0
19196,11004,0
18628,10436,0
17837,9645,0
19291,11099,0
18735,10543,0
18392,10200,0
18997,10805,0
18725,10533,0
18163,9971,0
17892,9700,0
18287,10095,0
17573,9381,0
18892,10700,0
18584,10392,0
18217,10025,0
18854,10662,0
19061,10869,0
18989,10797,0
18911,10719,0
18416,10224,0
18404,10212,0
16831,8639,0
17850,9658,0
18535,10343,0
19019,10827,0
17755,9563,0
18853,10661,0
18371,10179,0
19225,11033,0
18864,10672,0
18659,10467,0
18313,10121,0
17932,9740,0
19168,10976,0
17987,9795,0
17996,9804,0
18094,9902,0
18191,9999,0
18994,10802,0
18682,10490,0
19236,11044,0
17263,9071,0
19350,11158,0
18664,10472,0
18647,10455,0
17747,9555,0
18195,10003,0
18015,9823,0
18997,10805,0
17526,9334,0
18973,10781,0
18366,10174,0
19184,10992,0
18564,10372,0
19032,10840,0
18774,10582,0
19001,10809,0
18307,10115,0
19343,11151,0
19050,10858,0
19241,11049,0
17909,9717,0
19624,11432,0
19271,11079,0
18358,10166,0
18600,10408,0
18456,10264,0
18857,10665,0
19741,11549,0
17522,9330,0
17914,9722,0
19186,10994,0
19804,11612,0
18916,10724,0
19167,10975,0
19219,11027,0
17976,9784,0
19920,11728,0
19329,11137,0
19598,11406,0
18810,10618,0
18094,9902,0
19246,11054,0
18341,10149,0
18656,10464,0
17430,9238,0
18383,10191,0
17595,9403,0
18006,9814,0
18252,10060,0
18495,10303,0
19060,10868,0
16385,8193,0
18436,10244,0
18580,10388,0
18195,10003,0
19114,10922,0
17404,9212,0
17931,9739,0
18352,10160,0
19117,10925,0
18066,9874,0
18601,10409,0
18429,10237,0
18198,10006,0
18498,10306,0
19055,10863,0
17750,9558,0
18615,10423,0
17332,9140,0
18416,10224,0
17910,9718,0
18890,10698,0
19497,11305,0
18843,10651,0
18533,10341,0
18533,10341,0
19846,11654,0
18672,10480,0
18127,9935,0
18776,10584,0
18089,9897,0
18560,10368,0
18939,10747,0
18360,10168,0
19014,10822,0
18832,10640,0
18440,10248,0
19127,10935,0
19022,10830,0
17594,9402,0
19487,11295,0
19096,10904,0
18451,10259,0
18650,10458,0
18312,10120,0
18501,10309,0
17555,9363,0
18031,9839,0
18684,10492,0
19034,10842,0
18146,9954,0
18046,9854,0
18548,10356,0
18730,10538,0
18492,10300,0
18517,10325,0
18596,10404,0
17657,9465,0
18451,10259,0
18137,9945,0
19305,11113,0
19024,10832,0
18753,10561,0
18061,9869,0
19238,11046,0
17797,9605,0
18641,10449,0
18850,10658,0
17992,9800,0
18633,10441,0
17648,9456,0
18471,10279,0
17836,9644,0
17902,9710,0
18338,10146,0
19453,11261,0
18131,9939,0
19216,11024,0
18060,9868,0
17870,9678,0
18686,10494,0
17215,9023,0
18024,9832,0
18274,10082,0
18596,10404,0
18037,9845,0
17464,9272,0
18971,10779,0
17445,9253,0
16787,8595,0
19342,11150,0
17926,9734,0
19384,11192,0
18979,10787,0
18747,10555,0
18176,9984,0
18839,10647,0
18931,10739,0
17562,9370,0
17984,9792,0
17597,9405,0
19212,11020,0
17748,9556,0
18696,10504,0
18837,10645,0
17532,9340,0
18036,9844,0
17547,9355,0
19322,11130,0
18694,10502,0
18629,10437,0
18039,9847,0
18821,10629,0
17951,9759,0
17345,9153,0
19653,11461,0
18914,10722,0
18122,9930,0
19931,11739,0
18048,9856,0
18090,9898,0
18755,10563,0
18666,10474,0
18775,10583,0
18332,10140,0
18076,9884,0
18406,10214,0
17130,8938,0
18992,10800,0
19537,11345,0
17800,9608,0
18165,9973,0
17973,9781,0
17276,9084,0
18676,10484,0
17971,9779,0
19066,10874,0
18506,10314,0
19290,11098,0
18056,9864,0
17800,9608,0
17338,9146,0
18505,10313,0
19106,10914,0
17251,9059,0
18769,10577,0
18468,10276,0
17800,9608,0
17863,9671,0
18308,10116,0
18860,10668,0
17648,9456,0
18701,10509,0
18680,10488,0
18820,10628,0
17640,9448,0
17624,9432,0
17453,9261,0
17957,9765,0
19144,10952,0
17998,9806,0
19282,11090,0
20105,11913,0
18055,9863,0
18603,10411,0
18432,10240,0
17976,9784,0
19536,11344,0
17875,9683,0
19333,11141,0
17949,9757,0
18712,10520,0
17925,9733,0
18586,10394,0
17537,9345,0
18679,10487,0
18050,9858,0
19292,11100,0
18716,10524,0
18378,10186,0
18281,10089,0
18840,10648,0
20064,11872,0
18234,10042,0
19433,11241,0
19387,11195,0
17188,8996,0
19086,10894,0
18816,10624,0
17827,9635,0
19940,11748,0
19275,11083,0
19032,10840,0
19080,10888,0
19303,11111,0
18593,10401,0
19226,11034,0
17725,9533,0
17476,9284,0
17767,9575,0
18427,10235,0
17649,9457,0
18485,10293,0
17554,9362,0
19064,10872,0
19569,11377,0
17737,9545,0
17503,9311,0
18287,10095,0
18319,10127,0
19869,11677,0
19501,11309,0
18802,10610,0
18329,10137,0
17522,9330,0
18975,10783,0
19337,11145,0
18543,10351,0
17275,9083,0
18972,10780,0
19025,10833,0
18582,10390,0
20174,11982,0
18167,9975,0
18578,10386,0
18886,10694,0
17182,8990,0
18141,9949,0
17505,9313,0
19129,10937,0
17430,9238,0
18943,10751,0
16981,8789,0
17141,8949,0
18207,10015,0
18985,10793,0
17369,9177,0
17390,9198,0
17935,9743,0
19409,11217,0
17857,9665,0
18780,10588,0
18085,9893,0
18124,9932,0
19215,11023,0
19147,10955,0
17460,9268,0
18251,10059,0
18671,10479,0
19944,11752,0
18632,10440,0
18079,9887,0
19844,11652,0
18849,10657,0
18368,10176,0
19297,11105,0
19457,11265,0
17867,9675,0
17469,9277,0
19059,10867,0
18071,9879,0
17745,9553,0
17831,9639,0
18196,10004,0
18022,9830,0
17793,9601,0
17145,8953,0
17784,9592,0
17909,9717,0
17628,9436,0
18004,9812,0
19110,10918,0
16669,8477,0
18875,10683,0
18027,9835,0
18041,9849,0
18710,10518,0
18462,10270,0
19088,10896,0
18939,10747,0
18315,10123,0
18744,10552,0
19273,11081,0
17793,9601,0
17046,8854,0
17839,9647,0
19385,11193,0
18138,9946,0
18376,10184,0
18681,10489,0
17617,9425,0
18269,10077,0
19187,10995,0
19204,11012,0
17629,9437,0
17288,9096,0
17836,9644,0
18404,10212,0
17856,9664,0
19342,11150,0
18604,10412,0
19232,11040,0
18726,10534,0
18839,10647,0
19031,10839,0
18214,10022,0
17632,9440,0
18275,10083,0
17668,9476,0
18256,10064,0
17588,9396,0
19757,11565,0
18282,10090,0
17374,9182,0
18353,10161,0
18336,10144,0
18488,10296,0
19044,10852,0
18146,9954,0
19352,11160,0
18001,9809,0
18809,10617,0
18043,9851,0
18424,10232,0
18144,9952,0
16985,8793,0
17669,9477,0
18290,10098,0
18084,9892,0
19009,10817,0
19086,10894,0
18380,10188,0
17548,9356,0
18246,10054,0
18647,10455,0
17764,9572,0
18603,10411,0
18747,10555,0
18751,10559,0
17480,9288,0
17917,9725,0
17572,9380,0
18904,10712,0
17923,9731,0
18274,10082,0
17801,9609,0
18538,10346,0
18738,10546,0
17566,9374,0
18230,10038,0
18511,10319,0
19379,11187,0
18959,10767,0
18466,10274,0
18473,10281,0
19656,11464,0
19544,11352,0
18965,10773,0
19145,10953,0
19712,11520,0
19125,10933,0
18751,10559,0
18717,10525,0
18977,10785,0
17542,9350,0
18307,10115,0
18317,10125,0
17284,9092,0
19732,11540,0
17741,9549,0
18034,9842,0
18322,10130,0
17969,9777,0
17721,9529,0
17991,9799,0
18022,9830,0
18843,10651,0
19208,11016,0
17996,9804,0
20013,11821,0
19169,10977,0
18960,10768,0
17447,9255,0
19635,11443,0
18778,10586,0
19016,10824,0
17917,9725,0
18464,10272,0
18441,10249,0
18381,10189,0
18000,9808,0
18070,9878,0
18377,10185,0
18275,10083,0
19202,11010,0
18779,10587,0
18325,10133,0
17002,8810,0
18968,10776,0
17865,9673,0
18380,10188,0
19295,11103,0
17541,9349,0
19420,11228,0
19074,10882,0
18307,10115,0
18123,9931,0
17488,9296,0
18541,10349,0
18388,10196,0
17935,9743,0
17696,9504,0
18516,10324,0
19076,10884,0
17981,9789,0
17744,9552,0
18044,9852,0
17731,9539,0
18227,10035,0
19241,11049,0
18946,10754,0
19230,11038,0
20450,12258,0
18438,10246,0
19351,11159,0
18693,10501,0
17982,9790,0
17979,9787,0
20341,12149,0
18955,10763,0
17964,9772,0
18006,9814,0
18724,10532,0
17196,9004,0
18227,10035,0
19146,10954,0
19607,11415,0
17586,9394,0
17607,9415,0
17651,9459,0
18628,10436,0
18300,10108,0
19044,10852,0
19649,11457,0
17755,9563,0
19034,10842,0
18256,10064,0
18665,10473,0
17634,9442,0
18035,9843,0
19165,10973,0
19073,10881,0
18984,10792,0
18194,10002,0
17857,9665,0
18026,9834,0
18888,10696,0
19533,11341,0
17556,9364,0
18801,10609,0
17782,9590,0
18460,10268,0
17947,9755,0
18524,10332,0
18478,10286,0
18586,10394,0
17710,9518,0
18612,10420,0
19053,10861,0
17737,9545,0
19388,11196,0
17394,9202,0
18164,9972,0
18117,9925,0
19225,11033,0
19703,11511,0
18888,10696,0
17613,9421,0
19191,10999,0
18912,10720,0
19495,11303,0
17187,8995,0
17477,9285,0
18761,10569,0
18504,10312,0
17888,9696,0
17417,9225,0
17902,9710,0
17942,9750,0
18146,9954,0
18778,10586,0
16385,8193,0
18751,10559,0
18228,10036,0
18894,10702,0
18235,10043,0
17443,9251,0
17346,9154,0
18927,10735,0
17636,9444,0
19221,11029,0
17763,9571,0
18750,10558,0
18465,10273,0
18825,10633,0
18494,10302,0
16968,8776,0
19048,10856,0
18412,10220,0
18280,10088,0
18710,10518,0
19661,11469,0
17486,9294,0
19062,10870,0
19056,10864,0
18841,10649,0
16743,8551,0
17849,9657,0
17906,9714,0
17628,9436,0
17160,8968,0
18573,10381,0
18179,9987,0
17743,9551,0
18717,10525,0
18877,10685,0
17534,9342,0
19908,11716,0
18236,10044,0
18806,10614,0
18725,10533,0
18508,10316,0
18842,10650,0
19096,10904,0
18742,10550,0
18603,10411,0
19576,11384,0
17033,8841,0
17037,8845,0
20200,12008,0
19307,11115,0
18157,9965,0
17366,9174,0
18647,10455,0
19704,11512,0
18328,10136,0
19850,11658,0
17284,9092,0
18498,10306,0
17692,9500,0
18861,10669,0
18537,10345,0
19203,11011,0
19074,10882,0
17720,9528,0
17382,9190,0
17982,9790,0
19376,11184,0
18217,10025,0
17859,9667,0
18010,9818,0
18769,10577,0
18481,10289,0
17798,9606,0
17374,9182,0
18272,10080,0
18742,10550,0
19215,11023,0
16745,8553,0
19694,11502,0
18435,10243,0
16796,8604,0
18638,10446,0
17223,9031,0
18254,10062,0
18634,10442,0
18125,9933,0
18416,10224,0
18151,9959,0
17791,9599,0
19265,11073,0
18916,10724,0
17697,9505,0
18235,10043,0
18138,9946,0
17842,9650,0
17510,9318,0
19607,11415,0
17947,9755,0
18269,10077,0
20039,11847,0
18507,10315,0
18915,10723,0
19018,10826,0
17843,9651,0
18174,9982,0
19192,11000,0
17819,9627,0
18205,10013,0
18696,10504,0
18376,10184,0
17776,9584,0
18383,10191,0
17401,9209,0
18790,10598,0
18699,10507,0
19370,11178,0
18288,10096,0
17571,9379,0
17865,9673,0
19175,10983,0
19749,11557,0
18823,10631,0
18564,10372,0
17742,9550,0
18514,10322,0
18390,10198,0
17292,9100,0
18544,10352,0
18184,9992,0
18085,9893,0
17830,9638,0
17629,9437,0
17134,8942,0
18425,10233,0
18276,10084,0
17416,9224,0
18329,10137,0
19650,11458,0
18723,10531,0
17023,8831,0
19104,10912,0
18004,9812,0
19148,10956,0
17582,9390,0
17536,9344,0
18743,10551,0
17459,9267,0
20166,11974,0
18497,10305,0
18526,10334,0
19008,10816,0
18852,10660,0
18568,10376,0
18851,10659,0
19011,10819,0
18061,9869,0
19126,10934,0
19375,11183,0
18710,10518,0
19723,11531,0
18410,10218,0
19601,11409,0
18132,9940,0
18862,10670,0
18087,9895,0
18987,10795,0
19180,10988,0
18593,10401,0
18167,9975,0
18266,10074,0
18478,10286,0
18966,10774,0
17963,9771,0
17465,9273,0
19465,11273,0
17907,9715,0
19118,10926,0
19059,10867,0
19623,11431,0
18257,10065,0
17822,9630,0
18916,10724,0
18423,10231,0
18393,10201,0
17667,9475,0
18852,10660,0
18578,10386,0
19425,11233,0
18353,10161,0
18543,10351,0
18036,9844,0
18828,10636,0
18119,9927,0
16820,8628,0
17914,9722,0
18284,10092,0
18876,10684,0
17987,9795,0
18747,10555,0
19274,11082,0
19486,11294,0
17984,9792,0
18168,9976,0
17544,9352,0
17252,9060,0
18130,9938,0
17338,9146,0
18653,10461,0
18828,10636,0
18513,10321,0
19876,11684,0
18136,9944,0
18042,9850,0
18394,10202,0
18680,10488,0
18175,9983,0
17778,9586,0
18420,10228,0
17944,9752,0
18484,10292,0
18702,10510,0
19134,10942,0
17438,9246,0
716,716,0
2494,2494,0
5271,17559,0
12447,4255,0
1929,1929,0
8805,12901,0
4949,17237,0
7006,19294,0
3851,3851,0
10879,14975,0
13581,5389,0
392,392,0
2165,2165,0
11136,15232,0
4104,16392,0
12063,16159,0
7698,19986,0
2784,2784,0
12825,4633,0
3869,3869,0
10933,15029,0
11191,15287,0
7996,20284,0
11837,15933,0
7370,19658,0
7872,20160,0
694,694,0
7102,19390,0
5285,17573,0
5858,18146,0
1887,1887,0
12019,16115,0
5308,17596,0
10986,15082,0
13307,5115,0
4998,17286,0
4935,17223,0
6056,18344,0
13349,5157,0
9629,13725,0
12573,4381,0
9551,13647,0
261,261,0
11075,15171,0
13747,5555,0
11753,15849,0
11949,16045,0
6353,18641,0
10441,14537,0
8517,12613,0
4192,16480,0
7045,19333,0
13077,4885,0
13127,4935,0
7668,19956,0
2721,2721,0
7637,19925,0
4746,17034,0
6326,18614,0
9042,13138,0
3461,3461,0
13005,4813,0
13575,5383,0
4829,17117,0
2162,2162,0
117,117,0
9309,13405,0
4078,4078,0
2987,2987,0
13362,5170,0
6702,18990,0
12712,4520,0
7743,20031,0
1068,1068,0
7465,19753,0
751,751,0
1350,1350,0
2034,2034,0
1286,1286,0
8372,12468,0
2673,2673,0
10859,14955,0
2320,2320,0
10009,14105,0
2998,2998,0
10865,14961,0
10769,14865,0
12510,4318,0
1920,1920,0
12385,4193,0
5237,17525,0
13080,4888,0
6167,18455,0
6900,19188,0
13561,5369,0
