6153,2057,1
6161,2065,0
6196,2100,0
6071,1975,0
6057,1961,0
6169,2073,0
6150,2054,0
6131,2035,0
6265,2169,0
6081,1985,0
6356,2260,0
6074,1978,0
6223,2127,0
6109,2013,0
5978,1882,0
6179,2083,0
6182,2086,0
6064,1968,0
6287,2191,0
6230,2134,0
6271,2175,0
5973,1877,0
6169,2073,0
6289,2193,0
6135,2039,0
6127,2031,0
6228,2132,0
6238,2142,0
6325,2229,0
6014,1918,0
6127,2031,0
6180,2084,0
6006,1910,0
6238,2142,0
6174,2078,0
6067,1971,0
6154,2058,0
6104,2008,0
5963,1867,0
6188,2092,0
6223,2127,0
6160,2064,0
6174,2078,0
5956,1860,0
6041,1945,0
6013,1917,0
6087,1991,0
6071,1975,0
6198,2102,0
6215,2119,0
6227,2131,0
6221,2125,0
6226,2130,0
6234,2138,0
5926,1830,0
6129,2033,0
6020,1924,0
6275,2179,0
6077,1981,0
6113,2017,0
6138,2042,0
6020,1924,0
6131,2035,0
6173,2077,0
6126,2030,0
6034,1938,0
5984,1888,0
6343,2247,0
6124,2028,0
6053,1957,0
6197,2101,0
6126,2030,0
6149,2053,0
6167,2071,0
6131,2035,0
6284,2188,0
6175,2079,0
6124,2028,0
6175,2079,0
6241,2145,0
6033,1937,0
5956,1860,0
6033,1937,0
6236,2140,0
6278,2182,0
6029,1933,0
6078,1982,0
6126,2030,0
6159,2063,0
6132,2036,0
6175,2079,0
6259,2163,0
6155,2059,0
6230,2134,0
6247,2151,0
6200,2104,0
6117,2021,0
6398,2302,0
6135,2039,0
6137,2041,0
6143,2047,0
6128,2032,0
6146,2050,0
6062,1966,0
6257,2161,0
6039,1943,0
6227,2131,0
6187,2091,0
6046,1950,0
6098,2002,0
5999,1903,0
5964,1868,0
6335,2239,0
5956,1860,0
6073,1977,0
6060,1964,0
5927,1831,0
6019,1923,0
6181,2085,0
6286,2190,0
6009,1913,0
6249,2153,0
5871,1775,0
6187,2091,0
6226,2130,0
6118,2022,0
6260,2164,0
6017,1921,0
6121,2025,0
6022,1926,0
6109,2013,0
6306,2210,0
6077,1981,0
6404,2308,0
6152,2056,0
5968,1872,0
6191,2095,0
6145,2049,0
6188,2092,0
6148,2052,0
6063,1967,0
6389,2293,0
6157,2061,0
6232,2136,0
6165,2069,0
6221,2125,0
6183,2087,0
6132,2036,0
6295,2199,0
6216,2120,0
6242,2146,0
6071,1975,0
6204,2108,0
6070,1974,0
6139,2043,0
6163,2067,0
6290,2194,0
6215,2119,0
5921,1825,0
6093,1997,0
6212,2116,0
6050,1954,0
6259,2163,0
5963,1867,0
6132,2036,0
6176,2080,0
6073,1977,0
6390,2294,0
5926,1830,0
6256,2160,0
6127,2031,0
6151,2055,0
6299,2203,0
6064,1968,0
6043,1947,0
6136,2040,0
6139,2043,0
5848,1752,0
6133,2037,0
6218,2122,0
6144,2048,0
6187,2091,0
6271,2175,0
6095,1999,0
6067,1971,0
6180,2084,0
6263,2167,0
6168,2072,0
6117,2021,0
6152,2056,0
6290,2194,0
6043,1947,0
6112,2016,0
6241,2145,0
6129,2033,0
6226,2130,0
5968,1872,0
6039,1943,0
6106,2010,0
6258,2162,0
6297,2201,0
6173,2077,0
6214,2118,0
6104,2008,0
6087,1991,0
6243,2147,0
6344,2248,0
6138,2042,0
6157,2061,0
6208,2112,0
6320,2224,0
6094,1998,0
6088,1992,0
6146,2050,0
6061,1965,0
6193,2097,0
6107,2011,0
6222,2126,0
6130,2034,0
6277,2181,0
5883,1787,0
6062,1966,0
5973,1877,0
6152,2056,0
6022,1926,0
6071,1975,0
6072,1976,0
6105,2009,0
6178,2082,0
6305,2209,0
6092,1996,0
6291,2195,0
5967,1871,0
6248,2152,0
6100,2004,0
5911,1815,0
6129,2033,0
6244,2148,0
6088,1992,0
6104,2008,0
6170,2074,0
5937,1841,0
5992,1896,0
6306,2210,0
6098,2002,0
6183,2087,0
6198,2102,0
6142,2046,0
6097,2001,0
6156,2060,0
6155,2059,0
6163,2067,0
6098,2002,0
6054,1958,0
6115,2019,0
6143,2047,0
6357,2261,0
6041,1945,0
6279,2183,0
6271,2175,0
6100,2004,0
5977,1881,0
5979,1883,0
6205,2109,0
6143,2047,0
5994,1898,0
6147,2051,0
6167,2071,0
6049,1953,0
6128,2032,0
6370,2274,0
6202,2106,0
6231,2135,0
6041,1945,0
6168,2072,0
6249,2153,0
6059,1963,0
6169,2073,0
6043,1947,0
6107,2011,0
6014,1918,0
6338,2242,0
6179,2083,0
6127,2031,0
5998,1902,0
5972,1876,0
6137,2041,0
6069,1973,0
6110,2014,0
6203,2107,0
6129,2033,0
6197,2101,0
6166,2070,0
6324,2228,0
6070,1974,0
6284,2188,0
6105,2009,0
6204,2108,0
6081,1985,0
6111,2015,0
6220,2124,0
6280,2184,0
6198,2102,0
6217,2121,0
6255,2159,0
6215,2119,0
6234,2138,0
6156,2060,0
6156,2060,0
6037,1941,0
6298,2202,0
6192,2096,0
6197,2101,0
6059,1963,0
5965,1869,0
5997,1901,0
6090,1994,0
6214,2118,0
6251,2155,0
6169,2073,0
6067,1971,0
6210,2114,0
6084,1988,0
6126,2030,0
6051,1955,0
6192,2096,0
6096,2000,0
6117,2021,0
6087,1991,0
6325,2229,0
6077,1981,0
6181,2085,0
6279,2183,0
5882,1786,0
5996,1900,0
6085,1989,0
6271,2175,0
6122,2026,0
6153,2057,0
6061,1965,0
6052,1956,0
6067,1971,0
6165,2069,0
6118,2022,0
6218,2122,0
6306,2210,0
6160,2064,0
6183,2087,0
6148,2052,0
6175,2079,0
6236,2140,0
5964,1868,0
6161,2065,0
6105,2009,0
6122,2026,0
6178,2082,0
6143,2047,0
6190,2094,0
6242,2146,0
6121,2025,0
6100,2004,0
6340,2244,0
6132,2036,0
6154,2058,0
6074,1978,0
6016,1920,0
6043,1947,0
6036,1940,0
6282,2186,0
6060,1964,0
6166,2070,0
6112,2016,0
5980,1884,0
5909,1813,0
6057,1961,0
6131,2035,0
6108,2012,0
6148,2052,0
6226,2130,0
6074,1978,0
5990,1894,0
6052,1956,0
5990,1894,0
6123,2027,0
6135,2039,0
6242,2146,0
6115,2019,0
6128,2032,0
6163,2067,0
6265,2169,0
6041,1945,0
5983,1887,0
6335,2239,0
6180,2084,0
6096,2000,0
6009,1913,0
6088,1992,0
6102,2006,0
6088,1992,0
6150,2054,0
6096,2000,0
6155,2059,0
6192,2096,0
6013,1917,0
5964,1868,0
6067,1971,0
6097,2001,0
6250,2154,0
6089,1993,0
6156,2060,0
6158,2062,0
6072,1976,0
6323,2227,0
6070,1974,0
6206,2110,0
6175,2079,0
6179,2083,0
6067,1971,0
6137,2041,0
6098,2002,0
6076,1980,0
6282,2186,0
5960,1864,0
6189,2093,0
6163,2067,0
6082,1986,0
6048,1952,0
6115,2019,0
6175,2079,0
6077,1981,0
6044,1948,0
6156,2060,0
6039,1943,0
5955,1859,0
6086,1990,0
6136,2040,0
6085,1989,0
6104,2008,0
6003,1907,0
6157,2061,0
6145,2049,0
6233,2137,0
6120,2024,0
6186,2090,0
6053,1957,0
6186,2090,0
6173,2077,0
5951,1855,0
6161,2065,0
6207,2111,0
6153,2057,0
6117,2021,0
6214,2118,0
6158,2062,0
6043,1947,0
6120,2024,0
6221,2125,0
6171,2075,0
6150,2054,0
6113,2017,0
6101,2005,0
6100,2004,0
6110,2014,0
6054,1958,0
6080,1984,0
6082,1986,0
6224,2128,0
6242,2146,0
6072,1976,0
6094,1998,0
5991,1895,0
6391,2295,0
6106,2010,0
6137,2041,0
6208,2112,0
6200,2104,0
6317,2221,0
6098,2002,0
6043,1947,0
6256,2160,0
6257,2161,0
6257,2161,0
5998,1902,0
6119,2023,0
6098,2002,0
6268,2172,0
6348,2252,0
6061,1965,0
6120,2024,0
6137,2041,0
6109,2013,0
6214,2118,0
6281,2185,0
6121,2025,0
6286,2190,0
6056,1960,0
6029,1933,0
6133,2037,0
6076,1980,0
6201,2105,0
6138,2042,0
6079,1983,0
6097,2001,0
6143,2047,0
6056,1960,0
6120,2024,0
6100,2004,0
6184,2088,0
6093,1997,0
6188,2092,0
6142,2046,0
6134,2038,0
6188,2092,0
6139,2043,0
6165,2069,0
6284,2188,0
6129,2033,0
6270,2174,0
6357,2261,0
6269,2173,0
5863,1767,0
6164,2068,0
5914,1818,0
6377,2281,0
6308,2212,0
6229,2133,0
6362,2266,0
6084,1988,0
6215,2119,0
6156,2060,0
6146,2050,0
6068,1972,0
6161,2065,0
6007,1911,0
6160,2064,0
6179,2083,0
6196,2100,0
6194,2098,0
6216,2120,0
6131,2035,0
5921,1825,0
6157,2061,0
6001,1905,0
6056,1960,0
6207,2111,0
6161,2065,0
6173,2077,0
6158,2062,0
6192,2096,0
6240,2144,0
6303,2207,0
6047,1951,0
6223,2127,0
6207,2111,0
6182,2086,0
6261,2165,0
6508,2412,0
6213,2117,0
6225,2129,0
6107,2011,0
6112,2016,0
6298,2202,0
6217,2121,0
6177,2081,0
6075,1979,0
6199,2103,0
6129,2033,0
6074,1978,0
6056,1960,0
6209,2113,0
6135,2039,0
6154,2058,0
6291,2195,0
6134,2038,0
6126,2030,0
6079,1983,0
6013,1917,0
6085,1989,0
6102,2006,0
6463,2367,0
6305,2209,0
6051,1955,0
6223,2127,0
6021,1925,0
6242,2146,0
6073,1977,0
6110,2014,0
6240,2144,0
6006,1910,0
5929,1833,0
6156,2060,0
6269,2173,0
6144,2048,0
6016,1920,0
6288,2192,0
6074,1978,0
6173,2077,0
6180,2084,0
6075,1979,0
5983,1887,0
6231,2135,0
6174,2078,0
6092,1996,0
6054,1958,0
6243,2147,0
6223,2127,0
6131,2035,0
6309,2213,0
6181,2085,0
6006,1910,0
6158,2062,0
6049,1953,0
6066,1970,0
6029,1933,0
5957,1861,0
6028,1932,0
6101,2005,0
6128,2032,0
6195,2099,0
6159,2063,0
6053,1957,0
6170,2074,0
6218,2122,0
6169,2073,0
6058,1962,0
6402,2306,0
6236,2140,0
6359,2263,0
5961,1865,0
6318,2222,0
6166,2070,0
6081,1985,0
6159,2063,0
5971,1875,0
6227,2131,0
6148,2052,0
6151,2055,0
6074,1978,0
6134,2038,0
6158,2062,0
6263,2167,0
6429,2333,0
6149,2053,0
6040,1944,0
6072,1976,0
6140,2044,0
6276,2180,0
6077,1981,0
6022,1926,0
6103,2007,0
6201,2105,0
6260,2164,0
6352,2256,0
6239,2143,0
6116,2020,0
6161,2065,0
5996,1900,0
6054,1958,0
6119,2023,0
6079,1983,0
6258,2162,0
6103,2007,0
6172,2076,0
6058,1962,0
6160,2064,0
6131,2035,0
6304,2208,0
6335,2239,0
6144,2048,0
6099,2003,0
6161,2065,0
6201,2105,0
6022,1926,0
6063,1967,0
6096,2000,0
6413,2317,0
6002,1906,0
5952,1856,0
5992,1896,0
6107,2011,0
6169,2073,0
6184,2088,0
6167,2071,0
6169,2073,0
5993,1897,0
6200,2104,0
6277,2181,0
6225,2129,0
6016,1920,0
6102,2006,0
6124,2028,0
6105,2009,0
6181,2085,0
6099,2003,0
6297,2201,0
6109,2013,0
6186,2090,0
5981,1885,0
6330,2234,0
6182,2086,0
6278,2182,0
6198,2102,0
6256,2160,0
6189,2093,0
6115,2019,0
6325,2229,0
6191,2095,0
6232,2136,0
6188,2092,0
6121,2025,0
5959,1863,0
6131,2035,0
6065,1969,0
6056,1960,0
6263,2167,0
6076,1980,0
6090,1994,0
6257,2161,0
5967,1871,0
6083,1987,0
6304,2208,0
6023,1927,0
6246,2150,0
6261,2165,0
6103,2007,0
6089,1993,0
6150,2054,0
6421,2325,0
6213,2117,0
6125,2029,0
6276,2180,0
6132,2036,0
6173,2077,0
6179,2083,0
6114,2018,0
6078,1982,0
6183,2087,0
6142,2046,0
6252,2156,0
6254,2158,0
6068,1972,0
6017,1921,0
6247,2151,0
6043,1947,0
6149,2053,0
6275,2179,0
5936,1840,0
6173,2077,0
6081,1985,0
6167,2071,0
6209,2113,0
6162,2066,0
6205,2109,0
6071,1975,0
6078,1982,0
6094,1998,0
6229,2133,0
6011,1915,0
6400,2304,0
6081,1985,0
6089,1993,0
6141,2045,0
6072,1976,0
6068,1972,0
6206,2110,0
6111,2015,0
6198,2102,0
6083,1987,0
6097,2001,0
6145,2049,0
6227,2131,0
6218,2122,0
6199,2103,0
6001,1905,0
6234,2138,0
6110,2014,0
6129,2033,0
6045,1949,0
6072,1976,0
6330,2234,0
6204,2108,0
6122,2026,0
6113,2017,0
6234,2138,0
6071,1975,0
6075,1979,0
6264,2168,0
6225,2129,0
6271,2175,0
6169,2073,0
6016,1920,0
6086,1990,0
6144,2048,0
6124,2028,0
6275,2179,0
6186,2090,0
6201,2105,0
6271,2175,0
6147,2051,0
6005,1909,0
6127,2031,0
6078,1982,0
6065,1969,0
6193,2097,0
6367,2271,0
5912,1816,0
6147,2051,0
6178,2082,0
5986,1890,0
5965,1869,0
6217,2121,0
6180,2084,0
6154,2058,0
6130,2034,0
6155,2059,0
6196,2100,0
6143,2047,0
6130,2034,0
6298,2202,0
6033,1937,0
6375,2279,0
6081,1985,0
6007,1911,0
6118,2022,0
6444,2348,0
6004,1908,0
6051,1955,0
6162,2066,0
6050,1954,0
6180,2084,0
6146,2050,0
6128,2032,0
6092,1996,0
6324,2228,0
6192,2096,0
6071,1975,0
6134,2038,0
6171,2075,0
5927,1831,0
6044,1948,0
6237,2141,0
6304,2208,0
6140,2044,0
6120,2024,0
6142,2046,0
6025,1929,0
6106,2010,0
5987,1891,0
6220,2124,0
6102,2006,0
6069,1973,0
6187,2091,0
6123,2027,0
6076,1980,0
6346,2250,0
6397,2301,0
6029,1933,0
6347,2251,0
6270,2174,0
6138,2042,0
6176,2080,0
6146,2050,0
6232,2136,0
6099,2003,0
6232,2136,0
6212,2116,0
6220,2124,0
6043,1947,0
6180,2084,0
6366,2270,0
5965,1869,0
6165,2069,0
6121,2025,0
6120,2024,0
6366,2270,0
6257,2161,0
6081,1985,0
6159,2063,0
6168,2072,0
6185,2089,0
6285,2189,0
6084,1988,0
6031,1935,0
6166,2070,0
6046,1950,0
5887,1791,0
6246,2150,0
6228,2132,0
6099,2003,0
6161,2065,0
5980,1884,0
6082,1986,0
6178,2082,0
6203,2107,0
6027,1931,0
6194,2098,0
6131,2035,0
6274,2178,0
6045,1949,0
6201,2105,0
6063,1967,0
6054,1958,0
6072,1976,0
6121,2025,0
6146,2050,0
6279,2183,0
5976,1880,0
6118,2022,0
6120,2024,0
6225,2129,0
6218,2122,0
6315,2219,0
6223,2127,0
6168,2072,0
6058,1962,0
5959,1863,0
6108,2012,0
6042,1946,0
6121,2025,0
6108,2012,0
6022,1926,0
6117,2021,0
6093,1997,0
6116,2020,0
6016,1920,0
6070,1974,0
5955,1859,0
6042,1946,0
6352,2256,0
6198,2102,0
6069,1973,0
6043,1947,0
6051,1955,0
6199,2103,0
5976,1880,0
6255,2159,0
6093,1997,0
5942,1846,0
6078,1982,0
6144,2048,0
6018,1922,0
6061,1965,0
6016,1920,0
6076,1980,0
5976,1880,0
6314,2218,0
6248,2152,0
6033,1937,0
6076,1980,0
6038,1942,0
6119,2023,0
5982,1886,0
6081,1985,0
6251,2155,0
6015,1919,0
6229,2133,0
6051,1955,0
6121,2025,0
6091,1995,0
6180,2084,0
6227,2131,0
6044,1948,0
6094,1998,0
6144,2048,0
6107,2011,0
6276,2180,0
6342,2246,0
6085,1989,0
6290,2194,0
6288,2192,0
6204,2108,0
6167,2071,0
6221,2125,0
6053,1957,0
6206,2110,0
6021,1925,0
6078,1982,0
5999,1903,0
6148,2052,0
6180,2084,0
6190,2094,0
6194,2098,0
6095,1999,0
5999,1903,0
6226,2130,0
6193,2097,0
6160,2064,0
6111,2015,0
6093,1997,0
6102,2006,0
6102,2006,0
6166,2070,0
6211,2115,0
6217,2121,0
6174,2078,0
6240,2144,0
6097,2001,0
6022,1926,0
6033,1937,0
6287,2191,0
6258,2162,0
6007,1911,0
6103,2007,0
6213,2117,0
6111,2015,0
6329,2233,0
6151,2055,0
5973,1877,0
6151,2055,0
6133,2037,0
6172,2076,0
6180,2084,0
6093,1997,0
6216,2120,0
6324,2228,0
6189,2093,0
6116,2020,0
6126,2030,0
6151,2055,0
6073,1977,0
6302,2206,0
6484,2388,0
6143,2047,0
6137,2041,0
6046,1950,0
5996,1900,0
6038,1942,0
6099,2003,0
6131,2035,0
6089,1993,0
6179,2083,0
6015,1919,0
6039,1943,0
5996,1900,0
6097,2001,0
6025,1929,0
6051,1955,0
6238,2142,0
5908,1812,0
6062,1966,0
6238,2142,0
6168,2072,0
5966,1870,0
6125,2029,0
6147,2051,0
6073,1977,0
6090,1994,0
6265,2169,0
6033,1937,0
6203,2107,0
5900,1804,0
6152,2056,0
6122,2026,0
6188,2092,0
6119,2023,0
6196,2100,0
6186,2090,0
6152,2056,0
6158,2062,0
6120,2024,0
6167,2071,0
6241,2145,0
6117,2021,0
6195,2099,0
6171,2075,0
6188,2092,0
5968,1872,0
5907,1811,0
6078,1982,0
6208,2112,0
6178,2082,0
6129,2033,0
6246,2150,0
6033,1937,0
6139,2043,0
6345,2249,0
6183,2087,0
6143,2047,0
6266,2170,0
6226,2130,0
6118,2022,0
6293,2197,0
6114,2018,0
6107,2011,0
6227,2131,0
6158,2062,0
6085,1989,0
6063,1967,0
6268,2172,0
6113,2017,0
6345,2249,0
6200,2104,0
6172,2076,0
6251,2155,0
6117,2021,0
6206,2110,0
6106,2010,0
6137,2041,0
6026,1930,0
6026,1930,0
6055,1959,0
6281,2185,0
6109,2013,0
5956,1860,0
6185,2089,0
6193,2097,0
6164,2068,0
5973,1877,0
6274,2178,0
6281,2185,0
5972,1876,0
6198,2102,0
6197,2101,0
6094,1998,0
6242,2146,0
6151,2055,0
6165,2069,0
6212,2116,0
6074,1978,0
6145,2049,0
6137,2041,0
5902,1806,0
6233,2137,0
6192,2096,0
6093,1997,0
6055,1959,0
6171,2075,0
6133,2037,0
6149,2053,0
6138,2042,0
6249,2153,0
6135,2039,0
6120,2024,0
6255,2159,0
6233,2137,0
6096,2000,0
6111,2015,0
6065,1969,0
6231,2135,0
6024,1928,0
6095,1999,0
6132,2036,0
6155,2059,0
6048,1952,0
6052,1956,0
6080,1984,0
6261,2165,0
6198,2102,0
6074,1978,0
6123,2027,0
6328,2232,0
6058,1962,0
6014,1918,0
6025,1929,0
6136,2040,0
6077,1981,0
6104,2008,0
6133,2037,0
6268,2172,0
6011,1915,0
5984,1888,0
6072,1976,0
6183,2087,0
6058,1962,0
6144,2048,0
6098,2002,0
6220,2124,0
6114,2018,0
6141,2045,0
6126,2030,0
6285,2189,0
6147,2051,0
6270,2174,0
6190,2094,0
6363,2267,0
5987,1891,0
6138,2042,0
6109,2013,0
6013,1917,0
6069,1973,0
6189,2093,0
5980,1884,0
5934,1838,0
6143,2047,0
6155,2059,0
6255,2159,0
6205,2109,0
6047,1951,0
6219,2123,0
6298,2202,0
6122,2026,0
6177,2081,0
6190,2094,0
6254,2158,0
6186,2090,0
6112,2016,0
6083,1987,0
6226,2130,0
6179,2083,0
6287,2191,0
6086,1990,0
5991,1895,0
6229,2133,0
6201,2105,0
6023,1927,0
6180,2084,0
6247,2151,0
6119,2023,0
6286,2190,0
6102,2006,0
6216,2120,0
5999,1903,0
6049,1953,0
6294,2198,0
6027,1931,0
6260,2164,0
5962,1866,0
6099,2003,0
6040,1944,0
6175,2079,0
6221,2125,0
6232,2136,0
6324,2228,0
6182,2086,0
5993,1897,0
6167,2071,0
6042,1946,0
6299,2203,0
6024,1928,0
6132,2036,0
6155,2059,0
6146,2050,0
6132,2036,0
6077,1981,0
6241,2145,0
6152,2056,0
6158,2062,0
6204,2108,0
6187,2091,0
6136,2040,0
6149,2053,0
6139,2043,0
6069,1973,0
6185,2089,0
6170,2074,0
6269,2173,0
6059,1963,0
6061,1965,0
6266,2170,0
6051,1955,0
5928,1832,0
5930,1834,0
6091,1995,0
6120,2024,0
6209,2113,0
6176,2080,0
6199,2103,0
6193,2097,0
6164,2068,0
6044,1948,0
6343,2247,0
6059,1963,0
5855,1759,0
6080,1984,0
6150,2054,0
6160,2064,0
6227,2131,0
6019,1923,0
6130,2034,0
6277,2181,0
6092,1996,0
6196,2100,0
6044,1948,0
6176,2080,0
5981,1885,0
5989,1893,0
6135,2039,0
6046,1950,0
6233,2137,0
6174,2078,0
6226,2130,0
6137,2041,0
6091,1995,0
6193,2097,0
6073,1977,0
6281,2185,0
5926,1830,0
6148,2052,0
6301,2205,0
5998,1902,0
6140,2044,0
6173,2077,0
6089,1993,0
6123,2027,0
6299,2203,0
6076,1980,0
6261,2165,0
5927,1831,0
6106,2010,0
6324,2228,0
5965,1869,0
6108,2012,0
6265,2169,0
6142,2046,0
6304,2208,0
6144,2048,0
6058,1962,0
6303,2207,0
6056,1960,0
6065,1969,0
6178,2082,0
6240,2144,0
6067,1971,0
6127,2031,0
6247,2151,0
6119,2023,0
5998,1902,0
6107,2011,0
5966,1870,0
6153,2057,0
5876,1780,0
6171,2075,0
6048,1952,0
6101,2005,0
6187,2091,0
6181,2085,0
5992,1896,0
6147,2051,0
6201,2105,0
6070,1974,0
6156,2060,0
6104,2008,0
6156,2060,0
6055,1959,0
6085,1989,0
6026,1930,0
6127,2031,0
6195,2099,0
6057,1961,0
6090,1994,0
6210,2114,0
6102,2006,0
6029,1933,0
6185,2089,0
6190,2094,0
6041,1945,0
5975,1879,0
6302,2206,0
6081,1985,0
6067,1971,0
6284,2188,0
6081,1985,0
6199,2103,0
6085,1989,0
6039,1943,0
6234,2138,0
6088,1992,0
6049,1953,0
6154,2058,0
6170,2074,0
6327,2231,0
6093,1997,0
6155,2059,0
6153,2057,0
6261,2165,0
6049,1953,0
6273,2177,0
6021,1925,0
6353,2257,0
6088,1992,0
6055,1959,0
6172,2076,0
6162,2066,0
6161,2065,0
6125,2029,0
6282,2186,0
6059,1963,0
6087,1991,0
6134,2038,0
6003,1907,0
5902,1806,0
6235,2139,0
6150,2054,0
6039,1943,0
6201,2105,0
6117,2021,0
6291,2195,0
5940,1844,0
5975,1879,0
6191,2095,0
6156,2060,0
6037,1941,0
6116,2020,0
6229,2133,0
6022,1926,0
6028,1932,0
6291,2195,0
6292,2196,0
6107,2011,0
6129,2033,0
6218,2122,0
6103,2007,0
6247,2151,0
6192,2096,0
6164,2068,0
5984,1888,0
6087,1991,0
6202,2106,0
6103,2007,0
6229,2133,0
6082,1986,0
6111,2015,0
6257,2161,0
6293,2197,0
6118,2022,0
6361,2265,0
6065,1969,0
6288,2192,0
6070,1974,0
6247,2151,0
6211,2115,0
6276,2180,0
6087,1991,0
6278,2182,0
6258,2162,0
6220,2124,0
6149,2053,0
6153,2057,0
6108,2012,0
6233,2137,0
6253,2157,0
6076,1980,0
6157,2061,0
6115,2019,0
6157,2061,0
6177,2081,0
6167,2071,0
6223,2127,0
6130,2034,0
6143,2047,0
6209,2113,0
6139,2043,0
6117,2021,0
6042,1946,0
6046,1950,0
6223,2127,0
6046,1950,0
5943,1847,0
6105,2009,0
6173,2077,0
6167,2071,0
6184,2088,0
6219,2123,0
6247,2151,0
6194,2098,0
5930,1834,0
6124,2028,0
6194,2098,0
5926,1830,0
6222,2126,0
5962,1866,0
6129,2033,0
6276,2180,0
5980,1884,0
6329,2233,0
6297,2201,0
6077,1981,0
5912,1816,0
6049,1953,0
6149,2053,0
6086,1990,0
6058,1962,0
6045,1949,0
6217,2121,0
6051,1955,0
6090,1994,0
6213,2117,0
6180,2084,0
6262,2166,0
6092,1996,0
6270,2174,0
6084,1988,0
6035,1939,0
6307,2211,0
6231,2135,0
6072,1976,0
6177,2081,0
6178,2082,0
6340,2244,0
6227,2131,0
6076,1980,0
6137,2041,0
6160,2064,0
6021,1925,0
5996,1900,0
6187,2091,0
6354,2258,0
6205,2109,0
6264,2168,0
6028,1932,0
6209,2113,0
6129,2033,0
6302,2206,0
6244,2148,0
6180,2084,0
6173,2077,0
6326,2230,0
6302,2206,0
6049,1953,0
6096,2000,0
6103,2007,0
6021,1925,0
6219,2123,0
6370,2274,0
5953,1857,0
6166,2070,0
6065,1969,0
6267,2171,0
6195,2099,0
6022,1926,0
6217,2121,0
6137,2041,0
6308,2212,0
6156,2060,0
6143,2047,0
6201,2105,0
6113,2017,0
6089,1993,0
6265,2169,0
6271,2175,0
6182,2086,0
6090,1994,0
6279,2183,0
6333,2237,0
6142,2046,0
6146,2050,0
6059,1963,0
5994,1898,0
5954,1858,0
6118,2022,0
5892,1796,0
6067,1971,0
6255,2159,0
6176,2080,0
6251,2155,0
6252,2156,0
6281,2185,0
6126,2030,0
6123,2027,0
6057,1961,0
6218,2122,0
6173,2077,0
6154,2058,0
6187,2091,0
6063,1967,0
6146,2050,0
6235,2139,0
6068,1972,0
6199,2103,0
6195,2099,0
6053,1957,0
5887,1791,0
5977,1881,0
6244,2148,0
6185,2089,0
6097,2001,0
6126,2030,0
6294,2198,0
6239,2143,0
6135,2039,0
6073,1977,0
6180,2084,0
6094,1998,0
6113,2017,0
5914,1818,0
6275,2179,0
6079,1983,0
6138,2042,0
6088,1992,0
6115,2019,0
6121,2025,0
6110,2014,0
6166,2070,0
6240,2144,0
6245,2149,0
6055,1959,0
6351,2255,0
6106,2010,0
6121,2025,0
6055,1959,0
6193,2097,0
6006,1910,0
6263,2167,0
6161,2065,0
6045,1949,0
6105,2009,0
6044,1948,0
6046,1950,0
6304,2208,0
6172,2076,0
6229,2133,0
6217,2121,0
6098,2002,0
6051,1955,0
6067,1971,0
6131,2035,0
6089,1993,0
6191,2095,0
6203,2107,0
6077,1981,0
6092,1996,0
6135,2039,0
6293,2197,0
6184,2088,0
6271,2175,0
5880,1784,0
6129,2033,0
6066,1970,0
6114,2018,0
6165,2069,0
6306,2210,0
6062,1966,0
6134,2038,0
6228,2132,0
6035,1939,0
6152,2056,0
6100,2004,0
6208,2112,0
5976,1880,0
6171,2075,0
6233,2137,0
6275,2179,0
6223,2127,0
6182,2086,0
6032,1936,0
6045,1949,0
6259,2163,0
5991,1895,0
6165,2069,0
6139,2043,0
6204,2108,0
6162,2066,0
6294,2198,0
6211,2115,0
6152,2056,0
6303,2207,0
6265,2169,0
6002,1906,0
6070,1974,0
5848,1752,0
6089,1993,0
6360,2264,0
5876,1780,0
6160,2064,0
6207,2111,0
6162,2066,0
6218,2122,0
6174,2078,0
6171,2075,0
6118,2022,0
6236,2140,0
6226,2130,0
6101,2005,0
6037,1941,0
6139,2043,0
6220,2124,0
6090,1994,0
6165,2069,0
5948,1852,0
6132,2036,0
6059,1963,0
6109,2013,0
6034,1938,0
6139,2043,0
6244,2148,0
6192,2096,0
6167,2071,0
6137,2041,0
6320,2224,0
6120,2024,0
6082,1986,0
6226,2130,0
6224,2128,0
6202,2106,0
6261,2165,0
6130,2034,0
6147,2051,0
6200,2104,0
6062,1966,0
6047,1951,0
6157,2061,0
6129,2033,0
6214,2118,0
6137,2041,0
5901,1805,0
6119,2023,0
6122,2026,0
5963,1867,0
6167,2071,0
6285,2189,0
6008,1912,0
6124,2028,0
6294,2198,0
5935,1839,0
6084,1988,0
6240,2144,0
6188,2092,0
6179,2083,0
6308,2212,0
6213,2117,0
6304,2208,0
6255,2159,0
6091,1995,0
6258,2162,0
6233,2137,0
6083,1987,0
6089,1993,0
6170,2074,0
6185,2089,0
5930,1834,0
6098,2002,0
6015,1919,0
6119,2023,0
6200,2104,0
6170,2074,0
6131,2035,0
6141,2045,0
6158,2062,0
6124,2028,0
6118,2022,0
6193,2097,0
6172,2076,0
6053,1957,0
6313,2217,0
6282,2186,0
6272,2176,0
6144,2048,0
6097,2001,0
6174,2078,0
6216,2120,0
6296,2200,0
6249,2153,0
6106,2010,0
6055,1959,0
6120,2024,0
6001,1905,0
6006,1910,0
6234,2138,0
6232,2136,0
6115,2019,0
5927,1831,0
6264,2168,0
6045,1949,0
6009,1913,0
6070,1974,0
6087,1991,0
6136,2040,0
6036,1940,0
6263,2167,0
6064,1968,0
6219,2123,0
6170,2074,0
6123,2027,0
6243,2147,0
6065,1969,0
6147,2051,0
6142,2046,0
6127,2031,0
6117,2021,0
6009,1913,0
6150,2054,0
6020,1924,0
6089,1993,0
5922,1826,0
6129,2033,0
6187,2091,0
6243,2147,0
6057,1961,0
6117,2021,0
5957,1861,0
6023,1927,0
6177,2081,0
5954,1858,0
6155,2059,0
6201,2105,0
6068,1972,0
6114,2018,0
6115,2019,0
6098,2002,0
6106,2010,0
6158,2062,0
6173,2077,0
6249,2153,0
5975,1879,0
6197,2101,0
6230,2134,0
6101,2005,0
6190,2094,0
6139,2043,0
6150,2054,0
5978,1882,0
6308,2212,0
6324,2228,0
6356,2260,0
5983,1887,0
6091,1995,0
6041,1945,0
6305,2209,0
6198,2102,0
6084,1988,0
5903,1807,0
6093,1997,0
6245,2149,0
6300,2204,0
6105,2009,0
6161,2065,0
6185,2089,0
6179,2083,0
6223,2127,0
6176,2080,0
6146,2050,0
6172,2076,0
6072,1976,0
6096,2000,0
5984,1888,0
6037,1941,0
6012,1916,0
5946,1850,0
6192,2096,0
6147,2051,0
6059,1963,0
6114,2018,0
6408,2312,0
6162,2066,0
6153,2057,0
6178,2082,0
6173,2077,0
6370,2274,0
6086,1990,0
6190,2094,0
6148,2052,0
6016,1920,0
6150,2054,0
6271,2175,0
6284,2188,0
6136,2040,0
6163,2067,0
6110,2014,0
6122,2026,0
5994,1898,0
6077,1981,0
6148,2052,0
6097,2001,0
6177,2081,0
6157,2061,0
6086,1990,0
6058,1962,0
6286,2190,0
6141,2045,0
6182,2086,0
6115,2019,0
5913,1817,0
6163,2067,0
6105,2009,0
6305,2209,0
6051,1955,0
6158,2062,0
6354,2258,0
6082,1986,0
6194,2098,0
6180,2084,0
6066,1970,0
6371,2275,0
6229,2133,0
6141,2045,0
6188,2092,0
6196,2100,0
6235,2139,0
6180,2084,0
6171,2075,0
6211,2115,0
5937,1841,0
6086,1990,0
6213,2117,0
6057,1961,0
6199,2103,0
6100,2004,0
5867,1771,0
6104,2008,0
6052,1956,0
6246,2150,0
6209,2113,0
6344,2248,0
6109,2013,0
6043,1947,0
6254,2158,0
5884,1788,0
6379,2283,0
6111,2015,0
6089,1993,0
6241,2145,0
6092,1996,0
5994,1898,0
6304,2208,0
6142,2046,0
6195,2099,0
6318,2222,0
6118,2022,0
6114,2018,0
6211,2115,0
6103,2007,0
6088,1992,0
6200,2104,0
6145,2049,0
6098,2002,0
5969,1873,0
6208,2112,0
6265,2169,0
6144,2048,0
6261,2165,0
6043,1947,0
6320,2224,0
6124,2028,0
6226,2130,0
6122,2026,0
6070,1974,0
6075,1979,0
6094,1998,0
6071,1975,0
6338,2242,0
5992,1896,0
6160,2064,0
6155,2059,0
6144,2048,0
6159,2063,0
5992,1896,0
6153,2057,0
6158,2062,0
6222,2126,0
6149,2053,0
6174,2078,0
6156,2060,0
6132,2036,0
6072,1976,0
6230,2134,0
6237,2141,0
6084,1988,0
6029,1933,0
6158,2062,0
6242,2146,0
6155,2059,0
6043,1947,0
6006,1910,0
6147,2051,0
6109,2013,0
6113,2017,0
6195,2099,0
6198,2102,0
6094,1998,0
6176,2080,0
5970,1874,0
6091,1995,0
6276,2180,0
6139,2043,0
6132,2036,0
6162,2066,0
6021,1925,0
6109,2013,0
6215,2119,0
6158,2062,0
6118,2022,0
6164,2068,0
6180,2084,0
6228,2132,0
6224,2128,0
6258,2162,0
6220,2124,0
6238,2142,0
6301,2205,0
6192,2096,0
6304,2208,0
6075,1979,0
6156,2060,0
6168,2072,0
6099,2003,0
6167,2071,0
6129,2033,0
6174,2078,0
6149,2053,0
6054,1958,0
6169,2073,0
6206,2110,0
5933,1837,0
6241,2145,0
6227,2131,0
6152,2056,0
6057,1961,0
6270,2174,0
6281,2185,0
6210,2114,0
6107,2011,0
6169,2073,0
5950,1854,0
6055,1959,0
6229,2133,0
6172,2076,0
6231,2135,0
6143,2047,0
6313,2217,0
6165,2069,0
6181,2085,0
6055,1959,0
6028,1932,0
5961,1865,0
6108,2012,0
6206,2110,0
6125,2029,0
6247,2151,0
6069,1973,0
6193,2097,0
6210,2114,0
6266,2170,0
6096,2000,0
6187,2091,0
6255,2159,0
5976,1880,0
5995,1899,0
6274,2178,0
6045,1949,0
6293,2197,0
6274,2178,0
6064,1968,0
6127,2031,0
6068,1972,0
5994,1898,0
6188,2092,0
6131,2035,0
6183,2087,0
6042,1946,0
6027,1931,0
6055,1959,0
6182,2086,0
6122,2026,0
6205,2109,0
6188,2092,0
5939,1843,0
6071,1975,0
6281,2185,0
6119,2023,0
6197,2101,0
6311,2215,0
5966,1870,0
6137,2041,0
6060,1964,0
6170,2074,0
6218,2122,0
6129,2033,0
6002,1906,0
6223,2127,0
6218,2122,0
6162,2066,0
6215,2119,0
6157,2061,0
5998,1902,0
6120,2024,0
6088,1992,0
6145,2049,0
6297,2201,0
5981,1885,0
6054,1958,0
6325,2229,0
6060,1964,0
6073,1977,0
6124,2028,0
6066,1970,0
6179,2083,0
6126,2030,0
5998,1902,0
6271,2175,0
6162,2066,0
6059,1963,0
6093,1997,0
6118,2022,0
6117,2021,0
6260,2164,0
5998,1902,0
6104,2008,0
6397,2301,0
6042,1946,0
6177,2081,0
6295,2199,0
6131,2035,0
6325,2229,0
6191,2095,0
6120,2024,0
6189,2093,0
6225,2129,0
6139,2043,0
6454,2358,0
6176,2080,0
6167,2071,0
6292,2196,0
6198,2102,0
6175,2079,0
6340,2244,0
6190,2094,0
6218,2122,0
5934,1838,0
6161,2065,0
6103,2007,0
6160,2064,0
6107,2011,0
6205,2109,0
6107,2011,0
6321,2225,0
6160,2064,0
6167,2071,0
6080,1984,0
6164,2068,0
6093,1997,0
6252,2156,0
6035,1939,0
6219,2123,0
6240,2144,0
6218,2122,0
6297,2201,0
6094,1998,0
6077,1981,0
6158,2062,0
6134,2038,0
6090,1994,0
6213,2117,0
6194,2098,0
6228,2132,0
6229,2133,0
6200,2104,0
6202,2106,0
6121,2025,0
6231,2135,0
6329,2233,0
5998,1902,0
6182,2086,0
6134,2038,0
5850,1754,0
6109,2013,0
6207,2111,0
5908,1812,0
6192,2096,0
5872,1776,0
6299,2203,0
6026,1930,0
6142,2046,0
6366,2270,0
6169,2073,0
6346,2250,0
6222,2126,0
6244,2148,0
6084,1988,0
6056,1960,0
6186,2090,0
6118,2022,0
6103,2007,0
6124,2028,0
6143,2047,0
6145,2049,0
6186,2090,0
6131,2035,0
6248,2152,0
6213,2117,0
6197,2101,0
6216,2120,0
6212,2116,0
6177,2081,0
6086,1990,0
6147,2051,0
6158,2062,0
6118,2022,0
6082,1986,0
5877,1781,0
6003,1907,0
5882,1786,0
6234,2138,0
6329,2233,0
6067,1971,0
5937,1841,0
6025,1929,0
6082,1986,0
5976,1880,0
6248,2152,0
6241,2145,0
6252,2156,0
6143,2047,0
6371,2275,0
6138,2042,0
6112,2016,0
6251,2155,0
6091,1995,0
6161,2065,0
6220,2124,0
6094,1998,0
6128,2032,0
6299,2203,0
5985,1889,0
6045,1949,0
6142,2046,0
6189,2093,0
6161,2065,0
6380,2284,0
6153,2057,0
6103,2007,0
6262,2166,0
6031,1935,0
6096,2000,0
5904,1808,0
6078,1982,0
6076,1980,0
6041,1945,0
6147,2051,0
6123,2027,0
6162,2066,0
6149,2053,0
6096,2000,0
6143,2047,0
6042,1946,0
6337,2241,0
6079,1983,0
6222,2126,0
6250,2154,0
6048,1952,0
6288,2192,0
6255,2159,0
6169,2073,0
6223,2127,0
6188,2092,0
6173,2077,0
6135,2039,0
6037,1941,0
6291,2195,0
6153,2057,0
6160,2064,0
6186,2090,0
6165,2069,0
5975,1879,0
6054,1958,0
6293,2197,0
6023,1927,0
6139,2043,0
6178,2082,0
6166,2070,0
6265,2169,0
6109,2013,0
5951,1855,0
6158,2062,0
6024,1928,0
6314,2218,0
6134,2038,0
6172,2076,0
6257,2161,0
6315,2219,0
6114,2018,0
6262,2166,0
6241,2145,0
6263,2167,0
6122,2026,0
6140,2044,0
6221,2125,0
6174,2078,0
6059,1963,0
5978,1882,0
6129,2033,0
6145,2049,0
6270,2174,0
6107,2011,0
6162,2066,0
6155,2059,0
6088,1992,0
6005,1909,0
6202,2106,0
6102,2006,0
6126,2030,0
6098,2002,0
6140,2044,0
6079,1983,0
6339,2243,0
6234,2138,0
6011,1915,0
6131,2035,0
6115,2019,0
6261,2165,0
6233,2137,0
6065,1969,0
6063,1967,0
6128,2032,0
6179,2083,0
5992,1896,0
5971,1875,0
6250,2154,0
6279,2183,0
6325,2229,0
6041,1945,0
6156,2060,0
6102,2006,0
6127,2031,0
6150,2054,0
6053,1957,0
6091,1995,0
6126,2030,0
6277,2181,0
5999,1903,0
6173,2077,0
6019,1923,0
6034,1938,0
6034,1938,0
6219,2123,0
6288,2192,0
6151,2055,0
6182,2086,0
5950,1854,0
6144,2048,0
6143,2047,0
6180,2084,0
6268,2172,0
6109,2013,0
6281,2185,0
6049,1953,0
6038,1942,0
6192,2096,0
6147,2051,0
6115,2019,0
6051,1955,0
6137,2041,0
6172,2076,0
5973,1877,0
6081,1985,0
6219,2123,0
6155,2059,0
6174,2078,0
6183,2087,0
6154,2058,0
6129,2033,0
5961,1865,0
6203,2107,0
6026,1930,0
6352,2256,0
5963,1867,0
6248,2152,0
6259,2163,0
6099,2003,0
6186,2090,0
6293,2197,0
6308,2212,0
6041,1945,0
6077,1981,0
6025,1929,0
6015,1919,0
6107,2011,0
6107,2011,0
6037,1941,0
6037,1941,0
6042,1946,0
6078,1982,0
6061,1965,0
6230,2134,0
6065,1969,0
6349,2253,0
6174,2078,0
6296,2200,0
6205,2109,0
9985,5889,1
4070,12262,1
1163,9355,0
2284,10476,0
8578,4482,0
2160,10352,0
2670,10862,0
8005,3909,0
2086,10278,0
5166,1070,0
6833,2737,0
4432,336,0
5829,1733,0
2512,10704,0
10039,5943,0
7813,3717,0
4581,485,0
5375,1279,0
3382,11574,0
5656,1560,0
655,8847,0
3608,11800,0
8262,4166,0
2511,10703,0
6634,2538,0
6336,2240,0
3440,11632,0
1573,9765,0
9743,5647,0
4379,283,0
1294,9486,0
9115,5019,0
6339,2243,0
1891,10083,0
3407,11599,0
7421,3325,0
9348,5252,0
1543,9735,0
6759,2663,0
2672,10864,0
5562,1466,0
1682,9874,0
709,8901,0
4719,623,0
966,9158,0
5960,1864,0
9038,4942,0
7436,3340,0
2035,10227,0
1061,9253,0
102,8294,0
8169,4073,0
9539,5443,0
8918,4822,0
9189,5093,0
1840,10032,0
3052,11244,0
8971,4875,0
4028,12220,0
9238,5142,0
8039,3943,0
2528,10720,0
1900,10092,0
4941,845,0
3249,11441,0
2438,10630,0
2053,10245,0
3430,11622,0
4853,757,0
5601,1505,0
5564,1468,0
22,8214,0
2977,11169,0
5732,1636,0
3407,11599,0
7496,3400,0
7775,3679,0
5086,990,0
1994,10186,0
1410,9602,0
6609,2513,0
2103,10295,0
3266,11458,0
3141,11333,0
6294,2198,0
7933,3837,0
1813,10005,0
3117,11309,0
9654,5558,0
3536,11728,0
7283,3187,0
4559,463,0
4039,12231,0
1297,9489,0
4437,341,0
2258,10450,0
5879,1783,0
3216,11408,0
7557,3461,0
8481,4385,0
7094,2998,0
6125,2029,0
7189,3093,0
5936,1840,0
4457,361,0
6537,2441,0
10097,6001,0
184,8376,0
5000,904,0
2678,10870,0
10020,5924,0
8368,4272,0
4437,341,0
7613,3517,0
4785,689,0
1296,9488,0
2558,10750,0
2992,11184,0
1291,9483,0
9256,5160,0
8556,4460,0
6474,2378,0
5849,1753,0
2342,10534,0
1993,10185,0
5219,1123,0
4332,236,0
3768,11960,0
6225,2129,0
6281,2185,0
355,8547,0
3884,12076,0
5185,1089,0
5780,1684,0
1561,9753,0
10196,6100,0
1896,10088,0
5928,1832,0
7032,2936,0
7383,3287,0
1126,9318,0
4127,31,0
1798,9990,0
4188,92,0
2629,10821,0
9002,4906,0
5284,1188,0
3297,11489,0
2212,10404,0
6559,2463,0
3367,11559,0
4407,311,0
3883,12075,0
6747,2651,0
5805,1709,0
2574,10766,0
7061,2965,0
9888,5792,0
4297,201,0
2851,11043,0
3165,11357,0
9491,5395,0
5884,1788,0
8718,4622,0
6251,2155,0
5331,1235,0
6983,2887,0
5595,1499,0
7252,3156,0
1570,9762,0
4306,210,0
3225,11417,0
2389,10581,0
1681,9873,0
1645,9837,0
7872,3776,0
5353,1257,0
774,8966,0
4313,217,0
3071,11263,0
8495,4399,0
7324,3228,0
261,8453,0
4255,159,0
893,9085,0
3571,11763,0
5814,1718,0
2798,10990,0
286,8478,0
2741,10933,0
5707,1611,0
5221,1125,0
3517,11709,0
2861,11053,0
5503,1407,0
7559,3463,0
2092,10284,0
7967,3871,0
6543,2447,0
397,8589,0
1224,9416,0
3197,11389,0
9175,5079,0
6724,2628,0
4478,382,0
3868,12060,0
8218,4122,0
2493,10685,0
5643,1547,0
9247,5151,0
1324,9516,0
3409,11601,0
5520,1424,0
911,9103,0
1355,9547,0
1848,10040,0
2475,10667,0
4628,532,0
1832,10024,0
4772,676,0
623,8815,0
223,8415,0
5897,1801,0
9982,5886,0
8095,3999,0
190,8382,0
3716,11908,0
9733,5637,0
6933,2837,0
1589,9781,0
6955,2859,0
1199,9391,0
215,8407,0
2065,10257,0
3435,11627,0
2181,10373,0
1170,9362,0
4619,523,0
9212,5116,0
1056,9248,0
7514,3418,0
8210,4114,0
10024,5928,0
675,8867,0
688,8880,0
4813,717,0
787,8979,0
2931,11123,0
8097,4001,0
6733,2637,0
6380,2284,0
4949,853,0
122,8314,0
7828,3732,0
1086,9278,0
8134,4038,0
1878,10070,0
2954,11146,0
5950,1854,0
3433,11625,0
6775,2679,0
7311,3215,0
6036,1940,0
10226,6130,0
10145,6049,0
10022,5926,0
10154,6058,0
10246,6150,0
10259,6163,0
10253,6157,0
10192,6096,0
10208,6112,0
10169,6073,0
10259,6163,0
10231,6135,0
10396,6300,0
10031,5935,0
10269,6173,0
10194,6098,0
10392,6296,0
10203,6107,0
10239,6143,0
10163,6067,0
10168,6072,0
10219,6123,0
10276,6180,0
10303,6207,0
10373,6277,0
10126,6030,0
10149,6053,0
10187,6091,0
10220,6124,0
10352,6256,0
10240,6144,0
10147,6051,0
10052,5956,0
10246,6150,0
10201,6105,0
10242,6146,0
10277,6181,0
10124,6028,0
10167,6071,0
10114,6018,0
10303,6207,0
10137,6041,0
10305,6209,0
10203,6107,0
10185,6089,0
10372,6276,0
10267,6171,0
10057,5961,0
10156,6060,0
10337,6241,0
10338,6242,0
10319,6223,0
10318,6222,0
10112,6016,0
10130,6034,0
10091,5995,0
10082,5986,0
10203,6107,0
10244,6148,0
10260,6164,0
10262,6166,0
10118,6022,0
10122,6026,0
10341,6245,0
10303,6207,0
10315,6219,0
10180,6084,0
10227,6131,0
10379,6283,0
10202,6106,0
10156,6060,0
10320,6224,0
10394,6298,0
10279,6183,0
10323,6227,0
10256,6160,0
10184,6088,0
10062,5966,0
10350,6254,0
10260,6164,0
10289,6193,0
10272,6176,0
10287,6191,0
10274,6178,0
10251,6155,0
10261,6165,0
10301,6205,0
10233,6137,0
10202,6106,0
10275,6179,0
10260,6164,0
10264,6168,0
10291,6195,0
10172,6076,0
10286,6190,0
10313,6217,0
10142,6046,0
10213,6117,0
10142,6046,0
10272,6176,0
10135,6039,0
10256,6160,0
10130,6034,0
10420,6324,0
10315,6219,0
10406,6310,0
10207,6111,0
10187,6091,0
10188,6092,0
10262,6166,0
10071,5975,0
10116,6020,0
10154,6058,0
9970,5874,0
10088,5992,0
10400,6304,0
10178,6082,0
10185,6089,0
10095,5999,0
10089,5993,0
10327,6231,0
10366,6270,0
10316,6220,0
10279,6183,0
10221,6125,0
10047,5951,0
10257,6161,0
10046,5950,0
10192,6096,0
10349,6253,0
10445,6349,0
10181,6085,0
10372,6276,0
10311,6215,0
10156,6060,0
10313,6217,0
10178,6082,0
10149,6053,0
10264,6168,0
10167,6071,0
10273,6177,0
10287,6191,0
10235,6139,0
10252,6156,0
10195,6099,0
10221,6125,0
10153,6057,0
10280,6184,0
10288,6192,0
10198,6102,0
10194,6098,0
10414,6318,0
10033,5937,0
10063,5967,0
10025,5929,0
10204,6108,0
10260,6164,0
10518,6422,0
10435,6339,0
10086,5990,0
10138,6042,0
10143,6047,0
10137,6041,0
10239,6143,0
10090,5994,0
10311,6215,0
10308,6212,0
10091,5995,0
10244,6148,0
10122,6026,0
10185,6089,0
10270,6174,0
10240,6144,0
10293,6197,0
10197,6101,0
10247,6151,0
10230,6134,0
10249,6153,0
10257,6161,0
10151,6055,0
10372,6276,0
10211,6115,0
10139,6043,0
10345,6249,0
9990,5894,0
10155,6059,0
10164,6068,0
10298,6202,0
10220,6124,0
10289,6193,0
9993,5897,0
10403,6307,0
10200,6104,0
10232,6136,0
10267,6171,0
10211,6115,0
10318,6222,0
10036,5940,0
10207,6111,0
10277,6181,0
10156,6060,0
10278,6182,0
10138,6042,0
10228,6132,0
10217,6121,0
10312,6216,0
10354,6258,0
10208,6112,0
10189,6093,0
10114,6018,0
10129,6033,0
10198,6102,0
10349,6253,0
10153,6057,0
10313,6217,0
10182,6086,0
10185,6089,0
10264,6168,0
10239,6143,0
10112,6016,0
10319,6223,0
10120,6024,0
10147,6051,0
10269,6173,0
10176,6080,0
10291,6195,0
10347,6251,0
10053,5957,0
10268,6172,0
10132,6036,0
10132,6036,0
10398,6302,0
10186,6090,0
10085,5989,0
10267,6171,0
10442,6346,0
10282,6186,0
10137,6041,0
10137,6041,0
10163,6067,0
10386,6290,0
10240,6144,0
10305,6209,0
10191,6095,0
10277,6181,0
10327,6231,0
10248,6152,0
10225,6129,0
10203,6107,0
10253,6157,0
10301,6205,0
10274,6178,0
10134,6038,0
10315,6219,0
10175,6079,0
10307,6211,0
10349,6253,0
10119,6023,0
10531,6435,0
10277,6181,0
10278,6182,0
10297,6201,0
10155,6059,0
10293,6197,0
10372,6276,0
10277,6181,0
10251,6155,0
10249,6153,0
10443,6347,0
10350,6254,0
10280,6184,0
10271,6175,0
10400,6304,0
10223,6127,0
10083,5987,0
10201,6105,0
10234,6138,0
10190,6094,0
10239,6143,0
10265,6169,0
10194,6098,0
10137,6041,0
10071,5975,0
10092,5996,0
10311,6215,0
10181,6085,0
10154,6058,0
10196,6100,0
10325,6229,0
10493,6397,0
10411,6315,0
10308,6212,0
10348,6252,0
10274,6178,0
10314,6218,0
10159,6063,0
10249,6153,0
10265,6169,0
10216,6120,0
10305,6209,0
10446,6350,0
10128,6032,0
10311,6215,0
10338,6242,0
10304,6208,0
10186,6090,0
10093,5997,0
10196,6100,0
10349,6253,0
10095,5999,0
10199,6103,0
10232,6136,0
10308,6212,0
10269,6173,0
10235,6139,0
10280,6184,0
10233,6137,0
10059,5963,0
10161,6065,0
10402,6306,0
10395,6299,0
10283,6187,0
10114,6018,0
10298,6202,0
10190,6094,0
10156,6060,0
10078,5982,0
10358,6262,0
10224,6128,0
10010,5914,0
10192,6096,0
10172,6076,0
10121,6025,0
10111,6015,0
10304,6208,0
10256,6160,0
10119,6023,0
10312,6216,0
10228,6132,0
10187,6091,0
10189,6093,0
10269,6173,0
10471,6375,0
10244,6148,0
10399,6303,0
10188,6092,0
10243,6147,0
10323,6227,0
10335,6239,0
10074,5978,0
10286,6190,0
10222,6126,0
10129,6033,0
10243,6147,0
10248,6152,0
10169,6073,0
10192,6096,0
10211,6115,0
10328,6232,0
10278,6182,0
10178,6082,0
10117,6021,0
10327,6231,0
10086,5990,0
10194,6098,0
10265,6169,0
10198,6102,0
10146,6050,0
10266,6170,0
10114,6018,0
10276,6180,0
10308,6212,0
10394,6298,0
10103,6007,0
10289,6193,0
10234,6138,0
10253,6157,0
10217,6121,0
10200,6104,0
10274,6178,0
10101,6005,0
10180,6084,0
10326,6230,0
10432,6336,0
10273,6177,0
10208,6112,0
10091,5995,0
10325,6229,0
10195,6099,0
10208,6112,0
10315,6219,0
10325,6229,0
10179,6083,0
10253,6157,0
10118,6022,0
10111,6015,0
10218,6122,0
10316,6220,0
10402,6306,0
10319,6223,0
10094,5998,0
10379,6283,0
10260,6164,0
10278,6182,0
10085,5989,0
10292,6196,0
10280,6184,0
10238,6142,0
10180,6084,0
10202,6106,0
10187,6091,0
10267,6171,0
10382,6286,0
10398,6302,0
10170,6074,0
10231,6135,0
10164,6068,0
10236,6140,0
10236,6140,0
10133,6037,0
10342,6246,0
10371,6275,0
10399,6303,0
10133,6037,0
10400,6304,0
10227,6131,0
10208,6112,0
10141,6045,0
10332,6236,0
10304,6208,0
10243,6147,0
10079,5983,0
10223,6127,0
10284,6188,0
10361,6265,0
10384,6288,0
10193,6097,0
10327,6231,0
10284,6188,0
10435,6339,0
10464,6368,0
10239,6143,0
10317,6221,0
10271,6175,0
10269,6173,0
10302,6206,0
10277,6181,0
10528,6432,0
10232,6136,0
10206,6110,0
10199,6103,0
10381,6285,0
10225,6129,0
10132,6036,0
10214,6118,0
10150,6054,0
10301,6205,0
10341,6245,0
10418,6322,0
10157,6061,0
9971,5875,0
10259,6163,0
10331,6235,0
10181,6085,0
10076,5980,0
10421,6325,0
10301,6205,0
10301,6205,0
10233,6137,0
10108,6012,0
10282,6186,0
10291,6195,0
10229,6133,0
10062,5966,0
10214,6118,0
10363,6267,0
10124,6028,0
10224,6128,0
10225,6129,0
10181,6085,0
10130,6034,0
10298,6202,0
10153,6057,0
10443,6347,0
10303,6207,0
10258,6162,0
10263,6167,0
10408,6312,0
10055,5959,0
10391,6295,0
10184,6088,0
10196,6100,0
10202,6106,0
10209,6113,0
10359,6263,0
10313,6217,0
10352,6256,0
10175,6079,0
10177,6081,0
10345,6249,0
10222,6126,0
10268,6172,0
10311,6215,0
10227,6131,0
10307,6211,0
10380,6284,0
10270,6174,0
10425,6329,0
10150,6054,0
10256,6160,0
10251,6155,0
10240,6144,0
10298,6202,0
10296,6200,0
10296,6200,0
10378,6282,0
10205,6109,0
10121,6025,0
10240,6144,0
10209,6113,0
10246,6150,0
10335,6239,0
10198,6102,0
10295,6199,0
10122,6026,0
10293,6197,0
10352,6256,0
10282,6186,0
10079,5983,0
10193,6097,0
10164,6068,0
10070,5974,0
10116,6020,0
10322,6226,0
10167,6071,0
10299,6203,0
10171,6075,0
10280,6184,0
10234,6138,0
10142,6046,0
10247,6151,0
10272,6176,0
10209,6113,0
10155,6059,0
10246,6150,0
10183,6087,0
10325,6229,0
10059,5963,0
10245,6149,0
10323,6227,0
10198,6102,0
10324,6228,0
10321,6225,0
10235,6139,0
10246,6150,0
10429,6333,0
10208,6112,0
10297,6201,0
10220,6124,0
10223,6127,0
10215,6119,0
10247,6151,0
10247,6151,0
10361,6265,0
10290,6194,0
10049,5953,0
10260,6164,0
10219,6123,0
10316,6220,0
10293,6197,0
10286,6190,0
10296,6200,0
10397,6301,0
10280,6184,0
10279,6183,0
10443,6347,0
10255,6159,0
10377,6281,0
10118,6022,0
10304,6208,0
10313,6217,0
10049,5953,0
10252,6156,0
10248,6152,0
10250,6154,0
10221,6125,0
10194,6098,0
10189,6093,0
10093,5997,0
10290,6194,0
10523,6427,0
10381,6285,0
9978,5882,0
10230,6134,0
10259,6163,0
10427,6331,0
10153,6057,0
10139,6043,0
10326,6230,0
10295,6199,0
10175,6079,0
10176,6080,0
10080,5984,0
10265,6169,0
10318,6222,0
9287,5191,0
2785,10977,0
12606,12606,1
3471,11663,0
12831,12831,0
4727,631,0
14072,14072,0
6842,2746,0
4833,737,0
13447,13447,0
17936,17936,1
1638,9830,0
17742,17742,0
10482,6386,0
10477,6381,0
16548,16548,0
9053,4957,0
15879,15879,0
5031,935,0
1749,9941,0
908,9100,0
1234,9426,0
18135,18135,0
12578,12578,0
566,8758,0
6474,2378,0
10899,6803,0
12761,12761,0
8363,4267,0
13057,13057,0
16963,16963,0
202,8394,0
602,8794,0
8831,4735,0
9441,5345,0
4778,682,0
2972,11164,0
10791,6695,0
12823,12823,0
3223,11415,0
10038,5942,0
14912,14912,0
1654,9846,0
12407,12407,0
8540,4444,0
3864,12056,0
3927,12119,0
11424,7328,0
3940,12132,0
4706,610,0
7196,3100,0
14367,14367,0
4359,263,0
2400,10592,0
10737,6641,0
13026,13026,0
3874,12066,0
14370,14370,0
4201,105,0
5766,1670,0
3102,11294,0
14439,14439,0
7654,3558,0
4457,361,0
11724,7628,0
3676,11868,0
1315,9507,0
18374,18374,0
18390,18390,0
18275,18275,0
18383,18383,0
18379,18379,0
18522,18522,0
18587,18587,0
18404,18404,0
18347,18347,0
18316,18316,0
18520,18520,0
18501,18501,0
18403,18403,0
18421,18421,0
18547,18547,0
18418,18418,0
18565,18565,0
18518,18518,0
18459,18459,0
18317,18317,0
18420,18420,0
18497,18497,0
18319,18319,0
18471,18471,0
18369,18369,0
18159,18159,0
18514,18514,0
18442,18442,0
18398,18398,0
18454,18454,0
18588,18588,0
18520,18520,0
18534,18534,0
18298,18298,0
18375,18375,0
18385,18385,0
18503,18503,0
18457,18457,0
18702,18702,0
18578,18578,0
18372,18372,0
18469,18469,0
18490,18490,0
18413,18413,0
18499,18499,0
18436,18436,0
18349,18349,0
18531,18531,0
18375,18375,0
18465,18465,0
18446,18446,0
18375,18375,0
18270,18270,0
18522,18522,0
18173,18173,0
18537,18537,0
18338,18338,0
18362,18362,0
18487,18487,0
18397,18397,0
18515,18515,0
18482,18482,0
18592,18592,0
18553,18553,0
18472,18472,0
18533,18533,0
18542,18542,0
18346,18346,0
18253,18253,0
18408,18408,0
18520,18520,0
18488,18488,0
18309,18309,0
18368,18368,0
18535,18535,0
18520,18520,0
18378,18378,0
18496,18496,0
18327,18327,0
18635,18635,0
18279,18279,0
18477,18477,0
18673,18673,0
18331,18331,0
18484,18484,0
18345,18345,0
18472,18472,0
18360,18360,0
18371,18371,0
18436,18436,0
18431,18431,0
18226,18226,0
18482,18482,0
18334,18334,0
18294,18294,0
18442,18442,0
18516,18516,0
18504,18504,0
18380,18380,0
18681,18681,0
18575,18575,0
18358,18358,0
18358,18358,0
18519,18519,0
18355,18355,0
18340,18340,0
18504,18504,0
18371,18371,0
18655,18655,0
18334,18334,0
18573,18573,0
18304,18304,0
18411,18411,0
18434,18434,0
18419,18419,0
18389,18389,0
18412,18412,0
18374,18374,0
18475,18475,0
18399,18399,0
18415,18415,0
18374,18374,0
18504,18504,0
18362,18362,0
18394,18394,0
18360,18360,0
18363,18363,0
18414,18414,0
18510,18510,0
18495,18495,0
18350,18350,0
18470,18470,0
18491,18491,0
18491,18491,0
18409,18409,0
18661,18661,0
18486,18486,0
18404,18404,0
18281,18281,0
18451,18451,0
18518,18518,0
18461,18461,0
18334,18334,0
18427,18427,0
18467,18467,0
18346,18346,0
18320,18320,0
18378,18378,0
18563,18563,0
18408,18408,0
18453,18453,0
18499,18499,0
18289,18289,0
18271,18271,0
18410,18410,0
18413,18413,0
18500,18500,0
18454,18454,0
18464,18464,0
18431,18431,0
18372,18372,0
18322,18322,0
18610,18610,0
18485,18485,0
18495,18495,0
18518,18518,0
18535,18535,0
18290,18290,0
18422,18422,0
18302,18302,0
18553,18553,0
18505,18505,0
18408,18408,0
18495,18495,0
18435,18435,0
18332,18332,0
18351,18351,0
18410,18410,0
18417,18417,0
18570,18570,0
18442,18442,0
18373,18373,0
18429,18429,0
18520,18520,0
18562,18562,0
18496,18496,0
18446,18446,0
18490,18490,0
18334,18334,0
18424,18424,0
18362,18362,0
18572,18572,0
18326,18326,0
18298,18298,0
18520,18520,0
18419,18419,0
18463,18463,0
18400,18400,0
18354,18354,0
18510,18510,0
18718,18718,0
18336,18336,0
18545,18545,0
18326,18326,0
18311,18311,0
18456,18456,0
18620,18620,0
18388,18388,0
18475,18475,0
18180,18180,0
18671,18671,0
18403,18403,0
18507,18507,0
18231,18231,0
18594,18594,0
18387,18387,0
18458,18458,0
18261,18261,0
18311,18311,0
18352,18352,0
18515,18515,0
18603,18603,0
18341,18341,0
18475,18475,0
18272,18272,0
18303,18303,0
18398,18398,0
18350,18350,0
18431,18431,0
18513,18513,0
18637,18637,0
18351,18351,0
18342,18342,0
18448,18448,0
18503,18503,0
18526,18526,0
18702,18702,0
18351,18351,0
18196,18196,0
18409,18409,0
18411,18411,0
18326,18326,0
18257,18257,0
18360,18360,0
18481,18481,0
18617,18617,0
18486,18486,0
18539,18539,0
18329,18329,0
18451,18451,0
18344,18344,0
18359,18359,0
18438,18438,0
18262,18262,0
18398,18398,0
18681,18681,0
18256,18256,0
18425,18425,0
18478,18478,0
18427,18427,0
18252,18252,0
18496,18496,0
18342,18342,0
18346,18346,0
18440,18440,0
18367,18367,0
18471,18471,0
18548,18548,0
18376,18376,0
18460,18460,0
18517,18517,0
18514,18514,0
18486,18486,0
18240,18240,0
18455,18455,0
18539,18539,0
18308,18308,0
18453,18453,0
18591,18591,0
18346,18346,0
18461,18461,0
18427,18427,0
18272,18272,0
18380,18380,0
18311,18311,0
18386,18386,0
18430,18430,0
18333,18333,0
18382,18382,0
18273,18273,0
18489,18489,0
18362,18362,0
18431,18431,0
18481,18481,0
18531,18531,0
18587,18587,0
18628,18628,0
18526,18526,0
18410,18410,0
18530,18530,0
18459,18459,0
18408,18408,0
18322,18322,0
18459,18459,0
18421,18421,0
18523,18523,0
18434,18434,0
18311,18311,0
18360,18360,0
18388,18388,0
18540,18540,0
18602,18602,0
18348,18348,0
18496,18496,0
18446,18446,0
18259,18259,0
18489,18489,0
18520,18520,0
18282,18282,0
18519,18519,0
18445,18445,0
18355,18355,0
18496,18496,0
18432,18432,0
18477,18477,0
18437,18437,0
18392,18392,0
18412,18412,0
18316,18316,0
18444,18444,0
18597,18597,0
18232,18232,0
18379,18379,0
18498,18498,0
18575,18575,0
18491,18491,0
18347,18347,0
18515,18515,0
18477,18477,0
18494,18494,0
18455,18455,0
18519,18519,0
18375,18375,0
18393,18393,0
18275,18275,0
18418,18418,0
18448,18448,0
18696,18696,0
18390,18390,0
18387,18387,0
18501,18501,0
18503,18503,0
18297,18297,0
18596,18596,0
18313,18313,0
18354,18354,0
18254,18254,0
18617,18617,0
18536,18536,0
18481,18481,0
18384,18384,0
18223,18223,0
18459,18459,0
18377,18377,0
18439,18439,0
18383,18383,0
18477,18477,0
18404,18404,0
18434,18434,0
18280,18280,0
18491,18491,0
18494,18494,0
18530,18530,0
18382,18382,0
18337,18337,0
18296,18296,0
18379,18379,0
18445,18445,0
18552,18552,0
18455,18455,0
18451,18451,0
18439,18439,0
18621,18621,0
18214,18214,0
18342,18342,0
18302,18302,0
18610,18610,0
18566,18566,0
18276,18276,0
18253,18253,0
18425,18425,0
18530,18530,0
18232,18232,0
18443,18443,0
18498,18498,0
18215,18215,0
18288,18288,0
18594,18594,0
18371,18371,0
18500,18500,0
18396,18396,0
18507,18507,0
18512,18512,0
18664,18664,0
18435,18435,0
18344,18344,0
18467,18467,0
18417,18417,0
18427,18427,0
18485,18485,0
18601,18601,0
18446,18446,0
18489,18489,0
18551,18551,0
18411,18411,0
18504,18504,0
18559,18559,0
18392,18392,0
18571,18571,0
18377,18377,0
18381,18381,0
18618,18618,0
18484,18484,0
18551,18551,0
18816,18816,0
18441,18441,0
18473,18473,0
18373,18373,0
18636,18636,0
18512,18512,0
18573,18573,0
18439,18439,0
18517,18517,0
18398,18398,0
18482,18482,0
18513,18513,0
18433,18433,0
18271,18271,0
18412,18412,0
18399,18399,0
18408,18408,0
18321,18321,0
18397,18397,0
18419,18419,0
18603,18603,0
18393,18393,0
18569,18569,0
18506,18506,0
18354,18354,0
18609,18609,0
18443,18443,0
18328,18328,0
18468,18468,0
18243,18243,0
18569,18569,0
18337,18337,0
18407,18407,0
18502,18502,0
18538,18538,0
18334,18334,0
18634,18634,0
18418,18418,0
18386,18386,0
18550,18550,0
18501,18501,0
18566,18566,0
18416,18416,0
18282,18282,0
18478,18478,0
18526,18526,0
18542,18542,0
18560,18560,0
18487,18487,0
18420,18420,0
18429,18429,0
18605,18605,0
18408,18408,0
18532,18532,0
18529,18529,0
18356,18356,0
18495,18495,0
18296,18296,0
18531,18531,0
18488,18488,0
18509,18509,0
18411,18411,0
18469,18469,0
18282,18282,0
18474,18474,0
18416,18416,0
18746,18746,0
18362,18362,0
18445,18445,0
18367,18367,0
18426,18426,0
18453,18453,0
18466,18466,0
18467,18467,0
18555,18555,0
18398,18398,0
18457,18457,0
18318,18318,0
18274,18274,0
18440,18440,0
18449,18449,0
18141,18141,0
18323,18323,0
18330,18330,0
18427,18427,0
18638,18638,0
18308,18308,0
18579,18579,0
18487,18487,0
18406,18406,0
18586,18586,0
18482,18482,0
18431,18431,0
18453,18453,0
18473,18473,0
18601,18601,0
18476,18476,0
18450,18450,0
18474,18474,0
18209,18209,0
18352,18352,0
18491,18491,0
18411,18411,0
18515,18515,0
18292,18292,0
18360,18360,0
18507,18507,0
18450,18450,0
18417,18417,0
18518,18518,0
18431,18431,0
18455,18455,0
18386,18386,0
18487,18487,0
18590,18590,0
18288,18288,0
18398,18398,0
18519,18519,0
18518,18518,0
18428,18428,0
18347,18347,0
18427,18427,0
18331,18331,0
18466,18466,0
18443,18443,0
18477,18477,0
18361,18361,0
18508,18508,0
18461,18461,0
18298,18298,0
18633,18633,0
18408,18408,0
18521,18521,0
18573,18573,0
18469,18469,0
18465,18465,0
18430,18430,0
18436,18436,0
18572,18572,0
18199,18199,0
18419,18419,0
18445,18445,0
18484,18484,0
18474,18474,0
18514,18514,0
18491,18491,0
18373,18373,0
18508,18508,0
18291,18291,0
18485,18485,0
18598,18598,0
18451,18451,0
18338,18338,0
18559,18559,0
18554,18554,0
18441,18441,0
18456,18456,0
18433,18433,0
18630,18630,0
18365,18365,0
18399,18399,0
18541,18541,0
18373,18373,0
18355,18355,0
18402,18402,0
18379,18379,0
18480,18480,0
18453,18453,0
18426,18426,0
18625,18625,0
18572,18572,0
18448,18448,0
18542,18542,0
18433,18433,0
18477,18477,0
18575,18575,0
18329,18329,0
18273,18273,0
18359,18359,0
18340,18340,0
18411,18411,0
18536,18536,0
18512,18512,0
18522,18522,0
18489,18489,0
18507,18507,0
18395,18395,0
18382,18382,0
18552,18552,0
18590,18590,0
18557,18557,0
18530,18530,0
18521,18521,0
18505,18505,0
18450,18450,0
18693,18693,0
18549,18549,0
18522,18522,0
18406,18406,0
18420,18420,0
18433,18433,0
18494,18494,0
18590,18590,0
18515,18515,0
18391,18391,0
18396,18396,0
18398,18398,0
18468,18468,0
18401,18401,0
18587,18587,0
18276,18276,0
18607,18607,0
18418,18418,0
18405,18405,0
18608,18608,0
18504,18504,0
18464,18464,0
18515,18515,0
18541,18541,0
18616,18616,0
18342,18342,0
18332,18332,0
18413,18413,0
18308,18308,0
18703,18703,0
18546,18546,0
18561,18561,0
18574,18574,0
18465,18465,0
18413,18413,0
18507,18507,0
18444,18444,0
18307,18307,0
18540,18540,0
18256,18256,0
18530,18530,0
18308,18308,0
18457,18457,0
18435,18435,0
18358,18358,0
18457,18457,0
18380,18380,0
18561,18561,0
18516,18516,0
18404,18404,0
18556,18556,0
18483,18483,0
18546,18546,0
18236,18236,0
18392,18392,0
18558,18558,0
18436,18436,0
18378,18378,0
18374,18374,0
18349,18349,0
18436,18436,0
18486,18486,0
18324,18324,0
18585,18585,0
18613,18613,0
18413,18413,0
18386,18386,0
18364,18364,0
18569,18569,0
18523,18523,0
18446,18446,0
18296,18296,0
18495,18495,0
18487,18487,0
18582,18582,0
18320,18320,0
18236,18236,0
18441,18441,0
18273,18273,0
18324,18324,0
18282,18282,0
18354,18354,0
18451,18451,0
18455,18455,0
18437,18437,0
18483,18483,0
18328,18328,0
18494,18494,0
18387,18387,0
18526,18526,0
18508,18508,0
18418,18418,0
18316,18316,0
18588,18588,0
18529,18529,0
18498,18498,0
18380,18380,0
18428,18428,0
18303,18303,0
18342,18342,0
18627,18627,0
18436,18436,0
18482,18482,0
18262,18262,0
18452,18452,0
18470,18470,0
18336,18336,0
18435,18435,0
18403,18403,0
18412,18412,0
18234,18234,0
18315,18315,0
18313,18313,0
18251,18251,0
18294,18294,0
18465,18465,0
18372,18372,0
18384,18384,0
18370,18370,0
18332,18332,0
18526,18526,0
18307,18307,0
18455,18455,0
18375,18375,0
18401,18401,0
18348,18348,0
18578,18578,0
18276,18276,0
18274,18274,0
18365,18365,0
18361,18361,0
18382,18382,0
18593,18593,0
18397,18397,0
18449,18449,0
18456,18456,0
18394,18394,0
18435,18435,0
18388,18388,0
18449,18449,0
18634,18634,0
18336,18336,0
18411,18411,0
18572,18572,0
18453,18453,0
18357,18357,0
18538,18538,0
18599,18599,0
18557,18557,0
18499,18499,0
18502,18502,0
18577,18577,0
18404,18404,0
18468,18468,0
18282,18282,0
18448,18448,0
18419,18419,0
18357,18357,0
18360,18360,0
18567,18567,0
18595,18595,0
18479,18479,0
18487,18487,0
18546,18546,0
18334,18334,0
18605,18605,0
18498,18498,0
18452,18452,0
18478,18478,0
18592,18592,0
18453,18453,0
18394,18394,0
18324,18324,0
18208,18208,0
18428,18428,0
18395,18395,0
18439,18439,0
18226,18226,0
18344,18344,0
18498,18498,0
18463,18463,0
18233,18233,0
18545,18545,0
18506,18506,0
18366,18366,0
18414,18414,0
18357,18357,0
18380,18380,0
18460,18460,0
18495,18495,0
18341,18341,0
18546,18546,0
18438,18438,0
18519,18519,0
18414,18414,0
18390,18390,0
18589,18589,0
18408,18408,0
18314,18314,0
18408,18408,0
18578,18578,0
18459,18459,0
18516,18516,0
18274,18274,0
18236,18236,0
18430,18430,0
18497,18497,0
18296,18296,0
18452,18452,0
18370,18370,0
18467,18467,0
18650,18650,0
18523,18523,0
18303,18303,0
18603,18603,0
18456,18456,0
18490,18490,0
18593,18593,0
18418,18418,0
18517,18517,0
18464,18464,0
18470,18470,0
18492,18492,0
18500,18500,0
18363,18363,0
18553,18553,0
18421,18421,0
18499,18499,0
18460,18460,0
18331,18331,0
18489,18489,0
18408,18408,0
18476,18476,0
18474,18474,0
18396,18396,0
18351,18351,0
18444,18444,0
18597,18597,0
18577,18577,0
18520,18520,0
18417,18417,0
18482,18482,0
18314,18314,0
18239,18239,0
18330,18330,0
18480,18480,0
18433,18433,0
18326,18326,0
18442,18442,0
18423,18423,0
18354,18354,0
18291,18291,0
18346,18346,0
18373,18373,0
18340,18340,0
18588,18588,0
18438,18438,0
18433,18433,0
18528,18528,0
18459,18459,0
18426,18426,0
18391,18391,0
18356,18356,0
18295,18295,0
18393,18393,0
18415,18415,0
18593,18593,0
18367,18367,0
18552,18552,0
18461,18461,0
18338,18338,0
18485,18485,0
18305,18305,0
18440,18440,0
18476,18476,0
18288,18288,0
18708,18708,0
18477,18477,0
18555,18555,0
18492,18492,0
18399,18399,0
18741,18741,0
18475,18475,0
18430,18430,0
18321,18321,0
18467,18467,0
