12286
9398
9882
11974
11345
11257
9323
12286
11262
8501
8648
12286
9949
10281
10680
11250
10198
12154
8624
9953
10782
8856
12286
11056
10900
11064
12286
8193
11017
10699
9488
11298
9112
8438
8193
10803
10632
9849
9217
10386
12286
9721
11451
10123
11596
11260
11421
10396
9471
10366
10312
12286
10236
11702
9469
9549
10747
10380
9257
9178
12057
11172
10304
8681
10687
9944
11706
11212
9416
9944
9759
8402
10961
10305
10148
11788
11864
8193
11133
10300
10840
9511
10884
11083
11042
9530
11653
11168
10256
8948
10723
9124
9562
10583
12286
10571
12215
8584
10526
9908
9164
9271
9926
12286
9324
8334
10026
9442
8896
9571
10407
12127
9553
10544
10176
10766
10720
11928
11925
10096
10798
9148
10649
9879
11672
11738
11307
10838
9200
10905
11398
12286
8193
9781
8824
11290
8905
9374
11204
8193
12000
10277
10852
9169
12286
8806
11177
11610
12096
9021
10599
9187
9876
12286
8193
9832
8852
10601
9722
9759
11179
10691
11818
9453
11761
11768
11026
11247
12029
10006
10941
12286
8400
12069
8651
10062
9408
12043
9839
12188
8789
10326
10777
9157
8757
9613
11071
10598
11284
11979
8877
9027
12286
10246
11428
9177
10121
10264
10053
11554
8193
11551
8193
9343
12210
8193
8193
11046
9386
8193
8193
8635
11639
11479
11030
10994
11498
9640
10391
9121
9123
10887
9033
11444
11238
8819
8193
8211
12286
8193
11036
9644
9483
11526
9813
11573
11204
11483
9704
12020
10520
9852
8269
11333
10639
10868
8738
11422
8821
9635
10255
10986
10564
11326
9394
8912
9894
8193
9771
11802
10824
10617
9901
9673
8635
11672
10044
10110
10140
12286
8294
9561
8193
10522
12286
9084
10194
9196
9558
11086
9983
9289
10524
12286
8927
10225
11378
9783
10672
9949
12286
11924
9192
9917
11765
11612
9511
11175
10270
10469
9091
9318
10934
9831
9336
10084
12286
10958
11249
12286
11108
12185
10941
11837
9243
12286
8193
9489
10694
10512
10653
8193
8849
9000
10363
11189
11207
10671
9627
8282
12286
10592
10590
11537
8193
9378
11229
11298
8584
10214
10932
10635
11455
8435
10427
12286
10695
10309
10300
10860
8193
10229
8758
9791
10377
10684
11029
10919
10753
8193
10721
10548
9888
9833
10495
10702
11756
11739
8193
12286
11058
11807
11290
12286
10843
10993
11232
9164
9495
10408
9320
9765
11979
9808
10077
11361
9460
8193
9794
11847
9438
10346
10798
8463
9035
9491
11375
8193
8997
9902
9479
12089
8650
10881
9803
10398
11088
8559
9143
8929
12286
10468
12286
9565
10850
10459
9683
8582
12286
9475
10543
8193
12286
12286
9904
10089
8193
10050
11224
12286
12007
12286
12286
11050
11040
9391
8534
9610
9863
10444
9225
8904
10126
11854
11118
10461
9566
9190
10261
9877
11261
10294
9405
10929
8952
11682
10564
9511
8331
8495
9666
12286
10451
8940
11022
9426
9072
10533
9863
9711
11427
11675
10940
11502
8822
8688
9561
10627
10393
11719
8927
11208
8731
10388
9523
11077
10202
9619
10313
10398
12286
10469
11704
9350
11471
10575
11826
8988
8580
9640
10091
9703
10970
11121
9160
8961
11338
10488
11541
12286
11001
11052
10376
10909
11530
9772
8909
11793
8193
8271
8193
11923
11729
9443
11582
11660
12201
11214
9247
9539
10707
9900
8986
8644
11117
11322
9084
8991
9747
9643
8867
11126
9684
10148
12286
10334
9071
10421
10564
8605
12286
10937
9704
11422
10280
11039
9287
11458
9958
10142
8193
9965
10706
9785
10914
12286
10938
8193
12053
9507
11832
9358
9879
12286
11141
12028
12286
10969
10902
12144
11771
9725
10536
9940
9008
10644
9221
9864
8426
12286
10735
8193
8329
11638
9181
9083
11342
8193
10426
10238
10854
9481
11545
12286
10472
10289
10181
8813
11333
9108
11494
10447
9090
8862
8193
9056
10452
8193
11278
11652
9068
9644
11074
8193
9320
12286
10131
12286
9114
11423
10195
9046
8193
10408
10608
8193
11347
9801
11886
9585
8211
9052
9240
8289
8193
10580
10882
8193
9649
11117
12286
11012
11312
8193
11266
8193
8700
10836
10552
10589
12079
8750
8222
9901
8522
11956
10240
9051
8760
10134
9973
10165
10079
8826
10390
10569
9026
8789
10735
11676
9200
11663
10034
10600
8966
10480
9053
9329
8193
8193
8193
9017
8193
9575
11428
11552
10660
8440
8193
11088
10747
9800
8193
8193
9392
9390
10105
10087
11044
9984
12278
8461
12286
8193
12286
8218
10996
11789
10723
8193
10323
10615
11854
9130
10864
11442
11160
11925
10210
11035
9786
8193
10979
11612
10168
9469
9574
10111
11319
10082
12096
9706
12285
12286
9169
9849
9271
11729
11799
10776
9412
8642
10438
11243
9983
8824
8828
8193
9650
8566
11287
9397
8683
12182
12286
12045
11358
9102
11878
10027
12208
10709
11647
10764
9817
8194
10334
12286
8621
10521
10123
10140
10671
11436
9709
9358
8623
12147
9864
8193
11134
8193
9523
10659
10967
12269
8936
12286
9186
8686
10487
9933
12286
9339
10418
10178
9203
9976
9558
9960
10507
11811
8896
9679
10395
11357
10075
11963
9041
9609
10386
9925
10578
9223
9402
11559
9814
10610
11872
10822
8943
12286
10067
11820
10833
11240
10459
11303
9987
10118
9409
11986
9595
11904
9416
10154
12286
8382
9876
9357
8786
12286
11101
10519
10928
11197
8530
8193
9761
10096
9730
8290
8341
10491
11971
8855
10325
12167
9476
8193
9601
10739
11233
9524
11898
10691
10461
9140
12286
11317
8193
8564
11353
8368
10207
8785
10742
12241
12286
9466
10631
8583
11378
10491
11801
10327
8814
8868
8193
12286
10187
9954
11604
11054
9474
10961
9177
9866
9447
10680
9280
9801
8193
8320
10331
9490
11165
8253
10656
10543
12099
9980
9597
11099
8193
9448
10849
9035
9399
11837
10346
12215
10879
12120
10973
9526
11132
8995
12082
8193
10672
10256
9182
10716
10268
12286
10624
8693
12286
10506
11004
10224
9177
11409
8642
10493
12286
10711
9743
8996
10023
9680
9886
9470
11922
9941
9309
9498
10308
10373
10236
11628
11232
12286
10195
9195
8350
10732
8289
11819
9049
9236
12286
10685
9628
10218
8965
8943
9039
12286
8193
8864
9833
9794
10966
10838
10375
8193
10375
11563
8907
10310
9965
11242
9768
9095
9424
11243
8635
10251
10369
9289
11905
10899
11488
10461
10263
8370
10255
12286
10762
12286
10927
8845
10313
10393
8976
10700
8786
10112
10626
11659
11895
9638
11469
10346
8389
11265
11043
10789
9787
11159
8869
10460
11125
11212
9674
11587
9459
9002
9129
11795
12286
9532
9269
8321
10862
9092
9522
10147
9118
11683
10509
11009
9808
9640
11191
9948
9127
10561
8193
12286
11023
9276
12286
12286
8966
9017
8193
11592
9501
11574
9976
10327
8224
10362
9476
9754
11240
11280
11888
12122
10808
9416
8193
9593
10350
8271
8193
9593
10601
10483
9155
9040
8193
12286
10919
10195
9178
10369
9376
10502
11003
9935
10791
8818
10173
10166
9599
11640
10791
11995
11087
11369
10736
11347
9853
9557
11658
11108
10956
10026
8704
12286
10966
8844
12286
9939
10643
10287
10014
10728
9333
9058
8843
9433
11372
8880
10018
11851
11011
10300
10772
8989
8193
12286
9220
11957
10085
11849
8306
10960
9354
10521
11585
11843
9000
10075
9350
10790
12286
11320
8193
11241
11862
12286
10273
9685
10225
10793
11263
9132
9058
9518
11646
10810
10158
10403
10217
9073
9433
10326
9652
9476
10889
10756
9323
10993
9556
9846
9781
9944
8809
10758
8984
10310
10811
9249
10457
10538
8685
11115
10054
8193
8295
10384
9648
10329
10515
10760
11247
11908
11063
9155
12286
8719
10526
9378
11384
10460
8745
10006
8249
11021
10964
8761
8405
12286
11375
11208
10818
11349
10685
12286
8762
9834
9435
10091
11304
8813
10692
9425
10344
8989
8497
9935
8193
8528
10837
12067
10340
9701
9454
12286
10209
9480
9732
10654
10823
9765
10841
12286
8280
10180
10211
11631
9892
8193
9217
10784
11883
10201
11893
12286
12068
9913
8193
8865
10885
10430
10111
11748
10723
10222
11836
8572
8675
11029
11934
8193
11869
9699
11977
10254
10319
10636
8873
9088
9064
10770
10738
11704
9969
9429
10310
9591
9271
10410
10938
11231
10411
9018
9218
11867
12286
10293
9962
11583
8556
10136
9484
9839
11459
8410
9347
11013
10872
10238
11462
10086
11013
9767
11911
8508
10936
11902
11888
8343
10248
10790
11879
12286
8996
8193
9226
9713
10362
10408
9155
8193
11615
9160
10484
10213
10545
10885
9925
11769
11009
10890
10490
11963
9402
12120
11085
8631
12286
9444
10193
11410
8759
10289
9374
8366
9709
10938
9192
9016
10291
9387
8193
11712
8874
10253
8193
8401
8732
8782
9850
12128
10984
10595
10638
11335
10169
9281
10646
8642
8928
10464
9456
12286
9966
10611
11424
12286
9098
9491
9838
12286
11170
11338
10305
9409
8193
10311
10970
11994
11190
8193
8208
10241
10115
8193
12286
10879
9850
8961
9547
12233
9900
10636
9569
12286
11150
9939
11239
11430
9706
10942
12286
10902
10116
8995
11266
9306
9536
8371
12286
9118
8209
12012
12286
9128
11215
11032
9382
11452
11879
8981
10555
11609
11315
10878
8938
11632
9477
8232
10565
10330
9471
11382
11003
9399
10680
8713
8251
10722
10591
9389
10499
12136
12286
11197
10504
10486
9197
10844
11474
9412
8497
9460
9926
9943
8532
11002
11026
12208
12159
10121
10346
9625
11485
12286
11003
11123
11229
10099
11392
9349
8656
10306
8770
11510
11536
11038
9588
11763
10276
10658
8543
11832
9516
12174
10004
11895
9666
10125
10078
11687
10445
3829
1937
13509
6227
3925
14129
11200
6876
13138
14011
2136
1355
13143
7522
12653
12328
13460
6334
8568
12852
2991
1252
1162
9748
9303
1636
10543
2948
8375
10271
13637
8128
12941
8334
22
8054
2590
2893
10014
11161
8816
12106
13095
1020
8294
3626
1981
6646
13497
7229
6503
11675
3010
11580
9069
12176
7932
3207
14001
8006
2511
5178
1977
11254
11876
10292
4160
4943
10017
4995
46
9643
6183
7794
4664
2435
8300
7365
11280
8052
9166
6540
8675
4903
11156
6911
2689
5898
14100
7357
861
6447
10750
1773
14026
12165
8776
8104
10281
5472
8215
6108
9161
10530
7373
13684
639
13894
9345
12947
13907
5455
5279
10984
3114
10817
13579
6278
9276
6785
3340
9400
4298
50
4891
9110
6735
6772
6442
9545
1646
5290
23
10823
6752
5437
7649
1841
9347
12571
4763
5381
9623
12057
309
8431
8840
6902
9189
8727
1821
1974
7966
9341
6615
1090
157
1883
6056
3835
2212
3940
8436
12431
8066
3775
2996
13351
13457
2791
10309
12978
13470
15982
15143
14770
15839
14544
14783
13589
14595
14048
15068
16001
12289
14833
14170
15812
13568
13486
14745
13703
15424
13307
14679
12289
13496
15482
16382
13500
16325
12841
14366
13287
14895
15525
14348
12289
14738
15319
13153
14126
14928
14428
15540
16100
12793
14430
14948
12823
14535
13940
15331
14857
14784
13400
14785
12289
15431
15075
13762
15353
15250
14361
16382
15456
15855
12289
12289
13457
15368
13856
13443
12289
13896
15879
15583
16382
14788
13839
14240
13991
12468
16382
16382
14827
12853
13117
12833
15963
12408
14751
14363
12383
12648
13875
16186
14473
12289
15229
12894
16203
12775
12872
12289
14901
13001
12289
13761
15464
14836
13576
13287
13226
16382
14910
13802
13077
15422
15573
15481
12882
15841
16382
12289
16011
13892
12879
15785
13866
14586
16382
13673
15930
16382
12294
16124
15702
14030
14020
15578
15329
15393
14254
12938
14307
13660
14687
14841
15153
12327
13193
14675
14370
13579
12369
14310
12289
14276
13977
12519
14902
13583
14661
15392
13336
14688
13563
16080
13458
15657
14515
14118
13231
16026
12910
12851
13986
14992
15944
14182
14693
15703
14936
13493
15582
15430
13228
16287
13248
15142
16031
16011
14816
12596
15030
16309
14297
14335
12606
14383
12289
15845
14884
15422
16382
14866
13669
15101
14513
14720
14509
13991
16048
14363
12685
12679
15729
13769
16090
14480
13098
15982
12662
16382
14181
14444
16207
13781
13949
13922
13715
14451
16092
13826
15055
15252
12289
12499
15110
13196
14632
13213
14048
14127
13738
14082
14092
14997
14463
14983
13130
14531
16382
14580
12372
15430
12890
13934
16382
15262
14023
14891
13944
15710
14092
14268
14766
13582
14098
14728
13605
12715
13978
14262
12289
15176
15614
14395
14716
13566
13327
15745
14792
14240
12289
12885
14530
14013
14044
13998
14189
14023
13557
12289
16356
14323
13851
15835
15701
13212
12727
13388
13681
12289
13559
12289
14266
13719
14950
12642
16382
14853
13533
14136
12289
12289
13614
13183
14563
16063
14831
15514
15251
16089
12353
14807
13034
15238
16146
14111
16382
14927
13804
15422
14767
14507
14277
14851
14594
14514
14665
14871
14003
15100
13722
13422
14803
13787
13178
13421
14791
14199
14730
16382
15907
14498
14869
14790
14577
14930
15785
14059
15471
14290
13102
16382
13913
12398
12289
15603
14131
15976
13116
14248
14147
13312
13667
12289
15138
14420
16382
14916
16382
15850
12473
12289
14640
14098
15403
14931
13605
13562
13534
14045
15664
15411
12363
14288
13836
15525
14352
14125
13587
14252
13458
16382
16382
14627
12289
12289
16008
14358
12289
14761
16041
12695
14677
14289
15373
14156
13837
14661
13879
15388
12904
15444
14754
13596
14344
14025
16045
15980
14876
12781
13416
15553
13957
14186
13627
13518
13675
15119
14543
13241
16382
15692
12289
13235
14047
14454
16382
13826
15115
14496
12289
14770
14795
15118
14762
15297
16382
14017
14552
14537
14319
14655
13726
15535
13373
14691
13108
14754
15330
15787
13078
13923
13411
13361
15672
13566
14929
14320
14695
13775
15174
13991
15452
16114
13231
15847
12289
14521
13788
13756
14459
15230
13109
14006
13912
16382
15845
14366
13514
14323
15550
15718
12343
14883
12988
16153
12289
14604
14494
13753
14905
15476
14439
16254
14209
13566
13613
14218
13764
13752
12289
14859
13854
14842
12381
14876
15541
13624
14170
12289
13581
14102
13906
14832
14847
14605
13994
13361
12582
13889
16103
14847
14851
14091
15101
15057
15916
14359
13760
14602
14626
15285
12848
15583
15979
15443
14985
13615
15303
14663
12289
13778
12289
15100
14489
14789
13467
12846
15128
14204
12289
14174
12756
12289
13636
14429
16021
14341
14118
13223
15958
13394
14221
14332
14624
14621
12289
13661
13535
12707
13216
15043
13468
15166
14330
14194
13275
14423
14053
13940
14303
15793
14753
12289
15885
12403
13505
14762
13122
13684
12780
15000
16057
12545
16208
12939
15711
13780
15607
14055
14774
15615
13508
15616
13665
15625
14028
14067
15208
14033
14488
13647
16306
12830
14860
13229
14396
13513
12577
14234
12702
14885
16382
14029
12888
14763
14541
12734
13829
16210
13525
13189
12742
13926
14733
14820
14966
15446
16190
15637
14236
13339
14335
14040
15124
12328
15120
15384
15097
12561
12507
13621
13404
15638
13152
13832
14774
16382
15457
12605
15250
14359
14327
13589
13289
14122
13425
16213
12289
12289
15281
15247
15761
16382
14517
15191
13993
15877
15887
14703
14847
14628
12289
13922
13496
14673
12289
14085
13930
12289
12701
15358
15121
13966
12289
15190
16382
14272
14714
14654
16382
15078
14113
16182
15917
12829
13035
15848
16382
15685
13815
13957
14732
13244
14435
15433
14164
13049
14724
14034
16382
12387
13513
16382
15105
16382
15752
12660
16382
12859
14449
12289
13649
13709
13558
13754
15047
13712
12384
16340
13715
15443
14435
15204
12289
13989
13119
12924
14110
13098
15761
12611
14384
16057
13797
12723
12776
14171
13780
12609
15581
15463
16015
13584
16382
14116
14844
13760
14671
13683
13502
13394
14145
15623
14947
12465
14107
12289
12977
16382
14344
14337
12810
14687
14586
13412
14342
14071
15668
14448
14065
12968
13669
15614
12990
14555
12731
13173
14353
12700
15358
14008
14865
15860
16382
13873
13499
14697
13037
15394
12997
12828
13334
14176
15380
13327
14228
13024
14133
12671
12572
15537
13373
13622
13041
12306
13291
13137
12289
14824
13330
15561
13732
14646
15287
14569
16382
14789
14337
15418
15659
13388
14562
16135
12289
12958
13732
15012
14149
16382
13085
14586
12289
13760
14277
12289
13004
15173
14441
16382
13328
15999
15648
13724
12869
14061
13481
14721
15040
14380
12984
14752
13150
12368
12787
14830
14996
13821
14292
16382
13232
12943
16382
13257
16382
14837
12911
12804
14125
12289
15112
13559
13335
13225
14435
12846
13301
14146
16382
14521
14087
12289
15000
15461
14644
16054
13192
14430
13984
13788
12728
15171
15480
12796
16382
15527
13794
13933
14971
15578
15108
15942
13340
15687
14312
15505
14945
12289
14816
14091
14838
14488
14262
12289
13423
14920
12289
15225
16382
13561
12289
12289
15221
16034
14764
14366
15212
16382
13800
15557
15616
15987
14751
16382
14111
12320
16360
12563
13967
14649
13984
12289
15795
13360
14085
12769
14490
15038
13320
14304
15530
14618
14710
14823
12916
16093
15236
16382
15189
14512
13797
15504
14489
13386
16382
12289
15922
15250
13490
14255
15124
13065
15771
13766
15192
16382
15829
15025
14027
12485
13270
14080
12290
13695
13496
13207
16226
14221
13884
13808
15383
14124
12289
12289
15221
13359
15631
14193
12355
14855
16382
12623
15285
13673
14313
16213
16382
15702
14435
14504
12289
14481
12622
15350
12374
14836
12289
14851
15618
15385
16127
14472
15133
12659
13291
13070
14560
14295
15957
15246
14992
15569
12970
13806
12289
13285
12456
15981
14291
14237
13336
13378
13778
14951
13862
14244
16382
15078
16039
16382
12293
14498
16382
13575
14858
12760
13426
14682
13366
14692
14487
13829
12289
14188
14792
15336
13402
15467
14578
12289
15034
13096
14785
16382
15672
13678
14734
15380
15818
12675
15584
15247
12573
14880
16116
12930
13058
16382
14705
12962
15857
14761
14358
16228
16349
15523
12401
13660
14705
12955
15416
14730
13588
13854
13792
12921
15811
14883
14776
14586
14292
15564
13837
14002
12289
14867
12289
14219
15169
16382
14258
14390
14058
15287
13292
13978
14791
13196
15585
15269
13039
15973
15093
16032
15026
13202
13238
12289
14346
13172
13329
15073
14037
14378
16382
15810
12636
15632
14583
14736
13957
14606
16382
16382
13613
12289
14334
15296
13988
13525
12289
14292
16107
13898
13845
13375
15947
14624
14358
14002
15072
15087
14109
15753
15732
13724
14843
15706
14629
12289
15392
14143
15849
14731
15034
14461
14598
15895
14938
13908
13941
14654
14024
15468
14338
13712
16382
15339
15087
13375
12993
15633
13816
15442
14808
12516
14485
16100
12571
16382
12289
14124
13964
13222
15073
14043
15776
15104
12289
13913
15286
13181
15269
12639
16382
13975
14591
13895
12394
13691
13549
16382
14938
13011
14769
14064
14287
12792
15863
13107
15629
15810
15573
15195
12289
14699
14558
14846
15171
15622
14948
14784
15880
14900
16227
12595
16382
15125
14185
14456
15587
15519
15126
13816
15162
14855
12997
13429
12289
15922
13344
15500
12524
13979
13552
12289
15053
15395
16231
14199
14710
15063
16364
15453
13300
14100
14154
15933
14653
15054
14185
12478
13663
15664
16382
12585
16382
15792
16382
13301
16186
16382
13154
14009
16124
16382
12289
13836
12289
13656
12386
12289
15227
14197
13295
13529
15114
13302
15144
15264
15808
15181
14376
13734
14644
14970
14181
14847
14756
14702
12289
13023
16044
12559
14945
14415
12289
14748
14691
12913
14012
14537
12721
13228
14878
13724
13440
15299
14850
12289
12659
14140
14725
15672
14415
13655
13486
15846
12289
14861
13755
15577
13626
12289
16382
14284
12616
15757
13310
13889
13135
12465
14750
15157
12289
13683
12289
15102
15937
15124
14770
14809
14640
13712
12289
15133
15265
14738
13356
12513
15930
13695
15579
15929
15056
16382
14857
14689
12592
15392
14929
13673
14646
15334
14362
14180
15049
13563
16382
12579
12758
14345
15660
12964
13541
14734
12289
12289
16382
14180
13873
14958
15505
13551
15884
14873
14692
12747
13817
14487
16360
13458
15257
13676
14032
14083
15814
16382
14374
14524
14156
15555
13617
15464
12889
12289
12289
12289
13489
16382
15196
13823
16013
14585
14052
13921
12457
14401
13008
13802
14897
12485
13471
12367
14175
13865
12289
16382
14513
12517
14201
15951
14537
16094
13716
14501
14798
12289
13378
14203
16382
14627
15187
14032
13479
14396
15504
13466
15037
14383
15652
14483
13459
14927
15264
16382
12534
13650
16382
14392
14677
13276
12843
13687
15366
14288
14598
12498
15779
13318
13405
13643
12289
15579
14542
15195
16382
15593
13908
13299
14058
16382
15823
15438
13525
15550
14034
15155
12611
13607
16382
16382
13164
15259
12596
13932
13766
14998
12734
13100
13112
13898
14466
14913
13515
12436
12289
14846
13548
12289
14907
16186
16382
12289
13745
14328
13474
14068
14312
15947
15529
13427
13539
16382
14175
12289
15763
14775
14080
15668
13222
15573
15320
15868
13208
15141
15352
13593
13410
14166
16382
13872
16241
13959
14511
12289
12289
13797
12360
14584
15322
14667
16051
13048
13799
14230
15761
15932
15937
14243
14858
15984
15315
12289
12666
15948
15190
13313
13845
14838
12289
15056
15427
15311
12410
16382
14485
14643
14756
15085
14489
14152
14843
14199
14710
12289
14866
15466
12922
14077
12604
16119
15069
15431
14197
12710
12289
15038
14607
15255
13411
14400
12871
15078
13703
13114
15467
13582
14538
12289
16382
13444
14551
13594
13116
15725
14376
14392
15775
12671
13182
15035
16382
13727
15092
13156
13297
14846
13965
14523
15321
12302
14049
13068
14485
15284
14084
14059
15335
13609
14531
14388
14218
13928
15404
16032
13471
14971
14402
14104
15414
13910
14593
14886
13175
14970
15719
14730
14879
13010
15855
12289
14436
12289
14388
16382
15488
12769
13541
13261
15970
15585
14396
14664
14830
13223
15045
13233
12289
15406
12989
13303
13612
14593
12980
16382
13244
13928
16382
12289
12719
14046
15083
15727
14734
13245
14149
12289
12483
13559
13475
16382
15747
13831
13396
16382
13965
12310
12333
13808
12289
12704
15345
13971
15929
16241
14347
13931
16134
13716
13406
13851
13534
15752
14504
13324
14101
15947
15798
12406
14567
12289
13114
12781
13685
14075
12289
13468
15391
14028
13893
13747
12452
14384
13541
15066
15073
14912
15292
15793
14189
12289
13927
13768
14516
14105
14412
13310
13350
15419
12289
12550
14526
13027
14371
16064
15157
12289
12689
14042
13671
15532
14703
15672
14220
13455
14271
13814
15810
12593
13473
13553
16112
14146
13785
15056
14379
14163
14133
16268
12727
16310
16104
12289
15142
14044
15052
14946
13077
12307
13675
13792
14373
13014
15120
13627
13333
14906
16382
14811
14630
13807
12624
13759
15113
14551
15581
12561
13120
15500
14169
16382
13732
14925
14291
14785
14176
12289
14180
15293
16382
14159
14669
15976
13494
12402
14302
15168
15199
12289
16382
14738
15171
15282
14297
12289
13512
15107
15093
13140
13499
15098
12483
14360
12289
14399
12289
14804
13588
16115
16382
13164
15213
15411
15698
12857
14862
14249
14955
15472
12974
16382
14405
15048
13614
13111
13988
16256
12289
13090
12974
15528
13811
14133
16382
15611
13887
13121
16382
13466
14698
13371
12389
15466
16127
15779
16159
12485
16044
13572
16077
16255
15819
12338
16382
15008
15224
15425
14767
16382
13195
13807
14664
15897
14780
14413
15601
16382
14895
12594
13122
14868
14411
14492
16171
15143
14246
16184
15403
15320
15683
16382
14496
14128
15036
13567
13128
14434
13656
15358
15060
15650
15566
15603
14663
13652
13788
15515
14670
13891
12979
14385
15220
15369
12289
13737
16273
14450
14346
13017
14034
14538
13070
15067
15582
13656
13194
14800
13896
13342
16382
12289
13619
15984
13419
12448
15267
12422
13962
14426
12289
12289
12651
12289
15111
12828
13376
14415
12289
15254
13905
16382
16292
15365
15074
14020
13882
13894
14827
14602
14862
13577
15713
15496
12377
14309
14476
13123
13322
12973
15681
15760
15899
13575
13487
15462
13400
12988
15261
15401
15963
16382
13781
14710
14288
16074
13355
12289
16382
15343
14712
12592
12328
14220
12289
14771
16382
15956
12931
14625
13598
16056
13427
13010
12289
15560
15202
12959
13790
13748
13943
14892
12706
13487
15266
14790
14511
14609
14385
14425
15320
12742
15522
15442
14704
15359
14914
15622
14761
13273
15106
14989
15413
14708
15470
16382
14238
12624
13271
14513
15033
13100
12788
16153
13237
16382
12730
14518
13535
13043
13127
12289
12717
15398
14208
14135
13159
14187
12636
14627
14612
13780
14461
12445
14052
14112
12598
13979
14214
13955
15019
14046
12289
16047
12561
14929
12676
16382
15670
14064
13890
13827
14460
12289
14964
12299
13902
14965
13534
16382
16382
13917
14177
13768
16382
16135
14336
13134
12589
15681
15630
15785
12533
12803
12577
13224
14061
13642
13463
12289
14392
15461
14090
15805
15187
13751
13703
12631
16141
16382
15071
14595
15099
13009
15274
14617
16064
13132
12377
14688
14407
12559
14985
15271
15118
14155
12289
14795
15283
16382
12960
13772
13610
14103
14613
14199
16052
14736
14484
16382
14691
13452
15213
15462
15395
13536
12394
13386
14404
15225
14188
15446
16382
14610
13705
14560
12575
15785
13428
15987
16382
12289
13894
16230
12658
14661
13728
13850
16382
14057
14202
16382
15343
14164
14089
14498
13232
12289
15161
13111
12289
15638
12734
15937
14599
13155
16382
14579
13781
13592
12402
13010
15506
12289
14453
13095
14448
14154
14899
13819
12822
16382
14869
13777
13796
12646
12553
14773
15409
14291
15376
14866
16219
12289
13233
16382
13904
16382
15507
13806
12732
14611
12815
14662
13407
15424
14284
15212
16382
14380
12289
12926
14023
15690
12768
14502
13335
14586
15471
13584
15034
14598
14161
13668
14309
14828
16190
16382
14743
12756
14963
15566
16044
14667
14330
14528
12663
14667
15257
14402
14232
13164
14984
13520
14100
16359
13229
13055
15090
16197
14782
12289
15777
15906
13495
15081
15724
16382
15057
15421
15645
13521
16375
14151
16382
12829
13002
14157
15686
13644
15721
14490
12917
14436
15790
16382
14934
15058
16382
15001
13066
14316
15693
12866
14730
13607
13682
15279
13202
13707
16382
14922
12801
14017
12289
13965
15641
13419
12932
13868
15362
12949
14254
13759
14588
14178
14542
12518
12289
14143
15936
15029
15382
12289
14912
14561
15374
14537
13677
14833
14684
14901
13311
15115
14803
13637
12289
12856
13648
12456
16382
15078
13895
14390
15127
15589
15632
13712
12376
12289
15053
14823
16382
15197
15285
14920
16251
14148
14092
16382
14846
14498
13326
13033
14260
15114
14214
15551
16059
14672
15200
13344
13562
12525
13668
14030
16382
16055
14136
14382
14714
15227
13065
16191
14506
15317
14073
15483
15020
12289
14792
13435
12988
13866
12289
15343
12861
15522
15421
12904
16382
13368
13303
15677
14400
15324
13583
14567
14202
14387
14351
14055
13961
14044
15518
14426
12401
16382
12912
13830
14952
16217
12732
13080
14687
15460
15264
14772
16114
13798
15043
12980
14148
14950
16382
13974
13402
14243
13808
13766
12496
13947
13682
16382
13428
13197
14805
15826
14805
15375
16382
13994
16382
14759
13883
15085
13333
14596
13415
16382
14588
16051
14567
16382
14549
13616
15016
13187
14451
14348
16067
14561
13604
14810
15118
15174
14881
16382
15408
13087
15500
13474
15132
13379
14188
14213
16382
13494
16213
15401
13833
13160
14212
13138
12506
14010
14119
15320
14303
14872
14530
12657
12289
14171
13839
14749
12706
12803
13429
13056
14475
16382
13154
15103
15350
14078
14345
16382
14572
15180
13934
13495
13119
15785
15130
15064
14274
12289
16382
13985
15724
14867
15242
13640
12289
13601
16382
14977
14931
13910
12424
14360
14365
15304
15029
12534
13036
13757
14592
14540
14940
15482
15689
13227
16382
14990
14524
13583
14391
14617
14168
14099
12593
14532
13586
14162
14933
13322
13785
15602
15071
16382
12289
16382
13111
13262
14316
16332
13364
15827
14758
12525
13051
13105
15431
13417
13981
16240
14141
14634
16356
13286
14648
13321
14714
16382
16236
14008
15906
13806
15354
15009
15657
13415
13471
13658
12665
14088
15445
13015
13242
15422
13571
15590
15476
13135
16134
15417
14916
16382
16244
16308
14039
14504
16382
15191
12410
13715
14026
14076
12289
16382
15131
15238
14491
13836
15509
13698
12289
14399
14217
14501
13255
16382
13621
16055
16021
15007
16160
15345
14694
16382
12926
12688
14008
14081
14366
14728
15027
15834
12997
15715
12289
13903
15125
14000
15069
12289
12559
13950
13762
14065
15353
15936
14595
15034
15018
13768
14499
14760
15901
13559
15736
13177
13943
13807
13747
13944
15018
15280
12289
14058
16382
12581
13804
15788
14397
16382
13458
13886
15404
12773
16033
14877
15125
15023
14305
13729
15495
14332
13022
13502
16255
13299
13928
12949
14817
16382
14972
13818
13487
14770
14072
14837
14080
16382
12289
12289
16126
16382
12847
16382
13123
14375
14412
12289
14019
13503
14477
15074
13734
13977
12980
13935
13803
13760
15178
14630
14352
14409
16382
12950
13665
15444
15110
13319
14566
16382
14497
14260
13873
16366
14544
15181
15344
13095
13607
16382
15366
13432
15014
16382
12289
16278
13146
13394
14374
12289
13535
14728
12289
16382
13633
13508
15115
15059
13659
16366
14882
14654
12868
15410
13866
15466
14387
15483
12440
15960
13828
15551
13464
12289
15373
12532
15604
13742
12579
13871
12289
14508
14661
14693
13579
13765
13647
13887
14637
14687
15315
14030
15067
14403
14518
14401
14386
16382
12569
16382
16382
13206
14542
15616
12289
15308
16266
16064
15857
15282
14002
14217
12905
14793
14699
15269
13950
12619
12930
13159
14310
15947
12404
15039
13861
15014
14832
13248
14663
16105
13722
12500
13782
12890
12452
12328
14387
12289
13669
14545
14608
14890
14445
14562
15621
15669
12385
13406
14709
14481
15125
9165
4244
7598
8370
5226
6009
10082
7715
4990
5251
7510
2273
4912
6983
9884
9092
9987
6310
1226
927
884
84
9642
10120
8419
5081
5545
2202
8463
9552
6666
2595
316
1937
4668
9848
4677
2558
8710
2112
1498
208
4859
4302
8045
2705
5261
2899
1331
330
7833
7114
5205
4035
2001
5975
9373
8623
1448
1684
9696
6769
3028
3098
2638
1352
6668
5478
2831
4016
2101
3929
1079
9621
2931
3325
479
5158
9293
2583
3253
3663
248
7100
2282
4365
7672
790
8663
9926
5646
4723
6356
2465
5565
8449
4813
6640
1646
2485
6424
4063
1111
6417
8368
6423
10238
7676
5935
6405
1849
7361
3094
6582
7019
2347
242
3584
3950
5979
8221
531
2674
2086
9144
2264
590
10116
6168
8496
6187
7798
6164
5834
8838
6030
5914
4050
5462
759
9939
222
626
1429
5707
2655
4222
2722
9297
5296
5897
5104
6696
1248
1113
3100
2398
4842
5528
7212
9269
6221
6298
4872
511
6527
2582
9168
3247
5057
2677
9881
5900
3069
10169
6170
8611
10065
7869
8597
5053
3943
6500
8610
5970
2563
8947
6639
8371
34
731
3891
5195
2362
5921
5265
1538
4161
6336
5952
8169
8134
62
8133
2578
9178
6649
7128
3413
2542
8984
9183
2576
8123
3579
9896
6984
3881
8382
1902
6932
3233
1431
2146
1464
9458
2144
8308
7010
3763
4729
1062
7938
8439
4801
2083
5340
1189
5393
6970
5880
5597
10095
4124
2873
7462
6715
1158
2725
9869
4475
1359
1331
396
1959
1147
2901
7444
5510
613
2611
7517
9883
2058
7079
10073
7915
10134
9779
7250
8707
6802
9340
4615
9153
1467
4269
2060
5780
9742
3686
7753
7550
3961
5017
8382
5873
4370
9306
8065
10124
765
6810
9727
106
9727
474
614
4936
769
1170
6098
6583
1899
3972
1286
6056
9217
6793
662
1258
2030
587
1060
6156
10100
4218
2433
9707
8456
1578
10117
6443
5964
5912
2400
2339
9112
9789
1769
9602
3451
4795
6589
88
5527
12286
10230
9949
10921
9381
12085
11407
10520
9436
11110
10608
10656
9474
8506
10253
10291
12286
8193
10666
9026
11147
11243
8412
10983
11107
10401
8193
8892
8719
9535
10915
8193
9262
8361
10679
9788
11804
8595
11775
10871
8193
10571
12014
9142
10523
11319
9481
9671
9398
12286
11527
10555
10045
12286
9283
10917
12286
8392
11391
10292
8193
10438
11639
10409
9588
11247
10282
8510
10693
11107
8193
12286
10636
9359
9888
10809
9375
11489
9213
10855
9940
9982
10928
8532
12088
9929
9851
9034
9371
9869
9209
10405
9904
11281
8193
10644
8522
10466
11563
10356
10628
11172
10148
10785
9907
11430
8576
8597
9995
9578
9377
12203
11465
10068
9886
9340
9716
9781
10189
10776
12286
12208
9902
9952
8993
12286
11486
11888
10793
10665
11112
8470
10162
12177
9958
10791
12286
11859
10932
9018
8193
8280
11902
10811
10147
11295
11058
10348
9154
10249
9217
12286
8277
11668
9226
10442
9992
11994
10094
9290
8366
11632
10450
11049
9725
10567
11278
8892
10901
9475
9949
8193
8945
10860
9035
9917
8984
10955
9720
10100
8360
10462
11334
12286
12079
8531
11046
11524
9923
9669
10091
9927
10389
10313
9508
8356
12286
10748
8193
11433
10065
11817
8761
10590
9350
9986
11199
9366
12018
10758
9946
8422
9484
10040
9206
9821
10881
8193
9276
10002
8193
10627
9052
10916
10394
9111
11987
8514
9037
12127
12286
11428
10309
10300
8469
9139
11474
9473
10161
11932
10342
12286
10518
11595
11410
9436
11111
11355
9627
12286
9533
9835
9614
9045
8193
10686
10730
11885
10485
10773
9520
9798
10180
9731
9402
9389
11814
11597
8662
11871
9458
9357
10832
10422
11052
8714
10603
9576
11651
10952
11341
11139
10576
11900
12286
10430
10254
9896
9222
9116
8705
9891
8342
10217
8722
8211
9627
8193
10758
9874
10369
11045
10071
9254
8656
10248
11591
12286
10021
10267
11275
11396
9614
8312
9381
8572
10167
8659
8650
11641
8193
10286
10892
11700
10762
9482
9973
9837
8193
10418
11314
10472
9750
8234
8429
9221
11331
8540
12286
10173
12010
11741
9896
9536
11358
11197
10922
9751
10602
9784
8792
11275
9917
12286
8674
12239
8193
10423
9715
9678
9972
12134
10771
11127
10326
9409
9255
12286
9774
11003
10506
9523
12286
9832
10714
8466
8193
8412
10175
9440
11998
9557
12286
10025
10336
8509
11872
10912
9340
10178
11273
10653
9792
10237
10622
8193
9625
11897
8294
8193
9888
10482
10338
8410
9269
8193
9922
9997
11769
8543
8852
9714
8573
11676
9999
9760
12286
11405
11927
10993
10442
10158
10036
8193
8314
10641
9805
10525
8405
11779
9646
10776
9771
11281
8721
9484
11570
12208
9677
10332
10455
8505
9380
9944
10952
10577
12286
11515
10024
8193
12286
9996
9689
11632
10530
10676
8625
11313
10476
12286
10220
8193
9977
9248
9162
12286
9032
8193
11065
9891
8193
8202
8203
10533
10431
10831
11504
12192
10971
10494
10462
11047
8193
11752
11577
11781
10989
11622
10834
10641
9840
11323
11239
10371
9705
10592
11449
12286
10514
11084
9275
11663
10229
10253
9080
8193
10458
8736
10952
8193
10384
10105
11474
12237
10199
10081
11403
11322
8193
9531
9925
8844
8193
8193
10977
9238
8193
8193
10666
10428
12286
9176
9672
9513
10945
10589
12140
10194
9455
11562
9151
9864
9489
8629
11561
11284
11129
12286
8774
9593
11338
9029
9767
8801
10158
9623
12073
8387
11316
11852
9413
8193
11326
11603
10751
11407
11777
8193
12258
10320
11589
12286
10959
9098
10097
11664
11477
9501
10454
12286
10394
9956
11390
8193
12286
11244
8708
9940
9298
9736
10867
9577
9507
11097
8193
11338
10421
10713
8663
9593
10780
11202
9061
12286
10753
12286
9724
9490
8193
11764
11281
8498
10875
9375
11678
9334
8597
12286
11744
12173
10828
10738
10972
10264
9864
12286
10767
10784
9687
10651
11274
9742
10278
8632
11361
11474
10428
11275
9201
8328
10115
9652
8193
10169
11540
10879
9961
10625
10965
10569
11379
11037
11268
10269
8925
9842
9400
11162
10344
10308
10880
10366
9289
10016
10466
10790
9399
8868
10879
8193
11994
10392
10071
10055
11065
10884
8597
10276
9110
8193
9520
11318
8986
9166
8506
10321
10491
8607
11813
8949
10039
11779
9309
8287
10948
9664
10513
10156
10234
9688
9011
10131
9253
9146
9578
11038
11188
8564
9433
8193
10530
11249
9674
9548
10740
11894
8237
9801
10028
8193
12286
11766
11105
10219
10046
9200
9591
10801
11192
8586
10394
11259
10561
10334
9114
8401
12286
10214
12201
10866
9278
12286
10009
8489
10465
10065
9827
11215
8980
10777
9017
10658
9388
9081
10566
10373
8661
11440
10579
9635
10723
12065
8676
10567
8932
11557
9866
8693
9791
10187
10886
8210
9940
8984
9605
12286
9064
11558
12060
8768
11301
11004
10978
11786
10001
11982
9099
9929
10353
11357
10041
9452
9552
9144
9876
8193
11270
10642
8800
11168
10349
11593
10291
9118
11689
9703
9616
9843
8193
8193
10453
9979
8666
10004
10265
9565
8571
9955
10972
8771
9363
10049
9349
10026
11082
10953
8469
10062
8450
9326
11549
12598
4861
11549
6559
10077
5096
6399
3278
2406
6756
4721
745
2040
5445
9144
4475
8079
1589
13410
3500
7685
10979
13014
4500
8855
13636
8706
11719
6034
10845
1524
10270
12958
9864
5222
4015
4593
1876
12618
531
448
1086
10072
9860
998
4580
5272
14043
14100
10066
14068
12607
11639
13278
4738
4791
10693
11856
1843
9233
6264
11270
3024
3187
6767
7731
5257
13413
6032
13786
1993
1475
13672
3909
8273
13711
294
11089
9509
12286
5915
12401
10921
10826
4497
350
11939
12768
7609
8546
4076
13466
13763
14072
12289
15749
12289
14551
15712
13411
13736
14702
14071
13869
15035
13451
13611
13773
16382
14924
15152
13094
12906
14930
14285
13286
14204
15075
14501
15470
14735
12474
13361
12289
13903
14079
13682
13161
12499
13059
16382
15737
12792
13668
13867
16359
15755
15424
15342
12289
13185
13585
14178
15693
12999
13175
12324
13487
12944
13247
14577
13884
12289
14133
13717
15685
12972
15291
14346
15673
14997
12289
14633
16292
13730
13495
15305
14688
13829
15663
12289
14182
12747
15998
12289
16047
14480
14115
15034
14593
15594
15599
16115
13608
15000
13667
12289
15971
16382
13552
14136
13690
12940
12289
16221
14317
15356
14979
16130
13626
13622
16039
15802
13783
14639
15884
16382
16382
13793
12956
13406
16050
15976
16061
14119
12289
12289
13578
13909
14137
14620
16382
15357
13705
13852
13456
14665
12289
15437
14181
16382
15052
16266
14076
14465
14578
13706
13315
14273
14024
16382
16282
15124
12574
12916
15422
14641
15904
14391
14757
14664
15693
12289
13500
13603
13735
16382
14605
15462
13649
13784
16382
16329
16217
14038
13395
15058
13784
14948
15799
13453
14212
13155
12788
13354
15556
14169
12598
14992
15125
14205
15004
13043
13354
13507
13232
16382
15074
12673
13875
12289
14306
15678
13030
12289
15860
14505
14136
13113
12331
14683
15977
15020
12514
14199
12289
15934
12289
16382
12361
15224
12884
12478
16139
15383
16382
16382
12727
13372
12289
13713
13799
14204
15668
14358
14394
14108
14546
13422
12464
16013
16202
14093
13391
14617
14031
13200
14665
13857
14610
16204
16382
14497
15783
13892
13489
13322
12542
14961
15326
14803
13864
14686
15463
13275
14518
16062
14912
14409
15435
15022
13852
14807
13783
13219
15418
14934
15654
13536
13828
14256
14914
16382
15168
12289
15587
16382
14782
15508
14881
15100
14901
13305
12760
14007
13034
14767
14082
14602
13921
14437
14654
15659
14163
14963
13878
14752
13734
14272
14892
15299
13901
13065
12598
14841
14610
12289
12647
15028
14695
16382
12791
14877
14347
16382
16067
15547
12380
16033
14771
14977
15016
14447
13425
13518
12790
13616
13265
13978
16382
15297
14418
15734
14078
14656
12447
12289
16382
13818
13380
14955
15312
12289
15476
13657
15161
16382
16382
15353
14090
13859
15245
15314
15807
13658
13474
15121
14601
13416
14460
15152
15714
16382
14416
12527
14810
12391
13160
13529
14791
14886
15107
13351
16150
14563
13982
15372
12436
14673
14164
13185
16382
16382
15006
13677
15109
12289
15646
15547
12988
15026
15076
13136
12289
13575
13233
15988
13488
16211
14732
14898
14300
15284
13388
14612
13568
13505
15495
13757
14310
15921
15766
13475
12289
15685
15815
14349
12528
14211
15568
12300
14579
15062
14421
16091
13897
14983
13673
14824
13426
13512
14297
14337
12289
12289
13164
16382
12521
15472
13038
12292
13906
14178
16382
15063
15893
13092
15568
14963
14162
13555
12289
12289
14793
14559
14955
13476
12289
15330
12774
14805
16382
12998
16215
14285
15969
13277
15881
12952
15088
14235
13224
14470
12289
12742
13983
16382
15556
15803
14977
1772
4738
3857
777
5870
2995
2103
1303
126
2474
5332
3244
773
909
3622
3023
307
4053
616
2226
4390
1131
5428
2532
1842
1011
3885
1002
1410
5846
2684
414
568
1936
97
3344
4310
2647
3119
712
3441
5735
1950
5320
4101
2780
5882
2452
1603
5412
1122
5297
4004
6017
5599
6335
8190
7342
7157
4797
6429
6672
5438
7166
4582
6438
6363
4564
6436
4859
5345
7478
8190
8190
6059
6466
5984
4097
7697
8190
8092
4097
6926
6064
7177
4613
5384
5302
7314
4664
6137
8190
4891
8190
5999
6383
5780
5425
6063
7134
5466
5615
7505
7466
5343
4534
6917
6298
5547
6660
5042
6726
5761
4097
5682
6248
8190
6364
4097
5857
6152
7242
6300
6933
4976
6486
7797
5498
7131
5976
4521
5230
7503
4890
4368
6184
4097
5812
7549
6934
4097
6494
4964
6547
7631
6265
5069
7330
6424
6217
6304
5798
8190
7247
5615
4170
4782
6054
6546
5514
8190
6483
6580
7152
7684
4097
8190
5715
5839
6190
6229
7319
4097
7827
5316
6807
6266
6319
6015
5113
6416
5815
5894
6055
5928
5226
7127
6046
5081
4097
5684
7671
7677
6895
7305
7913
6069
5313
4289
6264
5994
6626
4097
7389
5639
8190
7073
7471
5528
5299
6729
4097
7789
5549
6640
6873
6052
4097
7212
7342
5873
4892
4822
5946
6167
6639
4788
6048
7022
6986
4097
6640
5409
6080
6573
4097
5919
4129
5974
4230
5372
6648
7393
4971
4911
6999
6111
4701
4341
7227
5017
4097
6832
7566
5873
5844
6226
7934
7075
7967
7603
4477
4403
5368
5709
6009
6755
6503
6038
5992
6372
6761
5554
5393
5783
4097
7576
6953
4810
8043
7454
5814
5340
6732
4911
4097
4464
6804
4942
5519
7780
4818
6601
8190
5486
6231
6027
7343
5095
5020
6028
6003
7897
4299
4354
4294
6053
5878
5295
5154
6440
6155
6413
5821
5923
5425
5692
7476
4451
4548
6178
4855
5542
4606
5167
5498
4871
5641
6702
5772
5128
6320
6232
4097
7657
7441
6072
5468
6186
8190
6801
4837
7085
7436
5328
4097
4097
8190
7730
6502
4923
5814
5508
6455
7524
5426
4572
7085
7043
4194
6619
6267
4097
8190
4097
7255
8190
5457
7160
6271
6313
7503
5131
5785
5722
6021
6376
7988
5863
7805
5070
5523
7094
7143
8190
7422
4818
7591
5787
6261
4097
5859
5557
6682
5177
4577
6344
7137
4821
5108
8190
5878
7786
7593
7562
5997
4555
5429
7247
7279
4470
6200
5480
5090
8190
5731
7498
4127
6622
6868
5639
6497
5904
5850
6510
6367
8190
7986
6205
5233
6252
7091
7037
6843
8190
6799
7619
7419
4309
6758
6678
6587
5855
6530
5721
6538
5096
4355
5897
4097
4491
4502
7989
7495
8190
7850
5672
5749
5038
4097
4097
7115
5562
5348
7290
5833
7085
7457
6412
4510
8190
5455
5567
4762
6610
6988
5448
4176
6728
6479
4097
6504
7031
6567
4640
8190
8190
6486
6332
8190
5074
5232
4531
4738
5678
4097
6963
4215
6331
4337
4097
4097
5859
4863
6221
5567
4097
6710
5590
4097
5416
5966
6359
4097
7220
7024
8190
8190
5766
8190
6816
5303
7518
8190
4097
4209
8076
7034
6167
5744
6564
7189
7292
6785
5467
8190
7938
7860
4097
5764
4937
6313
8190
6773
4097
6931
7465
7174
4823
7445
4219
4208
5588
6218
5469
5191
6958
6497
8090
6766
6378
7381
5488
4855
7540
5431
6398
7253
6807
5930
6330
6114
5819
8190
6626
4097
7177
4714
6450
4140
6872
6378
7242
7198
6225
5921
5897
4911
6853
4403
5933
7641
5603
8190
5538
5600
6163
6240
5923
6027
5909
5646
7676
6029
6578
5304
5731
5897
4953
5582
6087
7463
7647
4663
4097
8190
5645
5588
4097
4646
5791
4568
4872
7361
4505
4571
7049
7330
4413
4097
5405
8190
5064
6111
8190
4097
5152
5263
5899
4097
6597
4659
5749
8190
4097
7213
5053
5286
4471
5319
4990
4097
5664
8190
5721
6146
5524
7655
5197
6501
8190
4097
4819
7427
4324
6841
4965
7260
4901
6593
4847
4859
5660
6157
4382
5441
7048
6912
4899
7134
6616
4097
6806
6771
6412
7433
6361
4150
6815
5700
6597
5003
7699
5453
7369
7420
8190
4874
5245
4097
7597
6374
7258
8190
4902
7397
5699
5436
7411
7493
4111
7200
8190
5518
5593
4163
6777
4448
8190
6977
6789
5788
7459
5713
5626
4097
5223
7334
6393
6955
5996
6723
7959
5228
7199
4097
5220
6700
6650
5286
8190
8190
6978
4140
8190
5244
5336
4097
4572
5897
5796
5177
5765
4097
6394
8190
5163
7556
7126
6934
7988
7298
6199
4334
5805
5513
4763
8190
7142
5045
6512
8190
6284
4640
7566
6749
7025
5645
5799
5845
7668
6184
5805
4097
5646
7274
6322
6035
5759
4623
5227
8190
6155
7080
5891
6413
4349
6403
5447
5057
4657
6160
4795
5666
6875
6615
7652
6425
8089
7844
5388
6291
6115
7407
5134
6863
4097
5004
5733
6888
6282
6672
7798
8190
4939
5653
5994
6038
5178
5528
6904
5258
6252
6235
5232
4601
6460
5405
4097
5391
6234
5898
4921
6397
4527
7399
4929
6474
5068
5760
7984
7331
6873
8190
5848
5500
5464
6932
4516
4964
4097
7698
4097
6336
5393
8190
5619
4742
4097
6947
8190
6425
5877
6564
7520
4097
6531
6441
6638
6576
6390
7424
4927
6022
4693
6548
7946
5917
4930
5368
4097
5445
6122
5023
8190
4362
5620
7123
6512
7844
6041
6654
6081
6036
4097
8190
7247
6718
5867
4097
6662
6841
4706
7417
6367
6046
6807
6660
7392
7839
4898
5931
7887
4294
5345
6462
6780
6302
8039
6112
6357
5444
6322
5099
6422
7015
4868
4097
7048
4097
4594
6275
6862
4961
6276
6273
5429
6526
5399
6599
5574
8099
7900
4481
4097
6049
4532
7285
7898
5953
4097
6188
6530
4097
6060
6579
6418
4812
6825
6519
5259
8190
5640
7997
5391
4943
7217
6053
4097
6663
4097
5895
5025
4972
5081
4097
4570
7674
5990
4957
5037
6726
5615
6582
8190
6226
6016
5343
8190
4097
4097
4533
4097
7962
4097
6030
6929
7501
7782
7099
4097
4197
6834
4578
5560
7239
6129
4097
6889
5989
7269
6373
6423
4604
8190
6944
4203
6534
5006
6799
6462
7127
4097
5938
7873
7637
7309
5469
5330
4898
5151
5764
7948
4212
5381
5189
4744
6451
6624
8190
6379
5818
6288
4097
8190
6734
6185
4771
5920
5447
4702
6603
5361
6719
4845
6299
5909
4729
7028
7084
5204
5935
5933
7096
6616
8190
8190
4948
4218
4685
5590
6149
6193
7330
6392
6136
7423
7587
5871
7609
7533
5196
7355
4390
7984
6357
5303
7754
6075
5397
5834
6357
7054
6365
6915
4150
6317
5903
5281
6603
5779
5323
5793
5627
7499
6402
4097
5013
6840
6694
6660
6591
4901
6044
6799
4453
8190
7209
8190
5451
6752
4287
7322
8190
6030
5813
8190
5889
4302
7362
6940
5424
6253
6838
6717
4176
4873
7462
4253
6051
6709
6228
4976
8190
8190
4097
4350
4368
6698
8190
7657
5239
7992
6947
6552
6859
4605
4564
5328
5949
4578
6466
7067
6631
5957
7042
6997
6397
6231
8190
7546
5106
5089
4416
5749
6846
7364
6461
5376
5055
7395
7149
6112
6159
6575
5531
6188
7713
6428
7664
5780
6239
7421
6500
6076
7596
5688
4097
5781
4898
5953
4912
6580
7328
5807
6101
4144
5832
5890
6951
6615
8190
6396
4990
4097
6474
6620
7172
4325
7777
6097
5526
6923
5407
5833
6545
4945
6434
6013
4097
5089
6481
7137
6767
5229
5571
7767
8033
5439
4097
6124
6670
7055
6082
5343
5921
6890
4910
5068
8190
8190
4979
6635
5626
7946
4097
5452
5023
5472
5569
8190
4167
4770
4097
7073
7559
4996
4871
5604
5518
5625
4888
8190
7807
4379
6009
5141
6593
4656
8190
4142
6238
5898
4822
4587
4097
6772
6307
5980
7682
6333
4097
4097
8190
5280
5616
6176
4105
7000
6146
5555
5951
5184
5131
4294
7088
5475
4097
4244
7419
5927
5928
4158
7340
8190
7091
7279
4878
7327
5198
6513
4524
5140
6319
4397
7710
4379
6623
4590
6713
6266
5604
7066
5934
7391
4097
7358
7187
7314
4097
8190
8190
6860
6288
4617
5019
6463
6777
4898
5442
5358
4405
7339
5776
4746
4756
6185
4097
5734
4097
8190
6130
5723
8190
5731
5256
7168
4097
4956
7267
5090
6152
7483
6665
5052
5159
5258
6771
4449
6282
4097
6245
4097
7106
6977
5646
5921
4097
5947
4326
4910
6117
5595
5562
7417
5807
4803
6163
6211
5390
8190
6645
5488
6895
4588
6496
7959
6933
6551
8190
4097
4575
4097
4738
8190
6050
7843
5385
6270
6309
5593
5066
8190
5401
4097
4287
5603
7905
6529
8190
4459
4097
5717
8190
6236
4724
5745
4394
6213
6012
7392
8190
5161
8190
6032
7539
7909
6714
8190
8190
7993
7602
8190
5983
5403
6358
4097
6889
6215
8190
5187
5175
7057
6678
7646
4585
6109
7310
6530
6509
8190
7408
8190
7335
5263
6647
4600
6422
7715
6490
5167
4097
4662
8009
6346
6483
4687
8004
6180
7927
5989
5145
4793
4949
6193
7353
7235
6112
7869
6272
4097
7270
4865
7003
6992
6409
6524
8190
7416
5933
5118
7015
4856
7555
7584
5807
5827
8190
5751
8190
5568
5920
7536
5942
5223
6436
4097
4240
5706
7714
6094
8190
6119
5240
5869
5911
5746
4097
4881
7832
7098
6441
7015
6552
7452
5083
6924
6870
7813
5189
6695
6117
8028
7854
5485
5886
6092
5529
5079
7799
5385
4097
5166
5377
5872
5792
4948
6357
8148
4391
5116
6263
4654
7572
5898
5980
4205
6670
6570
6607
5372
4097
6086
7021
5562
4428
7255
4383
5133
4135
4745
6966
8190
6598
7067
5637
6809
7943
5706
5740
6451
6627
7633
5728
5656
6991
8190
6338
4097
7570
6382
5376
5967
5779
5144
8190
7916
6106
6240
5459
5807
4749
6505
5465
5393
4502
4894
7668
5955
5772
4760
4097
7261
5738
4097
8190
6392
5491
7745
6199
5988
8001
6913
7355
4730
7885
7711
4987
6257
4725
6372
6230
7759
7634
5828
4487
5921
6822
4554
5268
7577
7345
5892
4612
5874
6581
6377
6514
7021
6114
4277
5911
8190
5907
7529
5530
5916
8190
7857
7835
6245
4917
6937
7003
6722
4097
6071
7338
4097
8190
7058
5629
7161
6896
6292
7104
6479
4097
7452
6302
7126
5830
4226
4097
8190
7606
6345
4097
6585
7530
5535
8190
5716
4601
6594
6894
8190
7347
7355
4097
6497
5739
8190
4693
6586
4120
5440
5841
7534
4619
7454
7001
6404
6966
5802
5320
6674
8190
5992
8190
7786
4097
6688
6081
5323
8190
6178
6094
4097
7975
6979
7168
4436
6283
5277
6913
7068
5775
6795
6578
8190
6960
6417
7176
6506
5653
4097
4734
4170
6063
8190
4566
5829
5205
5577
4707
4321
5481
6029
6314
6752
5383
7028
6960
7155
4097
4097
7742
4341
6716
6931
6902
6169
5321
5719
7431
6860
8190
8190
7076
4723
5884
7336
6797
5426
6807
7739
4867
5571
8190
6677
5968
5604
6061
6783
6428
8190
5462
4869
4097
4097
5597
4245
7694
6392
8190
4097
4898
4576
5440
5628
6594
5619
5814
6078
7987
8190
4836
6576
5673
5741
5294
7060
5222
4496
5998
5710
6195
5806
6295
5407
6864
8005
7131
6360
7789
4097
6831
4704
5473
6895
6232
5678
5942
5951
6607
4274
6179
4718
7536
4097
4750
5678
4097
4416
7120
7609
6926
6098
5636
7495
5755
4097
5637
7861
5624
5602
5097
7321
4778
7470
5779
4231
4097
5368
5343
4097
6703
7986
6266
7100
5475
5302
4682
6478
7053
5049
5706
5202
5506
6479
5312
5757
6642
6833
6844
5108
8190
8190
8190
8190
6570
5482
6828
6559
7339
8106
7096
4097
6220
5052
6996
6771
5761
4369
5850
4948
6481
6366
5345
5873
6248
5610
6658
4097
8190
8190
5047
5831
4799
5559
4807
5718
4461
6351
7300
7244
4097
5363
8190
5746
6542
6519
4496
5562
4943
6188
4670
5623
5691
7349
7322
4703
5941
5877
7060
8124
7949
4429
6865
4918
5468
7482
5568
5754
6545
7866
6500
6489
8190
6773
4697
7108
6489
6730
6818
8190
8190
5683
4622
7212
6078
6722
4097
6510
5883
5084
4097
6296
4626
6700
4097
8190
8190
5936
8190
7472
5975
4097
4792
4097
7849
7405
5365
6222
4876
5729
7639
6096
7538
6841
6354
6983
4097
6051
7386
6762
5550
5294
5452
8127
8190
8004
5892
5544
6235
6311
8190
6944
6375
6513
4998
6558
5524
5074
5142
6112
5818
8009
7339
8190
6878
4996
5874
7875
6188
8190
4097
5023
5550
6074
5446
5921
7115
4097
7418
4097
7741
8190
7161
4658
7988
7649
5000
5587
7770
8006
6344
6636
5684
5077
6994
8190
4939
4399
5182
4097
6934
4529
5344
5377
7031
6325
6538
5565
5741
7847
6425
4694
8095
4314
6214
8190
7152
8032
7720
6823
7425
5166
6419
6437
5670
6585
5207
5315
6219
7204
5475
6316
6410
5648
7651
5823
5726
5952
7068
6550
4097
8033
6825
4259
5206
6417
6572
6400
6077
5259
4874
6060
4849
7111
5407
4097
4333
5953
4097
4297
5538
4153
8187
4909
6390
7472
4455
6263
7268
5142
8190
5976
5513
6078
4637
6731
5581
4695
5041
6902
6288
5594
5488
5977
6821
5152
7283
5939
8190
7501
5034
4954
5818
6018
7950
4734
6411
4097
5392
6818
6746
6468
4551
8190
5531
6436
5239
5934
5547
6804
6113
7856
5267
6540
4097
7895
8190
4097
7325
4876
5887
4312
6336
7212
4097
7575
5584
6862
4097
6287
6290
5774
7216
6016
5435
5914
6286
6373
5261
6759
5537
6490
6159
6525
6618
4326
6094
7130
7333
7624
6588
5494
4097
7468
5171
6487
6701
4692
4918
5614
6936
5315
5457
7191
5634
4204
8190
5844
6127
4097
8190
7066
5081
5695
5942
6886
4097
7504
4097
4097
7488
4438
6386
4097
5611
5940
4097
5057
7733
5561
6835
7771
6219
5589
6385
4289
5931
8102
8190
6333
4097
4806
6362
4691
4850
6095
5720
8190
4541
6943
6954
8190
7816
4996
6895
5966
6236
7844
8190
6265
8008
4316
8190
5218
6091
5458
6193
6388
7026
6677
6947
7484
4107
6425
5191
5789
4476
5837
7512
4812
5352
5965
6626
5680
5509
6738
4598
7331
7336
7245
5516
6708
4761
7044
6376
5460
7109
4642
5090
5976
8190
4682
6687
8187
6078
6598
6187
6896
6185
7226
6247
7496
4097
4802
4797
6766
7952
4125
6546
4728
4223
6101
5378
5453
4097
5692
6344
5560
5605
4406
5977
8190
4332
6753
5460
8073
6528
5027
4097
7160
5985
7047
6375
4810
7073
6027
5452
6863
5703
5162
7253
6294
7016
4433
6507
6348
6718
7219
6558
6896
8190
6144
6070
6068
5138
4272
4897
6336
6189
4546
5337
7929
8190
5666
5951
4815
6123
5544
4287
5798
6172
4097
7328
6049
6161
6288
7968
4878
5307
7580
6031
5436
5466
6258
5722
6885
5554
7310
6987
7363
8190
7110
6408
6921
4612
5357
5344
6241
5978
7207
6178
4097
6572
7971
4097
4227
6970
6021
5313
7839
4159
7216
7192
4518
4097
6580
5479
7026
4097
6316
6093
4951
7456
4243
5285
4582
7169
6035
7136
7063
4097
5554
4097
7560
8190
5213
5851
5286
4730
6177
8190
8190
5156
7615
6139
4882
4097
6840
5673
4557
4569
6254
8190
8190
4097
4969
7830
4420
7686
6763
6782
5680
4587
4238
5165
7092
5348
7317
4097
5375
7371
7709
7337
7113
6993
8190
4097
6805
5209
5074
6836
4097
6036
6827
8190
7737
6667
4653
8190
7081
5966
7092
7289
4966
6614
6297
5050
5897
6309
4097
5947
4097
6366
7910
6933
5107
4879
6757
7288
4676
8154
8190
6055
5692
6592
8190
6604
4557
6105
4097
6234
8190
8190
8190
5976
4700
7398
5811
6070
5881
8092
5633
5532
7232
4581
5700
5326
6754
7646
5946
4097
4517
7515
5483
6144
6341
7996
6050
8190
8186
7376
6282
5571
6403
6569
6551
5719
6164
14324
5896
12799
10562
7861
640
7720
1073
2616
4286
12495
1045
3532
10755
2032
12000
7261
9876
4194
12942
14220
1320
9210
10484
2278
6769
7438
4951
351
4014
6549
6137
2954
7953
5238
5562
4605
13169
6482
6608
11625
6636
9275
11778
5110
5586
5155
2495
5133
8059
7240
14144
13271
8607
9077
3913
8321
5410
1967
6320
8097
2693
10307
941
5669
3881
1809
8640
12226
10998
3561
3277
11559
2888
3569
11438
10
13471
5422
5633
4455
6396
12680
13203
14319
12146
3708
12130
4240
7135
14250
9008
1888
12640
12807
10425
2650
8799
9522
5730
13261
13081
10525
11939
13316
2222
7422
4052
3359
41
10085
10379
480
6237
8335
5582
10231
9089
1982
8320
8727
8856
4980
5608
5191
3428
7533
10833
5735
7695
6290
13256
2086
2428
11379
3080
9184
9191
5932
7418
12977
13045
3073
11975
11612
5140
11919
2993
9483
4906
4085
4256
4778
9613
2240
8922
13217
5200
11929
7831
9030
13326
3011
3334
9955
5352
11502
6843
6961
1828
5719
10061
12603
1041
3338
2485
634
14282
9830
11919
7665
10364
6116
2953
9002
13378
13702
13860
9873
10488
6226
1556
529
111
527
8840
8443
7545
13063
13977
5818
13517
8403
6347
48
6424
12273
12023
7716
360
5896
36
7607
9516
6838
3366
8867
6418
9463
8456
10037
249
12324
7855
1097
2560
2052
7466
2764
11886
7459
8711
9979
12395
3517
13603
3900
6517
6153
431
14049
13556
1127
108
1499
14301
3253
3654
7127
5194
2287
10669
5794
10776
10043
4387
10445
2614
2288
10122
6882
2476
4142
5577
4888
2233
14220
7015
11670
9514
11037
7465
4767
13501
2062
9588
11841
2626
1529
5570
6195
12131
11417
13424
11901
13243
13186
16382
12289
13469
15098
16382
14922
12554
13206
14996
14540
13953
12298
14242
12289
16271
14099
12711
14278
14407
13333
15168
14135
13443
14351
13499
15887
12954
14583
15750
13990
13590
14444
16382
12775
13411
14059
14743
13069
12684
16295
14717
12795
14006
12766
16382
16071
13470
13386
15007
13404
16382
13520
14458
16251
14331
13765
14909
14772
16175
14734
14433
13610
14097
16382
14639
13608
13378
15585
13872
13833
12565
14768
12599
14577
16382
15742
14548
13064
12826
13710
14542
13043
14386
15227
15527
13662
15352
13586
12881
15593
12778
16093
16382
12289
14178
14846
13059
15687
12593
12289
15801
12812
12289
13331
13589
15885
12450
15689
13050
14160
14656
12289
15095
15024
15601
14452
14547
15972
12300
16366
12963
12712
12289
12693
12289
12289
14811
15427
14402
14669
13774
16236
16382
14491
15966
14545
14096
12289
13423
16382
15769
13014
15353
13674
13706
14494
14401
15753
13872
13999
13072
12289
15366
14481
14497
12622
12555
13122
15422
14432
13553
16382
15103
12289
14548
14952
13877
16382
14038
15241
16382
15048
14988
14324
14384
14988
15381
14385
13278
15074
14420
12583
14464
14093
15197
13774
14924
14899
14809
14924
14009
13818
15981
15778
13262
15473
14323
16382
16186
12289
13746
14452
14764
15165
13559
13187
15088
13085
12754
14388
14212
12921
12289
15006
15715
12445
12820
15356
13460
14844
15412
14008
15541
13258
14348
14535
14141
13898
12392
13839
16382
12289
13903
15988
12521
12317
12302
15239
13355
13032
15568
13385
15193
14660
13698
13796
14454
13508
16189
14404
12909
14465
12289
14168
14213
15610
13921
13717
14624
12677
15451
14810
13680
13675
12407
12965
13989
13560
14002
14532
15301
14945
14883
14884
13149
12309
14903
13221
12477
14565
15936
15252
15289
12874
15970
13661
12579
16120
14588
14067
13982
15615
15823
15077
15155
12289
16382
14467
14706
13459
15068
14292
15069
14842
15588
14054
15512
15289
16163
13687
12295
12666
13885
13315
13465
15142
14091
15065
14655
14990
14473
14380
14844
16178
12718
16119
12289
15316
15439
14705
13686
12381
13074
15195
13869
15797
15368
13993
14313
15999
16382
14410
15456
16300
12583
16247
13692
16355
15436
13381
12289
14327
12457
13844
14326
13881
13393
16382
12974
16382
15936
13621
15228
13311
14331
16382
12289
13600
15381
12289
12923
14623
13503
15371
12887
14247
12988
12652
14372
14665
15413
16044
15757
12482
13705
14788
15877
12289
14752
12843
13912
13075
13895
13751
15566
12289
16065
16382
12289
14814
14355
13448
14606
13282
13987
12289
15731
14972
15388
14200
13427
14574
13458
14281
13811
16341
15505
15439
12289
14462
15596
14127
13619
13432
14643
12289
13476
14850
16382
16168
13986
13613
14078
14817
12389
13299
12991
14154
12712
13130
13949
12289
14842
13913
13040
12289
14159
15798
14468
16382
13625
14386
14936
15227
13223
14153
14580
14054
12336
15655
14008
15164
13431
12829
14214
15282
16382
15341
13504
16382
15823
14276
16382
16382
14373
15707
15009
16284
14107
12289
12289
15377
14173
15335
12540
14805
15289
15134
12289
16362
14122
16382
14165
14500
13730
15601
14659
16382
16200
16382
15219
15145
13205
13756
13544
14332
12570
12289
14216
16353
15121
14725
15760
15565
12565
13763
14191
14613
15701
12433
15469
14071
15152
13242
12505
14071
13259
12289
15586
13223
16314
15698
15281
16382
15046
15922
13627
15205
14380
13449
13240
13359
16267
13794
13169
14520
14390
14238
13892
14494
14173
14485
14264
14949
14284
14923
14837
14311
13560
15516
13692
12603
12289
14921
16382
14554
14831
16382
13359
15206
12887
15233
13121
16382
16382
14225
14980
12289
12289
15768
12971
12373
14317
15562
13378
14128
12806
14561
14209
14192
16189
14699
13087
14604
15345
12431
14694
12603
13993
14275
13089
16078
16131
12583
15384
13795
12541
15100
13981
14800
13816
13180
14267
13898
14496
12934
15015
13335
15154
14308
14430
16382
12289
14883
14076
12805
13007
13592
15562
15818
13440
14423
16382
13119
15089
14693
12369
13815
14169
13535
13916
15772
15146
16382
14007
14578
14065
14317
14146
14440
14431
13067
15864
13526
12879
13675
15138
14787
15105
13602
12289
14759
16366
13946
15418
15518
14820
16382
13646
14124
15331
12566
14384
13584
14059
13067
15394
15602
12383
14069
13186
12289
12289
12289
13838
15063
14580
13378
16382
13841
14387
13319
14981
14851
13430
15397
12510
14574
13722
14329
14049
15171
14118
12289
13507
13219
14009
12289
15514
16382
14781
14328
15309
13625
13407
14948
13696
12289
13845
12404
13318
14397
13794
14435
12289
14447
14683
13586
13971
12289
13800
15573
12382
15239
13491
12289
14090
15610
16006
16382
13472
14383
15503
13526
15039
13817
13653
14126
14530
14107
14453
13238
16382
14040
16222
15210
13336
15107
15958
12289
14333
12453
15034
12905
13951
13304
14620
14071
15134
15449
16382
15322
16289
14461
14794
12351
14091
12993
14759
12017
20972
5980
1692
7439
4647
1914
17393
1206
17049
2022
2982
12124
3658
18181
6917
9239
1562
14912
1801
1768
247
9747
19489
8427
3184
21835
729
21095
14152
18349
8832
4403
16261
7756
3213
1345
21317
18555
16326
14258
15057
14087
8607
16471
4305
38
15113
11537
13322
15875
12971
11391
21411
19298
375
9847
17030
19978
6999
13733
17854
1248
3504
14437
9306
12517
20951
517
119
15505
6173
11841
7976
778
15399
5142
2299
8794
17717
14449
17148
6358
15662
16012
20210
4656
23545
22607
23106
23036
22875
21402
23100
22754
23136
21646
23653
23793
24574
23478
21955
20481
23121
21691
23583
23384
22190
20971
22610
23373
22280
22361
24079
22182
22751
24477
23209
24574
20481
22775
22814
20481
21362
24574
22541
24574
22949
21600
22985
22428
22091
22755
22069
21675
22038
22022
21953
20481
23322
23307
23007
23390
21161
23654
21767
21255
23937
22849
23689
22472
21416
22024
23349
23004
20481
22392
23318
23554
24574
24347
21247
23101
22553
21426
23427
23214
23298
23544
21139
22605
23286
24574
22976
24574
22083
22230
21984
20529
21729
22704
21786
23959
23154
23981
20948
21050
22134
24049
20481
21359
22924
23688
20717
23664
22356
22440
24574
23767
21667
22353
21762
23243
24574
24574
23190
23749
20481
23200
21878
22708
22334
20770
21969
23710
21931
21079
24574
22524
24456
24146
20481
23122
21188
20481
20611
23261
20834
24014
20949
24574
20481
24117
23370
21711
21474
23193
20810
20804
22448
22464
21676
22160
22552
20481
24094
23966
23320
24459
23848
23477
24574
22893
23135
21686
22192
22282
21426
22797
22816
22952
21095
23640
24574
23297
24545
22401
21788
21684
21741
23543
21879
22522
22481
21010
20628
23900
24282
22284
22240
21764
21349
22083
21480
21270
22461
21581
22223
22772
22807
22455
20481
24282
23054
24574
21379
20971
22374
23466
24117
22878
20524
20481
21908
21866
20518
23778
21713
21526
24205
21896
22039
23474
20481
22537
22015
21335
23713
24125
22778
21302
24574
24163
21504
22429
22399
23594
20804
23160
22274
21920
23492
22882
23511
20779
23194
20481
21879
23087
21572
23162
22664
21112
22567
21997
24574
22878
20481
24574
23575
23055
22674
21623
23965
22826
24095
21322
23260
23765
21769
23260
22960
22546
24393
24279
23778
21939
24574
24068
22470
22961
20481
21942
22900
23339
23085
24574
22452
23533
20481
23276
22642
24153
21385
24574
23787
24574
24396
21998
21337
24362
21639
23241
21303
24574
20491
22305
23146
20634
24574
24223
23339
21853
23505
23127
22958
20481
22385
22001
23247
24574
22662
21138
21200
23671
23157
24574
22750
21756
22724
22494
23402
23316
22798
24574
21960
22849
22101
24291
21957
23175
24047
22437
22763
21682
22197
22950
22816
24071
22947
22174
22983
20481
24135
22133
23329
23138
24574
20750
20660
24153
22238
23207
23131
20984
21934
23844
23987
22254
23566
20481
24564
20919
22494
23893
24574
22614
23116
23372
22913
22131
22129
22245
24574
20481
20566
22000
23230
24574
23434
23735
21387
22352
23286
21745
24182
20481
22232
22285
21961
22217
22061
23000
20833
24574
22089
21774
22760
24047
22854
21840
21745
22246
20851
23893
23876
22739
24350
21375
24046
21918
23535
23187
21711
22514
22139
24574
22802
22560
20481
21566
22665
22345
22117
24079
22736
22139
22978
22943
22132
23634
21682
21895
23603
23068
22705
21467
22709
22229
23013
22325
21625
22016
22005
21232
20755
21561
21692
23170
22116
23501
24574
21887
21013
21999
20481
23085
22831
22035
23038
23355
23601
21622
22811
22627
23097
22491
24427
24279
23574
23939
23575
24574
24574
23692
21642
21347
22387
23237
21898
22858
22090
23064
21417
22164
22792
22303
23197
24268
22222
22580
23355
24574
22600
22921
20481
22204
21870
22898
24055
24347
21049
22078
23767
23542
22776
22306
22225
23477
23775
21772
22143
21784
23281
23316
22157
23616
21187
23711
24043
20481
21608
21877
23361
24386
21414
21845
22639
24513
21717
24133
21797
24574
22254
22044
22099
22809
21331
22203
22814
24574
23833
22808
23485
21784
20481
22523
24464
21262
22709
23623
21390
24574
22269
23224
24010
22184
23494
21263
23463
21396
22172
23455
24209
22869
21356
23317
23033
23467
22327
23957
24574
20578
22463
24574
20678
22746
22712
22697
21675
22148
23762
23330
21846
22245
21499
20651
20481
22764
21907
24081
22295
20552
23527
23956
21894
22759
21269
23187
22504
24574
24178
21733
22972
22776
23935
22458
21816
20481
23091
20614
21618
22315
22858
23280
21275
21672
23073
22079
22136
22622
24103
22751
20654
23034
23336
20481
22602
21493
21725
24098
22515
20481
22513
21217
22942
22430
23363
23523
21237
23620
24574
21450
23374
21860
22869
23211
23348
20622
24568
20553
22888
22955
24574
20481
24235
22501
22742
20683
21204
23568
20589
22300
22149
23665
24574
20481
22867
22096
21787
22250
20481
24574
20481
22303
24574
21638
23853
21915
24574
23558
21435
21473
22812
24168
21921
21942
22070
22724
22660
22368
22205
23191
24385
24150
24574
24574
24499
23805
23430
22657
22003
23844
22324
21275
24037
23335
23386
21513
21025
20899
21299
22945
23801
22265
21506
22711
22046
22485
22048
24574
23048
23443
22319
20582
21861
24574
20799
22451
21884
22894
24500
22885
23497
21816
24574
20749
21472
21698
21601
21259
21408
22586
20481
23782
21724
22542
22493
22718
20481
22115
23618
22815
22748
21347
22598
22606
24469
21756
21198
23137
21886
22876
24198
20481
21094
22505
24219
23890
22560
23538
21192
21431
22846
22561
22786
20505
22910
23155
22677
21288
21372
21684
22256
21071
24574
20481
22678
23943
22699
21860
21948
24574
23868
24112
21167
22378
23652
21752
22227
23556
22063
21578
24128
22720
20915
21901
22763
22497
20481
23600
23815
22436
22817
23973
22202
20481
24574
24078
23599
24574
22215
22444
20767
24574
24574
20490
21135
20481
22284
23959
21771
23634
22683
21696
24341
24574
21157
20707
21220
23131
24574
21518
23204
21761
22407
21142
22054
22264
22497
23711
21236
22086
23573
21598
22895
23804
23139
23338
22428
22974
21439
23077
21745
23209
21562
22112
23540
22358
22308
23364
23645
20740
23162
23189
24511
23419
21693
23174
23350
22718
21935
23001
23910
21239
22527
22934
20481
24001
20901
21815
23056
20481
22892
21441
23589
23520
20879
22385
24224
22151
20977
22609
20481
24574
23008
21413
20481
20481
23722
22040
23141
24574
24091
22265
22020
21098
22162
21128
20481
21911
22201
22989
21487
22040
24574
22448
21404
22407
22482
21377
23993
24574
21963
22949
22464
20650
20481
24334
21946
21725
22027
20881
22477
21275
23218
20910
22601
22830
21455
21667
21429
21475
23110
24574
22059
21847
23816
24179
22377
22867
21969
20935
20481
22270
21002
20618
20481
21155
22888
21481
21434
22225
20481
24122
24574
20834
23521
22832
21515
21429
20481
22494
22893
22092
22515
21182
20774
23393
20833
22058
22039
22630
20481
23709
20481
21198
24574
22284
20481
24443
20481
23743
24009
22350
22697
22329
22854
21704
22785
20504
23373
21690
22135
20481
21591
23162
23481
22518
24117
20778
22047
21273
21763
22074
22364
21585
21087
23436
21034
24574
22200
23326
20801
20481
24528
21699
24574
23973
22047
21887
20481
21767
22780
21480
20911
22281
21572
22755
23838
22665
22256
21952
21932
23271
24574
21597
20481
21204
23441
22459
23022
21515
22314
20927
22536
20927
22402
23602
23032
22942
21899
22654
23947
24574
22181
22310
22388
22557
24453
24028
24330
24259
21974
20583
22423
23039
21582
21076
24574
20692
24000
20481
23576
21886
23771
21823
23174
21601
23085
23029
22030
21843
23283
22424
22986
23691
21307
24213
24094
22678
21617
24157
22980
22992
22657
23028
22859
23308
22847
24574
23154
23065
21010
22642
23596
22043
24247
21716
21143
23255
20481
20566
22959
21929
20481
23217
23240
23389
21152
23454
21040
22965
22819
24258
20481
22168
22875
24574
21204
21748
22213
24574
20897
21034
20481
23360
23203
23714
24574
22318
21931
22249
22086
21888
24574
20481
22984
23679
23578
24471
22167
24574
22791
23536
23613
21840
24574
23390
23530
21110
21990
21589
21400
21328
24574
21155
21430
24574
22876
21872
23373
24010
23072
24574
23782
21480
21053
20809
22685
22986
22985
23238
20867
21776
22151
24429
21948
21439
21250
24149
22741
24518
20481
24160
22551
21321
24574
22595
22624
24574
21484
21028
22419
21313
23288
22593
20824
23418
23002
23789
24009
23710
20481
21413
22355
21457
23114
22298
22038
23440
21984
23520
21243
22685
20481
24574
21327
21217
24263
21329
21216
22439
22862
22944
23193
23563
21957
22153
21826
23912
22104
21575
21554
21509
22519
23641
22193
24572
24190
22969
23320
24574
24574
21822
24574
21566
23561
24357
22556
23349
21113
23502
21965
21994
22440
21934
22609
22734
21810
24060
22691
22050
22988
21939
23111
23760
22398
21846
22008
22115
24574
23949
23990
24574
22530
23365
21052
22864
22698
24551
22009
22256
23284
21813
22536
23628
22902
22800
22958
22807
21618
21193
21769
23145
23125
20899
20977
24574
23619
22993
24574
21264
21500
22239
21739
23046
22445
22730
23209
21754
22390
23355
24574
22089
22489
22366
22698
22697
22321
21150
22053
21413
22574
21643
21958
23032
22165
22378
22368
23199
21076
22656
21912
22507
22048
22074
21866
21797
21512
21664
22351
24121
23406
20812
22503
23251
24574
23724
20481
23007
23127
20481
24302
20481
23853
20481
23868
21889
21598
23301
23417
23835
22456
21372
22984
22001
23938
21654
22500
20481
22040
22635
22231
22419
23421
21402
21014
20553
22705
23349
23297
24050
20481
22530
22149
24574
24074
20494
20864
24574
22065
22975
24485
21371
22954
23739
21184
20481
21184
22888
20995
23014
23706
21316
23517
22666
21196
22367
21240
23220
23028
21517
23097
23964
23263
21793
22834
23372
20481
20749
23189
22360
22557
22966
21776
22471
21809
22435
22544
22581
23031
21346
21767
21239
24284
21122
22088
22959
23257
24574
23765
24574
24574
21364
21835
23441
24574
23654
22891
23852
20481
22341
22883
22376
24574
23556
22102
22608
21986
20481
21637
22792
23844
21950
22710
22451
23960
23085
20481
24221
22610
22269
22683
23606
24561
22911
23137
24574
24518
22146
22939
23946
21189
23226
23495
23533
23159
20732
21584
20481
21075
22410
21814
24208
20794
24100
22671
23746
22536
22824
21197
21419
24574
22523
24096
23523
22919
22076
22113
23092
22245
24574
21711
24297
23609
22423
23371
23409
22650
22485
23630
22508
21709
21820
22443
23736
20515
23167
24413
22248
21816
21788
22119
23949
23058
22580
22644
22327
22859
20481
24574
23491
22607
22928
24113
21387
24091
21938
24574
23622
23462
21126
24574
23599
22660
21768
23398
22415
23832
23124
21074
20764
22473
22382
22204
22102
21275
22593
24574
22940
21090
22249
23421
20981
21157
20481
23224
21778
21135
23706
20712
22567
23051
21267
22502
23581
20923
23518
24574
23081
21721
21543
22796
24343
21669
23515
23218
21839
22116
20816
23749
21983
21284
21172
22480
24574
22860
22076
20481
23201
23941
23934
24102
22995
23950
22171
23275
20804
23324
24044
22170
21682
23103
22468
23426
20728
20481
20899
21732
24296
20874
22724
24397
21469
21911
21538
22878
21969
20928
20481
23150
21920
22925
23701
23343
21548
22954
21702
22900
22432
23309
20877
22537
24042
23470
24130
22337
23458
23520
24144
23447
22626
23075
23288
20481
20481
21862
22357
21747
23237
22126
22168
22208
23035
21984
21690
21347
23171
21323
24574
23066
21449
23540
24574
22849
20481
24012
24128
22400
22768
23569
22347
22935
24574
24264
21892
23014
23563
23548
22697
23810
21931
20875
20819
24010
22016
21132
20975
23931
23320
21427
23687
21864
21723
21675
21735
22815
20610
23666
24289
23703
24096
23990
22894
23532
22458
23764
23248
23722
20481
20481
22715
24324
23114
21296
23402
21862
21894
24232
24574
21458
22628
24574
23558
21003
23660
21779
24546
23040
20481
22831
21899
21919
21735
21285
23388
21853
20793
22690
24079
23028
23936
22584
23292
23658
22711
23602
22960
23836
22865
22944
22701
20863
22819
21456
22514
24237
23235
21830
24251
24193
21972
20834
24574
21954
22360
21195
20846
23524
24428
22313
22865
23940
23417
20481
23979
22872
21784
24015
22819
22418
23934
22868
23540
22383
22807
21136
21949
23690
23729
20481
24202
22369
24574
22737
24574
22697
22032
23520
21948
22104
20481
20481
22874
24165
20481
21414
24574
24574
24574
20559
20972
24243
21004
21559
20780
23152
23786
24194
24192
23822
22089
20481
22991
23182
21271
22616
22853
23591
23839
23336
22096
21695
20481
24574
20481
23613
24574
21581
23688
24574
22935
21408
24574
21874
20868
21406
21528
21738
21708
24574
20481
23263
21024
22143
24574
23005
22878
24081
21926
23170
23091
22177
21590
21374
23557
20481
22817
23558
21843
22817
22593
22253
22845
22567
23492
21478
23595
23541
22578
21138
23046
23953
23624
22581
22941
20763
22783
21802
22212
23802
23116
21964
21920
21135
22380
21330
24083
23242
23881
22328
23778
23481
20481
22892
22830
22637
22348
21780
22565
22259
22529
23007
20865
24574
23132
23748
21464
23165
21610
22494
20996
22992
22973
22801
22411
23486
22113
23692
20904
24277
22816
23461
21766
23613
24259
23575
24124
23524
20481
20699
22755
21797
23501
22907
21052
22946
24202
22438
24222
21656
22358
21105
23451
22088
24574
20481
22860
20481
24484
24311
22821
22406
20481
21801
21531
22216
23157
23392
22795
22544
23204
22324
20687
23378
23694
21612
23115
22675
22426
24574
23559
22429
20481
22600
24574
22876
24229
24069
23327
22513
24326
23560
22662
24574
21610
24574
24457
24316
23444
22557
24574
23751
22017
23303
22665
21047
24464
21427
22505
21666
23327
20533
22625
20481
24218
22763
23661
23704
24574
22714
21446
22633
22527
23878
24013
21089
22520
23618
22488
20521
22274
21008
24167
24552
23571
24574
20481
21636
21147
24233
24574
21997
22675
22949
23294
21542
21600
24574
23062
20481
22773
23056
22523
22923
22273
20491
24574
20583
24574
24227
23433
21343
24337
20481
24574
23708
23043
23071
22665
20888
22704
20481
22512
21809
22092
24574
24574
24574
22301
22329
20882
23542
21718
23647
24289
24168
23517
22188
22854
22174
20756
22113
20481
21369
21865
21941
22057
22779
23112
23537
21846
21910
21382
22267
24574
22735
23033
23126
24574
24412
23097
20876
20659
23477
22801
24344
23783
21426
22537
22765
20481
24574
24567
23319
24574
23869
20481
22010
20481
24295
21058
20811
22721
24151
21176
21686
24574
21474
20541
23950
21802
23871
21282
22972
22919
24574
23089
24574
22011
23358
23693
23234
21205
24388
20481
23265
23389
24574
22201
20964
22135
20480
23456
21605
20940
21495
21973
21840
22009
21917
22348
21388
23725
23040
22220
23759
20481
22704
23890
23409
23329
20618
23140
22895
23166
22238
22960
22677
22903
24574
22803
23461
23069
20481
23461
21636
23272
21426
23118
22706
21578
21972
22192
24084
23223
24043
24574
24574
23021
23226
22129
21493
20946
20481
24423
23445
21196
20481
22866
22967
23852
22781
21730
21426
23058
21193
21960
23525
22387
22070
22418
23152
24574
23593
23639
24574
23503
21397
22944
22433
21868
22595
20815
21273
20576
23449
22744
20481
22379
21707
20481
21064
24034
20481
24496
22641
23195
24037
22935
22595
22108
24410
23646
22689
22497
21125
23348
24574
20481
22643
23856
20979
21312
24574
20481
22746
22030
20967
24251
22773
24574
22994
20481
23443
23702
24546
21344
23894
21230
23099
21171
24574
23837
23049
22956
24121
22429
21468
22693
20974
24574
22725
22750
24574
22109
22133
20481
21776
23580
21099
20552
24378
20853
22880
23491
22673
21128
22682
23357
24257
22024
22477
20624
22755
23146
21822
23221
20524
20481
22413
23313
22077
24157
20481
22774
21150
22059
20981
23092
22348
22303
22435
23033
21427
20512
20481
20481
22625
22116
23164
21449
22198
23095
24574
24574
23214
23041
22120
22168
22293
23960
22706
23743
20643
23243
21645
23823
21751
23058
22583
20908
22616
24574
22575
22949
22069
20481
24574
23044
22118
23911
24175
22227
22800
23410
23634
21567
22983
23484
21973
20481
22722
21902
22009
24186
22683
22053
22473
22775
23382
22973
21191
22252
20778
21573
20481
22580
23457
24107
21512
20703
21385
20923
24574
22730
23887
20880
24114
22852
22726
21779
21392
22202
21514
23405
23100
22439
21992
22431
20841
24574
21317
23184
21108
22565
22714
22256
22088
22311
23265
21633
23521
21395
21896
22403
22149
22867
22836
24087
23700
24143
22382
22199
21391
20481
22560
22244
21106
21963
21720
23710
22030
22751
21862
23116
21605
24029
21338
22283
21892
23580
20481
23630
21946
20481
21755
20695
21933
21738
20617
22134
22992
21387
22871
22599
24574
22242
24299
22912
23102
22027
23271
20781
21991
22653
22099
20680
23317
23657
23299
22978
21569
24146
20802
23896
21192
24133
22809
23772
22938
23515
24574
21259
20516
23249
21335
23141
23216
23119
23466
23321
21065
22417
21781
22802
21529
23106
22399
21836
24127
24214
20481
22551
23179
24574
22518
23199
24020
23635
22505
21773
22713
23643
21860
23154
23300
22570
22875
20481
21374
23066
20563
22371
23680
22788
20481
22867
22826
23033
21604
23072
23700
22310
22355
22010
24412
22614
22547
20789
23167
20673
21461
21949
24574
23437
21254
22029
23530
23585
24158
23551
22191
24012
23807
22998
22514
23878
22791
23661
22159
22399
23046
20481
20730
23199
24222
20481
21792
21336
22063
22022
21067
23356
23748
21662
23605
22464
20481
23303
23109
21491
21910
22659
23635
20889
22289
21437
21625
21551
22665
22063
23440
24574
22565
22349
23079
22834
20565
22173
21721
20481
23110
23085
24051
22975
23219
20548
21635
21508
23563
20481
23712
22906
21910
23857
22499
24574
22453
21248
24204
23161
21980
22885
23732
20981
21196
23219
22263
21881
20481
24005
22789
24574
22386
23477
24121
23198
23034
24574
20481
21880
23127
23561
21697
23548
24574
22559
24263
23626
20481
21130
23160
20481
23106
23376
22745
22285
24574
24574
22304
20821
23677
20481
22019
24061
22337
22809
21833
22858
23291
21033
21922
24531
21723
20481
24163
22796
22501
24153
20481
22827
22402
24574
24574
21613
23070
23291
24574
23424
24104
22511
23836
23832
21972
23142
21970
24574
24574
23555
23258
24411
23136
22682
24270
20649
24574
22993
21555
21811
22739
21219
23008
24456
23769
21901
22276
23851
23761
22178
22891
24120
24574
22885
22559
22326
23513
23172
23918
23648
23223
22568
22721
22817
24022
23225
23692
23556
22639
22083
23294
21986
23270
24384
21102
20571
23151
22943
20777
23734
24574
23663
24469
21068
22885
22994
21804
23460
21678
24574
21141
20481
22372
21633
22116
20481
20835
20481
24574
22606
22624
22378
24113
20711
21757
23774
21129
22716
21562
23900
23804
22233
22141
23914
23289
21899
23496
22627
22644
21766
22661
22966
22687
20975
22175
21669
22928
22166
22309
20823
22887
21041
22810
21807
23836
21934
23226
24033
24011
21073
23773
21951
21735
22696
22380
22565
21513
22790
22785
22682
21403
24080
22352
22311
22165
22993
22005
20944
22002
22940
24057
23292
24337
21830
23750
20610
21183
22439
23488
20481
22089
22884
21739
21858
20481
22363
20598
20537
24085
21015
23397
23425
22923
21120
24445
22283
22670
20481
20481
22470
23710
22518
22909
24574
22658
23864
23701
21333
24187
22229
24072
24270
21713
22288
22522
22242
20481
22150
24133
24574
23166
22360
21401
23712
21502
20481
23888
24574
23800
21262
23491
21979
23673
22537
22319
22236
23245
23868
23833
22651
23505
20901
22897
20481
23548
20813
22849
23927
22739
24516
22330
23174
22232
22973
23357
21985
21719
22666
3682
2282
5486
4662
4405
3032
1875
1469
2794
100
4812
4520
3003
4013
3809
3014
2401
3204
981
5841
3339
6054
4514
5132
2575
3742
1812
2991
1962
2089
3313
3085
5211
201
3525
3149
911
3885
5153
5527
1719
3633
843
5622
367
223
5634
1771
6118
5054
6013
4282
3046
116
1250
4303
1063
433
4488
1377
1302
4227
869
3345
4809
3275
1329
4202
6129
3675
4303
4259
5025
5235
1001
2378
3990
24
4727
1436
3281
1263
5091
1426
1184
3290
5836
5614
5825
4635
1755
978
828
1442
5779
4277
1637
5008
1335
373
3965
1211
488
934
4421
5067
2146
5422
487
3121
5697
5384
5717
4277
4297
5064
3730
5665
1854
3411
6084
1166
5142
3980
475
282
4986
3417
4406
1550
3248
1638
1657
5367
4444
169
5354
2062
4528
347
3086
4888
727
61
33
585
3286
829
3247
363
940
853
3069
1477
2119
2315
2057
1078
2194
4599
3321
2440
3479
929
3307
3584
1530
455
5853
3597
1717
5340
3239
3684
4186
5720
633
4759
3602
169
4094
4697
1440
3646
5965
3297
4976
1763
4709
2193
3502
239
1013
1335
1236
2297
6086
1390
259
5314
5557
2010
4504
5544
650
3778
6074
4787
1682
4487
5938
4287
3221
5442
5952
2562
4923
2403
66
4218
3125
2566
213
2452
3323
5053
378
232
1302
4920
829
1128
4177
4768
909
5227
2878
4015
2555
972
416
5300
1578
522
2983
4124
1860
3023
1634
3415
4756
4534
2206
5189
438
1865
3409
207
3717
878
1546
174
4901
2647
2263
3147
313
4553
6064
3183
922
4867
3239
982
6140
1433
2714
2403
2951
3060
5227
5012
3680
4049
4242
2870
3674
1719
3895
323
1086
2119
2387
872
3367
6141
901
5259
1782
1834
4745
4400
4394
3445
3912
2804
1493
1352
915
4708
2915
1190
78
5030
3909
1227
5826
3577
4955
1416
1805
4201
3655
2806
4664
224
1858
1679
4985
5579
6089
3439
747
2318
975
